x	y	effect_size
-30.691049575805664	-22.452890396118164	-0.3740872151819457
-34.508995056152344	-21.36032485961914	-0.679922650288646
-30.807334899902344	-21.206186294555664	0.6991886166892286
-29.794185638427734	-21.1501407623291	0.6188301484807475
-31.78050422668457	-23.20185089111328	-0.80116357782326
-29.811595916748047	-27.15876579284668	-0.7456986552805148
1.4500449895858765	-51.020076751708984	-0.6485173206743907
3.072582244873047	-47.056034088134766	0.4584578493884571
-29.660503387451172	-30.488012313842773	0.8225720592908609
-31.928464889526367	-27.390296936035156	0.7130069640635376
-28.23980140686035	-34.50587463378906	-0.7538013167915033
-23.102699279785156	-29.720218658447266	0.8274772672527564
-28.4046688079834	-29.084335327148438	-0.5593172310609315
-31.567121505737305	-29.321075439453125	0.7067756001962795
-23.468252182006836	-34.137935638427734	-0.3058954294210046
-30.886714935302734	-28.832386016845703	-0.2270618324254798
-23.439510345458984	-34.064884185791016	0.7131261439745449
1.215946078300476	-49.53778839111328	-0.6938321730397237
-32.8408317565918	-48.9634895324707	0.3674335296904429
-26.672929763793945	-47.45096969604492	-0.1213301940795856
-32.68497085571289	-45.69633102416992	1.159611854511991
-34.079872131347656	-50.321533203125	0.1114359626713819
-33.58526611328125	-47.717464447021484	0.5016136366503843
-33.81401443481445	-47.113121032714844	0.7540761679985696
-32.18495559692383	-46.665279388427734	0.4499739916574485
-31.79998016357422	-20.37619972229004	0.807201784776255
-29.02399253845215	-48.915470123291016	0.6442171700086524
-34.21370315551758	-45.765655517578125	-0.0004561892406997
-29.5477237701416	-48.17917251586914	0.0455526889731997
-31.27406883239746	-47.870662689208984	0.705003737780018
-31.639301300048828	-52.87116241455078	-0.1108708527721421
-35.819576263427734	-48.3758430480957	0.0685131178074012
-34.030391693115234	-48.33585739135742	0.4631706899650499
-29.56992530822754	-49.902828216552734	0.6428930703709048
-33.97148132324219	-55.541229248046875	0.8195549362496707
-35.88932800292969	-50.35276412963867	0.1391831189772432
-34.52595138549805	-51.5554084777832	0.7603124471027847
-31.79042625427246	-49.377685546875	0.1826369405866586
-34.75967788696289	-50.25269317626953	-0.7422389613912012
-35.97941207885742	-53.47462463378906	-0.0944354175885555
-33.33916473388672	-52.8659782409668	0.0122274020669809
-33.22043991088867	-54.916160583496094	0.7581728300294817
-36.227813720703125	-53.644039154052734	0.1822392922264641
-32.863983154296875	-54.4582405090332	0.7927667153171281
-31.3082275390625	-52.60591506958008	0.1596851734554646
-31.198497772216797	-54.61421585083008	-0.8317682477549161
-25.39353370666504	-19.449750900268555	-0.1248176955792899
-27.01459312438965	-5.4405741691589355	-1.0679749980538653
10.268620491027832	-18.06806755065918	0.0245161882936762
23.476219177246094	-6.857357978820801	0.3030813596537862
-23.33879852294922	-17.104032516479492	-0.099848459789606
25.401752471923828	-23.89695167541504	0.1858303877097838
18.826622009277344	4.999649524688721	-0.1330620109694547
4.591124534606934	-17.97359848022461	-0.2335519537018783
-28.13873863220215	-18.44232749938965	0.2616297081209039
-2.9985949993133545	-25.275068283081055	1.255272111316213
-30.338314056396484	-15.773940086364746	0.4714275005306038
-12.093226432800293	-1.4845988750457764	-0.719227569611108
13.66378402709961	-9.756721496582031	-0.2897694131343573
27.630918502807617	11.678391456604004	-0.0150337043020045
-7.349033355712891	-22.087976455688477	-0.4518046194176
11.362924575805664	27.965091705322266	-0.3768918482819978
16.641820907592773	16.813398361206055	0.1646529836838596
20.175758361816406	-32.62998962402344	-0.3829038063308568
24.023876190185547	-6.4132184982299805	0.0023879264186453
14.192553520202637	-4.148379802703857	0.2575541789003773
2.4610297679901123	-16.74227523803711	-0.6917097143575716
7.910617351531982	-4.401359558105469	-0.2010263556136353
-3.0085675716400146	-25.293556213378906	1.091134436301039
-3.6333401203155518	-18.116607666015625	-0.512562569208828
2.11541748046875	30.884733200073242	0.3023181996196761
-29.242294311523438	-3.7417643070220947	-0.1673277271694194
19.29802131652832	-15.074869155883789	0.1053219671518952
-28.4783878326416	3.2536582946777344	-0.21037916368362
25.26520347595215	-27.609127044677734	0.2943555585496363
-29.161235809326172	1.0321012735366821	-0.269678611863996
-7.568665027618408	2.1029415130615234	0.1407794168281565
5.922699451446533	-6.973577499389648	0.5284490287752127
29.47282600402832	-7.52238130569458	0.1697974843579523
23.99481201171875	-28.617624282836914	0.4064152908274639
-0.7055847644805908	-13.682952880859375	-0.2155186452927833
-5.495802402496338	-17.027406692504883	0.0318412471269875
28.550878524780273	-8.68048095703125	0.1206877784729658
-9.861739158630371	-22.928749084472656	-0.5750473880116901
31.142751693725586	-30.104915618896484	0.3626567200289956
-6.070613384246826	8.765868186950684	-0.0594533612009321
-12.764274597167969	-7.72622537612915	-0.0375444762854609
26.407136917114258	10.63454818725586	0.0789956618953344
26.06884002685547	35.82162857055664	0.027981412606774
2.2138118743896484	-13.575684547424316	-0.9184147363784448
38.90032196044922	7.136717796325684	0.0173150762544179
24.354223251342773	6.266915798187256	0.1443524434155853
-0.5867178440093994	44.44609832763672	0.6727324206513684
14.770967483520508	-4.860236644744873	0.2013932046205097
-15.139060974121094	-26.821971893310547	1.041527034127681
-8.891674995422363	-34.343994140625	0.2034348977145863
-9.589668273925781	-4.577913284301758	0.2380306119591587
-21.060226440429688	-18.81725311279297	0.0185757902943808
18.063108444213867	0.9044945240020752	0.2760004259723745
18.000823974609375	-7.405125141143799	0.1280084911580817
4.887542724609375	-13.933981895446777	0.2178337355009109
40.084476470947266	-8.926982879638672	0.631524162490411
-22.047428131103516	-14.85634994506836	0.0148512624303948
-28.03449058532715	-10.738635063171387	0.1670535112227393
20.274452209472656	-33.24702835083008	0.2824249255472997
-26.932668685913086	-19.8917293548584	0.2464339211221428
6.996791839599609	-31.891944885253906	0.6287414050752812
1.9676913022994995	-0.3861093819141388	0.0951874348950304
-22.267383575439453	-41.774662017822266	0.0465871011170194
-19.381664276123047	5.120098114013672	1.0125668922971116
14.841214179992676	13.975505828857422	-0.2160457442688567
12.892987251281738	-8.805386543273926	0.1228252065083914
20.530845642089844	4.827430248260498	-0.4197630837393207
-18.897634506225586	41.49496078491211	-0.1632406096761725
-22.754365921020508	-17.131261825561523	-0.3655966805033591
-16.824193954467773	22.057598114013672	-0.057843275210403
-19.671510696411133	1.8543578386306763	-0.5403245404914664
-15.623685836791992	-3.1819677352905273	0.7980470959302922
-28.90017318725586	-10.316346168518066	0.4232545312937187
-9.129573822021484	-34.40922164916992	0.1639765670704543
3.9533779621124268	-1.096091628074646	-0.9168339881091758
-9.843243598937988	23.197086334228516	0.2790219691157725
33.04939270019531	34.83456039428711	-0.6620325836532664
-26.330350875854492	-13.031633377075195	0.2282790258003628
7.230174541473389	35.634944915771484	-0.1833184830661373
4.7147369384765625	-7.631500720977783	-0.0358213810673997
27.316274642944336	-0.6350789070129395	0.4248690425163524
-0.9394661784172058	-10.731888771057129	0.5273838188121156
13.142637252807617	-3.659076690673828	0.0387794208342849
3.3428449630737305	9.785726547241211	0.3473097252296512
22.174068450927734	1.9778386354446411	-0.1291384976889335
6.661787033081055	52.28818130493164	-0.4069826514868845
4.205913543701172	47.838226318359375	0.2810407352265712
-20.13704490661621	-7.962373733520508	0.4957527069624964
-9.74483585357666	37.34735870361328	-0.2846769485844726
37.99957275390625	7.14321756362915	-0.4028109683748819
-18.663965225219727	-18.634395599365234	-0.1713788499459808
6.4126811027526855	-11.483126640319824	-0.0057724243830918
29.930452346801758	-28.86248207092285	0.6830269800177117
3.331622838973999	-6.988463401794434	0.0725019979220931
-2.2024247646331787	-9.953763008117676	0.4984784079240503
-18.77359390258789	-9.537674903869629	0.8623949706492929
-9.213216781616211	-1.1880260705947876	0.46529856720194
18.24468231201172	7.476134777069092	-0.0135440322687712
27.896636962890625	-5.434280872344971	-0.2917683416659589
8.303361892700195	-13.742209434509277	-0.1580718998134674
-23.673446655273438	9.275354385375977	-0.7092959464212862
20.139299392700195	41.34508514404297	0.2900497163358675
6.639623641967773	-22.861129760742188	-0.9621447863870306
14.325201988220215	4.900915622711182	-0.5781581223030592
-27.306550979614258	-18.51532554626465	0.3718500755644343
-18.778207778930664	-2.8522210121154785	0.2574838073221863
-0.33659273386001587	20.055875778198242	0.0502182860202349
-13.456697463989258	33.161376953125	0.6972843706480396
-26.68699836730957	-2.328697919845581	0.0827291706040345
10.560627937316895	-1.7556687593460083	0.2010265649898924
26.884096145629883	3.723433017730713	0.8087947087957021
-29.436574935913086	-21.00383949279785	0.8268761366729696
13.93578815460205	21.235427856445312	0.2121586450918992
-4.335558891296387	0.8969791531562805	-0.2742558761046639
-19.01947784423828	-31.34389877319336	1.0716181177558568
15.514236450195312	13.587627410888672	0.1606857246098271
-9.430367469787598	22.95401954650879	0.0152966410561101
-3.9533207416534424	18.363250732421875	0.3932057163767411
-27.244871139526367	-5.108066082000732	-0.7406482855397261
32.164825439453125	36.65067672729492	0.3493179217961787
23.529706954956055	-8.56706428527832	-0.2449738275606117
29.453516006469727	-32.4774055480957	0.2825830310498306
28.303842544555664	-29.233810424804688	0.6306455855989915
-4.856536388397217	-6.148097991943359	-0.3564470243915181
16.70951271057129	5.57627010345459	0.0086502381680128
33.46027755737305	32.891578674316406	-0.0460422393388855
15.184149742126465	30.540435791015625	0.888812190768951
-20.935136795043945	43.73408889770508	0.2129831384138731
-22.353342056274414	27.534055709838867	-0.0937560235752237
-10.972712516784668	2.4466230869293213	-0.6649282032280016
-24.02071762084961	4.964725971221924	-1.005310210830873
15.027036666870117	41.91748809814453	0.2890260660645053
0.3443279564380646	6.143228530883789	0.8493318921225461
-35.200889587402344	4.982028007507324	0.079176681448091
10.100790023803711	53.075801849365234	0.8140380250427431
20.367036819458008	11.539846420288086	0.2232760335578779
5.7677483558654785	-2.2994000911712646	1.0858595449349104
-19.99763298034668	4.861473083496094	-0.1385705433161143
16.083759307861328	-16.897430419921875	0.7250146532617765
-14.730030059814453	35.317543029785156	0.1922944004904008
1.597230315208435	-26.55954933166504	-0.2593913696990058
26.478656768798828	-24.10494041442871	-0.3602642017486936
13.163246154785156	-9.45682430267334	0.1028942356434432
-15.704176902770996	-35.80064010620117	0.7783052307182092
8.333951950073242	32.50751876831055	0.534779725983765
-6.262030124664307	7.852713108062744	0.5458249535675487
-16.703275680541992	36.80710983276367	0.3256264535375661
-30.820165634155273	21.25840950012207	0.4244266811224604
4.63845682144165	13.02475357055664	-0.925893798968074
0.2416556179523468	43.08760070800781	-0.0438215235727086
12.33205795288086	37.674888610839844	0.4625704296330866
-26.607566833496094	-18.504297256469727	0.3449967828711906
-1.4694018363952637	-10.60400676727295	0.2294645359129365
-4.388068199157715	52.95667266845703	0.8362077046401318
-11.749646186828613	-2.743488073348999	0.348874511316792
14.771002769470215	-23.010841369628906	0.2001236798040624
11.303590774536133	5.659546852111816	0.2831861134602645
-24.08490753173828	-27.414661407470703	0.4465456276284583
-0.24814428389072418	0.15491044521331787	0.5422926865824315
-13.261979103088379	-43.027652740478516	-0.4871384982522619
8.584571838378906	-10.825343132019043	0.199468432413861
2.7489137649536133	-11.031783103942871	-0.0866721807187548
7.645925045013428	10.312640190124512	-0.6816425054507207
-26.372730255126953	-47.34377670288086	-0.1780166044503769
27.200979232788086	-27.63640594482422	0.3756904006200366
-12.764047622680664	33.88418960571289	1.0425057824984465
-1.9878064393997192	29.065258026123047	0.6441182407942901
-1.7649551630020142	11.091039657592773	-0.2478828140775751
-16.367717742919922	-38.088226318359375	0.6404333501985918
6.868699073791504	20.4239444732666	0.5843804691340448
26.894914627075195	11.161094665527344	0.2803415039687885
20.067209243774414	4.069045066833496	-0.0023590065725646
20.34250259399414	-34.46237564086914	0.4454699977430538
8.847221374511719	4.813229084014893	-0.2336255399265484
-32.67487716674805	-23.779056549072266	-0.6453986326424264
-17.640024185180664	-44.171966552734375	-0.953972310045888
26.935482025146484	1.579916000366211	0.8962987107822071
7.46510124206543	23.895261764526367	0.8452260945814043
9.947305679321289	21.19571876525879	0.5971555377870341
23.531816482543945	-36.28424835205078	-0.256846888705841
28.87619400024414	18.787517547607422	0.1127568032185887
1.1550085544586182	8.583951950073242	-0.6761948161619663
-30.40645980834961	3.8111913204193115	-0.1740968463275086
33.080535888671875	-29.89456558227539	0.2866071797327491
-28.774398803710938	10.61875057220459	-0.8984298186135234
40.07600021362305	-8.934521675109863	0.6537167440779138
-31.372079849243164	-15.38748550415039	0.1985476332599646
20.61944007873535	-36.89549255371094	0.2181768842896554
15.249041557312012	4.261388301849365	0.7731392457021444
-1.6188898086547852	5.002899169921875	0.7533496910667756
6.681877136230469	-7.782689571380615	0.6827375805843922
5.486902236938477	51.5849494934082	0.5174000669034813
-12.592865943908691	-5.042935848236084	-0.0188337951894431
4.28252649307251	-31.063312530517578	-0.0037016671885791
-30.165508270263672	16.445341110229492	-0.5399695726666598
16.748092651367188	-1.9924359321594238	0.1601983154795223
-15.150067329406738	7.129012107849121	-0.5201635925017138
2.510807514190674	31.300621032714844	0.1909384471422405
-17.897178649902344	-2.690089702606201	0.7621482101665414
-23.651653289794922	15.985688209533691	0.2872272924028629
-35.67324447631836	-9.991288185119629	0.3293546573873634
-1.177595615386963	12.446968078613281	0.917844339156964
28.04683494567871	11.314045906066895	0.374978115395209
19.65302276611328	-16.251846313476562	0.0588020245959111
-1.8556798696517944	3.7627599239349365	0.0557479192905038
17.407386779785156	20.344715118408203	0.0435128254910381
-17.171405792236328	-38.77378463745117	-0.2764095637911042
4.426610946655273	-4.94563102722168	0.04513926478573
-6.735925674438477	-33.677345275878906	0.4918278871257759
2.491971969604492	-25.375286102294922	-0.8259310666372938
-24.27727508544922	-17.138648986816406	0.183772211684144
-4.646756649017334	36.572391510009766	0.696298585964185
-37.255001068115234	-4.916036605834961	-0.0473671889929814
17.20262336730957	-41.60295486450195	-1.2837698179103731
-8.743966102600098	29.724411010742188	1.008082478442681
20.691152572631836	-39.49464416503906	-0.1230741496752564
7.575560092926025	-0.4323064982891083	0.5631869485174928
2.3801167011260986	34.36060333251953	-0.2491315829724647
4.436981201171875	-13.623010635375977	0.652016028921129
11.839017868041992	3.179966688156128	0.4256798283383918
36.76687240600586	16.582292556762695	-0.7426269815744608
29.510459899902344	-25.6601505279541	-0.2025327484036498
-2.542346477508545	-7.628542423248291	-0.2546370850901219
-23.28821563720703	21.680164337158203	0.4721485970295847
24.349123001098633	-36.54862976074219	-0.1691422629829228
-12.174392700195312	-14.782917022705078	0.0493119916971965
23.68846893310547	26.61597442626953	0.4792220141620933
5.541906356811523	-4.3700032234191895	0.2220536634838303
-22.278106689453125	-41.846736907958984	0.0502553121518994
19.042329788208008	-5.934110164642334	0.3289323518433245
-17.541454315185547	-44.45188903808594	-0.6785442154752744
-24.941986083984375	-19.83473777770996	-0.0425906956657265
11.918737411499023	-1.31488835811615	0.6160319373970095
-12.853297233581543	17.84567642211914	-0.5455143410759693
10.472112655639648	12.19744873046875	-0.4613172253492502
-26.73889923095703	32.31089782714844	-0.0247266906710071
-11.628396987915039	25.01213264465332	0.673040065151355
-32.77876281738281	-28.33021354675293	0.9120097698896183
6.906442165374756	2.782609224319458	-0.4529208274192688
19.83765411376953	1.223107099533081	0.2200730016311428
-31.264829635620117	-14.084634780883789	-0.0016172090073517
-14.562997817993164	-43.00862121582031	-0.4752255042555409
-8.88843822479248	-36.627105712890625	-0.004680495824736
-4.022399425506592	33.41407775878906	0.5538310042107442
30.674636840820312	-7.4182538986206055	0.2457988868425362
6.145520210266113	41.81617736816406	0.455642750469726
-13.736906051635742	-46.457916259765625	0.0532745641721521
40.98687744140625	8.741984367370605	-0.1315557414093001
-22.31720733642578	4.364886283874512	-0.146476141067395
21.39566993713379	-38.835975646972656	0.7653655963014644
0.3164520561695099	-18.93770408630371	-0.5316419300548602
0.9232990741729736	-3.2850871086120605	0.586230257066173
20.613109588623047	1.4444694519042969	-0.1499896847546388
3.471390724182129	19.327964782714844	-0.3263131681589999
5.2950758934021	-9.03714656829834	0.2904589548721285
-28.01350212097168	-14.034138679504395	0.2046969822838595
23.723907470703125	21.287118911743164	-0.8047836589984418
-21.576744079589844	-14.627791404724121	0.134857290181845
-20.573646545410156	-9.205301284790039	0.4154690489457042
26.3236141204834	-38.971107482910156	-0.360396403323002
-25.388338088989258	-11.268838882446289	0.3059137688962079
-5.191458702087402	-10.428271293640137	0.8642420114641048
3.37252140045166	-24.359607696533203	-1.125962545096472
14.843931198120117	51.90058898925781	0.4489976222376556
-17.42171859741211	14.603933334350586	0.0130725116490119
15.890341758728027	9.021822929382324	0.5299347304249977
-15.570140838623047	-42.427249908447266	0.1631243864282801
-11.782268524169922	40.85563278198242	-0.5386761793713293
24.907642364501953	-40.208595275878906	0.1919544106308919
-16.888967514038086	-29.583498001098633	0.2830236092777829
25.364927291870117	36.02357864379883	-0.2492308589265454
22.30513572692871	0.5865516662597656	0.5435068709636535
25.22918701171875	-38.114681243896484	0.0381620408268918
23.41920280456543	-12.38179874420166	-0.359342831916462
-30.359987258911133	-0.6170979738235474	-0.3931901382959929
1.4443596601486206	-51.13930130004883	-0.5142112366019432
1.690541386604309	-1.7132368087768555	0.441250498252014
-1.2247999906539917	-21.67807960510254	-1.0818149415626663
-9.088927268981934	46.94333267211914	-0.0272596489769001
-13.054686546325684	-42.79458999633789	-0.4311794739974843
-4.918552398681641	-21.16804313659668	-0.2494053897481038
19.890941619873047	-14.078399658203125	-0.0601623113098498
23.45792579650879	-41.34263610839844	0.6672902052655022
-7.463194847106934	-19.529909133911133	-0.1333896882939728
-10.48829174041748	-19.321130752563477	1.0317482714854205
19.620141983032227	-6.102802276611328	0.1892766421284624
-9.317424774169922	30.288026809692383	0.5656796985717424
24.558570861816406	-37.390506744384766	-0.2973784581676156
15.999826431274414	15.95609188079834	0.3158264924735304
31.16945457458496	-30.503170013427734	0.3831665145544478
3.906818151473999	51.73493957519531	0.6178586254982402
-1.0642796754837036	24.06370735168457	0.2725037633480299
24.567781448364258	7.145523548126221	-0.3197532536538321
2.3904857635498047	25.255475997924805	0.381871100184001
25.00656509399414	36.0477294921875	0.3576581845183627
-0.06260795146226883	-15.358100891113281	0.1851541469882311
4.637505054473877	13.123461723327637	-0.8026629636769032
-38.37501525878906	-26.16577911376953	1.1325467085599423
7.825498580932617	35.34585952758789	0.3102297578808842
-3.7735397815704346	6.332582473754883	0.3259882539536305
-4.069610118865967	-5.079928398132324	1.1233586703386174
8.264728546142578	9.78087329864502	-0.630984328654895
-15.785314559936523	-35.774349212646484	0.7915920447750927
-12.471781730651855	-51.68573760986328	-0.6620270286386618
16.636707305908203	20.969524383544922	0.4153293405325075
-22.365550994873047	15.26459789276123	0.2170168709568412
-18.788137435913086	41.652313232421875	-0.3428228422193963
-4.4003825187683105	52.96553421020508	0.6581056467059357
37.047271728515625	37.33161163330078	-0.570606797002231
-39.87153625488281	-12.049016952514648	0.0281329630997868
-22.078575134277344	-25.882492065429688	0.3887762670944918
-33.172950744628906	-7.482522487640381	0.865381094335389
22.574390411376953	2.4481360912323	0.0391398167823582
-9.681031227111816	6.024230480194092	-0.6033306641767461
5.235950469970703	-40.70707702636719	0.1798553981957703
-24.04126739501953	21.79290008544922	0.3213831546863979
20.1470947265625	18.274526596069336	-0.544657685029559
12.64085865020752	-13.901466369628906	-0.3150717697151188
28.127826690673828	-26.22553253173828	0.0510216657500898
-12.172598838806152	-52.30784606933594	-0.7637962655395601
26.646862030029297	-11.565306663513184	-0.2178088765495591
-41.56665802001953	-18.03064727783203	-0.0421681317851773
-2.898315906524658	22.61749267578125	-0.1157882198499697
-36.38893127441406	3.7280519008636475	0.1990237006529099
22.140714645385742	-11.747200012207031	-0.2736696962321945
-6.3853044509887695	37.057350158691406	0.7607728491138082
25.425086975097656	-30.828035354614258	0.4497084387523805
-26.82781410217285	-11.030232429504395	0.4452546546564461
-7.569964408874512	-26.083293914794922	0.1739885275082787
-22.028528213500977	-7.616527080535889	-0.2476577212431719
15.836647987365723	30.664976119995117	0.4090658540995657
11.271645545959473	-8.159496307373047	0.2403177067349405
-27.779376983642578	-2.4113543033599854	-0.343526545852891
-31.582181930541992	-10.821765899658203	0.6902758805431234
17.184911727905273	-1.9616416692733765	0.1660948365742698
19.899288177490234	41.21819305419922	-0.171027175816702
-17.6062068939209	-11.466856002807617	0.1963330563826359
25.703716278076172	49.20407485961914	0.0131883395747935
-29.066665649414062	-12.814346313476562	0.3828717821879746
-27.677852630615234	3.820253610610962	-0.3808120809645913
-7.327841281890869	16.39695930480957	0.1104140712961532
-17.7719669342041	-45.3052864074707	-0.0451381752989336
11.275544166564941	46.78416442871094	-0.0032293594563262
32.55570602416992	35.12902069091797	0.1200939176098029
44.0909538269043	16.588584899902344	-0.0531344026838707
-0.7941851019859314	14.58752155303955	0.2666854486065655
43.880279541015625	15.272605895996094	0.0758225564449661
-30.396469116210938	-27.634601593017578	-0.4834481382581119
25.256919860839844	3.329313039779663	0.5219260893560826
2.256887674331665	-12.275321960449219	-0.3198771509135319
-29.31224822998047	-11.857704162597656	0.6009286797531829
41.06121826171875	8.766157150268555	-0.0012528434894071
-24.39818572998047	16.999727249145508	0.0939249008528461
-9.744430541992188	-4.470044136047363	0.5366612064781773
-0.9637269973754883	17.741649627685547	0.1144167767284002
-4.555922508239746	-14.906185150146484	-0.1019587096966159
7.303766250610352	47.67361831665039	1.1014727438273475
-9.181396484375	-36.684226989746094	-0.0139262846691766
-25.01402473449707	-10.691452026367188	0.2777845100652557
11.244280815124512	27.095703125	-1.552144021879717
-6.427774906158447	-4.859221935272217	0.4704259553506719
2.653287887573242	1.187506079673767	0.8465915136822733
37.03168487548828	26.030372619628906	0.381588674431815
-0.5089859962463379	-7.1884965896606445	0.1657789004132217
-12.167135238647461	-1.175567626953125	-0.5950538269503375
33.884796142578125	16.65785789489746	0.8217427044008535
-12.927042961120605	-7.667023181915283	0.0722794111100647
-7.236677646636963	-3.3274261951446533	0.636457992149948
22.27249526977539	52.95405960083008	0.1352453701554572
19.94266700744629	-17.769853591918945	-0.424928551663933
-9.408409118652344	13.426136016845703	0.2257799835737414
-33.98828125	-15.14689826965332	0.1180943387805633
16.94969367980957	16.928340911865234	-0.1503318444310279
-3.5691428184509277	38.437015533447266	0.61980834985075
-24.86394500732422	-25.831640243530273	0.4397708447462132
-2.1301229000091553	38.21629333496094	-0.1702258806403698
33.27755355834961	2.9634578227996826	0.7975895362196872
15.921555519104004	9.03099536895752	0.260429226882435
-4.229126930236816	-13.83182430267334	-0.3537141703853712
-5.980345249176025	31.973167419433594	0.6176074736771435
16.726512908935547	38.08687973022461	-0.3021741420185753
1.7411664724349976	50.526947021484375	0.3677590234313849
-24.284225463867188	-13.67288589477539	-0.079629336814023
3.9498836994171143	-22.719161987304688	-0.9200455654194776
27.873897552490234	32.0588493347168	0.1515030918587599
26.99076271057129	-28.172657012939453	-0.1803696802738213
-9.736522674560547	-23.02683448791504	-0.7288400165944632
-17.315128326416016	-21.09351921081543	0.0710237000722015
-6.1543426513671875	21.89277458190918	-0.4430716396474895
-14.217132568359375	22.067169189453125	0.5217237132530477
-0.7359573245048523	27.277339935302734	-0.145162857059772
30.0611515045166	14.28338623046875	-0.0582847973863504
-19.035030364990234	13.845732688903809	-0.3084778480997313
-2.5438249111175537	-4.632421970367432	1.0465119513658827
-21.178346633911133	5.196017742156982	-0.3526059659634961
-13.247220993041992	-51.023536682128906	-0.6764485602110325
23.533496856689453	6.724669933319092	0.4126253139859537
18.532470703125	33.24414825439453	0.0527085711858867
-9.004616737365723	5.808311462402344	-0.301638057443704
-27.791580200195312	-6.8354620933532715	0.1489859771924609
-5.580015182495117	24.147172927856445	0.4830344927889159
25.400171279907227	-24.342029571533203	0.0470800414615921
10.326371192932129	12.443292617797852	-0.3015081669744442
-10.56297492980957	-19.455547332763672	1.1568609492889252
14.439436912536621	14.082486152648926	0.1426888156182672
9.451510429382324	-4.595057487487793	0.568757780410161
6.048539638519287	41.7927131652832	-0.1598906707311643
-5.637970447540283	19.100208282470703	0.0889695822458975
14.963315963745117	30.838401794433594	1.4014042016632493
8.369402885437012	19.185182571411133	0.4773690321318364
-23.044836044311523	-46.51224899291992	0.1234780290646636
-0.5423319935798645	-2.036686897277832	0.6561148338735701
21.370588302612305	37.51952362060547	0.5318205040723852
-23.086105346679688	23.072113037109375	-0.8603877668450904
33.71425247192383	-12.554930686950684	-0.4950077985504535
1.8467960357666016	-5.519497871398926	0.2317526594705395
-19.86249351501465	-19.891021728515625	-0.3296975946157441
19.241357803344727	14.816844940185547	1.1428151378837734
-18.849590301513672	3.699033260345459	0.4483082508916445
11.577335357666016	38.562191009521484	0.2139022698690127
-7.550999164581299	4.96900749206543	-0.2138530228911957
2.4309093952178955	30.043867111206055	0.0980449725259882
3.1021785736083984	-47.26970672607422	0.3176348234802642
-3.6189517974853516	-36.789634704589844	0.3365204382730747
-23.68378257751465	9.280651092529297	-0.8104515802519353
28.0775146484375	-8.84865951538086	0.8423325686658827
6.69056510925293	23.41676902770996	0.3518249454456695
-12.102710723876953	33.55685806274414	0.9396619209214586
-1.7299230098724365	31.753063201904297	-0.4826652833468176
18.17304039001465	1.6581488847732544	0.9465657786419216
2.4578030109405518	-9.512706756591797	0.2991608978345961
-31.684415817260742	-31.324932098388672	0.2529285229582176
32.96671676635742	29.08245086669922	0.3735262883337867
4.160415172576904	47.83136749267578	0.4526910148434891
-13.018863677978516	17.808712005615234	-0.373505940901401
-12.789349555969238	-19.5338191986084	0.3180779061050751
18.516115188598633	4.597163677215576	0.0679548229733412
28.501914978027344	-28.32208824157715	1.1125284016604982
-34.83189010620117	-21.288057327270508	-0.9173918243381304
16.770870208740234	38.158843994140625	0.7132202153068932
-12.701034545898438	33.00135803222656	0.6933481251938703
-21.133150100708008	8.961094856262207	-0.4318571660533906
-7.895384788513184	40.09111785888672	0.4892968496887309
24.074264526367188	7.695981502532959	0.229260111968318
-26.993247985839844	32.332427978515625	-0.2876789795428186
37.150146484375	38.88753128051758	0.8318793015673495
-10.513697624206543	16.49039077758789	-0.9513065942643776
-5.323915004730225	24.507638931274414	0.5249402843545262
25.17066192626953	-33.037330627441406	-0.313467307482127
-12.353333473205566	-32.527992248535156	0.6914931679765398
-34.759239196777344	4.000953197479248	-0.1861439048928163
-24.149187088012695	-28.183666229248047	0.6485146136543328
-45.30232620239258	-17.776697158813477	0.4253916237712103
-21.00080680847168	43.04179000854492	0.3924397044643002
-9.417069435119629	13.532915115356445	0.5780747092004825
15.114875793457031	46.761566162109375	0.7330932460559105
-20.932947158813477	17.64832878112793	0.3219455420466309
21.16559600830078	47.70840072631836	0.1436422226505335
35.945247650146484	20.325929641723633	0.0903869498327045
-16.620025634765625	-1.7252284288406372	0.6635260103662762
-7.1065216064453125	-37.748416900634766	0.2618783479070434
36.843353271484375	37.422000885009766	-0.1935620924228753
32.658695220947266	36.83976364135742	0.2137434177568774
-15.05881404876709	-26.762462615966797	0.9876805568593412
-26.098600387573242	8.781864166259766	-0.5663205656298652
-7.832474231719971	-31.8513126373291	0.2889634815685269
-11.106449127197266	2.3646600246429443	-0.7415827379535649
-16.70798110961914	-29.277589797973633	0.8701737233831053
-10.56627368927002	19.265392303466797	0.9530468082812829
-3.5081329345703125	-18.241653442382812	-0.4131332331814699
34.03031539916992	-0.500765323638916	0.2535166070813857
10.541223526000977	3.3724327087402344	0.301032822580688
12.524116516113281	29.709348678588867	1.0551528639726122
-13.00002384185791	4.859196186065674	0.6276822452400891
-7.106310844421387	38.9449348449707	-0.1752315175549742
-15.562150001525879	45.67455291748047	0.0888046117161711
12.194171905517578	37.8039665222168	0.1059111243331534
-23.74878692626953	-27.222145080566406	0.4819422964025152
3.5558207035064697	51.868167877197266	0.610725627115882
7.778857707977295	11.751411437988281	-0.7590633941375096
-2.1798038482666016	-13.128554344177246	0.1368067812135383
-28.755037307739258	-42.52187728881836	0.2401177324405334
17.18593978881836	13.827088356018066	0.2229935809982397
32.85800552368164	-36.193939208984375	0.2488106158921638
28.891633987426758	1.496228575706482	0.6767080540388359
-12.840012550354004	-15.124671936035156	0.005050117816345
13.431074142456055	34.79933547973633	-0.1021568924784889
-23.053434371948242	2.0572972297668457	-0.5629700556011051
-11.035795211791992	19.530649185180664	0.7924718151166006
4.497943878173828	-17.914663314819336	-0.2763835948943319
-12.17731761932373	41.952449798583984	-0.2031275339575868
25.699132919311523	18.64373779296875	0.2633176853034125
2.238391399383545	42.565513610839844	-0.0067928022609283
2.056178569793701	38.13492965698242	1.4045901556128308
33.15277099609375	12.337102890014648	-0.2686066530069101
17.65097999572754	-9.564159393310547	0.5075212077053444
29.556589126586914	-22.388076782226562	0.1489191109976791
15.941981315612793	46.974693298339844	-0.0867873070906208
-19.90484619140625	-28.231595993041992	0.6623183827528558
-20.870773315429688	39.2974967956543	0.3556247169478375
21.279441833496094	-25.12628173828125	0.3586004949542
-21.061647415161133	-4.788253307342529	-0.3592233369056144
10.441179275512695	53.60285186767578	0.8044988318004035
23.28346824645996	-27.3421630859375	0.4136173824614777
40.36088943481445	-18.32264518737793	-0.2848789401775669
2.44252610206604	-16.796005249023438	-1.008038653535763
-27.542688369750977	-1.5880334377288818	0.0444912866983235
21.41416358947754	-25.149463653564453	0.2898958895280065
-7.618549346923828	-22.281394958496094	-0.2941006989735339
11.281700134277344	-1.1447769403457642	0.4145349244837145
-20.14201545715332	-9.259543418884277	-0.0150409672812497
-3.13482403755188	-39.19404602050781	0.1168768180242572
8.421050071716309	25.752641677856445	0.8964268176929134
-18.01610565185547	20.73072052001953	0.0894096679774457
-36.94050216674805	-14.875266075134277	-0.1079599646880257
13.693492889404297	21.64133644104004	0.501171890506728
-1.571129560470581	7.171037197113037	0.7118613072184755
25.96273422241211	42.44645690917969	0.8659101628242476
13.166767120361328	19.958171844482422	1.1214951073507629
-6.2030415534973145	-21.914535522460938	-0.0356676431727786
-13.546418190002441	26.479629516601562	0.1269682323870039
26.08633804321289	16.319419860839844	-0.202436683426779
30.044742584228516	-6.29061222076416	0.4575173835464049
15.236221313476562	-42.91798782348633	-0.9252954171754196
19.575456619262695	5.604140281677246	0.3117451063495188
23.985797882080078	41.227474212646484	0.7233166175777983
-4.004729270935059	29.23080062866211	0.577441129351216
-5.461553573608398	48.30940628051758	0.5667852367248128
6.242424964904785	-10.431791305541992	0.1979268487618748
-30.120969772338867	-25.684066772460938	-0.2334020097612533
-13.524901390075684	-15.701987266540527	0.2965886213879443
20.055233001708984	12.195368766784668	0.800348572704605
23.6517276763916	21.482990264892578	0.0170426936468538
12.061728477478027	5.330984115600586	0.2434531853046798
6.127128601074219	-31.191625595092773	0.8822363980316027
-4.557475566864014	14.034947395324707	0.6307321929520107
-12.963723182678223	-46.35631561279297	-0.2009122631185684
27.107969284057617	0.598412275314331	0.6102654178476646
18.19832420349121	-8.881736755371094	-0.3434714853351933
-4.043562412261963	2.3199143409729004	-0.6632754087256352
34.77294158935547	-3.6190543174743652	1.0223830772427138
-33.0385627746582	-7.487641334533691	1.026800425532123
-29.185443878173828	17.660184860229492	0.5685817896564216
30.31072425842285	-5.271173477172852	0.3263036929307615
25.88172721862793	4.994996070861816	0.5990934124703234
-13.91957950592041	-5.933619499206543	-0.1674911662288615
37.153160095214844	26.073474884033203	0.230010500895914
-7.335086345672607	33.63874816894531	0.6749934083916096
3.267179489135742	-3.3720648288726807	-0.6755932944073065
20.638090133666992	-3.3308842182159424	0.1013911853131225
8.524236679077148	33.14708709716797	0.79296299984772
-3.0358550548553467	26.917728424072266	-0.7921287021893014
43.93080139160156	15.837004661560059	-0.0924722072787564
-21.790678024291992	19.62106704711914	0.0290975849952964
-28.16644287109375	-35.9627799987793	-1.0601319008167718
3.14453387260437	53.567771911621094	-0.216435837034377
38.65971755981445	35.85469436645508	-0.2318062692779701
15.481292724609375	17.702871322631836	0.0661962277810527
-20.940061569213867	29.034055709838867	0.7859293010708753
15.691496849060059	26.461414337158203	-0.4067310449529976
0.6187014579772949	20.6572265625	-1.260991716692181
23.718177795410156	5.718413829803467	0.3036049857540622
19.087360382080078	23.33538055419922	0.2767027366031174
-7.919742584228516	-31.72321128845215	-0.0584381333136559
20.341249465942383	19.540300369262695	-0.0640950834592346
3.893831253051758	-9.519474983215332	0.2545695634867954
33.66032791137695	-34.737022399902344	-0.2387671979915621
2.20592999458313	20.453603744506836	-0.7083554611409957
-10.758291244506836	23.731260299682617	0.4933519505356533
25.38886070251465	-5.137882709503174	-0.4992899509176244
2.221480369567871	-12.152254104614258	-0.3625370325307192
5.422365188598633	2.089691638946533	-0.0055388280003275
4.572796821594238	27.57973861694336	-0.6166699608733698
33.74309158325195	-35.44514465332031	-0.2793599646598423
26.116914749145508	49.55045700073242	-0.222332129764694
11.803637504577637	16.077390670776367	0.0498687078921293
39.24092102050781	6.944404125213623	-0.0831726898875747
-17.295242309570312	-46.81624984741211	-0.001459348550668
-32.2559928894043	-0.8209882974624634	-0.2247875071042077
2.39979887008667	-2.4740326404571533	0.0326598748551273
-5.737462520599365	-10.336454391479492	0.5139223372276702
32.81863784790039	7.563243389129639	0.7156117437560041
-16.20453453063965	23.170724868774414	-0.0118389145677856
-35.31178283691406	-31.436386108398438	-0.0565707674593883
-7.035375118255615	0.740205705165863	-0.2595131689172685
18.460237503051758	33.33064270019531	0.1285045642283163
2.6329662799835205	25.00868034362793	-0.3080079990500922
-28.194904327392578	4.684472560882568	-0.3971795780044549
31.12417221069336	27.88921356201172	0.4736379877723815
0.4946939945220947	6.122923374176025	0.157880739204646
3.0834758281707764	10.770057678222656	-0.2928238952013348
3.1363775730133057	23.933996200561523	0.4166318772775589
-6.360476493835449	-38.40531921386719	0.5821194587015837
3.9383904933929443	5.47930383682251	0.2246604677238406
0.10013128817081451	-47.4802131652832	-0.1211803399706001
-35.28297424316406	-31.485044479370117	-0.5288684890401406
14.240483283996582	41.771244049072266	0.5352175883877999
-0.5601731538772583	27.53954315185547	0.7366926299098185
21.02872085571289	6.47055721282959	-0.3945406067358819
-19.173768997192383	1.0150444507598877	0.8022748623173241
6.868831157684326	-22.911880493164062	-0.957694628701762
14.60058879852295	2.5379035472869873	1.1697279517216472
-24.229764938354492	5.147064208984375	-1.006943341881784
-10.0459623336792	26.321523666381836	0.8213868638135172
-36.033538818359375	2.909323215484619	-0.2430637694035866
17.512876510620117	-14.109847068786621	0.6356992233311571
-19.78597068786621	19.928970336914062	0.6297089198547244
-23.5156192779541	21.277318954467773	0.2060252880177928
0.09580457210540771	-21.293596267700195	-0.7190840676990443
8.62983512878418	47.20216369628906	0.1227262858080147
41.57782745361328	0.2794596552848816	0.0069927129825103
28.423358917236328	24.31291389465332	0.7449545125490918
5.255956172943115	7.126082420349121	0.3342018035682816
-21.99123191833496	-4.492020606994629	0.003950370353699
25.67603874206543	40.62859344482422	0.206992761981722
-10.41363525390625	17.04436683654785	-0.3387565036806715
-40.30670928955078	-7.879105091094971	-0.4043223872033163
16.813758850097656	0.5974767208099365	0.8218442069163272
30.121925354003906	14.297273635864258	0.1498769809498031
-11.759273529052734	-9.554492950439453	1.3565684083873693
-5.053781032562256	13.68043327331543	0.2737744578348654
24.799816131591797	19.565099716186523	0.0740121126341128
2.434854507446289	-44.713417053222656	-0.3854332393425982
-0.9633259773254395	1.9703346490859985	0.1779402172400037
11.735255241394043	16.00178337097168	0.0136618120185809
-16.69101905822754	21.983646392822266	0.1330879878546275
11.427669525146484	42.856040954589844	1.0929789674765682
-0.8928560018539429	44.521663665771484	0.2386004621226314
7.152103424072266	-32.17339324951172	0.7341392706947305
22.912351608276367	-4.16395378112793	-0.1225823668857827
21.06678009033203	10.148210525512695	0.0630577756087609
-0.7033435106277466	0.8404965996742249	0.1746979087524179
2.121999979019165	8.989001274108887	-0.2271449622394256
36.75213623046875	16.59258460998535	-0.3693183894960916
-37.02470397949219	-5.045708179473877	0.0144273892475303
-8.731430053710938	37.492950439453125	0.0637672714728465
-0.7184647917747498	-7.73362922668457	0.2066482759217814
34.07807922363281	-30.380935668945312	0.3758028578307077
-1.5601186752319336	33.8274040222168	0.2755980112136997
-6.912132740020752	-13.740609169006348	0.5285788697598539
-37.06918716430664	20.476709365844727	-0.042007986536798
-22.029138565063477	-46.67214584350586	0.0956160813404902
22.421268463134766	-11.032586097717285	-0.14122331545709
24.439661026000977	25.776588439941406	0.2086886178546592
-21.260852813720703	38.54779815673828	0.0830587697164284
17.494489669799805	26.52741241455078	0.1276851792239111
18.981304168701172	-40.393150329589844	-0.9233835685340988
1.7567602396011353	50.488407135009766	0.432610774039756
19.427703857421875	31.30137825012207	0.51678265689695
9.818631172180176	8.14999771118164	-0.318133820993117
17.269174575805664	26.510353088378906	0.4583523961997572
-12.330331802368164	37.55785369873047	-0.1934700542037843
-5.843360424041748	35.770503997802734	1.0965606698277173
-16.402050018310547	-13.684638023376465	-0.4090634165990547
1.408300757408142	13.876612663269043	1.0600309491052644
-6.082889556884766	9.472603797912598	0.0821112072480373
-16.149660110473633	36.22311782836914	0.6326810643700852
-35.43027114868164	-10.26720905303955	0.3562717592622391
-35.3958854675293	5.316969871520996	-0.1038421491167482
26.12425422668457	-30.020130157470703	1.1040752073598663
16.99628448486328	46.935543060302734	-0.7256683219978539
35.194252014160156	20.4763240814209	0.4460881933863832
24.23612403869629	-5.711958408355713	-0.3893034575793218
-24.849184036254883	-1.9243792295455933	-0.1025090460825409
-15.504151344299316	-37.304168701171875	0.702437060670696
25.323062896728516	41.65224075317383	0.8377073165436789
-8.349930763244629	-10.142138481140137	-0.0066233988212497
44.042518615722656	14.141682624816895	0.2688415081936315
36.20830535888672	20.55548858642578	-0.1979502917306355
-15.094505310058594	-47.199771881103516	-0.268539676930739
-9.142913818359375	19.819046020507812	0.158758228910624
18.28737449645996	46.2603645324707	0.0363231431297549
22.697948455810547	-12.337977409362793	-0.6207632001495212
14.003310203552246	-8.193449020385742	0.3067223780902252
31.79437828063965	-34.37164306640625	0.1016355624080973
6.1744818687438965	51.864051818847656	0.2481430698465272
-10.079071998596191	9.002721786499023	0.5458909791103499
11.010686874389648	-47.24327087402344	-0.5438340011993401
20.2150821685791	30.77375602722168	0.1443763319952635
28.940149307250977	18.824365615844727	0.3653152843950814
16.573713302612305	-41.643253326416016	-1.3752875408715093
11.006436347961426	-47.26171875	-0.9040214817336548
25.72227668762207	30.626380920410156	-0.8703474790991094
27.396160125732422	7.480210781097412	1.0081600758411882
8.97507381439209	1.1339348554611206	0.5170485016281688
27.64717674255371	-1.909101963043213	-0.0138139679165149
26.794124603271484	41.6385612487793	0.6415850119218341
-18.435293197631836	33.162357330322266	0.8433125758302673
14.639092445373535	25.61654281616211	-0.2169973438595244
-7.590048313140869	-17.248046875	-0.2970552255004477
-8.232464790344238	-7.078782558441162	0.4765356011709795
13.457547187805176	34.827510833740234	0.0990816333136765
-6.085380554199219	3.683396816253662	0.6730884675456479
-27.117618560791016	17.522029876708984	0.2775224593743834
-9.515876770019531	-9.498078346252441	-0.2668507389801768
26.351503372192383	48.427955627441406	0.5292321477288643
21.06597900390625	29.993793487548828	0.5454967361595955
8.0266695022583	-4.289951801300049	0.1445057267176716
-8.956214904785156	-6.679034233093262	-0.0275155325060663
-1.8435856103897095	-48.380226135253906	0.252590133209856
-30.96806526184082	21.81688690185547	-0.2591643322286031
2.599926710128784	-5.98534631729126	0.8225387802708677
6.385052680969238	32.56542205810547	-0.0319416409546842
-13.194303512573242	-51.614994049072266	-0.2164415680339146
-2.356407642364502	-40.10799789428711	-0.2749398572201001
22.762266159057617	14.524259567260742	0.6501649861983619
-28.9265079498291	11.950703620910645	-0.6313712457728614
-37.035804748535156	20.514633178710938	0.3742025577167585
8.756028175354004	-31.948701858520508	0.5310965249412603
-40.34054183959961	-7.88227653503418	-0.3458190879384886
-7.615787029266357	-7.591636657714844	1.0708041169792588
31.897483825683594	28.009485244750977	-0.084686731759356
-7.565522193908691	-26.056976318359375	0.2556028910567637
-7.235128879547119	-3.9771978855133057	0.164099278276436
0.2707889676094055	49.886451721191406	0.54641197255705
0.17824964225292206	-46.96522903442383	0.415478612676515
2.5699222087860107	38.421512603759766	1.3553457099639932
-22.023046493530273	28.111286163330078	0.3457329742026478
-7.262567520141602	-19.450716018676758	-0.5764820827139956
11.362483978271484	-0.46610093116760254	0.9833372541209986
-14.514538764953613	30.929277420043945	1.372283983337814
-6.944601535797119	-25.205398559570312	0.2194524362361879
-17.45026397705078	-10.33930778503418	0.192571151073091
14.834715843200684	-42.437740325927734	-0.9791001690502792
29.830446243286133	23.469884872436523	0.902962254555284
19.79633903503418	30.504045486450195	0.6638995172723838
2.612886428833008	34.620826721191406	0.0164412603818938
-24.92593002319336	-28.711856842041016	0.5162605569016735
34.16164779663086	-12.595415115356445	0.339058645952646
-30.10352325439453	16.592721939086914	-0.4041462895945109
6.57387113571167	32.6438102722168	-0.1541897927467229
14.235710144042969	22.272987365722656	-0.5263403142055594
7.950397491455078	16.820329666137695	0.4281785606734923
-20.834083557128906	44.12247848510742	0.4265403100585107
27.178720474243164	41.71821212768555	0.5769809474052847
10.237380981445312	-17.815479278564453	0.2431388939898585
12.909964561462402	8.114277839660645	0.5215826972117917
19.762310028076172	-16.568819046020508	-0.1755022837039287
-12.760619163513184	-22.73712158203125	-0.0163871063876001
12.870281219482422	8.160111427307129	0.6980107400718963
5.757462501525879	0.45051857829093933	-0.4528286764553181
21.70926284790039	-38.893043518066406	0.6295786215423087
23.85630989074707	-42.64205551147461	0.8460003512627292
19.427087783813477	-0.18480198085308075	1.40246953626614
-0.5206818580627441	-48.973609924316406	-0.2268924060411588
27.04908561706543	-10.9813232421875	0.6850182366652402
15.628230094909668	3.219144105911255	0.2831267650283596
-30.057327270507812	-16.22281265258789	0.4273008102187863
15.828201293945312	-43.14264678955078	-1.2334755800851298
29.443449020385742	-32.54864501953125	0.4050970059189635
-21.32333755493164	-49.38525390625	0.3495228226876007
-20.37671661376953	-24.568742752075195	0.1511703207232484
-3.7644119262695312	6.3220109939575195	0.056340233303203
24.70884132385254	-1.5112569332122803	0.2496113282458482
18.013086318969727	11.353951454162598	0.2914946108033983
-16.603225708007812	0.10877660661935806	-0.0083082130416116
-13.86466121673584	12.25766658782959	0.518954080869748
-4.5620012283325195	0.1042017713189125	-0.280331012146931
-21.757251739501953	-19.639726638793945	0.2845141492880807
37.30842971801758	40.228782653808594	-0.3857992917524838
9.042016983032227	32.720970153808594	0.1614316457470845
-10.642642974853516	-12.618697166442871	-0.5137525547696901
10.26412582397461	-19.1629638671875	0.3531050694705892
-24.871807098388672	17.28864860534668	-0.3100774561295532
-16.96384048461914	45.740291595458984	0.560212936547881
-4.247551918029785	36.91644287109375	1.4107306796359316
31.93989372253418	-36.1069450378418	0.9044979713626436
34.449127197265625	24.70243263244629	0.4753589748386957
-15.610222816467285	45.68095779418945	-0.0900321775579448
4.3290019035339355	18.126014709472656	-0.6150028938228315
-13.460408210754395	26.680683135986328	0.4648419284150706
-22.821481704711914	24.390323638916016	-0.1410797599382182
2.5785255432128906	9.602778434753418	-0.0639325100489475
-15.915583610534668	-11.242592811584473	-0.0612490680758811
-25.837533950805664	-6.031994342803955	-0.8978225708295373
32.93117141723633	7.608490467071533	0.7989074446856356
-11.923583030700684	-42.165687561035156	-0.0753265686507984
-37.53773498535156	4.787146091461182	0.5369958323973852
-33.06790542602539	-15.241375923156738	0.1741873699449186
31.24205207824707	-35.08037185668945	0.6254389236572306
-11.170454025268555	6.52826452255249	0.2499739746486236
-19.563804626464844	-47.40085220336914	-0.2326340135581206
1.6053450107574463	-26.6903076171875	-0.6977172249899288
-30.183561325073242	-30.756237030029297	0.8705886059453206
3.6830286979675293	16.369993209838867	-0.0459511490399968
31.095129013061523	-35.5365104675293	1.0058139891933555
-16.544836044311523	-13.110270500183105	-0.4668510513864263
-16.875268936157227	-0.8951761722564697	0.1547175767435424
40.442787170410156	-18.454286575317383	-0.7093550520204499
-23.535526275634766	4.3553595542907715	-0.5847735123481823
-33.12392044067383	-28.288169860839844	0.8788329239897591
-25.284976959228516	32.26945114135742	0.3557162638501335
-3.919999599456787	20.99303436279297	0.2795075581127054
-12.621743202209473	-33.636322021484375	0.486292919133952
-29.413728713989258	-3.9109113216400146	-0.3560498227009932
27.485727310180664	7.4092230796813965	1.3101569709231595
-8.822982788085938	46.954559326171875	0.6227359714629092
20.9129695892334	10.403071403503418	-0.1816805081223588
20.303504943847656	33.17992401123047	0.2049984011541207
15.11605167388916	41.60956573486328	0.3997870908335393
17.762277603149414	-2.8955492973327637	-0.2298513264862892
9.273204803466797	20.80881690979004	0.5362727045103157
25.096227645874023	-35.101722717285156	-0.1533597117654768
28.456466674804688	3.9697749614715576	1.1011992083125286
32.76015090942383	12.246238708496094	-0.6208428172785653
8.052488327026367	-0.05423032492399216	0.9402963786443644
-11.161714553833008	-14.145112991333008	0.0310493440154788
-21.45922088623047	-47.498199462890625	0.6667804093241547
41.2945671081543	-0.07483284920454025	0.5110983553392212
23.607568740844727	26.709665298461914	0.3710172512565477
-19.068822860717773	-31.4487247467041	0.8878614207613367
3.325425386428833	30.883819580078125	-0.0065173687419479
21.350942611694336	47.80841064453125	-0.2782258899354393
14.85032844543457	51.92055892944336	0.4778025835236032
-17.15009117126465	9.477617263793945	-0.0037482252925996
4.049233436584473	-21.850629806518555	-1.0888377984303703
21.364046096801758	37.56239700317383	0.4511017469831807
-2.186450958251953	-40.31961441040039	-0.3352849656151648
14.158348083496094	8.99609661102295	0.4995114320599539
26.9168643951416	48.69941711425781	0.0388017816690485
-18.018573760986328	-6.234569549560547	0.2421992503730606
-33.153995513916016	6.139472484588623	0.1106208047597531
-21.74057960510254	-48.851863861083984	0.3253185522196254
-21.8746337890625	14.253191947937012	0.0808858178121738
20.952802658081055	-3.387927293777466	-0.0073991708469974
-9.295199394226074	-1.1786192655563354	0.907220362802024
-13.794241905212402	12.382844924926758	-0.0118962340427397
35.97583770751953	2.8196468353271484	-0.5091018580631159
8.427438735961914	15.73687744140625	0.3946940805360677
0.9347025752067566	33.40559768676758	-0.1393133667243031
6.062788486480713	-33.03304672241211	1.1033077800090283
10.039444923400879	52.7325439453125	1.377539408089287
-41.5629997253418	-18.00318145751953	0.0219077616773542
-7.273505687713623	16.35932731628418	0.4799084251143622
-21.22254753112793	-31.228967666625977	0.6365810480328578
-4.061059474945068	21.043567657470703	-0.0366630668941111
29.398380279541016	8.04365062713623	1.5126336353482008
-12.270051002502441	42.20177459716797	-0.2732042978281372
-45.30952453613281	-17.760160446166992	0.2977695663584618
-2.9115140438079834	33.6265983581543	-0.0131612618433908
-16.592863082885742	24.109098434448242	0.7612674130303527
-28.977312088012695	1.2430704832077026	0.0230685566290896
0.46456095576286316	31.30124282836914	0.715586842545345
-4.325958728790283	18.593799591064453	0.0171317728891614
-10.292530059814453	9.351411819458008	0.5773966459897751
13.792303085327148	-3.5683541297912598	0.1587067964113712
-28.31979751586914	-1.8115533590316772	-0.4019819977301789
22.28670883178711	52.94428253173828	0.3075992521493684
-2.3406338691711426	36.369476318359375	0.8406629179039425
0.5871639251708984	2.2800915241241455	0.5933551097508507
19.17329216003418	-34.60373306274414	-0.5582021725543442
35.80670928955078	17.004444122314453	0.4201063806178658
-2.2228355407714844	-48.42286682128906	0.4098364293874369
-20.916006088256836	-29.64093589782715	1.117433748421958
27.872404098510742	32.10564422607422	0.6125231970590567
18.011709213256836	40.886714935302734	1.052419778781942
28.833324432373047	3.315103769302368	1.004544078140814
-12.26386547088623	-21.563549041748047	-0.1177134858750815
-0.890396773815155	14.786483764648438	0.0934943009864213
11.250069618225098	28.480316162109375	0.0977339450837945
29.828393936157227	28.196596145629883	0.2218162015323828
-6.26205587387085	30.58388328552246	0.4905302404954481
4.092525959014893	5.008432388305664	0.10899073649603
4.052088737487793	29.27292823791504	-0.3322911456383282
-10.707283020019531	-13.199528694152832	0.2761832600127921
-0.955105721950531	17.80887794494629	0.4102598247341191
-14.418378829956055	15.901138305664062	-0.2819187481416617
-2.819577693939209	-35.83457946777344	0.639592039471469
-4.527245998382568	-10.789555549621582	0.1836412060207365
24.200103759765625	41.729976654052734	0.5509254965516651
-0.36202317476272583	-14.017230033874512	0.3596124749895777
-9.478934288024902	37.46829605102539	-0.2415506028306343
0.4703816771507263	-1.5211061239242554	0.8548238219556676
18.902555465698242	45.66739273071289	0.1003587441997514
20.445573806762695	40.568931579589844	0.8684277031262966
7.676525592803955	9.706893920898438	-0.2120736871917024
29.117368698120117	4.150019645690918	1.3843695015224942
-20.764938354492188	8.997775077819824	0.5278543072819282
-36.250789642333984	-9.7968168258667	0.3465444421588619
14.142843246459961	12.865214347839355	0.0098149173221752
-19.505651473999023	13.73349380493164	-0.0563172335517994
19.3115177154541	23.391342163085938	0.3835751001347591
23.249467849731445	13.757352828979492	-0.4288706356476683
-3.0358829498291016	27.768417358398438	0.2188169150557506
-12.426294326782227	-22.548091888427734	0.8941408431194001
-38.27646255493164	5.113207817077637	0.1807709637385407
-38.46076965332031	-14.126543045043945	0.2548507071133221
12.763311386108398	-14.18529224395752	-0.156789080052834
-27.535728454589844	-27.921642303466797	-0.2868464998507513
24.68092918395996	-22.827905654907227	0.0861180767635087
-0.46565720438957214	29.103450775146484	0.4672652508749929
29.48615074157715	23.610614776611328	0.6145969624044584
33.86503982543945	1.5448237657546997	0.3151281026311743
20.317401885986328	-36.52291488647461	0.4314766746451538
-7.25019645690918	-40.11469268798828	0.0144221220194795
7.6246747970581055	36.05888366699219	0.1086160351998603
22.93201446533203	-35.84535598754883	-0.8389165062414918
-7.756890296936035	2.1267969608306885	0.4337072317671417
4.886232376098633	3.7784411907196045	0.0527464018042978
38.436038970947266	36.16895294189453	-0.221247796058054
2.18654465675354	16.82351303100586	0.0369359629200423
-13.55747127532959	-36.99814224243164	0.0538009564010334
-29.015945434570312	10.07176399230957	1.004323157498498
-4.836113929748535	-1.4715585708618164	-0.3473544924426329
0.22515007853507996	44.7258415222168	-0.4020484828885475
3.2508277893066406	26.11848258972168	-0.3829723503330981
20.18271255493164	18.097352981567383	-0.6417852877548038
32.09914016723633	11.853477478027344	-0.3256166241728468
16.016204833984375	-17.014137268066406	1.024271817286792
25.265316009521484	38.51832962036133	0.8402889205418143
0.7384364604949951	-34.984535217285156	0.3378399066918229
-38.36162185668945	-26.17439079284668	0.9196150894160618
6.883485317230225	6.856789588928223	0.3700278796392717
2.630202054977417	-43.90354537963867	0.1532511069423036
29.494314193725586	-9.423922538757324	0.5343257996392938
6.648934364318848	-29.99695587158203	-0.0241274391919565
26.640625	-39.12794876098633	-0.7641617815747649
15.888291358947754	43.132713317871094	1.0308001985166828
39.192081451416016	-16.22079086303711	0.0612348949774085
29.78413963317871	-25.494630813598633	-0.32585078969547
-28.87531280517578	-42.019474029541016	0.3522915712884235
22.738073348999023	-41.56373596191406	0.2678246184504338
-13.865777969360352	14.472415924072266	0.0415300401338011
-7.766083240509033	26.456317901611328	0.6016189672751954
3.9887659549713135	16.214122772216797	-0.3184128292174881
2.6461682319641113	54.16428756713867	0.2103743736097727
-13.689339637756348	7.65660285949707	0.000496070321111
-18.508089065551758	33.12041091918945	0.5193515737938477
-9.620283126831055	30.429821014404297	0.5487251780018094
-8.211945533752441	27.113779067993164	0.6523495176995546
13.32302188873291	-15.327167510986328	1.388088438644558
-17.889986038208008	-47.746463775634766	0.3279716362579841
4.086080551147461	-31.109106063842773	0.0449038881386588
-26.230134963989258	-31.39920997619629	-0.8826736263048747
31.494590759277344	36.25751876831055	0.4192000532935242
-21.938983917236328	-30.7884578704834	1.271537451804622
14.83703899383545	-23.06616973876953	0.4333120300407576
-1.8890899419784546	10.955951690673828	0.0450077570189285
40.619911193847656	-0.8995952606201172	1.046109338299243
-17.728532791137695	-6.24990177154541	0.908645854469418
-3.621925115585327	-5.23855447769165	0.673636718834083
23.719959259033203	-28.9389591217041	0.4970003143363602
-5.430995464324951	48.35288619995117	0.3969169124302829
-32.869102478027344	-0.8135299682617188	0.5855207858213441
-4.994706630706787	-32.78534698486328	0.2930520434042593
7.857941150665283	20.149120330810547	0.3857575917807315
8.280976295471191	-13.693668365478516	-0.1777212885613422
29.51710319519043	-5.722084045410156	0.1892664644340184
22.37533950805664	-6.368124961853027	0.0859782213002563
20.008968353271484	-10.791356086730957	-0.1169227137698682
24.704326629638672	-1.52073073387146	0.4287204399086741
26.13442039489746	16.177988052368164	-0.3112800997310951
24.910755157470703	-40.7604866027832	-0.3741593104811891
-1.9861005544662476	38.302734375	0.1424754988596734