x	y	effect_size
-4.2975850105285645	-36.992488861083984	-0.419841609
-3.907424211502075	-40.478851318359375	-0.66263921
-3.0686793327331543	-37.32130432128906	-0.02712719
-2.823345899581909	-36.38551330566406	-0.624419654
-5.445516586303711	-37.52216720581055	-0.955151684
-10.665287017822266	-31.5385799407959	-0.215341685
-48.332759857177734	-17.741273880004883	0.113739192
-46.328529357910156	-14.663725852966309	0.405135428
-14.480231285095215	-31.28628921508789	-0.700125028
-12.039886474609375	-33.42340087890625	0.360802942
-12.178609848022461	-38.22332000732422	-0.52096525
-16.68780517578125	-27.958913803100586	-0.216693252
-12.723287582397461	-30.283466339111328	-0.278162948
-13.260686874389648	-32.678462982177734	0.495942842
-20.1547908782959	-33.05726623535156	-0.724936624
-12.457529067993164	-32.11159133911133	0.450948443
-20.133100509643555	-32.99933624267578	-0.816824884
-49.10210037231445	-16.464759826660156	-0.254053977
-42.20404052734375	-27.86083984375	-0.649695697
-38.29255676269531	-22.72245216369629	0.606771505
-44.47810363769531	-25.576704025268555	0.481479043
-42.26545715332031	-29.738140106201172	-0.777075776
-43.650089263916016	-27.531906127929688	-0.666314562
-44.21131896972656	-27.266521453857422	-0.593900965
-43.43659973144531	-25.831811904907227	0.594617172
-2.2531495094299316	-38.33015823364258	0.176215883
-39.89742660522461	-24.912946701049805	0.605222969
-45.51498031616211	-26.697521209716797	0.290580892
-40.737056732177734	-24.798297882080078	0.628770144
-41.9610595703125	-26.027204513549805	0.84847803
-38.84027099609375	-29.703096389770508	0.270044627
-44.745018005371094	-29.46644401550293	-0.971733125
-43.44701385498047	-28.230182647705078	-0.845463973
-39.5069580078125	-25.98660659790039	0.493103287
-38.455650329589844	-33.17222595214844	0.144908542
-43.493995666503906	-30.975400924682617	-0.875461003
-41.8012580871582	-30.996091842651367	-0.768706186
-41.21112823486328	-27.401742935180664	0.531851332
-42.774131774902344	-30.128042221069336	-0.967024361
-41.27412414550781	-33.34596633911133	-0.680235267
-39.98576354980469	-30.926294326782227	-0.709566125
-38.45467758178711	-32.212249755859375	-0.266468571
-41.281532287597656	-33.60893630981445	-0.660184119
-38.554569244384766	-31.6613712310791	-0.719840536
-38.803653717041016	-29.29671287536621	0.391343188
-37.33598327636719	-30.587587356567383	-0.920984167
0.11619485914707184	-33.34404754638672	0.574590577
12.043764114379883	-36.38819122314453	0.453077078
7.318385124206543	-4.606754779815674	-0.385365263
17.843584060668945	7.222401142120361	0.153376447
2.9849302768707275	-34.5450439453125	0.067171609
36.211669921875	-17.029712677001953	0.161210158
11.926791191101074	16.824777603149414	-0.078517991
23.830358505249023	-15.383503913879395	-0.127088704
-2.805756092071533	-32.78367614746094	0.321199092
9.38526725769043	-27.348602294921875	0.46578455
-5.910743236541748	-28.299497604370117	0.21449514
34.41904067993164	-0.876416802406311	0.625578338
7.065398693084717	7.234081268310547	-0.712296307
13.599852561950684	22.729713439941406	-0.443927463
8.791876792907715	-17.63644790649414	0.209726911
-34.69401550292969	16.395477294921875	-0.478175789
1.5467190742492676	21.07632827758789	-0.821154382
32.93110275268555	-28.30519676208496	-0.271005072
18.55376434326172	7.212796688079834	-0.415386715
12.724003791809082	9.974942207336426	0.642761511
26.233678817749023	-14.859514236450195	0.189572132
12.489108085632324	-6.5035810470581055	0.338624964
9.377693176269531	-27.3585262298584	0.28718546
7.008972644805908	-14.892094612121582	0.133619557
-15.856563568115234	21.398439407348633	0.231210597
14.089374542236328	-38.921424865722656	0.182624902
1.6676291227340698	3.8395040035247803	-0.383285484
19.2944393157959	-30.961162567138672	0.520641145
37.30451583862305	-22.074951171875	0.717101459
17.398395538330078	-33.32523727416992	-0.696237726
28.849985122680664	0.8134021162986755	0.179864637
24.06792449951172	-3.470594644546509	0.100954783
13.181053161621094	4.662405490875244	-0.670904545
36.54188537597656	-23.324098587036133	0.681450219
21.340925216674805	-11.142212867736816	0.748685603
5.828811168670654	-13.286715507507324	0.091297944
12.105388641357422	5.344605445861816	-0.454745594
9.953216552734375	-20.06797218322754	0.585455554
42.57418441772461	-23.235803604125977	0.067235112
-9.784401893615723	-7.529821872711182	0.943511987
12.80853271484375	-17.830764770507812	0.264847872
13.10412883758545	21.332014083862305	-0.936890923
-10.593318939208984	39.30324935913086	-0.11848987
24.546722412109375	-10.662656784057617	-0.320216361
8.811766624450684	23.408729553222656	-0.709598843
16.837989807128906	19.596370697021484	-0.491023667
-21.620079040527344	39.72550582885742	-0.252212946
11.91340446472168	10.0151948928833	0.360603259
-15.236725807189941	-20.63813018798828	-0.225004478
-24.250606536865234	-11.64965534210205	0.520880744
34.34760665893555	-5.044851779937744	0.424850025
2.97440242767334	-30.966434478759766	0.195141117
22.741466522216797	17.10671043395996	-0.153907054
3.6185925006866455	9.170038223266602	0.139495638
27.230308532714844	-10.809576988220215	0.085681892
40.78350830078125	11.162932395935059	0.512591516
5.457475662231445	-33.236480712890625	-0.060870608
0.2907942831516266	-27.310274124145508	0.626887253
33.25127410888672	-28.78996467590332	-0.347721738
-0.917373776435852	-34.40169906616211	-0.278108013
-20.622718811035156	-18.19754409790039	0.197434893
17.307907104492188	-3.0379598140716553	0.237859227
-32.905208587646484	-19.0751953125	0.912309355
25.35337257385254	-21.526763916015625	-0.320422833
2.6116819381713867	18.195884704589844	-0.475844529
6.5390825271606445	6.230918884277344	-0.390880597
13.450889587402344	16.813512802124023	-0.671092586
-35.09454345703125	5.391547203063965	0.673736555
3.4941928386688232	-34.374847412109375	-0.108212289
-13.41659927368164	9.203277587890625	-0.042022141
39.25855255126953	-10.976517677307129	-0.284579569
11.439263343811035	-17.068523406982422	0.408217206
-0.6841986775398254	-27.601016998291016	0.683144119
-24.364482879638672	-11.74193000793457	0.336013232
20.568449020385742	-1.3739426136016846	0.161522096
-5.180771827697754	2.4561798572540283	-0.406744919
7.75939416885376	46.4499626159668	-1.161426316
-3.023207902908325	-25.374839782714844	0.197520346
-17.190444946289062	30.780609130859375	-0.987879541
23.560821533203125	-4.527900218963623	-0.073648384
15.434489250183105	13.029117584228516	0.241809032
20.641376495361328	-14.098845481872559	0.419524168
13.386224746704102	9.343779563903809	0.170142035
-16.229219436645508	-4.962027549743652	0.023366973
22.04741096496582	20.71035385131836	0.041650252
-22.627803802490234	33.516971588134766	-0.133344239
-30.226457595825195	33.72934341430664	0.408971786
0.8249542117118835	-20.275712966918945	0.081600771
-25.911069869995117	23.242006301879883	0.620480857
9.333992004394531	22.716312408447266	-0.499405456
5.026137351989746	-28.836034774780273	-0.018986206
31.195955276489258	-14.461020469665527	0.44935448
41.337196350097656	-22.29132080078125	0.141846423
22.217676162719727	-4.8323655128479	0.399499189
19.404735565185547	-13.46726131439209	0.655253464
-0.6653492450714111	-18.633718490600586	0.214935077
32.8723030090332	2.1161115169525146	-0.337247184
9.500347137451172	17.76014518737793	-0.227761613
16.11876106262207	5.236713409423828	0.041293316
31.00118637084961	-9.964521408081055	-0.479312739
43.942604064941406	-7.520375728607178	0.369302467
-10.36601734161377	48.82558059692383	-0.5826928
11.883475303649902	-11.085014343261719	-0.280710467
23.337125778198242	10.556429862976074	-0.53973456
-1.993675708770752	-33.01451873779297	0.192035917
39.41860580444336	-6.57050085067749	0.147159013
22.07229995727539	-33.20323181152344	-0.014749147
-25.33926010131836	16.555051803588867	0.294629343
14.813382148742676	-37.34688186645508	0.110328872
20.561594009399414	1.5054025650024414	0.124461337
17.03157615661621	16.897979736328125	-0.271758705
-2.582322835922241	-36.12187576293945	-0.431972056
-3.2957639694213867	22.36504554748535	-0.162132742
25.962615966796875	2.588632345199585	0.530941872
-19.75662612915039	-25.196136474609375	0.036338535
3.326308250427246	18.475257873535156	-0.572908317
-4.910462379455566	2.137709856033325	-0.203885133
-9.275323867797852	2.67958664894104	-0.296206002
12.427895545959473	-36.446502685546875	0.412687424
5.9707865715026855	47.2686767578125	-0.424511295
18.06005096435547	5.6931915283203125	-0.275357794
40.261497497558594	-25.439693450927734	0.504319175
40.669193267822266	-21.048673629760742	0.307107888
-4.487973690032959	-20.2467041015625	0.177241764
10.731208801269531	15.735218048095703	-1.109146722
9.404580116271973	47.11406326293945	-0.846419805
-0.1331077516078949	36.03907775878906	-0.464615962
-37.80767059326172	4.332297325134277	0.296822986
-18.587799072265625	15.35863208770752	-0.067105271
13.623626708984375	-26.119544982910156	1.008540908
21.918872833251953	-24.524721145629883	-0.001308586
-4.763136386871338	47.14561462402344	-0.320174849
-19.506420135498047	-6.94959831237793	0.245856471
17.59758758544922	-21.765485763549805	0.434527804
-15.107503890991211	37.12242889404297	-0.272551626
28.181793212890625	16.041606903076172	-0.113737602
22.733991622924805	-0.8007637858390808	0.917143555
25.32139778137207	-22.17708396911621	-0.235826649
0.7079595327377319	-0.059784479439258575	-0.510317947
-24.82505989074707	14.731266021728516	0.370119339
5.404845237731934	-11.898486137390137	0.099176966
37.30267333984375	-17.26864242553711	-0.069536274
6.967777252197266	6.731264114379883	-0.379732454
-31.502901077270508	-1.9754666090011597	0.318490922
-14.721376419067383	28.658761978149414	-1.164890949
-9.641691207885742	-8.471529006958008	0.304845982
-26.255165100097656	7.957785129547119	0.46946062
-45.07968521118164	12.113405227661133	0.584332765
-16.35879135131836	4.362820148468018	0.177291709
-20.164779663085938	40.56246566772461	-0.005265982
-36.269474029541016	28.84935760498047	0.000414041
-1.3431111574172974	-33.01320266723633	0.248096707
20.343372344970703	-13.493769645690918	0.994580314
-19.20069122314453	35.9022102355957	0.152600201
34.89971160888672	-2.2692010402679443	0.198906945
7.316404342651367	-0.20243211090564728	0.127520835
7.693963050842285	12.000649452209473	-0.379796748
-14.466443061828613	-26.79561424255371	-0.147692504
17.007568359375	-4.633787631988525	-0.033512254
-32.33511734008789	-10.327539443969727	0.923167117
32.82767105102539	-12.616860389709473	-0.68440225
23.853473663330078	-8.191228866577148	-0.376876811
29.554880142211914	9.891471862792969	0.08987807
-38.15354919433594	-22.452716827392578	0.66394324
38.92544937133789	-21.617826461791992	0.061831157
-24.416461944580078	16.914976119995117	0.177178882
-10.114174842834473	21.16847801208496	0.535083443
-18.676740646362305	-1.8517570495605469	0.672604244
-32.936859130859375	-4.186463832855225	1.311561435
-3.6531548500061035	15.38039493560791	-0.485734151
13.222891807556152	22.001205444335938	-0.229700942
13.201618194580078	16.2828369140625	0.195336228
33.74604797363281	-29.885332107543945	0.296153282
24.797870635986328	5.964725494384766	-0.075714396
-6.516452789306641	-37.6473274230957	0.28167161
-33.20973205566406	-14.41578483581543	0.319087803
16.493940353393555	14.71588134765625	-0.17570394
-21.19430160522461	3.939408302307129	0.222015254
-4.46742582321167	18.35044288635254	-0.391302583
38.40117263793945	-30.804418563842773	0.011239484
28.354694366455078	27.955278396606445	0.157403382
-14.342303276062012	-6.819985866546631	-0.080915869
18.41459083557129	-29.588621139526367	0.81860281
44.44807815551758	-22.54564094543457	0.2441641
2.2676539421081543	-14.899998664855957	-0.020642625
40.78125	11.155380249023438	0.376702053
-6.543950080871582	-27.3487491607666	0.097844816
36.00779724121094	-30.22198486328125	0.125427936
22.556838989257812	11.472922325134277	-0.298364385
-7.258917808532715	-5.629811763763428	0.109547856
25.038352966308594	-3.3548476696014404	0.480582094
-23.913917541503906	33.4335823059082	0.074102191
36.54109573364258	-5.334033012390137	0.054061702
-21.893259048461914	-15.679428100585938	-0.358921334
-40.64067459106445	14.627310752868652	0.352073666
12.01417064666748	12.988188743591309	-0.189418098
-3.0580015182495117	-7.531444549560547	0.332851699
-16.24509620666504	21.761056900024414	0.394618889
38.84223556518555	-5.800244331359863	0.342253921
-9.244303703308105	-1.669068694114685	0.744208326
-24.774890899658203	3.3057475090026855	0.072762562
-17.56159019470215	-1.0071240663528442	0.215073042
14.142803192138672	22.65403938293457	-0.496687348
0.5756924748420715	3.937659978866577	0.086603732
-7.325981140136719	-6.950610637664795	0.300529265
-0.171145960688591	24.605518341064453	-0.536913343
-33.66577911376953	-4.946506023406982	1.032769354
19.932159423828125	-6.269275665283203	0.3871765
-21.679780960083008	-5.638321399688721	-0.172056153
6.651360034942627	-10.955649375915527	-0.711147427
2.0689876079559326	-34.61435317993164	0.278726004
-21.8989315032959	24.858341217041016	-0.985599769
-14.449064254760742	-11.795199394226074	0.58209549
2.513484477996826	-46.85097885131836	0.051054217
-12.883763313293457	16.452308654785156	-0.14323081
35.86359786987305	-32.76021194458008	0.417064085
29.287031173706055	4.1720967292785645	-0.277608652
-16.684961318969727	24.41147804260254	-0.452414384
26.763620376586914	-10.702284812927246	-0.070027065
9.2417631149292	11.414240837097168	-0.593595183
18.87125015258789	28.695354461669922	-0.296765782
39.79928970336914	-18.276567459106445	0.499879723
29.512327194213867	-6.7538933753967285	0.306050064
-7.684636116027832	11.779038429260254	-0.609810723
38.78976821899414	-31.492584228515625	-0.000674193
4.266656398773193	-8.194755554199219	0.678766589
-10.64854907989502	27.35098648071289	-0.038617977
18.515090942382812	-7.3020830154418945	0.816425874
-32.98911666870117	-19.100618362426758	0.937493218
19.929819107055664	9.777609825134277	-0.353383205
-33.478271484375	-14.350358963012695	0.539697197
0.5577137470245361	-33.16412353515625	0.645708484
20.802932739257812	2.9121623039245605	-0.522281957
-2.7818236351013184	9.161432266235352	-0.519991371
33.89899444580078	12.189885139465332	0.252961916
-34.739253997802734	22.026897430419922	0.724086495
-15.14449691772461	14.457161903381348	-0.428979233
-13.067034721374512	-34.060123443603516	0.707142298
4.558568477630615	-2.684385061264038	-0.213839484
21.642141342163086	18.243741989135742	0.304284661
-7.690060138702393	-27.66347312927246	0.159017653
-32.12034225463867	-11.638223648071289	0.552045637
-24.508886337280273	-9.394380569458008	-0.199732791
-12.760204315185547	21.903127670288086	-0.757730816
13.15263843536377	3.6113765239715576	-0.247574482
-20.879886627197266	44.88128662109375	-0.440679447
-35.75062561035156	-10.8963623046875	0.742805032
6.700103759765625	24.427600860595703	-0.576085865
23.19365882873535	-23.26344108581543	0.53975011
35.203102111816406	-32.359745025634766	0.400565648
21.119441986083984	-8.400552749633789	-0.207593293
18.741214752197266	-4.3854594230651855	-0.017655457
21.997678756713867	19.015880584716797	-0.200482434
-17.37964630126953	2.0591039657592773	-0.458608774
25.818904876708984	-4.925787925720215	0.229487713
-4.07327127456665	-26.675350189208984	0.435074354
2.258100748062134	31.889699935913086	-0.545188435
5.939696311950684	-33.28853988647461	0.045483573
-0.32845890522003174	-20.618009567260742	0.394725298
39.572879791259766	-34.40226745605469	0.118977695
-1.7138144969940186	-24.355228424072266	0.486768717
17.312334060668945	-14.276078224182129	0.161992115
7.736411094665527	-10.264175415039062	0.333563017
1.0484808683395386	47.21622085571289	-0.461482166
-4.339820384979248	-0.42675235867500305	-0.444270245
7.5524373054504395	15.651131629943848	-0.194592001
-31.355546951293945	-12.6632661819458	0.976344847
-28.529130935668945	19.882526397705078	0.285197028
37.74580001831055	-34.913761138916016	-0.187001335
-17.757549285888672	-23.37120246887207	0.421305964
-10.92300033569336	39.9471549987793	0.235798788
23.55172348022461	20.573930740356445	-0.165024623
38.85419845581055	-33.23025894165039	0.134105937
10.600787162780762	-0.4061582386493683	0.004120458
17.994140625	-35.74906539916992	0.293163908
-48.275508880615234	-17.820941925048828	0.103035409
18.438032150268555	-2.955245018005371	-0.467471884
9.705540657043457	-14.59535026550293	-0.33147802
-30.251632690429688	40.081905364990234	0.296973227
-32.06687927246094	-10.165681838989258	1.056712372
-1.049596905708313	-13.302071571350098	-0.827678331
3.055464029312134	3.671382188796997	-0.31132974
35.94535827636719	-35.16899108886719	0.068471764
6.691390514373779	-20.00482940673828	0.208485341
8.687582015991211	-22.61326026916504	-0.282248076
20.511075973510742	9.681468963623047	-0.699658694
-13.562932014465332	16.65041732788086	0.270090181
38.66391372680664	-32.29345703125	0.668029633
2.085399627685547	20.16550064086914	-0.13532802
42.63648986816406	-23.63062286376953	-0.186334595
-25.385278701782227	33.714935302734375	0.690766251
-8.223020553588867	17.20829963684082	-0.172182887
17.0484561920166	20.50271987915039	-0.118732627
11.233325958251953	31.215944290161133	-0.48190477
-11.118281364440918	40.23605728149414	0.037632421
22.966611862182617	-12.359903335571289	0.702414792
-16.38214683532715	4.340928554534912	-0.663625348
-30.089706420898438	9.281309127807617	0.091149596
-17.34062957763672	30.14776611328125	-0.903012202
-16.979299545288086	-8.643980026245117	0.53025557
29.46125030517578	-3.549107789993286	0.137854423
28.790542602539062	9.942638397216797	-0.122229039
-31.612600326538086	-1.9208705425262451	0.405746643
-30.29755973815918	-23.942354202270508	-0.041305916
-1.296808123588562	24.648204803466797	-0.201817202
-10.657808303833008	-2.1928048133850098	0.491672764
-35.11729431152344	5.248607635498047	0.318844986
-19.1972713470459	35.853519439697266	0.243639591
8.826204299926758	42.114341735839844	-0.380042864
-29.802112579345703	5.10805082321167	0.724702552
-12.539934158325195	-24.676340103149414	-0.143432053
-23.914201736450195	6.854732513427734	-0.110208816
21.730934143066406	21.297739028930664	0.683358228
-9.244187355041504	-12.87164306640625	0.380426505
-24.84288215637207	-21.594491958618164	0.331353798
-7.919012546539307	12.494242668151855	-0.726119099
2.7148725986480713	25.889087677001953	0.157543362
-10.863088607788086	-16.14259147644043	-0.23405101
39.224037170410156	-19.643301010131836	0.049984186
-29.692855834960938	-23.78301239013672	0.50211102
10.043770790100098	3.4474194049835205	-0.096893333
-29.00452423095703	-17.41736602783203	0.728971405
-12.337258338928223	5.158377170562744	0.230430201
17.387470245361328	-23.18491554260254	0.492235123
11.73807430267334	-1.2232521772384644	-0.663227111
-23.582847595214844	26.041879653930664	-0.522452874
35.81502914428711	-20.512317657470703	-0.131349636
-1.0964078903198242	-25.83891487121582	0.581306553
5.384340763092041	-22.775924682617188	-0.021168856
2.3450193405151367	-20.456058502197266	0.412362297
0.19294996559619904	36.472042083740234	-0.281577365
6.677354335784912	4.688382148742676	1.05230298
15.797449111938477	-37.36473846435547	0.292456754
-17.543264389038086	-11.03317928314209	0.555580418
11.774413108825684	13.178218841552734	-0.20936959
-10.138020515441895	48.71630096435547	-0.243049968
-1.9854353666305542	-15.883842468261719	0.012513115
2.6432154178619385	40.98708724975586	0.472350101
-3.0281922817230225	-27.794052124023438	0.489541988
20.131797790527344	-31.407554626464844	0.608014607
-2.235944986343384	3.8782360553741455	-0.188245042
-34.3244743347168	-14.587457656860352	0.745146008
-7.807322978973389	32.34333801269531	0.713857095
7.229836940765381	46.46868896484375	-1.039119265
43.75627899169922	3.41658353805542	-0.091371924
-5.789441108703613	26.538087844848633	-0.072680782
43.334381103515625	2.109861373901367	-0.540249732
-11.012263298034668	-32.20591354370117	0.17834235
15.52906322479248	16.645505905151367	-0.657034773
24.053945541381836	-9.438709259033203	0.040215245
-2.153877019882202	-27.54863166809082	0.678400693
6.675696849822998	24.474672317504883	-0.674888027
-8.349223136901855	-0.8932269811630249	1.012187447
34.42263412475586	-4.949061393737793	-0.033533064
-44.1706657409668	3.9732041358947754	-0.109429347
15.98544979095459	-10.55452823638916	0.134324994
-5.798953533172607	29.916034698486328	0.648126382
-24.793123245239258	-9.387304306030273	-0.204659772
-1.0815868377685547	-24.219404220581055	0.467195294
-34.94169235229492	17.23164176940918	0.694676837
31.278915405273438	-5.765516757965088	0.611773822
16.679222106933594	-8.222101211547852	0.052883622
16.531208038330078	39.547584533691406	-0.974624246
28.27276611328125	-8.280902862548828	0.807209252
34.353912353515625	-0.5899553894996643	0.395221199
16.87119483947754	26.9215145111084	-1.192290515
12.791175842285156	-17.96762466430664	0.309080761
32.02340316772461	-4.167668342590332	-0.13570952
-11.26957893371582	34.09537887573242	-0.353670701
-0.19880461692810059	2.6106321811676025	-0.402727325
0.08021513372659683	8.036097526550293	0.027079278
-7.420980453491211	-24.924530029296875	-0.271346412
1.5874041318893433	21.3533992767334	-0.442516543
-20.11967658996582	24.017786026000977	-0.565030585
-12.695082664489746	-26.829784393310547	0.345327103
-20.756269454956055	22.61324119567871	-1.055824367
-1.9595885276794434	25.663545608520508	-0.654829711
7.561666965484619	15.670555114746094	-0.269428682
16.480932235717773	-9.472516059875488	0.253302405
-13.058566093444824	19.841638565063477	0.298406998
-9.508183479309082	45.243141174316406	-1.044733541
-27.025522232055664	32.11445999145508	-0.099033518
1.7466998100280762	-27.87349510192871	-0.08071299
9.755915641784668	-10.933171272277832	0.77309574
5.084401607513428	36.10991668701172	-0.813721083
39.052364349365234	-22.291015625	-0.020313339
9.87024211883545	-19.996265411376953	0.702265767
-17.257291793823242	-13.460373878479004	-0.254068545
-11.131543159484863	0.840742290019989	0.773547171
-14.296384811401367	7.594168663024902	0.432271961
-7.967719554901123	22.24588966369629	0.149066641
23.30714988708496	30.137836456298828	0.362943776
-4.772947788238525	-2.319007158279419	-0.259182005
28.132417678833008	-2.737884521484375	0.5100597
24.66935920715332	-23.247966766357422	0.157113507
-31.14784049987793	-23.339574813842773	0.840746283
16.00634765625	20.063066482543945	-0.308180379
-19.965267181396484	10.809179306030273	-0.22088701
-8.910700798034668	-12.292356491088867	0.545700695
11.522656440734863	-34.745182037353516	0.662278804
-9.55606746673584	6.883830547332764	0.263808827
36.30634307861328	-17.401229858398438	0.309515687
34.07475662231445	12.173118591308594	-0.112007576
8.861937522888184	-22.584653854370117	0.248211797
2.2072293758392334	18.038944244384766	-0.568019394
12.282852172851562	-5.051435470581055	0.587027039
-21.00718116760254	44.897682189941406	0.628536009
-8.612902641296387	4.264443397521973	-0.732908776
-0.4444129765033722	35.7829475402832	-0.324390726
-5.341056823730469	16.130714416503906	0.110641912
-36.76089096069336	-19.611255645751953	0.898106407
18.368005752563477	-0.9406624436378479	0.91795889
-6.769409656524658	42.98491287231445	-1.053474304
-6.433145523071289	12.03235149383545	0.573353516
0.19384627044200897	17.145719528198242	-1.07896613
7.224191188812256	3.0032615661621094	-0.039724144
3.5879709720611572	-29.51610565185547	0.017340244
4.642982006072998	21.15810775756836	-0.203364345
27.006980895996094	-21.654579162597656	-0.393564965
-35.82463455200195	27.8271484375	-1.036222819
-8.566232681274414	-11.137055397033691	1.276348675
-15.985319137573242	20.553653717041016	0.397817954
-46.32004928588867	-14.816688537597656	0.39861253
-26.524166107177734	-5.036733627319336	-0.602239288
43.94151306152344	-7.609127521514893	0.325137696
11.58978271484375	5.526966094970703	0.132375639
-20.673816680908203	4.499874591827393	0.282317385
-24.51691246032715	17.64039421081543	0.058216467
-21.738418579101562	19.424402236938477	-0.318594404
23.692245483398438	17.42363929748535	-0.165944079
23.084150314331055	-7.103625297546387	-0.026570371
-15.457716941833496	-33.2275390625	0.007852036
18.60868263244629	36.57746505737305	-0.648156323
-30.24634552001953	33.7383918762207	0.126645774
-2.7552759647369385	9.317975044250488	-0.771556255
14.451459884643555	-20.835941314697266	0.779858012
11.745092391967773	17.377870559692383	0.109979768
40.08469009399414	-21.154720306396484	0.544573901
-3.8785531520843506	-40.7950553894043	-0.306242387
-9.499656677246094	45.28675842285156	-0.819687952
-25.203125	17.293066024780273	0.165420896
45.505218505859375	-6.013775825500488	-0.313272633
-26.49737548828125	26.21599769592285	0.377820124
16.51820182800293	20.954822540283203	-0.294298612
-34.96232604980469	21.9456844329834	0.542140543
8.77857494354248	40.50265121459961	-0.518391325
-2.9947898387908936	6.545097351074219	-0.003464922
-9.459280014038086	7.245839595794678	0.119461901
33.837982177734375	-19.39925193786621	-0.82862115
-25.14751434326172	-0.6826579570770264	-0.357305129
16.22752571105957	-21.181760787963867	0.699015626
-14.79343318939209	-27.42041015625	0.049548656
-42.5040283203125	-4.2584147453308105	0.642209149
-37.64126968383789	5.000814437866211	0.295817193
-0.007235678844153881	8.118775367736816	-0.237173099
-5.39750862121582	38.59478759765625	0.912091694
-12.784480094909668	-1.0566074848175049	-0.267852171
-0.7310187816619873	41.814659118652344	-1.022984837
17.44184684753418	31.779714584350586	-0.404555018
40.72881317138672	-5.035508632659912	0.234094423
-22.25461769104004	-8.906803131103516	0.180838649
8.642210006713867	42.0699348449707	-0.084558046
6.23587703704834	47.6586799621582	-0.252979071
-15.26145076751709	-20.673120498657227	-0.000163455
4.98140811920166	-17.439054489135742	-0.409032757
-23.868898391723633	-6.149594783782959	-0.116641193
13.635167121887207	-26.163572311401367	0.702990392
-17.571767807006836	-23.121381759643555	0.372575546
-5.272943019866943	7.541991710662842	0.215728995
7.042173385620117	-15.10975456237793	0.183253075
4.26629114151001	2.8027572631835938	-0.450615788
9.354032516479492	10.194539070129395	-0.144114607
-33.054542541503906	14.389266967773438	-0.232182361
-14.093877792358398	-18.567800521850586	0.231733839
-25.760351181030273	27.599884033203125	0.604832472
-35.1917610168457	0.7922095060348511	0.795444891
-36.248260498046875	28.68196678161621	-0.235229373
-14.505952835083008	-26.429109573364258	-0.465502665
-25.718034744262695	33.79939270019531	0.015616545
30.397485733032227	11.286358833312988	0.611445691
19.692840576171875	-10.435895919799805	0.835649854
-39.360294342041016	-7.9882097244262695	0.951836313
3.463456392288208	22.999889373779297	-0.11946316
44.898441314697266	-28.067129135131836	-0.114536741
17.85810089111328	14.540933609008789	0.278862162
3.7172882556915283	-8.408687591552734	0.264964564
-36.78518295288086	32.591609954833984	0.518093873
-3.9800124168395996	-9.635427474975586	0.598811989
-5.290635108947754	7.989874839782715	0.316907339
23.896615982055664	-15.30902099609375	0.022224225
-29.616846084594727	20.095441818237305	0.132539498
25.462343215942383	24.695554733276367	-0.247253537
-18.203731536865234	39.59025192260742	-0.11745658
-30.746530532836914	13.924910545349121	-0.043055615
13.214329719543457	26.607622146606445	-0.055383407
1.890953540802002	9.366905212402344	-0.660293316
42.86351013183594	-18.21661376953125	0.609072039
-4.788492202758789	39.15484619140625	0.759460804
-20.152620315551758	-29.69700813293457	0.167165832
-35.540740966796875	8.151277542114258	0.36268502
32.69826889038086	-22.665311813354492	-0.636541321
-4.06334114074707	-18.326499938964844	0.667855415
-14.742138862609863	37.58945846557617	-0.80053474
35.36054611206055	-22.929256439208984	0.582642303
-46.98774337768555	15.130288124084473	0.53489664
26.273101806640625	-14.888240814208984	0.446340277
15.299304008483887	-36.484840393066406	0.125098748
32.813270568847656	-22.589492797851562	-0.219588121
8.955190658569336	-17.85350227355957	0.203969379
20.406780242919922	2.4069552421569824	-0.298661736
-0.42402738332748413	-20.198863983154297	0.255935775
-28.675371170043945	-7.052309036254883	0.31987848
-30.94150161743164	10.691407203674316	-0.148777614
23.315093994140625	-28.335433959960938	0.350845495
-30.29610252380371	2.2078287601470947	0.4347997
-3.6547162532806396	22.461336135864258	-0.575410981
-19.223182678222656	-5.129018306732178	0.467814948
-15.535717010498047	45.66352462768555	-0.210371002
-2.8734030723571777	21.006338119506836	-0.459697477
7.361677646636963	-17.661808013916016	-0.593257098
-16.50753402709961	12.32812213897705	-0.164369474
27.98441505432129	23.97500991821289	0.018777543
14.225892066955566	4.031128883361816	0.272782833
0.5245171189308167	-47.656890869140625	0.39129698
12.933327674865723	17.887693405151367	-0.122095112
-15.40645694732666	43.518714904785156	0.52893269
-10.882858276367188	19.38471221923828	-0.258004604
-26.920190811157227	41.045475006103516	0.045847427
30.97909164428711	-13.095552444458008	-0.180652564
-9.356402397155762	-30.696096420288086	0.457260391
3.0365242958068848	-8.91526985168457	-0.013941809
28.186864852905273	15.446463584899902	-0.346703895
2.2141995429992676	31.952199935913086	-0.165926133
7.19296407699585	11.163723945617676	-0.22981679
-21.394210815429688	-17.410430908203125	0.205024572
-17.968765258789062	7.473838806152344	0.217598131
-36.0047721862793	-10.130352973937988	1.175765861
15.936606407165527	14.03721809387207	-0.245684351
2.5480000972747803	8.720778465270996	-0.971346684
-4.562274932861328	-10.167016983032227	-0.237566512
3.913403272628784	-0.14865423738956451	-0.612416614
-23.638607025146484	6.598249435424805	-0.024294726
-41.5064811706543	13.3944673538208	0.692954736
15.233468055725098	4.058157444000244	0.287243965
18.607322692871094	19.151811599731445	-0.539194773
14.703240394592285	-29.262550354003906	0.577258667
16.55331802368164	39.665855407714844	-1.097132389
-24.263368606567383	27.70552635192871	0.712394507
20.610408782958984	-3.7035555839538574	-0.442057142
16.315998077392578	10.111615180969238	-0.131150252
-15.106683731079102	29.197162628173828	-1.219662886
-8.44903564453125	19.971981048583984	0.390455805
43.51631546020508	2.702897548675537	-0.501350831
-7.952052116394043	10.243183135986328	-0.82025858
-12.801532745361328	-39.43525314331055	-1.155326319
-26.43535041809082	35.25840377807617	-0.337887741
11.027592658996582	42.11056137084961	0.203117237
0.14487841725349426	20.844602584838867	-1.039889014
-20.718034744262695	15.309825897216797	0.350666098
-38.34624481201172	27.054956436157227	-0.507584428
-14.414775848388672	2.4628472328186035	-0.338427101
15.961420059204102	19.198623657226562	-0.497649732
-1.5794967412948608	28.233293533325195	-0.310410904
-24.03435516357422	-6.203292369842529	0.323984253
1.930561900138855	26.883676528930664	0.297783408
24.259960174560547	-6.398138046264648	0.066294152
45.533592224121094	-26.608327865600586	-0.008915997
-15.510169982910156	2.004519462585449	0.04863143
-5.720932960510254	3.2695112228393555	-0.330202797
20.36746597290039	6.7669196128845215	0.030472744
24.15680694580078	-9.363737106323242	-0.14744389
4.580745220184326	-4.434075355529785	-0.334816574
-17.31482696533203	18.06768035888672	0.776086531
45.679359436035156	-27.263330459594727	-0.17989806
3.097022294998169	40.844486236572266	0.161214234
5.367060661315918	28.085193634033203	-0.569588349
8.816863059997559	23.761808395385742	-0.339220053
-35.847015380859375	-14.223142623901367	0.867003961
19.565601348876953	-36.87232208251953	-0.313787538
19.469362258911133	-3.308556318283081	-0.093000353
16.774866104125977	-14.130049705505371	0.198843521
6.770367622375488	20.048818588256836	-0.527882097
-13.908102035522461	10.172659873962402	-0.24070325
-8.776569366455078	-34.04204559326172	0.572515384
30.094491958618164	0.07325558364391327	-0.680784499
-19.979921340942383	10.817814826965332	0.000743596
11.574919700622559	31.269515991210938	-0.31837239
20.93397331237793	-31.173044204711914	0.560153516
21.120874404907227	36.23875427246094	0.107225585
-19.37862205505371	-7.096592903137207	0.228999919
-15.508529663085938	-4.126092910766602	-0.667714413
12.399506568908691	32.0787467956543	0.308617857
-21.34067153930664	-8.806259155273438	0.842552636
-0.06300046294927597	-4.588418006896973	-0.202665917
-49.24317169189453	-14.22197437286377	-0.159480703
-8.825614929199219	-34.0075798034668	-0.014200025
-4.678591251373291	47.92750930786133	0.289605959
-8.185149192810059	22.39447784423828	0.136076107
11.48112964630127	19.39836311340332	-1.068552267
39.524654388427734	-10.28905963897705	0.542149467
12.114825248718262	-11.1132173538208	0.223519866
23.33513069152832	12.955184936523438	-0.109724549
21.90777587890625	-24.789878845214844	0.156008047
-11.619504928588867	14.614004135131836	-0.311601689
16.882404327392578	-23.816110610961914	0.824522496
2.3660829067230225	1.7682281732559204	0.340965376
23.56375503540039	-29.657384872436523	0.692336728
-8.202432632446289	11.929167747497559	-0.472712305
9.808915138244629	-13.109978675842285	-0.253697837
-7.003647327423096	30.0645751953125	0.673768011
34.97750473022461	20.45675277709961	0.026971345
10.661676406860352	36.57324981689453	-0.033805421
-1.556540846824646	-2.7571229934692383	-0.174462943
-5.038809299468994	-17.94270133972168	0.338453296
-14.005377769470215	44.66427993774414	-0.443089559
-3.455415964126587	6.79942512512207	0.120617886
-8.619820594787598	-20.06236457824707	0.770625246
22.580612182617188	16.01016616821289	-0.01091606
23.304584503173828	30.148239135742188	0.524096377
8.627969741821289	-6.779860496520996	0.308424916
-18.544307708740234	7.517315864562988	-0.047077105
24.441267013549805	25.142459869384766	0.088396556
-46.912654876708984	-11.972466468811035	0.5044599
15.166542053222656	-4.979602336883545	0.775999174
5.384742259979248	27.981847763061523	-0.136576083
-13.363885879516602	8.998238563537598	-0.481178848
-7.82719087600708	36.77070236206055	-0.394299022
-21.85540008544922	39.86927795410156	-0.238427408
-20.355356216430664	-18.292896270751953	0.087651548
15.820207595825195	7.824118614196777	-0.663141964
28.77434730529785	17.697978973388672	-0.216009298
16.319046020507812	-4.926925182342529	-0.083021303
-14.825206756591797	-5.842081069946289	-0.376840966
18.837825775146484	28.678796768188477	-0.401350436
-14.324158668518066	-11.950925827026367	-0.219408141
-25.533065795898438	24.163179397583008	0.392623021
27.779565811157227	-7.817730903625488	0.225277259
45.48469543457031	-22.805431365966797	-0.176433688
-12.500711441040039	24.360057830810547	0.10964432
5.618927955627441	-5.140211582183838	0.05525818
-26.791711807250977	11.81866455078125	0.836927839
-36.729034423828125	-18.607410430908203	1.109472941
12.34088134765625	-0.810869574546814	-0.452951433
-9.746119499206543	27.95660972595215	-0.462979716
-35.1447639465332	8.778816223144531	0.828463603
-39.89659118652344	26.08222770690918	-0.305694968
3.7263026237487793	-46.36455154418945	-0.103019619
-26.98300552368164	32.064308166503906	0.346901716
-3.2556350231170654	34.209022521972656	0.215670351
26.280113220214844	12.098204612731934	0.087891403
-39.72690963745117	26.196992874145508	-0.508356393
-26.074981689453125	21.109251022338867	0.653578175
-22.060815811157227	26.26938247680664	-0.605979561
-0.03195958584547043	-10.522688865661621	0.469979321
-21.451610565185547	14.304224967956543	0.218077087
-10.075278282165527	-6.980258941650391	0.673381405
-25.95200538635254	8.629302978515625	-0.04003934
-24.656326293945312	2.9870223999023438	0.158058906
17.84407615661621	-21.99728775024414	0.555445261
36.615360260009766	-19.83566665649414	-0.019174161
-4.054708957672119	39.90083312988281	0.623890687
16.697200775146484	31.720897674560547	0.265349954
19.20366859436035	7.526673316955566	-0.361294749
36.7364616394043	-2.1497244834899902	0.386377661
-31.95995330810547	-3.50831937789917	0.797985882
-14.954216957092285	44.81855392456055	-0.250838549
14.939440727233887	-14.6314115524292	0.13780165
43.5101318359375	1.0843734741210938	0.012587989
17.613004684448242	32.039215087890625	-0.108152845
-36.101436614990234	-12.40577507019043	0.782513227
-6.582813739776611	6.557260036468506	-0.157749263
-3.3574228286743164	41.25212860107422	-0.163137495
11.079912185668945	-1.138681173324585	-0.572691897
5.547255992889404	6.88035249710083	-0.90628698
43.615177154541016	-26.43474769592285	0.196981355
-23.223297119140625	33.44753646850586	-0.505534097
-7.505997657775879	-14.560562133789062	-0.240709282
-9.493854522705078	-44.282047271728516	0.272334476
-2.920570135116577	33.35985565185547	0.029075907
28.382768630981445	28.01289176940918	0.141572061
1.9556394815444946	-46.67363739013672	0.392100009
-9.504720687866211	-44.4283447265625	0.137198532
6.43377161026001	34.09836959838867	-0.046194825
18.054807662963867	23.555233001708984	0.162983833
30.072742462158203	6.078912734985352	0.147385326
14.274420738220215	12.737292289733887	0.14487356
-14.531079292297363	46.15346908569336	0.048700406
-24.364015579223633	10.996292114257812	0.461973695
-1.3714030981063843	0.7297484874725342	-0.376230067
0.43648844957351685	-6.383437156677246	-0.336300654
33.81004333496094	-8.095080375671387	0.305845847
-36.77686309814453	32.58629608154297	0.06898266
25.83999252319336	-0.07166346162557602	0.730890435
-41.213722229003906	11.752132415771484	0.348839998
14.143515586853027	-15.238066673278809	-0.087336072
2.9682557582855225	41.923919677734375	0.433654366
-2.221372365951538	32.42945098876953	0.489379753
12.234930992126465	-6.608710289001465	0.044616717
33.93958282470703	-7.339710712432861	0.313741262
-51.27946472167969	-14.085697174072266	0.157423542
-45.61585998535156	12.144028663635254	-0.119514272
21.670263290405273	-5.505274772644043	0.167363242
-16.427270889282227	27.588960647583008	-0.795631007
-30.958145141601562	-23.807174682617188	0.238496306
-28.072622299194336	-7.959122657775879	-0.021560868
7.134232521057129	30.05051612854004	-0.426950265
2.191889762878418	-16.0030574798584	0.309863152
-26.72170639038086	11.837004661560059	0.578889733
-20.30596160888672	-19.799673080444336	0.109447584
-8.632652282714844	-20.086355209350586	0.740844112
34.008827209472656	-8.906386375427246	-0.215652274
20.351430892944336	36.233070373535156	0.368799488
5.441568374633789	-22.69363021850586	-0.290129868
32.158687591552734	-4.836438179016113	-0.288719348
-27.436737060546875	30.67067527770996	0.379732305
-49.00824737548828	-13.786455154418945	0.22812546
-31.254167556762695	13.559183120727539	1.02060043
-19.220563888549805	15.41332721710205	-0.025431189
6.566114902496338	-19.865192413330078	0.22482465
19.775365829467773	2.6560702323913574	-0.156520829
-27.878480911254883	16.41105842590332	0.14259355
5.601572513580322	-23.763439178466797	-0.203018859
-1.8777750730514526	-17.178369522094727	0.555391557
0.1669236421585083	-47.199676513671875	0.724794075
12.211505889892578	35.842041015625	-0.183044151
-2.620159149169922	33.634361267089844	-0.158932185
-16.969970703125	24.502656936645508	-0.676958811
-14.726089477539062	-28.28517723083496	-0.510544174
-0.32434505224227905	17.348106384277344	-0.752545403
-40.7315559387207	14.52966022491455	0.20012487
-16.288984298706055	27.70399284362793	-0.47403767
-4.040386199951172	23.13654327392578	-0.527434772
-11.796557426452637	9.146618843078613	0.033192399
-37.85167694091797	3.9421660900115967	0.07305936
-14.569568634033203	46.51987838745117	-0.034464528
7.336683750152588	-4.360009670257568	-0.287762112
5.331095218658447	13.210073471069336	-0.358238365
0.4198179841041565	3.680952787399292	0.166520648
11.511114120483398	-22.46607780456543	0.476625184
5.403448581695557	13.259700775146484	-0.034792145
15.736979484558105	-0.6846378445625305	-0.749586537
34.712608337402344	-32.43168640136719	0.172195586
35.711299896240234	-36.531436920166016	0.777737839
9.987475395202637	7.9600958824157715	0.590445477
-50.450252532958984	-15.257928848266602	0.211376313
10.408588409423828	3.9600675106048584	-0.338169039
21.95952796936035	12.246960639953613	-0.137476396
-5.762340545654297	-28.806053161621094	0.286964242
1.0034748315811157	-48.02375793457031	0.837537107
40.26253890991211	-25.481779098510742	0.163753056
-39.13361358642578	-17.375856399536133	-0.488688411
-11.498422622680664	-23.44109344482422	-0.00872858
-16.930248260498047	-8.615434646606445	0.953061274
19.07579803466797	12.295065879821777	-0.440903062
30.359859466552734	14.426533699035645	-0.07715203
42.12434387207031	-3.636396646499634	0.396086704
0.28285884857177734	12.5338134765625	-0.288714279
25.30634117126465	2.0657999515533447	0.069743711
1.9715760946273804	-30.637388229370117	0.44105807
8.5784273147583	39.19355392456055	0.259253548
-14.558521270751953	29.428178787231445	-1.0392757
37.88114547729492	6.36536169052124	0.174088453
8.028646469116211	-5.643593788146973	-0.413847295
-7.748819351196289	-0.8635597825050354	0.610056725
-36.500972747802734	0.4217269718647003	0.26000997
-21.758865356445312	24.434587478637695	-0.838074933
44.01091766357422	-28.081274032592773	0.182594086
15.684558868408203	36.5926399230957	-0.267180288
-35.24879837036133	0.771840512752533	0.540664853
-19.10770606994629	1.3448292016983032	-0.143362166
-16.433530807495117	12.522542953491211	-0.184177105
-5.300592422485352	12.147168159484863	0.377414206
-15.401312828063965	-5.27098274230957	-0.072572199
0.07281395047903061	-8.177441596984863	0.525873219
10.730423927307129	-36.88266372680664	0.020510613
6.719099521636963	20.066612243652344	-0.319791667
-31.101179122924805	-9.312664031982422	0.572761649
17.811798095703125	-20.135623931884766	1.061711511
-7.016639232635498	-25.713783264160156	0.127371761
43.190208435058594	-27.18551254272461	0.179907208
-10.325648307800293	-13.616135597229004	0.125705344
-36.69588088989258	-16.257761001586914	0.257345524
5.259998321533203	-11.685378074645996	-0.2621775
-14.743603706359863	-31.774991989135742	-0.483993279
-21.91961669921875	-0.24826481938362122	-0.101379342
43.137168884277344	-27.625402450561523	0.282276018
-0.34878966212272644	-10.365217208862305	-0.05064384
41.535675048828125	-4.831385135650635	0.620115698
-47.13777160644531	15.136625289916992	0.134611652
22.18789291381836	-23.771595001220703	0.448487339
-13.088833808898926	-34.39420700073242	0.455101221
-33.4560432434082	22.577001571655273	0.354149516
-11.571572303771973	3.341491460800171	0.03990598
-26.237131118774414	-1.4129115343093872	0.7345769
13.970359802246094	-39.10124969482422	0.283919571
18.168025970458984	23.46417999267578	0.276169398
-30.015798568725586	40.15840148925781	0.457286929
28.649999618530273	17.410287857055664	-0.267188951
-5.148061275482178	34.44328689575195	-0.097132441
-5.03623628616333	47.16897964477539	-0.363609261
10.780736923217773	13.49677848815918	-0.056669191
-4.4363112449646	17.626888275146484	-0.226533654
40.14866256713867	-30.900814056396484	0.35671399
18.243667602539062	16.796329498291016	0.101221094
13.143434524536133	26.258180618286133	-0.343496556
29.49945640563965	4.729213714599609	-0.432247673
36.28954315185547	6.150818347930908	-0.023123826
-37.35529708862305	-17.89385986328125	0.969450689
34.5980110168457	20.25386619567871	-0.097044656
-10.742112159729004	27.27850914001465	-0.061802425
-19.786014556884766	-25.287250518798828	-0.063192292
-16.913864135742188	21.25547218322754	0.422275496
-0.5410246253013611	41.86540222167969	-1.007125829
1.0294498205184937	47.22404479980469	-0.666632011
6.334366798400879	10.20562744140625	-0.090202629
9.878987312316895	-10.101363182067871	0.29111652
-6.820569038391113	43.02616500854492	-1.177911962
-27.912517547607422	-8.157047271728516	0.342690837
6.203771114349365	14.604477882385254	-0.272958206
3.544887065887451	41.911865234375	0.18189016
41.647247314453125	0.21043473482131958	0.177597552
20.205175399780273	-21.923818588256836	1.182760291
-38.68434524536133	-17.833011627197266	-0.601117055
-10.378890991210938	-3.225348472595215	0.804702953
16.48361587524414	10.039284706115723	-0.591448336
32.99458694458008	2.0632240772247314	-0.760285082
0.44167396426200867	12.58602523803711	-0.625576692
3.7935128211975098	12.192877769470215	-0.401589191
8.574407577514648	27.684431076049805	-0.107337099
-14.93044376373291	24.469430923461914	0.201555554
-19.779199600219727	-17.039243698120117	-0.523266911
-15.106790542602539	36.815216064453125	-0.455749308
-29.013416290283203	-17.38444709777832	0.766912831
-2.1847987174987793	3.9136788845062256	-0.211768913
-18.620058059692383	-26.93861198425293	0.346916195
-11.598254203796387	3.2252705097198486	-0.167347794
20.311195373535156	23.62759780883789	0.330527234
-29.86079216003418	20.172815322875977	-0.048144375
-42.51754379272461	-4.228850841522217	0.783879673
-12.556625366210938	23.21323013305664	-0.021006023
-14.98413372039795	9.63505744934082	-0.149428128
17.681623458862305	-33.128562927246094	0.16101661
-14.386541366577148	21.85202407836914	-0.777212212
-9.272500038146973	3.064131021499634	0.078632041
-7.165637969970703	-14.75843334197998	-0.209338872
13.554651260375977	9.901691436767578	0.129705816
16.046276092529297	-36.599571228027344	-0.239436294
-11.26026439666748	34.10478973388672	-0.159821499
-22.3784122467041	21.29374122619629	-0.283994406
15.268754005432129	-3.4364099502563477	0.16437376
32.770023345947266	-30.431045532226562	0.088217752
17.922874450683594	28.39548683166504	-0.338310729
-51.621185302734375	-13.941520690917969	0.097728964
-19.03986930847168	-28.703346252441406	-0.054907631
5.058254241943359	36.15256118774414	-0.799081976
-8.200017929077148	48.254825592041016	0.164305587
18.409421920776367	16.095319747924805	0.379620694
12.198812484741211	-21.233835220336914	1.096805137
-5.785556316375732	26.710866928100586	-0.078265918
-34.23598861694336	16.06638526916504	0.129178343
22.379362106323242	36.56388473510742	-0.045341485
-12.453118324279785	18.72218132019043	0.262408176
0.3488432765007019	-4.58591890335083	-0.388735847
-17.525609970092773	19.626367568969727	0.911712384
37.24465560913086	6.261203765869141	-0.508159599
-44.16843032836914	3.968632698059082	-0.238239754
-2.309598684310913	11.487052917480469	-0.187130365
-26.099407196044922	-4.00801420211792	-0.404854033
17.823715209960938	-14.884400367736816	-0.576799817
-15.689476013183594	43.942108154296875	0.351851498
21.790687561035156	-11.331083297729492	0.8487631
-26.00235366821289	23.601242065429688	0.499591668
17.977304458618164	-1.873419165611267	0.321141649
-3.37492036819458	42.1025505065918	-0.036096435
-10.58144474029541	48.018001556396484	0.141328083
29.13282585144043	9.49538516998291	0.265208109
18.852474212646484	16.756065368652344	0.050759922
45.726463317871094	-5.740384578704834	-0.400600395
-25.158252716064453	3.761925220489502	-0.285333868
2.143310308456421	17.010482788085938	-0.769302164
-4.952981472015381	-2.6966164112091064	0.591134352
-1.5639197826385498	28.33249282836914	-0.557926059
7.069303035736084	30.84069061279297	-1.104342551
-9.320805549621582	19.835752487182617	0.373382483
11.61105728149414	-22.123401641845703	0.927776748
17.28497886657715	-19.5493106842041	0.420631391
-28.85099220275879	2.748234748840332	-0.135981147
-11.110360145568848	-15.952609062194824	-0.141456876
-11.742596626281738	-29.297107696533203	-0.323257301
35.30906295776367	-16.193470001220703	0.042841928
-9.787328720092773	22.433324813842773	-0.187761803
11.847774505615234	35.994258880615234	0.044999872
-35.858001708984375	16.09297752380371	-0.434809405
35.5855712890625	-29.945953369140625	0.103768033
-21.331384658813477	-10.49512767791748	1.058069783
-17.766599655151367	30.6553897857666	-0.784080782
38.357723236083984	-30.004043579101562	-1.051088545
28.79555892944336	0.8430331945419312	0.261544583
2.119072437286377	-4.040949821472168	-0.529560235
10.677183151245117	42.09223937988281	0.382511797
-24.005741119384766	-0.18276815116405487	-0.277579015
-30.27818489074707	-3.8734962940216064	0.418007381
2.1812386512756348	-14.278399467468262	-0.191072214
25.521352767944336	4.400949478149414	0.300341955
-21.273189544677734	38.9909553527832	-0.016584782
11.593673706054688	30.112483978271484	0.721003403
2.846334934234619	25.806358337402344	0.136437797
12.779462814331055	25.605623245239258	0.20870949
0.7411001324653625	-0.21265137195587158	-0.312066582
-12.297656059265137	42.74853515625	-0.15507105
24.477014541625977	9.968140602111816	-0.049726723
-30.215341567993164	9.348538398742676	-0.021198523
2.5493760108947754	14.436871528625488	-0.485192858
-46.64683151245117	-11.171905517578125	0.672606702
12.57558822631836	6.287949562072754	-0.746388825
-22.4665584564209	-18.22405242919922	0.195267137
39.774757385253906	-34.64097595214844	-0.237880974
-4.052286624908447	45.787925720214844	0.36839827
-44.75324630737305	16.3531494140625	-0.201728065
39.88272476196289	-17.994365692138672	0.600950232
-39.35464859008789	-7.506365776062012	-0.251549644
35.12451934814453	-35.17691421508789	0.037719255
9.598690032958984	0.3264760673046112	0.295489714
-12.260787963867188	12.361763954162598	0.371213326
-21.85304832458496	-0.08380720764398575	-0.282115018
-27.002574920654297	35.735008239746094	0.131774177
-2.9337046146392822	-6.156918048858643	0.284360004
-24.29527473449707	11.032033920288086	0.907333121
-13.850388526916504	16.641490936279297	0.237039528
-12.543798446655273	12.932249069213867	0.739766119
-12.2843017578125	-15.558363914489746	-0.294143473
-36.7625846862793	-14.731796264648438	0.598076457
-21.9307804107666	-15.548280715942383	-0.133325105
-9.22897720336914	-41.64253234863281	0.608871484
5.651091575622559	46.572364807128906	-1.015136232
-18.118083953857422	-27.609363555908203	0.520614197
7.195121765136719	-0.15017101168632507	0.076150773
-18.821744918823242	-1.9720730781555176	0.597026148
33.6906623840332	19.787517547607422	-0.3957597
41.197731018066406	0.0002400549128651619	0.638009786
28.967302322387695	-3.470393180847168	0.658536356
36.60300064086914	-23.798274993896484	0.336443996
-26.88758659362793	41.071311950683594	0.290894196
20.026418685913086	-37.26043701171875	-0.727447194
-22.40065574645996	-3.499579429626465	-0.197481039
-4.333902835845947	16.115968704223633	0.060508587
30.93861961364746	-10.021479606628418	0.062969952
14.736187934875488	3.4136831760406494	0.400438485
17.485454559326172	8.296854019165039	0.440260725
2.841252326965332	6.829448699951172	-0.799513638
19.079700469970703	12.303366661071777	-0.200940287
28.088512420654297	23.933670043945312	0.013659375
37.506927490234375	-35.40158462524414	-0.238114124
-20.828733444213867	22.552377700805664	-1.150559523