x	y	cluster	word
-28.36322593688965	12.740633010864258	10	african
-26.31488800048828	11.95145034790039	10	egyptian
-29.025766372680664	14.764520645141602	10	ethiopian
-27.240949630737305	14.83902359008789	10	haitian
-27.411434173583984	12.531465530395508	10	kenyan
-24.58463478088379	-9.624103546142578	4	african-american
-27.574970245361328	17.146703720092773	10	congolese
-11.086997985839844	23.46856117248535	1	London
11.670594215393066	-12.16939926147461	2	Obama
0.9287309050559998	30.91619110107422	6	Virginia
-28.1728515625	17.519575119018555	10	Africa
2.7395007610321045	30.65438461303711	6	Ohio
16.07565689086914	7.166718482971191	3	Williams
3.5942740440368652	31.20857810974121	6	Georgia
-28.86467933654785	11.210100173950195	10	African
-13.636642456054688	-22.822509765625	8	failure
-8.807397842407227	-19.993925094604492	8	Create
1.8841068744659424	26.113494873046875	6	Atlanta
1.3359386920928955	24.17915916442871	6	Columbia
-0.3967243731021881	33.77813720703125	6	Alabama
1.786249041557312	31.816791534423828	6	Tennessee
2.0828564167022705	31.495264053344727	6	Missouri
16.815027236938477	9.57430362701416	3	Morgan
14.211421012878418	-16.823850631713867	2	Wayne
-9.088951110839844	28.88024139404297	1	Orleans
-24.682947158813477	14.54173469543457	10	Egypt
-11.134825706481934	30.335622787475586	1	NYC
-3.4363043308258057	4.538522720336914	7	Cape
2.0106072425842285	30.887649536132812	6	Connecticut
1.9756900072097778	33.35305404663086	6	Louisiana
2.3045434951782227	32.304447174072266	6	Mississippi
12.80711841583252	6.919055461883545	3	Miles
-10.363259315490723	29.996305465698242	1	Orlando
1.5006836652755737	32.8127555847168	6	Arkansas
-6.590170860290527	-38.78068923950195	0	Artists
21.2161808013916	-9.199630737304688	2	Barack
10.633008003234863	5.807312488555908	3	Hamilton
12.694576263427734	-3.0973927974700928	3	Carter
12.782439231872559	0.4731557369232178	3	Nelson
-5.225198268890381	-15.585636138916016	0	Organization
3.983753204345703	31.032920837402344	6	Montana
-7.093084335327148	-23.278392791748047	8	Success
-23.24395179748535	-10.209939002990723	4	HIV
-13.362645149230957	-23.90918731689453	8	Revolution
-0.6411191821098328	24.412128448486328	6	Columbus
-8.962780952453613	-40.05460739135742	0	musicians
7.658783912658691	4.460916519165039	6	Jefferson
-8.792481422424316	-1.6357136964797974	7	BlackBerry
0.6378121972084045	31.72907066345215	6	Nebraska
-3.2146942615509033	1.140998125076294	7	Mars
23.0556583404541	-1.4569611549377441	3	Bishop
33.49089431762695	3.0301268100738525	5	Samuel
-15.093843460083008	-14.244841575622559	4	NASA
17.32220458984375	7.207931995391846	3	Evans
-11.95041275024414	28.699831008911133	1	Liverpool
-1.0756548643112183	29.50930404663086	6	Nashville
1.3421167135238647	25.853321075439453	6	Cincinnati
-11.990691184997559	-21.39864730834961	8	celebrated
-12.501265525817871	-21.456851959228516	8	verified
0.1132739707827568	-11.40259838104248	8	Champion
-6.716815948486328	-23.66506004333496	8	Facts
-10.460286140441895	27.910367965698242	1	Chelsea
-11.457361221313477	27.641828536987305	1	Montreal
3.2430005073547363	31.87059211730957	6	Vermont
52.35578155517578	2.62030291557312	9	Nicole
-24.164148330688477	-10.369964599609375	4	AIDS
1.549004316329956	24.896560668945312	6	Memphis
-3.623553514480591	7.777816295623779	7	Eagles
-7.721858501434326	5.480804920196533	7	Lion
52.01910400390625	3.724909543991089	9	Martha
-18.483911514282227	-11.995966911315918	4	Hurricane
-27.90003204345703	19.193578720092773	10	Syria
53.157718658447266	4.672031879425049	9	Rebecca
31.08086395263672	6.104082107543945	5	Joel
-26.073322296142578	11.410717010498047	7	Egyptian
-7.774284839630127	25.402374267578125	1	Florence
-5.5033392906188965	-32.220184326171875	0	Champions
-3.751591920852661	7.446044445037842	7	Lions
32.58365249633789	1.074152946472168	5	Abraham
11.05131721496582	11.495840072631836	6	Troy
-4.487619876861572	23.653724670410156	6	Capitol
-12.467580795288086	-13.634968757629395	3	milesNo
-13.215476989746094	24.523488998413086	1	Amsterdam
-30.85509490966797	20.06182289123535	10	Cuba
17.094505310058594	4.97487735748291	3	Harvey
-27.19561004638672	21.807598114013672	10	Belgium
10.939375877380371	10.553506851196289	6	Montgomery
25.635700225830078	-2.710942029953003	5	Genesis
13.114457130432129	-17.169506072998047	2	Elvis
-2.0325868129730225	4.831846714019775	7	Mercedes
32.4603271484375	3.795396327972412	5	Moses
-33.91387939453125	16.590003967285156	10	Kenya
50.5915641784668	1.5278031826019287	9	Monica
-9.290257453918457	26.222332000732422	1	Athens
2.7631185054779053	25.157413482666016	6	Albany
-30.305892944335938	18.440807342529297	10	Lebanon
2.6355810165405273	25.723684310913086	6	Charleston
-7.7021164894104	-41.02121353149414	0	celebrities
-28.22676658630371	22.453033447265625	10	Denmark
-4.286774158477783	-21.622140884399414	8	Famous
-6.292935371398926	2.4443466663360596	7	ebony
-16.41897964477539	-24.191184997558594	8	revolutionary
-32.230308532714844	18.88128662109375	10	Haiti
13.225346565246582	-3.8422412872314453	3	Armstrong
6.819891929626465	-12.966069221496582	2	MTV
-11.628714561462402	28.910205841064453	1	Newcastle
0.2389986515045166	4.752846717834473	1	Queens
-24.139938354492188	14.034191131591797	10	Gaza
-31.801097869873047	22.9897518157959	10	Nigeria
-25.370149612426758	13.36732292175293	10	Chad
49.43228530883789	2.3100807666778564	9	Megan
46.30876922607422	0.257457971572876	9	Mama
-30.382919311523438	25.726490020751953	10	Ukraine
18.150054931640625	7.973783493041992	3	Ellis
-1.7544959783554077	0.7151663303375244	7	Marathon
51.93940734863281	-1.4155031442642212	9	Sandra
28.754701614379883	-1.6784641742706299	5	Abu
-2.1969645023345947	0.14308281242847443	7	Mile
-8.937713623046875	-37.3624267578125	0	entrepreneurs
9.664761543273926	2.4634358882904053	3	Frederick
13.807413101196289	-15.756972312927246	2	Drake
47.27973556518555	2.1747117042541504	9	Whitney
-15.845568656921387	-3.173203706741333	8	Underground
-6.821557998657227	22.06970977783203	1	Metropolitan
-8.63328742980957	-1.0729597806930542	7	Blackberry
44.43000793457031	3.029299736022949	9	Marion
-5.745730400085449	-32.77928161621094	0	Movers
32.55496597290039	5.351013660430908	5	Isaac
-8.80807113647461	-36.46706771850586	0	Organizations
50.04962921142578	-1.1869581937789917	9	Leslie
53.37240982055664	-2.781619071960449	9	Caroline
-9.61899471282959	29.205812454223633	1	Leeds
-18.29567527770996	20.708024978637695	1	Geneva
-7.996667861938477	-23.575733184814453	8	Celebration
30.667055130004883	3.4204928874969482	5	Gabriel
13.48584270477295	8.698956489562988	3	Eugene
-26.592872619628906	-10.861209869384766	4	slaves
-23.223636627197266	-10.497456550598145	4	aids
-34.89677047729492	18.206235885620117	10	Jamaica
13.682677268981934	2.468545436859131	3	Meyer
-9.446035385131836	-22.569425582885742	8	Evidence
-12.827266693115234	-23.207651138305664	8	Failure
-14.759918212890625	-23.44516944885254	8	shocking
48.49269104003906	-0.6901947855949402	9	Eva
-15.239161491394043	-3.206768274307251	8	Carnival
15.207310676574707	-20.21330451965332	2	Madonna
51.46039581298828	3.522650957107544	9	Debbie
-7.87047815322876	-14.40788745880127	8	Tweets
15.919880867004395	10.856168746948242	3	Greene
-22.241601943969727	-9.686185836791992	4	slavery
-0.8836662769317627	34.102596282958984	6	LSU
26.19920539855957	-2.3132753372192383	5	Shepherd
21.631385803222656	8.277684211730957	3	Jacobs
-29.53759765625	24.478410720825195	10	Colombia
-6.925522804260254	-22.243656158447266	8	celebrates
18.36695098876953	-0.1586226522922516	3	Erik
15.648719787597656	-16.670244216918945	2	Kanye
31.787887573242188	1.4479303359985352	5	Solomon
-33.56061553955078	19.763259887695312	10	Libya
15.217597007751465	4.812079429626465	3	Freeman
-13.275406837463379	26.852922439575195	1	Alexandria
-27.323152542114258	13.737249374389648	10	Cuban
3.4968273639678955	23.7050838470459	6	Savannah
-8.259590148925781	29.22444725036621	1	Newark
15.197569847106934	-20.540346145629883	2	Rihanna
-18.12714385986328	-10.6415433883667	4	cocaine
15.180093765258789	7.226165771484375	3	Hayes
-0.005584227852523327	24.8662166595459	6	Dayton
20.756410598754883	-3.5613467693328857	3	Kane
52.81563949584961	5.382152557373047	9	Deborah
-3.233919858932495	-15.560494422912598	0	Ambassador
49.14833068847656	-3.01461124420166	9	Nina
-18.340286254882812	-15.224631309509277	4	hurricane
-19.79877471923828	-11.293041229248047	4	Zombie
-32.951290130615234	18.285043716430664	10	Sudan
-11.053855895996094	-21.38642692565918	8	credentials
11.708871841430664	1.4128435850143433	3	Willis
10.642488479614258	7.056357383728027	3	Ferguson
-4.421437740325928	-24.51182746887207	8	Powerful
-11.802085876464844	-14.08349895477295	3	Watts
0.4136544167995453	4.106609344482422	1	Streets
-5.858613967895508	2.7292909622192383	7	Ivory
20.082853317260742	6.85084867477417	3	Wesley
-22.937801361083984	-3.415344476699829	4	Hamas
-5.841450214385986	4.020899772644043	7	Ebony
31.89237403869629	5.906851291656494	5	Eli
-10.667364120483398	22.28365707397461	1	Cornwall
-8.694109916687012	5.271801471710205	7	goat
0.4214269816875458	32.850215911865234	6	ohio
-16.451976776123047	26.316295623779297	1	Cairo
-11.670289993286133	24.80038070678711	1	Naples
-10.331927299499512	-31.312448501586914	0	lesbians
-11.359834671020508	-37.72857666015625	0	protesters
-4.644690036773682	-2.8533754348754883	7	Diamonds
20.252498626708984	8.026668548583984	3	Trevor
-8.336731910705566	-17.342058181762695	0	Founder
-8.211037635803223	-21.749881744384766	8	Headlines
-31.3566951751709	18.677499771118164	10	Zimbabwe
-7.114596366882324	-36.81007385253906	0	Volunteers
-31.289703369140625	21.799057006835938	10	Venezuela
2.1435461044311523	19.467247009277344	6	Augusta
14.6105318069458	-19.24460220336914	2	Oprah
33.30124282836914	1.740566611289978	5	Isaiah
-9.989699363708496	-2.5297694206237793	7	Granite
48.940582275390625	-2.2884857654571533	9	Alicia
-3.8420116901397705	28.98389434814453	1	Wilmington
8.674002647399902	-5.959166049957275	3	Sanders
-3.320268154144287	-25.602182388305664	8	Rebel
-18.8204402923584	-18.101543426513672	4	reconstruction
11.140533447265625	5.912600040435791	3	Trent
44.910579681396484	2.8809876441955566	9	Shelby
-33.03962707519531	21.642240524291992	10	Uganda
11.897133827209473	-10.280156135559082	3	Castro
10.823395729064941	-20.176170349121094	2	Miley
-29.735445022583008	24.990243911743164	10	Croatia
52.83913803100586	-1.5889805555343628	9	Cynthia
-34.624000549316406	17.406232833862305	10	Ghana
21.769378662109375	3.884319305419922	3	Michel
-6.940464019775391	4.734385967254639	7	Leopard
-10.879404067993164	24.152738571166992	1	Aberdeen
-3.1173877716064453	10.020255088806152	7	Braves
15.058480262756348	12.651972770690918	3	Rhodes
-34.43168640136719	16.29123878479004	10	Morocco
-10.591252326965332	-22.90605354309082	8	successes
19.296981811523438	6.5506205558776855	3	Marvin
-7.352894306182861	-41.04709243774414	0	Celebrities
-3.5192553997039795	8.667951583862305	7	Falcons
-8.3170166015625	28.087491989135742	1	Camden
16.052431106567383	-20.136207580566406	2	Beyonce
-9.409979820251465	25.20099449157715	1	Niagara
-1.7792422771453857	-12.953280448913574	8	Creed
-7.918529033660889	-7.035628795623779	7	RCA
49.880836486816406	-2.34552001953125	9	Melanie
29.652921676635742	-2.6432790756225586	5	Hussein
-4.603109359741211	-25.518524169921875	8	rebel
-11.669766426086426	29.273029327392578	1	LONDON
-12.486084938049316	25.201623916625977	1	Hamburg
-33.05754089355469	17.405548095703125	10	Ethiopia
-8.009994506835938	-22.913721084594727	8	discovers
-10.240139961242676	-37.2353401184082	0	generators
21.83592414855957	5.423206329345703	3	Maurice
-7.378766059875488	-25.889650344848633	8	notorious
28.86164665222168	6.232761383056641	5	Jerome
27.224559783935547	6.952387809753418	3	Rafael
-0.5887266397476196	29.616918563842773	6	Knoxville
15.495174407958984	2.063878059387207	3	Ernest
13.090415954589844	-11.307222366333008	2	Chavez
10.940608024597168	-12.076379776000977	2	nigga
-33.085628509521484	15.206155776977539	10	Congo
30.778305053710938	5.6147003173828125	5	Levi
-10.186785697937012	-24.70893669128418	8	rebels
-3.3324570655822754	1.9783433675765991	7	Chic
-3.799976348876953	-25.534141540527344	8	Enemy
-9.844642639160156	28.307964324951172	1	Lyon
33.02602767944336	4.402465343475342	5	Jeremiah
-10.337834358215332	-0.8427625894546509	7	Nile
8.32880687713623	-5.9520792961120605	3	Gingrich
52.02513122558594	3.097231149673462	9	Elaine
-11.41649341583252	-5.277756690979004	7	Corvette
-8.224076271057129	-24.053123474121094	8	marvelous
12.660919189453125	-0.2522262632846832	3	Lambert
51.00677490234375	-4.768206596374512	9	Helena
21.5151424407959	4.893158435821533	3	Nicolas
15.045940399169922	-4.880549430847168	3	Torres
-10.80309009552002	28.647756576538086	1	Leicester
-7.957565784454346	-38.78395462036133	0	Presidents
10.874305725097656	5.436798572540283	3	Hammond
28.734554290771484	-2.540923595428467	5	Ahmed
30.63119888305664	-5.3339972496032715	5	Mohammed
26.3472957611084	6.494543552398682	5	Omar
-32.76797866821289	15.279094696044922	10	Guinea
-20.941965103149414	-9.524393081665039	4	Qaeda
-6.028430461883545	-20.34087562561035	8	Witness
-13.197052955627441	-24.313810348510742	8	Revolutionary
-6.694728374481201	-11.6109619140625	3	Napoleon
-12.987337112426758	-36.11323928833008	0	Electricians
-11.532356262207031	-1.8594954013824463	7	Sandals
51.78489303588867	2.0206427574157715	9	Renee
52.71395492553711	4.4064555168151855	9	Abby
5.195255756378174	-2.2867579460144043	3	Greenwood
16.235029220581055	1.5782655477523804	3	Wes
-10.037993431091309	-33.70097351074219	0	Organisation
-1.2316820621490479	24.84280776977539	6	Moines
2.7788009643554688	19.31008529663086	6	Dixie
-13.0829496383667	-10.249478340148926	7	snakes
13.888690948486328	-15.409122467041016	2	Beckham
-30.558950424194336	23.568431854248047	10	Serbia
-9.613520622253418	23.843971252441406	1	Waterloo
15.819025993347168	11.33986759185791	3	Mercer
-8.99090576171875	-14.604228973388672	6	Episcopal
-8.503578186035156	-14.062298774719238	8	Whereas
-18.503389358520508	19.847599029541016	1	Salvador
20.517850875854492	-1.5537029504776	3	Ramsey
53.01930618286133	-0.3458159863948822	9	Evelyn
-9.668525695800781	30.686613082885742	1	Harlem
-13.29046630859375	-18.964157104492188	8	Faux
-30.53827476501465	21.267627716064453	10	Guatemala
30.124174118041992	-0.7548736929893494	5	Zion
13.725523948669434	-20.43000030517578	2	Mariah
-29.31134605407715	23.15840721130371	10	Ecuador
18.123682022094727	1.5355037450790405	3	Levy
52.56339645385742	-2.5400397777557373	9	Sylvia
-19.859466552734375	-4.703888893127441	4	Colony
53.07240295410156	5.2748613357543945	9	Leah
-10.031676292419434	21.097110748291016	1	Atlantis
-32.07966995239258	22.097984313964844	10	Tanzania
48.34695816040039	-0.05049271509051323	9	Erica
-8.180611610412598	-10.428472518920898	7	Baskets
-33.870548248291016	21.24757194519043	10	Somalia
52.5732421875	-1.1863853931427002	9	Elena
-21.03891944885254	21.949731826782227	1	Monaco
-6.430700778961182	-2.2402634620666504	7	Noir
-27.37297248840332	24.106050491333008	10	Bahamas
-8.173276901245117	-16.811229705810547	5	Archbishop
-9.066247940063477	-2.4067423343658447	7	ivory
23.579193115234375	9.686406135559082	2	Marley
8.37263011932373	-14.620686531066895	2	Muse
-25.144336700439453	-12.236149787902832	4	Slave
-21.443500518798828	-21.782981872558594	4	ineffective
-0.9990901350975037	23.850017547607422	6	Livingston
12.964190483093262	-17.85365104675293	2	Presley
-10.393084526062012	-34.64874267578125	0	mentoring
-25.703380584716797	-9.578800201416016	4	Mafia
6.321314811706543	-12.234359741210938	2	MSNBC
48.9397087097168	0.593104898929596	9	Sasha
-14.54934310913086	-35.24617004394531	0	electrodes
4.024482727050781	31.508914947509766	6	georgia
-19.0070858001709	-7.532835960388184	4	Confederate
12.562986373901367	-2.4065120220184326	3	Newt
51.363685607910156	-1.3954466581344604	9	Gabrielle
-7.1863603591918945	4.828604698181152	7	Zebra
-10.476629257202148	-12.77905559539795	7	Statue
20.672183990478516	2.015976667404175	3	Angelo
-20.392993927001953	21.76407241821289	6	Bermuda
-1.7174549102783203	-13.450160026550293	8	Jubilee
-5.085665225982666	7.817105770111084	7	goats
-18.079313278198242	-19.887964248657227	4	exploited
-26.67082977294922	-9.650946617126465	4	Blacks
20.512157440185547	10.451794624328613	3	Lester
-24.487010955810547	-10.471138954162598	4	Aids
47.76462936401367	-1.9023375511169434	9	Hilary
30.56986427307129	4.958314418792725	5	Saul
27.50306510925293	-0.5918477773666382	5	Exodus
-12.92049503326416	-4.440246105194092	7	Limousine
-20.042612075805664	-5.281867504119873	4	Plantation
48.717403411865234	1.77082359790802	9	Gwen
19.403213500976562	7.824649810791016	3	Derrick
51.520851135253906	-1.8892723321914673	9	Carla
-15.01320743560791	-24.278366088867188	8	groundbreaking
11.924945831298828	-16.637531280517578	2	Santana
-31.545181274414062	17.40337562561035	10	Yemen
48.14297103881836	-2.590801239013672	9	Serena
-10.830709457397461	-18.971385955810547	8	richest
44.397369384765625	1.2655761241912842	9	Harriet
-7.114203929901123	-39.57154083251953	0	nominees
2.3969309329986572	0.904963493347168	3	Blackburn
-19.94701385498047	-13.312418937683105	4	MLM
-30.14090919494629	16.692535400390625	10	africa
-6.371111869812012	24.98147201538086	1	Williamsburg
-14.608600616455078	24.803773880004883	1	Johannesburg
12.543390274047852	-20.593473434448242	2	Selena
-0.5839413404464722	-0.7472175359725952	7	Renault
-6.253301620483398	-22.79054069519043	8	Celebrating
-28.134326934814453	15.580098152160645	10	Nigerian
-2.447333812713623	30.43914794921875	6	Greensboro
-20.40617561340332	-20.46881866455078	4	kidnapped
32.74745559692383	2.660013198852539	5	Elijah
-13.638346672058105	-19.248430252075195	8	Impossible
-8.463397979736328	-39.94206237792969	0	Musicians
13.946281433105469	-16.16715431213379	2	Elton
15.051993370056152	1.5690878629684448	3	Ernie
45.60635757446289	-1.4898993968963623	9	Shea
0.19197236001491547	29.57975959777832	6	Chattanooga
52.288307189941406	-3.1571757793426514	9	Agnes
-11.577035903930664	-35.69727325439453	0	NGOs
1.7043193578720093	26.93797492980957	6	atlanta
19.304471969604492	0.38353434205055237	3	Laurent
-9.724841117858887	19.366920471191406	6	Newfoundland
-12.185722351074219	-8.184250831604004	7	elephants
15.48499870300293	4.768515110015869	3	Reeves
25.120994567871094	-3.3044846057891846	5	Reverend
-1.6131781339645386	30.593456268310547	6	Gainesville
9.281390190124512	5.88083553314209	3	Eaton
-21.453353881835938	-9.007372856140137	4	malaria
13.084826469421387	-19.969013214111328	2	Adele
-0.7183525562286377	30.337116241455078	6	Huntsville
49.5667839050293	-6.281217098236084	9	Natasha
-9.947501182556152	22.62615203857422	1	Nassau
48.479095458984375	-3.7909648418426514	9	Sonia
-8.575004577636719	-38.349605560302734	0	Entrepreneur
-8.232403755187988	26.73537254333496	1	Northampton
-2.78863263130188	10.732902526855469	6	Bengals
-8.164637565612793	5.679656505584717	7	Goat
21.506671905517578	11.143080711364746	3	Lionel
33.11355209350586	4.635883331298828	5	Amos
-19.301082611083984	-15.564384460449219	4	Hurricanes
-4.331813812255859	0.15961481630802155	7	Mosaic
-5.946959495544434	-9.324679374694824	7	Ugh
-10.253876686096191	-24.510080337524414	8	riots
-29.830997467041016	25.67094612121582	10	Kosovo
21.020124435424805	5.177422046661377	3	Georges
50.429527282714844	-3.535828113555908	9	Simone
22.507843017578125	0.5960476398468018	3	Giovanni
-20.072330474853516	-6.096630573272705	4	ghetto
-22.308433532714844	22.63734245300293	1	Havana
-8.512782096862793	-37.7165412902832	0	Producers
-30.67698097229004	22.139766693115234	10	Honduras
31.98503875732422	5.1646599769592285	5	Caleb
-4.300641059875488	-0.7316327691078186	7	Guinness
-30.796483993530273	19.387897491455078	10	Tunisia
15.121445655822754	3.7364563941955566	3	Levine
-3.727492094039917	27.523527145385742	6	Harrisburg
10.381060600280762	-15.670576095581055	2	Hendrix
-9.909947395324707	-15.413602828979492	5	Seminary
19.323423385620117	4.411937236785889	3	Cecil
31.362226486206055	2.1344666481018066	5	José
-10.811938285827637	31.62921714782715	1	miami
31.802743911743164	3.6472625732421875	5	Jonah
-30.669538497924805	24.847837448120117	10	Armenia
17.00385856628418	-2.2780842781066895	3	Alberto
-28.85602378845215	12.393180847167969	10	Africans
-6.729618072509766	3.5282270908355713	7	Negro
0.4476774334907532	28.474666595458984	6	Decatur
16.773677825927734	-0.5788148641586304	3	Ned
11.091270446777344	9.891999244689941	6	Shelton
52.78013229370117	0.9563945531845093	9	Eliza
-3.0710949897766113	-36.23154067993164	0	preacher
-20.770341873168945	-22.08658218383789	4	unconstitutional
-4.054341793060303	-11.71515941619873	7	EMC
-31.922014236450195	21.26217269897461	10	Rwanda
-2.0729572772979736	25.343647003173828	6	Amherst
-3.1070234775543213	11.279091835021973	6	Staten
-8.584318161010742	1.3073182106018066	7	leopard
-0.05333615094423294	21.601097106933594	6	Hershey
-17.507709503173828	14.733138084411621	1	Damascus
7.53438663482666	-8.16649055480957	2	Byrd
-7.6766862869262695	-5.054050922393799	7	UGG
-10.102485656738281	-35.66095733642578	0	Governors
47.03594207763672	-0.3012276589870453	9	Mona
-7.201906204223633	-23.957387924194336	8	escapes
-4.392457962036133	-36.98459243774414	0	pastors
11.210139274597168	8.11855411529541	3	Malone
11.184308052062988	-4.784611225128174	3	Vinci
-7.402274131774902	-36.01524353027344	0	mentors
47.45124435424805	-3.5837302207946777	9	Elle
-30.322824478149414	21.213905334472656	10	Bosnia
-9.312604904174805	-3.3853938579559326	7	Acai
22.373483657836914	-3.558150053024292	3	Zac
17.948179244995117	5.127868175506592	3	Eddy
0.19695261120796204	23.140958786010742	6	Lehigh
13.314482688903809	-5.388757228851318	3	Colbert
28.516382217407227	-4.493553638458252	5	Sheikh
51.5106086730957	6.962608337402344	9	Abigail
22.95054817199707	4.167620658874512	3	Rene
45.791038513183594	-0.6192564368247986	9	Mara
17.853914260864258	4.116130828857422	3	Levin
50.860511779785156	-0.3968704640865326	9	Lena
-5.890686988830566	24.6060848236084	1	Midtown
-26.875961303710938	13.019827842712402	10	Mali
-23.31731605529785	21.31963539123535	10	Barbados
21.1798152923584	-3.603451728820801	3	Dez
-14.306554794311523	-35.511619567871094	0	Entrepreneurship
0.35147589445114136	0.007628189865499735	3	Barclays
-11.388261795043945	27.884029388427734	1	Swansea
2.363921642303467	19.3350772857666	6	Marietta
-8.323966979980469	-3.420962333679199	7	Voodoo
-28.630491256713867	25.846027374267578	10	Antarctica
16.105852127075195	0.5165408849716187	3	Otis
-6.918128967285156	-25.371952056884766	8	Scandal
29.751068115234375	-2.0280380249023438	5	Mohamed
-6.630097389221191	-10.98296070098877	3	Dracula
47.21757888793945	-4.072779178619385	9	Xena
-23.620389938354492	11.42567253112793	7	Leone
-13.836918830871582	-20.66897201538086	8	contradiction
-24.852785110473633	12.529146194458008	10	Sahara
8.438342094421387	-1.4563077688217163	3	Ulysses
-0.9441095590591431	-9.901053428649902	8	Challenger
20.760284423828125	-1.007295846939087	3	Johan
-34.011051177978516	18.255512237548828	10	Algeria
11.821304321289062	-17.08698081970215	2	Usher
-17.677505493164062	14.355876922607422	5	Sinai
-3.7285845279693604	3.0557000637054443	7	Hercules
-27.86721420288086	11.568910598754883	10	Ethiopian
-4.293966293334961	0.7761722207069397	7	Canary
21.77601432800293	1.603570580482483	3	Eliot
-0.6800108551979065	23.154956817626953	6	Trenton
11.213804244995117	-1.3773646354675293	3	Ike
-5.1999030113220215	-5.031713962554932	7	Hornets
-2.842221736907959	-24.382680892944336	8	revelations
-10.330120086669922	-31.23299217224121	0	Lesbians
-24.2961368560791	20.6600284576416	10	Madagascar
-4.739483833312988	22.2614688873291	6	ECU
31.487672805786133	2.832044839859009	5	Emmanuel
-20.577260971069336	-20.642986297607422	4	kidnapping
-22.722021102905273	-1.933343768119812	7	Egyptians
21.136083602905273	8.895177841186523	3	Abrams
-28.958572387695312	23.49190902709961	10	Uruguay
46.164554595947266	1.8953793048858643	9	Cassidy
-31.151044845581055	22.5771427154541	10	Nicaragua
0.735538125038147	-9.757813453674316	3	Hazard
-24.24187469482422	22.331926345825195	10	Antigua
28.888586044311523	-2.2098636627197266	5	Hassan
8.775901794433594	-13.145288467407227	2	Rockefeller
-7.46240234375	-37.28397750854492	0	Entrepreneurs
-4.3360371589660645	-5.790555477142334	7	Lever
-17.482925415039062	-22.846105575561523	8	unreliable
-15.955775260925293	24.672391891479492	1	Nairobi
-20.1828556060791	-6.641045570373535	4	Guantanamo
-5.3695759773254395	-25.296560287475586	8	Rebels
-25.34298324584961	12.406826972961426	10	Moroccan
-9.965951919555664	-34.33837127685547	0	Charities
-7.456600189208984	0.7356356978416443	7	Hummer
18.510534286499023	2.8049545288085938	3	Hector
22.145042419433594	-1.4799771308898926	3	Lieberman
20.511260986328125	8.982781410217285	3	Desmond
-11.26745891571045	30.642902374267578	1	orlando
30.02815818786621	5.7414231300354	5	Elias
-20.903533935546875	-21.361671447753906	4	inefficient
0.45107200741767883	23.382104873657227	6	Macon
28.884479522705078	2.998264789581299	5	Nathaniel
7.45859432220459	-2.090512990951538	3	Favre
17.811233520507812	0.5471236705780029	3	Werner
31.624784469604492	7.025419235229492	5	Abel
15.572741508483887	8.315481185913086	3	McKenzie
-9.910110473632812	-8.096319198608398	7	Aloe
-32.243080139160156	19.60736083984375	10	Zambia
-18.724929809570312	-17.7083683013916	4	Reconstruction
-8.2302827835083	22.205917358398438	1	Everton
51.59001922607422	-2.920029640197754	9	Erika
-1.0814857482910156	31.901273727416992	6	Tallahassee
-26.799488067626953	13.472489356994629	10	Jamaican
-6.631491184234619	-0.5088713765144348	7	Ugg
21.917518615722656	4.378290176391602	3	Olivier
2.290975332260132	0.46313151717185974	3	Collier
-6.8687005043029785	-39.353607177734375	0	Dancers
-7.447345733642578	1.5122894048690796	7	Donkey
51.60600662231445	7.060455322265625	5	Miriam
30.823354721069336	5.217543125152588	5	Emanuel
-17.415672302246094	25.90302848815918	1	Beirut
10.672041893005371	-17.000843048095703	2	Bono
-5.450153827667236	-0.9546551704406738	7	Monarch
-6.0566487312316895	-9.575324058532715	7	Elbow
49.44241714477539	4.046693801879883	9	Dominique
7.9177069664001465	-14.238813400268555	2	Millionaire
-8.839454650878906	-11.566699981689453	7	Sneakers
-7.117565631866455	-36.989715576171875	0	Educators
30.982561111450195	4.221909999847412	5	Zachary
18.72294807434082	3.7912073135375977	3	Ness
-4.459488868713379	8.208001136779785	7	eagles
-21.856754302978516	-21.907716751098633	4	contraception
4.643975257873535	-16.804264068603516	2	Schwarzenegger
-16.107330322265625	-12.701629638671875	0	Presidency
-27.630157470703125	13.954449653625488	10	Haitian
52.31112289428711	0.5158184766769409	9	Elisabeth
-6.634511947631836	-15.502721786499023	0	nephews
-7.570406913757324	-38.19913864135742	0	Politicians
16.857757568359375	-4.083436012268066	3	Anders
-32.225303649902344	15.075397491455078	10	Libyan
-1.1435298919677734	2.8407669067382812	7	AMG
49.5907096862793	-3.4752798080444336	9	Cassie
15.436286926269531	-14.462109565734863	2	Manson
-4.525142192840576	2.1406168937683105	7	Onyx
-0.5883034467697144	25.316675186157227	6	Covington
-10.184914588928223	-22.031295776367188	8	Achievements
-12.942399978637695	23.447954177856445	1	Durban
2.2699098587036133	-16.81774139404297	3	Erickson
7.366530418395996	-7.347448348999023	3	Eisenhower
-28.728464126586914	24.118703842163086	10	Greenland
28.098512649536133	-4.08357048034668	5	Zionist
-3.8024826049804688	-35.01934051513672	0	Witnesses
-19.45146369934082	-15.808884620666504	4	hurricanes
6.954006195068359	-12.621251106262207	2	SNL
-11.462376594543457	-35.80247116088867	0	migrants
49.84245300292969	-2.1804211139678955	9	Marianne
-15.012039184570312	-10.161026954650879	7	Acre
-5.400516510009766	-22.84947967529297	8	Wonders
-18.789413452148438	-3.224824905395508	4	Ghetto
7.97461462020874	-16.441068649291992	2	Musician
50.657203674316406	-2.974630117416382	9	Yvonne
-25.121028900146484	23.140546798706055	10	Sicily
-32.04785919189453	19.963762283325195	10	Angola
-10.907323837280273	-0.5694109201431274	7	Samba
19.810197830200195	0.3696696162223816	3	Antoine
19.77066993713379	7.390336990356445	3	Ellison
-9.91625690460205	-9.195266723632812	7	lemonade
15.14703369140625	8.842702865600586	3	Mellon
-29.72555923461914	16.2021427154541	10	Somali
45.55465316772461	-2.035346508026123	9	Cassandra
5.379024505615234	0.22022193670272827	3	Wilton
22.61958885192871	-3.2694308757781982	5	Raphael
-11.882234573364258	24.13922119140625	1	Rotterdam
43.63119125366211	0.6529861092567444	3	Mackenzie
-11.394573211669922	-6.02001953125	7	Rhinestone
-9.356303215026855	20.389196395874023	6	Ulster
-5.80942964553833	-22.752094268798828	8	Celebrates
12.619972229003906	-8.395561218261719	3	Morales
-15.089897155761719	-13.058636665344238	7	Freezer
12.593718528747559	-16.356355667114258	2	Kendrick
22.071474075317383	3.6838111877441406	3	Yves
10.15567684173584	4.028881549835205	3	Massey
-4.416330814361572	-16.678754806518555	0	niggas
23.30031394958496	0.35129982233047485	3	Cornelius
46.23316955566406	-2.7411773204803467	9	Daphne
-13.713128089904785	-36.016937255859375	0	electricians
32.345970153808594	3.2097179889678955	5	Samson
-28.03668975830078	18.247987747192383	10	Darfur
46.57219696044922	-6.776793003082275	9	Wanda
12.797541618347168	-13.894059181213379	2	Clooney
11.88941764831543	-12.913809776306152	2	OBAMA
-9.964923858642578	-10.829052925109863	7	Heavyweight
-29.87566566467285	21.919374465942383	10	Namibia
-13.45055866241455	21.105335235595703	1	Kiev
33.47924041748047	2.316992998123169	5	Micah
23.644472122192383	6.425537586212158	3	Damian
-5.680821418762207	24.31407928466797	1	Uptown
12.415593147277832	-19.840084075927734	2	Aguilera
-13.572615623474121	-12.802388191223145	7	watermelon
13.56868839263916	-4.255892276763916	3	Weiner
0.7823134064674377	32.78532791137695	6	missouri
-7.262644290924072	21.73754119873047	1	Fulham
0.20622380077838898	21.403345108032227	6	Emory
-7.452895164489746	-34.58148956298828	0	Graduates
-9.223057746887207	-40.90732192993164	0	rappers
-33.468326568603516	17.673032760620117	10	Malawi
50.630027770996094	0.6063997745513916	9	Monique
-5.2566142082214355	0.8438131213188171	7	Pelican
-27.408143997192383	21.30951690673828	10	Mauritius
12.931668281555176	-19.21021270751953	2	Nelly
18.919017791748047	-0.09670614451169968	3	Eduardo
-11.266225814819336	14.648394584655762	10	Crete
-11.0947847366333	13.452848434448242	7	Cabo
-19.625835418701172	-11.922667503356934	4	Diabetic
29.461868286132812	-5.150318145751953	5	Pharaoh
51.88922119140625	-4.405652046203613	9	Camille
8.575623512268066	-0.246147021651268	3	Frazier
31.399436950683594	0.7580241560935974	5	Ibrahim
-4.82507848739624	-10.044235229492188	7	Achilles
11.08358383178711	-5.210026264190674	3	Cabrera
50.55025863647461	-1.54301917552948	9	Rochelle
-17.751876831054688	-19.959875106811523	4	exploiting
-32.67081069946289	20.659626007080078	10	Albania
21.68511390686035	-0.7537102699279785	3	Ambrose
-0.5291189551353455	28.560192108154297	6	Charlottesville
-15.014155387878418	25.516796112060547	1	Lagos
-30.331829071044922	26.132946014404297	10	Yugoslavia
-7.137209892272949	0.8661410808563232	7	Mammoth
-29.914770126342773	22.753173828125	10	Botswana
21.078981399536133	-5.650099754333496	5	Huckabee
-6.277054309844971	20.19162368774414	1	Neighborhoods
-0.6307567358016968	-7.559144973754883	7	Mojo
-4.4161224365234375	-22.113418579101562	8	Notable
-32.70560073852539	19.867229461669922	10	Mozambique
-2.4548451900482178	10.97194766998291	6	Grizzlies
-14.544975280761719	-19.989601135253906	8	Unverified
28.059051513671875	2.5804290771484375	5	Tobias
11.279464721679688	-5.921631336212158	3	Mfr
-7.689774036407471	4.013650894165039	7	Gorilla
-14.849185943603516	22.53670310974121	1	Belgrade
20.57084846496582	10.649880409240723	3	Leroy
-7.9385457038879395	1.9956830739974976	7	zebra
-7.451152801513672	-8.040363311767578	7	Monsanto
-31.35845947265625	16.220378875732422	10	guinea
-25.06694984436035	22.609397888183594	10	Aruba
-2.0055553913116455	31.190311431884766	6	Evansville
-27.776897430419922	11.991143226623535	10	Kenyan
12.608508110046387	7.257105350494385	3	Tyrone
-3.5216448307037354	32.46915054321289	1	Shreveport
-5.368971824645996	-14.29101276397705	7	Feeder
-18.254924774169922	-23.143444061279297	8	energized
-11.6259126663208	-13.60805606842041	3	Eiffel
-1.6499310731887817	22.499614715576172	1	Charlton
-33.894832611083984	18.9503231048584	10	Liberia
49.775630950927734	-5.780570983886719	9	Nadia
-29.821977615356445	20.199798583984375	10	Cameroon
6.665979385375977	2.7912046909332275	6	Wesleyan
-22.339967727661133	-9.357616424560547	4	Slavery
-9.637899398803711	-4.081655502319336	7	Cocaine
-20.04946517944336	-7.402523040771484	4	AFB
10.93033504486084	-17.153873443603516	2	Diddy
12.529155731201172	-5.780715465545654	3	Motley
23.57211685180664	-0.1978711187839508	5	Johannes
-4.49318265914917	25.478403091430664	6	Beaufort
11.103797912597656	-16.597970962524414	2	Nas
-10.174506187438965	-16.712570190429688	5	prophetic
-17.917924880981445	14.13543701171875	5	Canaan
-16.82392692565918	19.01250648498535	1	Benghazi
52.9937629699707	0.8966969847679138	9	Ethel
5.660403251647949	-1.4024431705474854	3	Cartier
7.848867416381836	0.11162105947732925	3	Ewing
-8.308998107910156	-35.371559143066406	0	climbers
-17.07967758178711	14.304892539978027	5	Nazareth
5.007289409637451	0.6318424344062805	1	Halle
-13.908827781677246	24.20270347595215	1	Seville
-34.185604095458984	16.050445556640625	10	Senegal
11.102655410766602	8.809233665466309	3	Ellington
29.694168090820312	-6.721960544586182	5	Israelites
49.74671936035156	-1.040818214416504	9	Lesley
-0.7506415247917175	-0.891677975654602	7	Citroen
17.33643913269043	3.0469651222229004	3	Sylvester
-12.34482479095459	21.951889038085938	1	Odessa
-7.8008713722229	-25.460376739501953	8	notoriously
27.443313598632812	6.941585063934326	3	Ruben
-4.887626647949219	-9.882416725158691	7	Wit
12.729203224182129	-21.68414878845215	2	Winfrey
1.3641520738601685	2.2997498512268066	3	MILES
-31.734899520874023	16.20901870727539	10	Niger
8.818862915039062	0.1910945028066635	3	Hess
2.6870429515838623	26.589942932128906	6	ATL
7.054147720336914	-18.45403289794922	2	Sarkozy
-13.74445915222168	23.07160186767578	1	Bucharest
25.85236167907715	-1.8845770359039307	5	Deacon
-12.116375923156738	-22.285863876342773	8	contradictions
-4.398944854736328	-16.75900650024414	0	Donor
13.480648040771484	-11.754761695861816	2	Mandela
29.19135284423828	-3.4847302436828613	5	Mahmoud
0.7335032224655151	33.80498504638672	6	tennessee
24.282535552978516	-1.5127768516540527	5	Sampson
14.06568717956543	-3.2700741291046143	3	Carney
-14.584436416625977	-34.84783172607422	0	Electrician
-10.098703384399414	-16.283897399902344	5	Commandments
50.034324645996094	0.6497846841812134	9	Adrienne
16.662012100219727	11.53527545928955	3	Darby
19.386425018310547	9.44905948638916	3	Epstein
-7.03591251373291	-1.7075999975204468	7	Django
2.6908557415008545	-1.495282530784607	7	Moncler
-8.177464485168457	23.028499603271484	1	Citadel
14.365619659423828	-16.550615310668945	2	Osbourne
-2.639930009841919	25.49492835998535	6	Tulane
-18.24920654296875	-13.829468727111816	4	DEA
-0.6362745761871338	30.9870548248291	6	Missoula
-5.481450080871582	-8.265697479248047	7	Heisman
-11.070962905883789	-37.78108215332031	0	demonstrators
-12.134065628051758	-37.17207717895508	0	nonprofits
13.170024871826172	-3.3819077014923096	3	Martins
13.902399063110352	-11.143686294555664	2	Mugabe
6.077031135559082	-12.043612480163574	2	Motown
19.785600662231445	2.3210084438323975	3	Davey
-2.326451539993286	-6.4944000244140625	7	Heron
-18.165346145629883	-14.257705688476562	4	NAACP
10.166531562805176	-14.21916675567627	2	Lebron
-17.89114761352539	-7.210281848907471	6	UGA
-12.732860565185547	22.892080307006836	1	Marseille
10.382514953613281	-3.776582717895508	3	Barkley
16.998825073242188	11.885673522949219	3	Ely
9.423239707946777	8.230671882629395	3	Henley
-10.791559219360352	-4.318286418914795	7	Alligator
-8.614215850830078	-25.52375030517578	8	Shocking
16.035465240478516	-2.1697380542755127	3	Faber
12.229337692260742	-19.972747802734375	2	Winehouse
-4.868597507476807	-15.863365173339844	0	Miner
-11.857259750366211	13.93226432800293	1	Casablanca
-8.134621620178223	3.168099880218506	7	gorilla
-21.6126651763916	-6.515537261962891	4	orphanage
-15.873035430908203	-11.80894660949707	7	hamstring
-5.266330242156982	1.8249688148498535	7	Lynx
-16.237817764282227	-23.46385955810547	8	rebellious
-8.04071044921875	-9.399231910705566	7	Aquarius
-8.422240257263184	-2.602208137512207	7	Mohawk
17.852344512939453	1.8149824142456055	3	Oswald
13.721712112426758	-13.174053192138672	2	Messi
-0.8486191630363464	1.2229223251342773	3	Hannibal
-9.598682403564453	26.92882537841797	1	Colchester
9.15499496459961	-20.848041534423828	2	Shakira
16.377832412719727	-1.4497473239898682	3	Alexandre
-20.17658042907715	-17.920557022094727	4	Trafficking
17.81670379638672	2.9437410831451416	3	Henson
-20.865127563476562	-12.997544288635254	4	DNC
-14.676244735717773	-18.542831420898438	8	Deadliest
24.86081314086914	-2.2167420387268066	5	Lazarus
0.8893997669219971	34.66455841064453	6	louisiana
-6.563004016876221	-17.763225555419922	8	Enron
29.48291015625	4.7363972663879395	5	Reuben
13.155258178710938	0.7965771555900574	3	Waldo
-20.917200088500977	-13.110986709594727	4	ACORN
25.983306884765625	6.857029438018799	5	Jamal
2.538668394088745	33.11653137207031	6	montana
17.032869338989258	-3.011901617050171	3	Andres
-12.285656929016113	-23.60004234313965	8	Controversy
-0.14570669829845428	26.522119522094727	6	columbia
17.903305053710938	-1.8898582458496094	3	André
-10.92911148071289	-1.8447033166885376	7	Andes
10.41947078704834	-16.24335479736328	2	Moby
-8.910179138183594	-1.1922483444213867	7	Coca
-26.635204315185547	-10.731691360473633	4	Slaves
13.501189231872559	-18.524059295654297	2	Grimes
9.981483459472656	-0.028144972398877144	3	Godfrey
8.249595642089844	-15.317415237426758	2	Drummer
6.44477653503418	-1.295326590538025	3	Melville
-25.408432006835938	9.460609436035156	10	Gaddafi
7.466421127319336	-19.204620361328125	2	Versace
-10.819499015808105	-33.829078674316406	0	Mentoring
-2.9123752117156982	25.907377243041992	6	Belleville
16.01483917236328	1.9485836029052734	3	Frederic
17.4423885345459	-0.8791046738624573	3	Alistair
-12.50626277923584	24.20111656188965	1	Antwerp
29.736003875732422	-5.87958288192749	5	Deuteronomy
-14.792386054992676	23.974538803100586	1	Pretoria
-14.310604095458984	-3.599393606185913	1	Nightclub
-22.124738693237305	-22.702028274536133	0	biofuels
46.40647888183594	-7.351294040679932	9	Cleopatra
-1.68580961227417	27.723804473876953	6	Monticello
-9.761238098144531	21.37451934814453	1	Falmouth
-8.760125160217285	-10.92148208618164	7	Combs
-3.48551869392395	-1.9900193214416504	7	Equinox
9.840229988098145	-19.963003158569336	2	miley
-27.6551570892334	15.877623558044434	10	Venezuelan
-14.861111640930176	-13.671080589294434	7	Adderall
-2.5070581436157227	-24.537044525146484	8	Revelations
50.582786560058594	2.819016218185425	9	Marlene
-28.847158432006836	21.663286209106445	10	Montenegro
47.22496795654297	1.0081329345703125	9	Meghan
34.08702850341797	3.1925148963928223	5	Josiah
-3.4013397693634033	32.57532501220703	6	Fredericksburg
-11.755867004394531	-8.529186248779297	7	Snakes
28.125032424926758	-0.1767314076423645	5	Samaritan
-15.076157569885254	-34.36366653442383	0	footballer
11.186141014099121	6.220507621765137	3	Barclay
16.763832092285156	8.378490447998047	3	Lennox
-15.603082656860352	-14.993269920349121	4	HGH
-10.775609970092773	-36.879756927490234	0	Generators
16.5892391204834	3.2866246700286865	3	Whitaker
-10.807554244995117	13.534631729125977	7	Narnia
10.0237455368042	-3.5024771690368652	3	Monet
-14.279461860656738	-24.303157806396484	8	revolutions
20.620710372924805	2.478299856185913	3	Zane
-18.886964797973633	-13.083091735839844	4	SSA
-13.233846664428711	-19.945478439331055	8	Fascinating
-12.579085350036621	24.592330932617188	1	Genoa
-8.520491600036621	-25.055728912353516	8	Unbelievable
-12.781322479248047	21.644006729125977	1	Napoli
20.793434143066406	-0.20940284430980682	3	Aidan
-8.699832916259766	-13.148128509521484	7	wits
-13.946895599365234	-18.475414276123047	8	Crooked
29.619762420654297	-4.397403240203857	5	Arafat
-2.261410713195801	-2.637376070022583	7	Croix
9.055582046508789	2.685788631439209	3	Wilkes
-10.625945091247559	-38.77404022216797	0	millionaires
9.238898277282715	-11.248737335205078	3	Madoff
18.616912841796875	-1.2485876083374023	3	Serge
7.595919609069824	3.5590410232543945	3	Hardin
-10.317869186401367	24.448965072631836	1	Wolverhampton
-2.084193706512451	0.7967645525932312	7	Rosetta
-2.475996494293213	26.888153076171875	6	Granville
-1.1588079929351807	-11.822806358337402	8	Dynamo
-9.874177932739258	-6.930332183837891	7	Honeycomb
3.8858773708343506	29.423633575439453	6	Bama
-21.23897933959961	-20.971717834472656	4	fibrosis
19.361652374267578	1.0581375360488892	3	Cedric
-9.705337524414062	14.130874633789062	6	Selma
9.078484535217285	1.3829694986343384	3	Douglass
8.877443313598633	-16.221824645996094	2	Rapper
49.185150146484375	2.0714967250823975	9	Marsha
-9.719173431396484	2.0890867710113525	7	Elephants
1.344693660736084	19.140239715576172	1	charlotte
-13.112750053405762	-4.4648823738098145	7	Limousines
-4.843338489532471	-37.348045349121094	0	preachers
-13.90590763092041	-12.381153106689453	7	Hoodia
47.74909973144531	-5.70145845413208	9	Maxine
-15.836152076721191	-8.86968994140625	7	Galapagos
-10.13560676574707	26.54705238342285	1	Leipzig
10.127248764038086	-14.105128288269043	2	Brees
-5.494110584259033	-9.707549095153809	7	Whew
0.00708419643342495	33.071144104003906	6	connecticut
-6.5864996910095215	-35.96321105957031	0	ambassadors
-1.8475092649459839	31.71117401123047	6	Germantown
-15.72238826751709	-10.870406150817871	7	pyramids
7.055097579956055	1.2686272859573364	3	Forsyth
46.15770721435547	-6.584321022033691	9	Electra
-5.054401397705078	-20.80903434753418	8	Prodigy
-9.850650787353516	-9.790445327758789	7	weaves
-9.866470336914062	-36.4122314453125	0	Organisations
-1.9453240633010864	-12.6499605178833	8	Prometheus
-7.135355472564697	-34.98600769042969	0	Delegates
13.006239891052246	-6.299801349639893	3	Weinstein
16.257753372192383	-2.818695545196533	3	Sander
-1.5148189067840576	33.39302062988281	6	Pulaski
-5.785913944244385	-0.6433475017547607	7	Lemonade
-7.029094696044922	-24.638530731201172	8	Renegade
-16.168886184692383	26.508268356323242	1	Luxor
22.76597023010254	5.838572978973389	3	Fabian
-10.729907035827637	31.605018615722656	1	MIAMI
-9.577866554260254	-8.371435165405273	7	Weave
6.834155082702637	-19.787155151367188	2	Fantasia
14.631302833557129	-0.7210752367973328	3	Heinrich
12.527017593383789	-9.814287185668945	3	Assange
-28.120983123779297	14.749902725219727	10	Albanian
4.647956371307373	-1.8232136964797974	3	Leopold
-13.981340408325195	-12.5878267288208	7	hoodia
25.890668869018555	7.18501091003418	3	Jermaine
2.238882541656494	-8.074532508850098	9	Dyke
28.81696891784668	-0.04085754603147507	5	Moab
-15.160019874572754	-21.122060775756836	8	Impacts
23.223506927490234	9.660606384277344	3	Marlon
9.52005672454834	-12.42518138885498	2	MLK
-21.58866310119629	22.172260284423828	1	Madeira
-19.168392181396484	-21.148086547851562	4	illegitimate
8.4771728515625	-0.7988059520721436	3	Mosley
-16.958641052246094	-15.576358795166016	1	nightclubs
-3.346315860748291	-36.46242904663086	0	Prophets
-29.333200454711914	16.577430725097656	10	Sudanese
9.844374656677246	-20.909757614135742	2	Guetta
-16.248767852783203	-8.428797721862793	7	Everglades
48.360206604003906	-4.721081256866455	9	Candace
-10.25600814819336	-19.013591766357422	8	Illuminati
-8.71139907836914	22.48334312438965	1	Argyle
12.505470275878906	-11.156229972839355	2	Fidel
13.616607666015625	-12.66627311706543	2	Akon
-7.163084506988525	23.81532859802246	1	Hampstead
29.887840270996094	-5.604796409606934	5	Hallelujah
0.02732384204864502	-9.416784286499023	8	Ratchet
11.335708618164062	-15.835905075073242	2	DMX
14.393518447875977	-17.73830223083496	2	Cosby
-2.792734384536743	-12.281611442565918	8	Hurts
-11.688414573669434	14.043566703796387	1	Kimberley
-8.521575927734375	0.9268492460250854	7	Cheetah
-4.898950576782227	-5.256387233734131	7	ETC
-2.3521268367767334	33.89463806152344	6	Whitewater
-3.304117441177368	3.7932255268096924	7	Mane
24.02812385559082	-3.6234776973724365	5	Goliath
49.55870056152344	-6.436036109924316	9	Nadine
-16.178466796875	-17.25106430053711	4	assassinated
28.300508499145508	-0.920818030834198	5	Heb
51.96710205078125	-0.4399126172065735	9	Celia
-19.202167510986328	-16.950963973999023	4	isolates
-11.704752922058105	-37.791015625	0	protestors
-19.422828674316406	21.55655860900879	6	Albans
-30.296926498413086	24.642284393310547	10	Moldova
-8.999265670776367	-5.761349201202393	7	Locust
-18.079097747802734	-18.90667724609375	4	liberating
7.2816643714904785	-19.116878509521484	2	Gabbana
-15.62845516204834	23.226415634155273	1	Tripoli
15.87545108795166	-20.12938117980957	2	Beyoncé
-2.454190492630005	35.07398223876953	6	Shiloh
-17.025306701660156	14.302536010742188	5	Hebron
14.941336631774902	-0.366529256105423	3	Mathis
-32.763309478759766	16.44187355041504	10	egypt
32.25099563598633	1.7902965545654297	5	Salomon
-9.596902847290039	-19.352243423461914	8	climber
-15.10348129272461	-13.311097145080566	7	creatine
51.573360443115234	1.8655810356140137	9	Charlene
10.695513725280762	-12.514727592468262	2	Depeche
-18.080507278442383	-12.181190490722656	4	RBC
-10.826488494873047	-9.04349422454834	7	Serpent
-18.683277130126953	-13.176323890686035	4	DSS
-7.739864826202393	-2.031487226486206	7	Nascar
-4.832625389099121	-24.05767822265625	8	Freaks
10.585159301757812	-2.0136702060699463	3	Merle
-7.037495136260986	-7.464644908905029	7	Uranus
18.67361831665039	1.645432472229004	3	Davy
-13.354410171508789	-12.218643188476562	7	Watermelon
-13.859745979309082	-37.1557502746582	0	diabetics
-3.312784194946289	-22.621047973632812	8	Notorious
50.348968505859375	3.228196382522583	9	Lizzy
-22.53318977355957	-12.993456840515137	4	orphaned
-21.42904281616211	-8.743657112121582	4	Malaria
-16.351016998291016	-22.67036247253418	8	irreversible
14.059782028198242	-11.984536170959473	2	Zuma
-10.804381370544434	-2.2974319458007812	7	Maserati
-11.331562042236328	25.443849563598633	1	Montréal
51.86601257324219	0.8663394451141357	9	Gabby
-23.477935791015625	-11.052816390991211	4	enslaved
15.03980827331543	-4.225414752960205	3	Marr
9.66243839263916	4.512673377990723	3	Kenyon
-1.4762262105941772	11.48466968536377	6	Aggies
32.099853515625	2.669656276702881	5	Moshe
-17.178049087524414	24.14792823791504	1	Marrakech
-19.716506958007812	-11.537270545959473	4	Alcoholic
-27.632787704467773	23.18943214416504	10	Grenada
14.04867172241211	7.183007717132568	3	Lamont
-18.349285125732422	20.009593963623047	1	Darien
-20.894906997680664	-19.494396209716797	4	Leukemia
-13.557113647460938	21.282114028930664	1	Zagreb
-8.292941093444824	2.4512112140655518	7	Giraffe
-16.12194061279297	-20.91771697998047	8	fledgling
-8.66091537475586	28.732694625854492	1	orleans
1.9299273490905762	26.636898040771484	6	ATLANTA
-6.2309160232543945	-33.7021369934082	0	Keepers
-15.789839744567871	-21.55364418029785	8	Protests
-3.2643370628356934	-8.804792404174805	3	Trayvon
-14.613990783691406	-22.491310119628906	8	fugitive
-15.594301223754883	23.58770751953125	1	Carthage
-8.057125091552734	-36.77550506591797	0	Activists
-21.326173782348633	-14.748364448547363	4	unequal
31.36449432373047	-4.92175817489624	5	Enoch
19.996599197387695	3.5600831508636475	3	Enzo
7.959201812744141	-2.8745806217193604	3	Tennant
-15.544187545776367	-23.140090942382812	8	egregious
2.7710371017456055	-16.701557159423828	2	Michelangelo
-8.643057823181152	-35.55040740966797	0	Hackers
14.285727500915527	2.749351978302002	3	Egan
11.369583129882812	-20.371232986450195	2	Ciara
4.728696346282959	-3.096573829650879	3	Napier
-6.203258514404297	-35.416866302490234	0	Ambassadors
-22.93931007385254	-2.7790160179138184	10	Diaspora
-2.9554543495178223	-0.749026894569397	7	Coney
-9.674090385437012	-39.097633361816406	0	drummers
-13.529083251953125	-21.982189178466797	8	Dangers
-3.7405145168304443	26.832321166992188	6	Lewiston
-13.03504467010498	-21.818809509277344	8	FACTS
-4.146146297454834	23.57244110107422	6	columbus