x	y	cluster	word
-20.285585403442383	-16.570859909057617	5	congolese
-5.37136173248291	7.7160539627075195	8	one
-5.638815402984619	5.465738773345947	8	But
4.479939937591553	19.732830047607422	8	ago
-30.678537368774414	14.32927417755127	3	sure
2.257185459136963	25.284730911254883	8	big
-12.163958549499512	25.645978927612305	7	point
-16.5527286529541	16.529769897460938	7	state
-2.1582791805267334	18.37131118774414	8	hard
-21.08816146850586	15.261945724487305	7	actually
34.64072799682617	20.70111846923828	2	John
-32.995338439941406	11.625280380249023	3	fact
-1.4605426788330078	24.13782501220703	1	bad
-28.49388313293457	14.48363208770752	3	known
-33.34820556640625	13.434167861938477	3	true
-10.127152442932129	9.962000846862793	5	cost
1.4299410581588745	5.561483860015869	8	His
-27.337892532348633	14.457941055297852	3	reason
2.4276046752929688	22.42970848083496	8	AND
34.725643157958984	16.216548919677734	2	David
13.683574676513672	15.377650260925293	6	San
-13.402592658996582	23.453807830810547	7	code
-17.37306785583496	-17.0251407623291	8	Yes
3.7372488975524902	24.65579605102539	8	Big
27.061830520629883	11.784260749816895	2	Jan
32.10087966918945	15.634735107421875	2	James
2.4069137573242188	-0.7321656346321106	4	Obama
-18.99090576171875	15.259968757629395	7	source
33.800567626953125	13.854543685913086	2	Paul
35.375492095947266	17.699478149414062	2	Michael
4.173604965209961	19.27554702758789	8	ones
-31.264928817749023	17.70056915283203	3	agree
11.56074333190918	13.232782363891602	6	Jun
12.216588973999023	22.992429733276367	4	King
29.178823471069336	18.27720069885254	2	Mark
-13.521221160888672	26.114553451538086	7	stand
30.241666793823242	14.102428436279297	2	George
-17.41632652282715	-17.035831451416016	8	yes
32.772483825683594	16.941631317138672	2	Robert
-6.887598514556885	-1.4537038803100586	5	Central
33.556217193603516	21.383472442626953	2	Chris
-11.958956718444824	22.58890151977539	7	Code
27.48973846435547	19.162485122680664	2	Smith
33.72463607788086	17.716766357421875	2	Mike
-5.613786220550537	27.432355880737305	7	ass
-31.270099639892578	14.218343734741211	3	positive
7.3676252365112305	8.61208438873291	4	Lord
33.6655387878418	24.141931533813477	2	Thomas
2.050210952758789	24.161155700683594	8	Super
-21.08631706237793	18.84653091430664	7	NOT
-24.364830017089844	18.4326114654541	7	actual
-33.00445556640625	15.581727981567383	3	correct
1.6004235744476318	22.72108268737793	8	Pro
32.22643280029297	17.56049346923828	2	Joe
33.9239616394043	24.918834686279297	2	Tom
-20.312868118286133	20.334327697753906	7	status
27.93436622619629	13.840834617614746	2	Johnson
2.9437079429626465	4.588688850402832	5	bill
29.016908645629883	9.22030258178711	2	Richard
1.0159964561462402	6.0754289627075195	8	Grand
31.518781661987305	11.972412109375	2	Steve
-4.52524471282959	-1.9014360904693604	9	Boston
31.568571090698242	16.379013061523438	2	Scott
-28.49665069580078	12.936540603637695	3	accept
2.3723762035369873	0.44990086555480957	6	Bush
33.636470794677734	23.070219039916992	2	Martin
-24.32645034790039	-13.123393058776855	1	caused
29.7209415435791	17.289295196533203	2	Jack
28.682159423828125	13.105804443359375	2	Jones
-8.934426307678223	1.1616109609603882	8	slow
31.848970413208008	20.26704216003418	2	Jim
9.990020751953125	11.26325798034668	6	Mon
28.51586151123047	15.57752799987793	2	Bob
28.641569137573242	13.514062881469727	2	Jackson
-7.8772101402282715	24.49458885192871	5	caught
14.953455924987793	13.662054061889648	6	Santa
-19.41249656677246	19.420053482055664	7	fix
-4.0680646896362305	22.160133361816406	5	bus
-9.80574893951416	27.799896240234375	7	Action
-31.48748779296875	5.6691765785217285	3	supposed
30.189706802368164	-28.83785629272461	0	Francisco
6.526674747467041	14.613447189331055	6	ran
8.984589576721191	11.804341316223145	6	Sat
-9.576889038085938	19.32518196105957	7	Point
-9.858695030212402	17.822940826416016	7	Start
-12.692375183105469	29.518220901489258	7	fixed
27.600709915161133	14.664629936218262	2	Matt
-32.124935150146484	12.372509956359863	3	facts
34.480201721191406	18.525800704956055	2	Ryan
7.284653186798096	20.26044273376465	7	mark
22.212390899658203	14.452672958374023	2	Louis
33.72947311401367	19.11089515686035	2	Brian
-1.4322870969772339	14.583328247070312	5	Fort
32.90549850463867	15.84951114654541	2	Andrew
-27.305347442626953	4.484547138214111	1	obvious
-5.991683006286621	-0.9175330400466919	8	Four
26.264310836791992	11.75594425201416	2	Ben
-12.430558204650879	21.787683486938477	7	factor
31.235355377197266	19.798912048339844	2	Tim
29.57074737548828	11.23902702331543	2	Henry
20.392879486083984	14.230464935302734	6	Frank
-14.892518997192383	27.738473892211914	3	authority
34.04374313354492	15.461443901062012	2	Joseph
-22.106460571289062	-0.644603431224823	1	evil
-31.939695358276367	19.047107696533203	3	agreed
-31.64019012451172	18.35201072692871	3	reasonable
33.48649978637695	24.603273391723633	2	Adam
3.721402645111084	6.719704627990723	5	Chief
34.81059265136719	22.491472244262695	2	Sam
3.4749178886413574	9.445130348205566	5	chief
-0.7119906544685364	24.425241470336914	8	Bad
-18.24767303466797	12.651968955993652	7	Index
31.637718200683594	10.338014602661133	2	Jason
27.048290252685547	10.733823776245117	2	Tony
-32.14603805541992	19.76584815979004	3	prove
-9.546113967895508	9.024849891662598	5	motor
-16.05289077758789	-12.527735710144043	8	LOL
-3.4713871479034424	-1.6914914846420288	6	Dallas
31.713420867919922	13.76449203491211	2	Eric
5.983945369720459	20.856029510498047	8	Max
34.65509033203125	19.37734031677246	2	Alex
26.838796615600586	-30.49789810180664	0	Diego
-3.8921027183532715	-1.1387611627578735	6	Denver
6.933541774749756	8.77817440032959	4	king
-12.437475204467773	19.201095581054688	7	logo
30.466373443603516	10.919005393981934	2	Stephen
28.82158088684082	20.207603454589844	2	Davis
-9.56757926940918	4.013382434844971	8	acid
3.4023876190185547	2.481132745742798	6	Austin
-37.148616790771484	7.917201042175293	3	True
31.7468204498291	22.549501419067383	2	Ray
29.701547622680664	13.123763084411621	2	Nick
-10.630393028259277	19.254119873046875	7	Log
-31.761547088623047	20.120967864990234	3	assume
7.816308975219727	9.208608627319336	6	Saint
-0.33624374866485596	25.26058006286621	8	damn
-27.42893409729004	0.17688073217868805	1	impressive
-12.558112144470215	2.928715944290161	8	Cool
-11.819089889526367	24.416322708129883	7	constant
-12.337244033813477	14.372990608215332	7	unknown
31.973844528198242	16.465478897094727	2	Jordan
-16.365345001220703	-15.480707168579102	7	Summary
-21.587583541870117	16.968631744384766	7	controlled
-12.477420806884766	24.661800384521484	7	codes
26.273418426513672	15.424842834472656	2	Allen
-31.113109588623047	6.332611560821533	3	convenient
-6.741126537322998	8.089176177978516	8	raw
4.023766994476318	22.4635066986084	8	Major
34.41728591918945	19.90134048461914	2	Andy
29.73736000061035	8.347466468811035	2	Anthony
-34.00217056274414	8.063620567321777	3	proven
-26.027082443237305	-3.0877504348754883	1	mistake
-7.22605037689209	11.067636489868164	5	Motor
35.24439239501953	20.65004539489746	2	Ron
-33.18699645996094	14.585943222045898	3	confirmed
3.358603000640869	25.298927307128906	8	grand
-6.787592887878418	23.49652862548828	5	cap
33.28495407104492	14.33857250213623	2	Matthew
-28.757949829101562	3.3772096633911133	1	regardless
32.29443359375	10.819014549255371	2	Simon
-2.0074899196624756	12.520254135131836	5	Fan
27.175321578979492	18.054874420166016	2	Bruce
30.75909423828125	9.158981323242188	2	Justin
-19.51628303527832	16.83772850036621	7	contrast
-13.512434005737305	1.4475499391555786	8	alot
28.469118118286133	11.409674644470215	2	Rick
33.150535583496094	19.668092727661133	2	Alan
-32.86392593383789	8.248774528503418	3	guaranteed
-27.641908645629883	14.747795104980469	3	licensed
-8.014496803283691	26.355785369873047	8	boost
-15.474564552307129	15.287914276123047	7	Actually
15.948775291442871	-22.436317443847656	10	Wayne
-11.809091567993164	26.3266544342041	7	lock
-27.334877014160156	11.929887771606445	8	Sure
-8.857339859008789	10.621201515197754	5	Cost
32.90867614746094	22.259294509887695	2	Jay
-18.16116714477539	22.119604110717773	7	zero
-0.22310082614421844	-0.6297616958618164	6	Sir
3.346280574798584	-15.226903915405273	4	Kong
-27.34304428100586	4.520393371582031	1	guilty
-29.6712589263916	9.438680648803711	3	surely
-1.3252679109573364	-0.8451875448226929	8	Six
-23.624855041503906	18.721031188964844	7	absolute
7.294416904449463	17.583791732788086	5	boss
30.701753616333008	17.551773071289062	2	Rob
33.580562591552734	18.837743759155273	2	Jon
30.285755157470703	14.696708679199219	2	Alexander
5.049280643463135	22.494129180908203	8	ONE
30.209598541259766	19.353261947631836	2	Larry
-32.76350402832031	6.084035396575928	3	confident
-25.187244415283203	-4.518399238586426	1	confused
-10.147480010986328	8.09785270690918	5	comic
-2.1502039432525635	18.10173797607422	1	loud
29.658802032470703	19.132028579711914	2	Greg
-9.491877555847168	5.273471832275391	8	sharp
13.116364479064941	11.492377281188965	2	Captain
29.431556701660156	9.94107723236084	2	Johnny
-20.606752395629883	-3.8073630332946777	1	pride
-19.348548889160156	-0.36068737506866455	5	concrete
-37.07868576049805	7.293426990509033	3	accuracy
5.616177558898926	17.503293991088867	6	mad
-24.49114990234375	-5.941042423248291	1	angry
27.68100357055664	9.683112144470215	2	Phil
30.53131866455078	11.913569450378418	2	Jimmy
4.021607875823975	14.167611122131348	6	sin
23.557693481445312	11.667712211608887	2	Jose
4.994699478149414	9.938777923583984	4	Judge
-35.555938720703125	7.349293231964111	3	conclusion
-31.21308708190918	20.564163208007812	3	confirm
35.38557815551758	20.170246124267578	2	Sean
-12.25935173034668	28.28829002380371	7	logic
30.500446319580078	9.931551933288574	2	Josh
31.113901138305664	11.295550346374512	2	Jonathan
0.6091479659080505	-18.611459732055664	4	Kings
32.82627487182617	23.22797966003418	2	Ken
31.912221908569336	-27.38595199584961	0	Antonio
-30.04335594177246	6.288839817047119	3	conventional
18.28807830810547	-14.382954597473145	9	Gordon
-0.37734824419021606	-21.46333885192871	4	Governor
30.193403244018555	8.880640029907227	2	Steven
-33.896278381347656	9.557466506958008	3	proved
16.606950759887695	-17.74889373779297	9	Franklin
-29.625282287597656	7.386491775512695	3	judgment
8.901633262634277	-31.646921157836914	9	Lawrence
18.903444290161133	-13.255133628845215	9	Russell
-14.6456937789917	14.15064811706543	7	Powered
34.469276428222656	16.670114517211914	2	Luke
32.634517669677734	23.06031036376953	2	Ross
5.557611465454102	21.80840301513672	8	Rich
34.59992980957031	23.542499542236328	2	Jean
27.900005340576172	16.939682006835938	2	Craig
26.954408645629883	13.717901229858398	2	Roger
-16.635480880737305	17.802104949951172	7	Block
-5.270573616027832	15.652007102966309	8	max
-18.129297256469727	15.499237060546875	7	login
-6.908899307250977	14.827433586120605	7	anal
32.73373794555664	20.382991790771484	2	Ian
35.347286224365234	18.85674476623535	2	Aaron
9.534828186035156	17.129186630249023	6	ban
-21.044200897216797	-2.569719076156616	1	calm
26.948305130004883	8.727115631103516	2	Arthur
-15.895968437194824	21.673168182373047	7	Automatic
26.266361236572266	17.72238540649414	2	Brad
-12.100979804992676	23.503862380981445	7	operator
-17.154296875	19.321176528930664	7	static
-20.608097076416016	17.677082061767578	7	adjust
16.609115600585938	13.846423149108887	6	Mario
-33.405208587646484	6.320578575134277	3	convinced
1.825213074684143	19.174118041992188	8	aka
-5.785910129547119	28.0428466796875	7	unto
29.568845748901367	14.830059051513672	2	Albert
28.406221389770508	14.958586692810059	2	Roy
32.65658950805664	21.247482299804688	2	Carl
-24.611543655395508	-2.708986282348633	1	sudden
-2.0257389545440674	17.317663192749023	5	killer
-16.033884048461914	19.493871688842773	7	stats
-0.16914230585098267	15.17834186553955	5	Cast
-31.192827224731445	19.002605438232422	3	trusted
29.615032196044922	18.26032257080078	2	Marc
-5.585365295410156	10.891196250915527	5	Storm
11.069038391113281	20.166275024414062	6	ton
-26.185075759887695	-7.275601863861084	1	badly
27.193012237548828	15.058509826660156	2	Todd
30.90614128112793	13.259135246276855	2	Jacob
3.141770839691162	24.424697875976562	8	BIG
-23.895118713378906	6.073734283447266	7	adjustable
-11.411115646362305	24.387178421020508	7	Codes
15.390151977539062	13.485795974731445	6	Rio
-16.861371994018555	25.322072982788086	7	binding
30.923049926757812	18.584917068481445	2	Doug
-4.941319465637207	28.294418334960938	5	con
-8.184364318847656	19.747337341308594	7	Bond
0.8136410713195801	20.46220588684082	8	Strong
30.012372970581055	11.663642883300781	2	Brandon
-2.107154130935669	14.437095642089844	5	mph
-1.6926413774490356	-15.606882095336914	4	chairman
27.3652400970459	-11.735321998596191	10	Bobby
-7.264601230621338	29.38151741027832	8	Obviously
32.99333953857422	15.382204055786133	2	Jeremy
19.641345977783203	-12.452451705932617	9	Stanley
-3.3954849243164062	-16.699899673461914	4	governor
-30.821210861206055	8.416855812072754	3	assumed
1.5720269680023193	12.22509765625	5	tho
0.1354328691959381	16.43256187438965	5	Cap
-28.37091636657715	15.328166961669922	3	assuming
-0.8516960144042969	0.05984614044427872	8	Alpha
28.792844772338867	-27.289234161376953	0	Oscar
-8.673574447631836	-4.354907512664795	5	coal
-23.905208587646484	-6.761220455169678	1	confusion
-8.090136528015137	-3.1893763542175293	5	Bluetooth
-8.528864860534668	20.3455810546875	7	ABS
-19.222007751464844	21.427566528320312	7	Fixed
4.040668487548828	14.638081550598145	6	bin
31.678939819335938	14.486039161682129	2	Jake
33.68690490722656	20.971948623657227	2	Kyle
1.124586820602417	-0.16119399666786194	6	Batman
-34.680057525634766	7.059520721435547	3	concluded
-1.2490617036819458	-14.198955535888672	4	kingdom
-7.964072227478027	4.191999912261963	8	Straight
2.3819215297698975	-17.76673126220703	4	Pope
19.211341857910156	-21.87338638305664	10	Tommy
23.077699661254883	-15.042678833007812	10	Benjamin
-9.689453125	26.453861236572266	7	amp
-16.673328399658203	16.646745681762695	7	Built
-22.914384841918945	-5.342855930328369	1	idiot
18.89221954345703	-15.673274993896484	9	Mason
-26.166059494018555	-1.7114299535751343	1	overwhelming
22.3189754486084	-14.973934173583984	10	Bryan
-26.991641998291016	-3.3289692401885986	1	contrary
35.41345977783203	23.518022537231445	2	Juan
13.098274230957031	20.605817794799805	2	jack
11.826194763183594	-22.121994018554688	10	Rocky
-0.5848595499992371	-21.199005126953125	4	Khan
-7.81782341003418	2.1387834548950195	7	Zero
23.000770568847656	11.177034378051758	0	Carlos
-29.004425048828125	8.014966011047363	3	suited
-9.603809356689453	23.592472076416016	7	NOTE
-13.884918212890625	-16.074209213256836	5	Motorola
-31.277393341064453	19.768020629882812	3	confirmation
-7.472080230712891	5.128843307495117	8	Above
12.003816604614258	-27.090566635131836	9	Norman
-3.8956117630004883	22.442840576171875	5	bat
5.739197731018066	17.076505661010742	6	Mad
-5.785579204559326	6.773408889770508	8	Bright
-19.19565773010254	16.94032096862793	7	logged
26.454702377319336	-13.242077827453613	10	Joel
-17.782917022705078	16.999670028686523	7	linear
26.72112464904785	-16.973878860473633	10	Victor
-0.19354456663131714	-13.861611366271973	4	sir
18.325592041015625	-13.1997709274292	9	Bradley
28.39214515686035	19.326139450073242	2	Blake
-25.392417907714844	-4.279058933258057	1	confusing
-17.855005264282227	19.875368118286133	7	null
-9.802386283874512	0.8809453845024109	8	Damn
-14.511415481567383	22.622011184692383	7	bases
-32.5167121887207	4.1244330406188965	3	renowned
24.318016052246094	-13.922290802001953	10	Nathan
-7.237227439880371	24.725048065185547	5	accent
-17.031370162963867	5.833189487457275	8	YES
-19.627906799316406	16.056678771972656	7	Fix
-28.218032836914062	5.210355758666992	3	robust
-18.63935661315918	15.984698295593262	7	analyze
20.985721588134766	-15.053497314453125	10	Colin
4.079582214355469	2.817863941192627	9	Newton
-23.08498764038086	21.313302993774414	7	incorrect
-14.145027160644531	-16.755002975463867	8	milesNo
-10.536535263061523	21.580598831176758	7	Stats
-9.493990898132324	16.23871421813965	7	Spot
-29.719051361083984	15.554600715637207	3	Secure
-6.417082786560059	12.26321029663086	5	Bid
1.0271731615066528	-26.815135955810547	9	Singh
-13.874357223510742	28.6174373626709	7	justify
12.166421890258789	-28.144428253173828	9	Stuart
-32.32795715332031	5.239335536956787	3	suspected
0.4342848062515259	-25.03830337524414	4	Elvis
30.3829288482666	-26.53287696838379	0	Lucas
-11.442970275878906	18.003999710083008	7	Lock
20.0059757232666	-17.48652458190918	10	Kenneth
21.85152244567871	12.685047149658203	2	Marcus
-6.107789993286133	-1.453715205192566	7	Edited
18.242835998535156	13.98012924194336	2	Leo
-4.797914981842041	-15.551070213317871	4	Testament
-34.7469596862793	3.4796712398529053	3	convicted
-20.42039680480957	15.752427101135254	7	reset
27.778690338134766	-12.7886323928833	10	Leonard
6.268102645874023	7.564091682434082	4	LORD
-11.696141242980957	20.434059143066406	7	Factor
22.495759963989258	-21.5445556640625	10	Nicholas
-13.913376808166504	10.006156921386719	3	Reason
24.744033813476562	-13.088537216186523	10	Lloyd
16.70378875732422	-16.721323013305664	9	Arnold
-28.574859619140625	6.502276420593262	3	notable
-2.1861891746520996	12.877484321594238	5	Hop
-3.7929582595825195	8.728250503540039	8	FIRST
20.829111099243164	-20.76531982421875	4	Joshua
20.11433982849121	-13.593633651733398	10	Logan
5.349724292755127	-13.349868774414062	5	bacon
22.36149787902832	-17.11984634399414	10	Karl
17.34551429748535	-21.72837257385254	10	Earl
-10.645906448364258	26.583242416381836	7	mod
-18.03002166748047	20.648088455200195	7	blocking
-4.655325412750244	-10.64741325378418	5	Cock
20.53084373474121	-21.58930778503418	10	Gregory
-9.87674331665039	25.30870819091797	7	axis
10.85689926147461	22.402206420898438	5	Boss
-15.560338020324707	15.702521324157715	7	Closed
28.19034194946289	-13.581296920776367	10	Ronald
-0.11328741163015366	15.384369850158691	5	Cal
9.61889362335205	11.888686180114746	6	Tan
-28.507993698120117	-8.720630645751953	1	imposed
11.509102821350098	12.341184616088867	6	Jam
-0.6189261078834534	21.433317184448242	3	Signed
-23.106698989868164	-1.0494287014007568	1	bent
22.437952041625977	-16.677194595336914	10	Alfred
28.880399703979492	8.543697357177734	2	john
15.651068687438965	-13.342665672302246	9	Griffin
11.977602005004883	16.565185546875	6	san
-2.932267904281616	-1.7536447048187256	6	Sand
-21.17881965637207	-5.376173973083496	1	chaos
-17.655569076538086	-4.659152030944824	1	handsome
22.895328521728516	-15.82674503326416	10	Kenny
-28.79846954345703	-10.176301956176758	1	unfortunate
-21.95473289489746	18.917699813842773	7	activated
23.31663703918457	13.032588005065918	2	Leon
-17.883106231689453	-4.839485168457031	1	Pride
1.394035816192627	-20.800504684448242	4	Pastor
-13.672252655029297	17.572555541992188	7	Alarm
-2.8907551765441895	-25.395328521728516	4	Hitler
17.89639663696289	-20.465158462524414	10	Travis
10.380125045776367	22.362125396728516	8	Ace
-23.66858673095703	-15.450307846069336	1	ignorance
2.833392381668091	26.039199829101562	8	mighty
-30.21806526184082	15.345643997192383	3	Positive
-37.1037483215332	4.56430721282959	3	conclusions
-5.793635368347168	5.799363613128662	8	Warm
22.81790542602539	-14.08536148071289	10	Raymond
-36.38902282714844	5.977260112762451	3	conclude
15.19087028503418	-12.813535690307617	9	Cohen
1.482327938079834	-22.61258316040039	4	Drake
-22.205474853515625	19.90326499938965	7	fatal
12.788749694824219	-29.596986770629883	9	Bryant
7.36442232131958	14.605011940002441	6	tan
9.840599060058594	14.99935531616211	6	bro
1.3360689878463745	-14.241947174072266	4	bush
3.0299336910247803	22.44716453552246	8	AAA
-30.345497131347656	4.498567581176758	3	Wrong
-1.0872784852981567	-20.04344940185547	4	pastor
22.017955780029297	-21.93351173400879	10	Isaac
-8.022244453430176	10.22288703918457	5	cop
1.0948277711868286	-25.411575317382812	4	Luther
10.769477844238281	14.44965648651123	6	MAN
-2.975057601928711	-0.5130479335784912	6	banana
14.732236862182617	-13.144951820373535	9	Brady
6.834725856781006	18.994266510009766	6	avi
-18.796648025512695	-14.957834243774414	8	billions
26.454017639160156	16.677539825439453	2	Hugh
-18.827590942382812	19.71938705444336	7	locking
29.600299835205078	-29.45972442626953	0	Luis
13.403255462646484	-25.49343490600586	9	Harold
-25.764001846313477	-12.297384262084961	1	nonsense
-7.286614894866943	3.883558988571167	8	BUY
-25.803796768188477	-6.486401557922363	1	stiff
4.947019100189209	8.11712646484375	4	lord
17.390625	-16.790687561035156	9	Wade
-10.109344482421875	5.455903053283691	8	bump
-7.636977195739746	0.07087361067533493	5	Smoke
2.5089774131774902	-28.18453598022461	9	Milton
-29.71056365966797	16.800216674804688	3	Certainly
17.7863712310791	-11.35450553894043	9	JOHNSON
-3.005082607269287	8.38846206665039	8	Pros
-25.37091064453125	-12.128107070922852	1	pissed
-23.05167007446289	21.941726684570312	7	explicit
15.232138633728027	-24.26926040649414	10	Kurt
22.015249252319336	12.442476272583008	2	Marco
-13.950514793395996	-17.251113891601562	9	Panama
6.441601753234863	-24.733888626098633	4	Kirk
-32.63593292236328	6.945173263549805	3	undoubtedly
-1.8129990100860596	-23.850902557373047	4	Satan
-13.504006385803223	-9.919293403625488	5	prostate
-6.906850337982178	28.521989822387695	7	IMO
16.74631690979004	-10.62051773071289	9	Buck
11.056962966918945	15.03693962097168	6	Ram
16.28661346435547	-15.15756893157959	9	Calvin
-29.749975204467773	13.431453704833984	3	Successful
21.566675186157227	-19.59375	10	Seth
-15.274486541748047	15.690415382385254	7	Logic
-17.356700897216797	23.578386306762695	7	activate
7.919768333435059	16.591623306274414	6	lion
-8.28741455078125	-0.5574336647987366	5	Burn
27.574951171875	10.48868465423584	2	Andre
19.263357162475586	-11.522360801696777	9	Johns
25.18850326538086	-19.228715896606445	10	louis
-31.90483283996582	12.155433654785156	3	Fact
-22.126903533935547	-13.109638214111328	5	torque
-19.357988357543945	-8.961651802062988	1	roasted
1.746614694595337	-7.690056324005127	8	Grande
-28.278942108154297	-3.7452592849731445	1	prone
-3.1072847843170166	-19.59996223449707	4	Emperor
-30.551841735839844	16.424253463745117	3	Approved
-6.390850067138672	16.469079971313477	7	magnitude
-33.695289611816406	5.560199737548828	3	convincing
-28.95753288269043	13.890069007873535	3	Known
19.490694046020508	-22.509286880493164	10	Erik
13.080618858337402	-29.740020751953125	9	Preston
-0.44483885169029236	13.360289573669434	5	buck
1.5107766389846802	-21.669227600097656	4	Kanye
-12.14083194732666	-10.269979476928711	5	logos
-8.270097732543945	-5.796453952789307	5	Corn
-6.4773335456848145	23.489673614501953	5	cos
3.7388741970062256	-22.512470245361328	4	Solomon
11.824039459228516	18.950639724731445	6	Stan
-30.00578498840332	-9.483747482299805	1	uncertain
12.19892692565918	-29.497886657714844	9	Baldwin
-18.470046997070312	-4.976352691650391	1	asshole
-27.692737579345703	-8.9779691696167	1	impose
-5.061631202697754	-25.71057891845703	4	Naruto
9.733625411987305	-11.16827392578125	0	Monte
8.991423606872559	18.464282989501953	6	Bin
27.188623428344727	-14.322064399719238	10	Ricky
8.95943546295166	22.959142684936523	5	Con
3.6733996868133545	-30.605209350585938	9	Huntington
20.085906982421875	-19.951072692871094	10	Vince
-17.71469497680664	-14.481918334960938	5	hardwood
-29.05086326599121	10.84723949432373	3	Guaranteed
28.62773895263672	-8.364158630371094	10	JOHN
-26.29056167602539	-4.109849452972412	1	unclear
-3.9335386753082275	-27.011966705322266	4	Muhammad
-12.364828109741211	-8.042337417602539	5	touchdown
-1.2929480075836182	13.095344543457031	5	horn
10.31147575378418	13.729837417602539	6	Zen
25.438289642333984	-13.918795585632324	10	Zach
16.467853546142578	-12.88811206817627	9	Brent
29.88068962097168	-27.014713287353516	0	Bruno
11.582942962646484	-17.627500534057617	4	Kane
28.37939453125	-11.838696479797363	10	Jared
-3.9570558071136475	-10.409276008605957	5	Hammer
2.353347063064575	15.403895378112793	6	pat
-4.674464225769043	-9.896921157836914	5	Horn
-31.002531051635742	17.23584747314453	3	Certain
-5.415035247802734	11.460173606872559	5	ROAD
-25.23182487487793	-3.8524179458618164	1	mistaken
2.1503658294677734	-15.023876190185547	4	prince
-13.209513664245605	2.6281585693359375	8	AWESOME
-5.431678771972656	-11.012988090515137	5	Bacon
-5.531647682189941	17.2679443359375	5	macro
-34.56474304199219	4.532362461090088	3	reputable
-29.357484817504883	-9.782238960266113	1	unsure
24.454421997070312	-28.482736587524414	0	Sanchez
29.395009994506836	-27.236148834228516	0	Sebastian
9.352253913879395	-17.190412521362305	10	Himself
-11.629521369934082	-16.734302520751953	9	Watts
16.634296417236328	-22.430927276611328	10	Malcolm
22.92980194091797	-19.58055877685547	10	Edgar
10.130489349365234	18.403244018554688	6	ham
8.719797134399414	18.531803131103516	6	Ban
29.284460067749023	-30.39936637878418	0	Miguel
-36.347877502441406	4.687755107879639	3	endorsement
10.023134231567383	-28.825408935546875	9	Tucker
-18.155799865722656	6.345890522003174	8	Fake
10.890373229980469	17.756093978881836	6	Ham
8.65736198425293	-32.949249267578125	9	Johnston
11.792303085327148	15.051604270935059	6	SAN
28.542009353637695	-26.616708755493164	0	Hugo
-14.307147979736328	3.252951145172119	8	Serious
-22.800016403198242	19.623104095458984	7	invalid
2.723191499710083	13.2216157913208	6	Sin
-32.549835205078125	8.945381164550781	3	probable
-12.3511381149292	5.949842929840088	5	bolts
-26.58310890197754	-13.804795265197754	1	infamous
18.860353469848633	-22.222286224365234	10	Phillip
-19.94147491455078	-2.8567075729370117	1	dunno
-8.43144416809082	-4.657596111297607	5	Coal
-11.147005081176758	-15.378494262695312	9	Watt
-4.8354973793029785	13.785223007202148	5	ACC
-28.41084098815918	-11.94251537322998	1	absurd
9.615790367126465	21.67750358581543	6	Bon
17.506961822509766	-18.756561279296875	10	Hank
20.810884475708008	-16.002614974975586	10	Trevor
14.058572769165039	-29.501970291137695	9	Clayton
-2.361910343170166	-22.613277435302734	4	Saddam
-10.765069007873535	20.026445388793945	7	Logged
6.061443328857422	13.852131843566895	6	ram
-8.727897644042969	15.566198348999023	7	Marks
-21.411623001098633	13.888898849487305	7	variant
18.711275100708008	-23.75299072265625	10	Roland
-29.42145538330078	7.72324800491333	3	judgement
-21.868358612060547	-6.58742094039917	1	Angry
-34.76648712158203	6.604763507843018	3	verdict
-3.2057383060455322	8.763555526733398	8	ALSO
2.265557289123535	-22.593013763427734	4	Cyrus
5.230780601501465	-15.210640907287598	4	Kobe
-14.90146541595459	21.433130264282227	7	baseline
24.31556510925293	-16.62380599975586	10	Hans
-5.586219787597656	11.79486083984375	5	SHOT
23.70875358581543	-20.827838897705078	10	Ivan
-16.016801834106445	23.214876174926758	7	bind
-24.579668045043945	-7.999683856964111	1	foolish
1.3697831630706787	25.443294525146484	8	Boom
27.80169677734375	-10.099298477172852	10	james
1.8525892496109009	-7.778259754180908	8	Bravo
-7.394853115081787	17.45206069946289	7	Mod
3.2349209785461426	-23.8945255279541	4	Isaiah
27.90140724182129	-11.108160018920898	10	michael
-1.1159569025039673	-21.759628295898438	4	Bach
7.553310871124268	-30.26363182067871	9	Hyde
13.476879119873047	-15.615724563598633	10	Cain
-3.163922071456909	-22.11794090270996	4	Psalm
22.50058937072754	-20.965118408203125	10	Jonas
15.934930801391602	-27.625715255737305	9	Trent
-25.9910945892334	17.19001007080078	8	Absolute
-27.952653884887695	10.84929084777832	3	Agree
23.6505184173584	-29.341552734375	0	Castro
-22.210098266601562	-3.4666810035705566	1	irony
6.188296794891357	7.5357770919799805	4	KING
-6.944585800170898	22.336008071899414	5	cod
3.7887661457061768	-28.28628921508789	9	Kumar
-2.6380245685577393	-26.337461471557617	4	Churchill
3.769333600997925	-9.389476776123047	0	Martial
-16.87401008605957	-14.090965270996094	5	nitrogen
-6.495240211486816	16.220413208007812	7	brightness
-27.429780960083008	-1.9942373037338257	1	outright
30.57663917541504	-28.737606048583984	0	Manuel
-1.1988385915756226	5.809679985046387	8	Mighty
10.048095703125	-21.673221588134766	10	rocky
21.590139389038086	-28.13636589050293	4	Romeo
2.3219614028930664	24.426082611083984	8	SUPER
-7.239014148712158	23.823198318481445	5	comp
10.638312339782715	10.61905574798584	6	Chan
7.25752592086792	-29.53349494934082	9	Byron
-32.66471862792969	13.391895294189453	3	Correct
-20.988006591796875	-5.112818717956543	1	greed
-5.210870742797852	-10.055946350097656	5	Cannon
-35.0291633605957	7.8548502922058105	3	concludes
11.37265682220459	-16.253801345825195	4	Benedict
27.491104125976562	-10.443800926208496	10	mike
22.81626319885254	-18.258569717407227	10	Marvin
-14.363755226135254	22.54939842224121	7	benchmark
-14.79699420928955	-0.6373744010925293	5	atop
3.8640291690826416	21.23788833618164	8	avid
1.9636036157608032	22.17852783203125	8	Alright
9.506526947021484	12.741599082946777	6	Sol
-11.74650764465332	7.737233638763428	5	Conflict
23.375350952148438	-17.640085220336914	10	Rodney
9.31259822845459	-30.430675506591797	9	Bolton
-1.4853315353393555	-17.81659507751465	4	Creed
7.5576653480529785	20.36758804321289	5	nick
-8.630369186401367	14.371217727661133	7	Inspector
-28.207902908325195	-10.822551727294922	1	unacceptable
-17.277082443237305	15.7733793258667	7	INFO
-24.552398681640625	-11.726726531982422	1	faux
-10.717607498168945	25.944644927978516	7	CODE
-23.129541397094727	-9.102385520935059	1	humorous
11.301179885864258	-14.315705299377441	4	Baron
1.6199254989624023	18.26016616821289	8	ARM
-35.576053619384766	5.57000732421875	3	certainty
-12.50600814819336	20.72360610961914	7	CONTROL
-28.275196075439453	-5.133695125579834	1	pumped
-14.489818572998047	-9.892333030700684	8	mansion
-3.536534309387207	16.991188049316406	5	mock
-20.01639175415039	-8.943999290466309	1	muscular
-30.43614387512207	-8.031551361083984	1	condemned
12.550997734069824	12.254169464111328	6	tom
-36.167964935302734	4.070511817932129	3	endorse
-24.68866729736328	-1.8069275617599487	1	damned
31.08077621459961	-27.881135940551758	0	Carlo
-13.111917495727539	7.579864501953125	7	INTO
-16.13427734375	-11.715544700622559	1	lmao
-25.107791900634766	0.7777608633041382	1	notorious
-29.028247833251953	-7.255603313446045	1	accidental
10.371241569519043	-14.292183876037598	4	Papa
-1.4350367784500122	-12.287829399108887	5	bosses
21.875532150268555	-18.838420867919922	10	Jerome
-5.241521835327148	-10.793359756469727	5	Cobra
-10.160565376281738	17.088041305541992	7	BST
31.590530395507812	-29.012086868286133	0	Rafael
2.1081295013427734	-25.296489715576172	4	Augustine
28.303525924682617	-9.055418968200684	10	joe
17.017532348632812	-11.640936851501465	9	Benson
-4.936114311218262	-24.56126594543457	0	Chavez
4.850574493408203	8.118005752563477	4	bishop
-9.020445823669434	26.26439094543457	7	prop
20.52260398864746	-22.942150115966797	10	Stefan
25.398832321166992	-14.21896743774414	10	Ethan
20.688716888427734	-19.412338256835938	10	Levi
21.147315979003906	-26.65349769592285	0	Andreas
-1.9685163497924805	-16.178897857666016	4	businessman
-30.559646606445312	17.499069213867188	3	Approval
9.716581344604492	-30.024187088012695	9	Morton
25.221935272216797	17.380584716796875	2	bob
-24.60468864440918	-8.81067180633545	1	arrogant
20.386621475219727	-15.865913391113281	10	Conrad
-7.5973286628723145	0.3282089829444885	5	odor
4.996672630310059	-28.587806701660156	9	Abbott
-10.636792182922363	18.523120880126953	7	Anchor
29.045381546020508	-28.827587127685547	0	Paulo
17.560047149658203	-11.756880760192871	9	Jensen
29.977888107299805	-29.6209659576416	0	Pablo
-15.150084495544434	25.220796585083008	7	literal
31.860076904296875	-28.41715431213379	0	Roberto
8.766697883605957	-30.373016357421875	9	Thornton
25.330747604370117	15.85795783996582	2	Connor
10.406319618225098	-15.614838600158691	4	Caesar
22.420150756835938	-26.600759506225586	0	Nicolas
-15.309078216552734	-10.232744216918945	1	Doom
24.5111083984375	-29.484046936035156	0	Torres
-25.69635772705078	-15.015327453613281	1	inaccurate
-14.211503982543945	-14.026803016662598	5	watts
-16.883785247802734	18.739805221557617	7	Static
-4.621520042419434	-26.336490631103516	4	Gandhi
-4.113184928894043	10.644732475280762	8	RAW
10.938426971435547	-28.416431427001953	9	Hammond
-22.139612197875977	-15.244462966918945	1	hypertension
3.8947508335113525	-10.615211486816406	0	Rancho
-3.9828028678894043	-26.49461555480957	4	Mohammed
-10.509533882141113	-11.126811981201172	5	cane
30.647911071777344	-25.14161491394043	0	Manny
-27.327014923095703	-5.529040813446045	1	oversized
-16.392074584960938	-1.2936232089996338	5	crank
-4.353514194488525	-25.65146827697754	4	Napoleon
-8.18596076965332	10.863337516784668	5	Cod
4.366009712219238	-15.257060050964355	4	Conan
0.981955349445343	6.380955219268799	8	Gran
-0.1543765366077423	24.802053451538086	8	BAD
-22.940893173217773	-6.315288543701172	1	bald
-13.128822326660156	-9.75610065460205	5	tenth
-9.753255844116211	9.586404800415039	5	torch
10.580244064331055	-29.2342586517334	9	Hancock
-12.055479049682617	-12.658576965332031	8	Mansion
27.129112243652344	17.57343101501465	2	Russ
19.80347442626953	15.555849075317383	6	Han
-20.95614242553711	-16.49066734313965	1	homosexuality
2.9065380096435547	-26.02259063720703	0	Marx
16.26504898071289	-23.523082733154297	10	Tyson
-9.36390495300293	3.444072961807251	8	LOW
19.42586326599121	-14.746503829956055	9	Clint
18.272005081176758	-19.527257919311523	10	Wes
-22.790300369262695	-3.2381510734558105	1	pounding
-1.9331715106964111	-20.85479736328125	4	Assassin
12.346912384033203	-27.7601261138916	9	Randolph
-0.7726404070854187	-23.156967163085938	4	Osama
-27.27926254272461	-11.886202812194824	1	unpredictable
2.897010087966919	-27.35433578491211	9	Beckham
11.500473022460938	-25.563297271728516	9	Brock
9.686684608459473	-31.617197036743164	9	Lawson
26.69198226928711	-19.476608276367188	10	Xavier
-12.494882583618164	-13.083649635314941	8	GTA
-14.017395973205566	-11.72787857055664	5	caliber
5.425286293029785	-14.001696586608887	4	Benz
-10.072084426879883	2.6351664066314697	8	NOTHING
2.5082929134368896	-8.056157112121582	0	Buenos
-23.037439346313477	-13.221610069274902	1	congestion
-26.013307571411133	-13.298624992370605	1	unlawful
-37.17367935180664	3.3845691680908203	3	optimism
0.775711715221405	-19.868732452392578	4	Kaiser
26.284101486206055	-14.94066333770752	10	Sammy
-27.593639373779297	-10.091094017028809	1	doomed
2.533151865005493	-22.086759567260742	4	Zion
24.778493881225586	-19.503164291381836	10	Rudy
2.79921817779541	0.7116618752479553	6	Thor
-27.290977478027344	-0.14538730680942535	1	imposing
5.872612953186035	-30.784008026123047	9	Barker
-25.234325408935547	11.251110076904297	5	accord
-21.512046813964844	-4.514869689941406	1	doom
-13.84555721282959	-0.7254419326782227	5	axle
-13.337474822998047	-11.60004997253418	5	charcoal
-25.340423583984375	10.74512767791748	5	Accord
-29.706905364990234	4.992076396942139	3	poised
-13.734052658081055	2.0291662216186523	8	awsome
-0.24150784313678741	-17.72621726989746	4	Admiral
-11.26815414428711	-9.994044303894043	5	striker
-4.520827770233154	15.429045677185059	8	MAX
28.595426559448242	-10.155150413513184	10	JAMES
-17.90207862854004	-0.9845331311225891	5	boast
31.273754119873047	-29.215465545654297	0	Jorge
-24.027923583984375	-1.784629225730896	1	joking
-25.440521240234375	-10.02993106842041	1	furious
-14.625276565551758	-8.2324857711792	5	conquer
-14.628898620605469	3.207494020462036	8	Proud
-22.917766571044922	5.138440132141113	7	Illegal
-14.32880973815918	-1.588115930557251	5	crore
-10.174869537353516	18.532270431518555	7	START
-17.385541915893555	17.547439575195312	7	DIRECT
-14.566838264465332	2.3034300804138184	8	dope
-17.916006088256836	-14.580581665039062	5	potassium
24.880455017089844	17.65561866760254	2	rob
-12.38365364074707	27.52821159362793	7	unsigned
-4.2764668464660645	-25.36121940612793	4	Mozart
-23.08544921875	-15.94007396697998	1	atheist
-25.562055587768555	-8.213903427124023	1	stubborn
8.442094802856445	-29.347864151000977	9	Boone
-3.0802488327026367	-23.095874786376953	4	Archbishop
-13.170870780944824	-10.792491912841797	5	watt
24.787797927856445	-14.615869522094727	10	Zack
-11.752546310424805	14.424599647521973	7	Odd
-14.740495681762695	-2.636415481567383	5	thunder
9.134393692016602	-26.900440216064453	9	Stark
-14.145665168762207	23.892166137695312	7	coded
28.68179702758789	-27.845335006713867	0	Franco
-11.694172859191895	6.756221771240234	5	optic
11.627947807312012	20.96746063232422	6	ben
-11.821455001831055	2.5062363147735596	8	Paramount
-14.338105201721191	-13.151114463806152	5	trumpet
18.985107421875	-25.48506736755371	10	Theodore
-10.88593578338623	28.32376480102539	7	stat
23.480554580688477	-9.915821075439453	10	frank
11.299470901489258	-17.402048110961914	4	Boris
25.20916748046875	-15.570549011230469	10	Richie
2.9394562244415283	-21.599689483642578	4	LeBron
-3.4112954139709473	22.136686325073242	5	pun
26.515823364257812	-11.369402885437012	10	DAVID
-26.76038932800293	-11.966012001037598	1	incorrectly
11.047274589538574	-30.81439781188965	9	Dalton
-29.4145565032959	11.756142616271973	3	Assuming
4.822901725769043	-30.477392196655273	9	Griffith
-28.70136070251465	7.598230838775635	3	reckon
3.789228677749634	-8.632270812988281	0	Palo
8.087820053100586	-31.393753051757812	9	Sanford
24.975669860839844	-17.0899658203125	10	Anton
2.9012351036071777	-29.775859832763672	9	Buchanan
14.066954612731934	-27.37894630432129	9	Clyde
29.938302993774414	-26.04235076904297	0	Angelo
-28.226356506347656	10.82575798034668	3	Agreed
-27.97315788269043	-11.259038925170898	1	unreasonable
14.420369148254395	-23.57244300842285	10	Julius
-5.043321132659912	4.753173351287842	8	AKA
28.165597915649414	-27.87767219543457	0	Leonardo
26.643991470336914	-10.402647018432617	10	george
1.9360092878341675	-24.380224227905273	4	Vladimir
25.180910110473633	-16.449769973754883	10	Benny
9.294123649597168	-31.14444923400879	9	Boyle
16.143817901611328	-20.436033248901367	9	Robbins
-14.174476623535156	-0.4727623462677002	5	backbone
17.276391983032227	-14.29553508758545	9	Reggie
-11.478983879089355	-11.241209030151367	5	Roasted
-16.470775604248047	-13.784801483154297	7	offseason
-34.99030685424805	2.8749732971191406	3	proclaimed
0.8048293590545654	-15.631742477416992	4	pope
-14.404921531677246	-2.274583578109741	5	cannon
17.230836868286133	-24.45122528076172	10	Otto
19.11210060119629	-16.415082931518555	10	Gregg
12.228156089782715	19.938335418701172	6	VIN
-31.445575714111328	12.687329292297363	3	Accuracy
-11.4328031539917	-16.720632553100586	9	Lakewood
22.27638816833496	-28.460777282714844	0	Dante
-23.75812339782715	-4.514975070953369	1	sloppy
-19.508625030517578	-5.964570045471191	1	moron
11.133234977722168	-25.904226303100586	9	Angus
-0.3313007354736328	-22.61716651916504	4	santa
-16.178863525390625	3.4235305786132812	1	stark
3.954228162765503	-9.704638481140137	0	Taco
23.870317459106445	-16.089313507080078	10	Alvin
-0.48871713876724243	-26.42325210571289	4	Tebow
-18.14881134033203	-0.8412314057350159	5	climax
18.157201766967773	13.834790229797363	6	Fran
-30.21942901611328	17.31313705444336	3	Accepted
-2.5500600337982178	10.399662971496582	8	THAN
2.141260862350464	-0.7444146871566772	4	Putin
4.894630432128906	-30.33294105529785	9	Blackburn
-20.592256546020508	-14.841944694519043	1	massacre
0.6325364708900452	20.901710510253906	8	OFFICIAL
10.434667587280273	-30.82726287841797	9	Caldwell
-4.190017223358154	-2.7460289001464844	5	UNC
-17.734411239624023	20.746007919311523	7	debug
-24.54320526123047	8.714397430419922	3	sane
2.674299955368042	-31.540122985839844	9	Stockton
17.365947723388672	-14.976880073547363	10	jackson
-5.0855865478515625	25.12255096435547	5	CAP
3.764627695083618	-16.01313018798828	4	Monk
2.905698537826538	-14.877321243286133	4	Joker
13.699389457702637	-29.035547256469727	9	Clifford
26.90708351135254	-9.718942642211914	10	steve
-2.751417875289917	-10.863476753234863	5	Cant
-21.04143524169922	-8.315360069274902	1	unofficial
-3.364518404006958	-19.21217155456543	4	emperor
1.3621357679367065	-24.22953987121582	4	Elton
26.524818420410156	-15.651433944702148	10	MICHAEL
-13.320956230163574	3.505047559738159	8	Superb
-15.951872825622559	-12.334251403808594	8	LMAO
-10.9221773147583	23.86080551147461	7	Stat
-25.492252349853516	-10.997739791870117	1	chaotic
-26.22332191467285	8.609264373779297	3	jus
-34.48642349243164	5.453340530395508	3	plausible
-26.76007652282715	-10.547096252441406	1	cynical
-28.305294036865234	-6.091406345367432	1	overload
-3.5095903873443604	-25.33039665222168	4	Beethoven
20.6275634765625	-27.672958374023438	0	Rooney
-8.884580612182617	18.199304580688477	7	Axis
-2.8667733669281006	-0.13540789484977722	6	Mono
17.15178871154785	-22.724609375	10	Trey
20.885086059570312	-24.47657012939453	10	Franz
9.323901176452637	-17.25185203552246	10	harry
-23.398101806640625	-0.19018900394439697	1	contrasting
-24.458236694335938	-14.392683982849121	1	indictment
4.977669715881348	-19.687841415405273	4	Abdul
4.72125768661499	-29.367921829223633	9	Polk
-8.181598663330078	17.01206398010254	7	MOV
24.710044860839844	-28.186037063598633	0	Ramirez
26.86772346496582	-11.247502326965332	10	PAUL
-10.677580833435059	24.929039001464844	7	Constant
-11.219778060913086	1.8450456857681274	8	Magnum
-27.20545768737793	8.613102912902832	3	Judgment
-1.6061291694641113	-7.6423444747924805	8	Jumbo
10.810172080993652	-27.053150177001953	9	Garfield
-9.439302444458008	22.138748168945312	7	AIM
5.403563499450684	14.01155948638916	6	ang
-36.668922424316406	3.1375551223754883	3	prosperous
26.403507232666016	-29.996047973632812	0	Sergio
-15.580446243286133	25.110803604125977	7	override
1.83649480342865	-15.704758644104004	4	Goat
26.71571159362793	-19.361600875854492	10	Lionel
14.261492729187012	-22.702289581298828	4	Amos
11.595949172973633	-31.007478713989258	9	Stanton
23.945932388305664	-18.317472457885742	10	Monty
-14.247611999511719	13.033746719360352	7	auf
-13.687294006347656	-14.267127990722656	5	Charcoal
-19.736787796020508	-14.311624526977539	1	aromatic
-16.925071716308594	-11.132267951965332	1	Anger
9.95103931427002	-32.186431884765625	9	Locke
31.616098403930664	-26.56759262084961	0	Marcos
-12.357297897338867	6.7106146812438965	7	Contrast
-11.78540325164795	-9.199361801147461	9	Pune
11.249948501586914	-13.905899047851562	4	Mister
-4.226511001586914	-16.741758346557617	4	inventor
1.4637336730957031	13.466299057006836	5	grim
13.982211112976074	-28.53759002685547	9	Clive
29.36726951599121	-28.235240936279297	0	Giovanni
2.418689489364624	-20.9005184173584	4	Dre
3.716691493988037	-29.013822555541992	9	Twain
6.29580545425415	13.36991024017334	6	mono
-22.593080520629883	-8.612333297729492	1	rotten
-3.704075336456299	-5.086454391479492	8	Autographed
24.694751739501953	-17.957334518432617	10	Gus
-12.524161338806152	-11.124076843261719	5	faucet
-28.674747467041016	-5.306728839874268	1	booming
-15.062699317932129	-16.540971755981445	8	Nah
7.544543266296387	-29.51470375061035	9	Patton
-27.526538848876953	-7.798038482666016	1	bogus
-14.319375038146973	13.478652954101562	7	Facing
-1.848819375038147	-6.835818290710449	8	Maxim
14.055442810058594	14.306032180786133	6	Mart
30.667951583862305	-30.221712112426758	0	José
5.877543926239014	20.634248733520508	8	AMA
-30.3164005279541	-9.771231651306152	1	dubious
21.877822875976562	-20.889936447143555	10	Jonah
1.5254302024841309	-14.787435531616211	4	monk
17.547468185424805	-12.363689422607422	9	Tanner
-24.43199348449707	-5.251170635223389	1	raging
28.75448989868164	-29.073989868164062	0	Alberto
2.9994890689849854	22.157838821411133	8	BOTH
-5.079185485839844	13.360496520996094	5	AAC
-4.158814907073975	-21.07469367980957	4	preacher
-28.706073760986328	-12.516361236572266	1	exaggerated
19.200422286987305	-17.964527130126953	10	WILLIAM
0.5006030797958374	-16.955842971801758	4	Almighty
9.33137035369873	20.236913681030273	6	Rom
-24.478818893432617	-15.31863021850586	1	unconstitutional
0.7182379961013794	10.69118595123291	9	baseman
12.034855842590332	12.770280838012695	6	Sid
10.384392738342285	-21.90496826171875	10	Rusty
-8.50779914855957	-3.4005846977233887	5	TCP
-20.42373275756836	-8.461673736572266	1	Ironically
28.36941909790039	-29.726276397705078	0	Ricardo
24.473779678344727	-20.286027908325195	10	Willy
-10.547364234924316	22.98863410949707	7	Spec
31.752498626708984	-25.443283081054688	0	Ramon
-9.68452262878418	17.44474983215332	7	Marker
1.6217339038848877	-19.690570831298828	4	Jehovah
5.64582633972168	-14.355059623718262	4	Champ
18.049728393554688	-16.164472579956055	9	Vaughn
1.9446266889572144	-28.319835662841797	9	Sherwood
-14.972002029418945	16.700315475463867	7	Orientation
0.3191971778869629	15.649923324584961	5	Cop
-27.106306076049805	-12.838468551635742	1	inflated
20.53184700012207	-16.80396270751953	10	thomas
-27.223703384399414	-6.6974358558654785	1	blatant
-24.49607276916504	-9.200732231140137	1	arrogance
-3.1862008571624756	7.902459621429443	8	Optimus
29.639442443847656	-28.00273323059082	0	Lorenzo
9.358577728271484	-28.470401763916016	9	Malone
-9.017630577087402	14.915081024169922	7	Caption
-31.208572387695312	-9.160619735717773	1	doubtful
-2.7441630363464355	-5.488072872161865	9	TBA
31.551897048950195	23.53148651123047	2	sam
-22.340730667114258	-6.919182777404785	1	Furious
12.580525398254395	-22.289323806762695	10	Zac
27.048969268798828	-29.78413963317871	0	diego
5.166277885437012	-19.828598022460938	4	Ahmad
6.3354902267456055	-28.940200805664062	9	Cutler
5.251533031463623	-28.007253646850586	9	Colbert
25.982683181762695	-9.779932022094727	10	robert
11.133810043334961	21.199871063232422	6	Ant
1.733558177947998	-16.809202194213867	4	Baba
19.259963989257812	-23.790771484375	10	Freddy
-23.039888381958008	-3.3009226322174072	1	bashing
22.4398250579834	-26.92738914489746	0	Theo
-14.005827903747559	-9.071409225463867	8	salute
15.689590454101562	13.881659507751465	6	mar
4.593544960021973	-8.82030963897705	0	Toro
-0.4478987157344818	-24.42315673828125	4	Hamlet
-6.920283317565918	-11.385351181030273	5	CFO
-27.20351219177246	10.281652450561523	3	Convenient
-12.345428466796875	1.737475872039795	8	COOL
-17.185344696044922	22.242830276489258	7	undefined
-30.893482208251953	5.430747032165527	3	logically
-0.08130737394094467	-23.583288192749023	4	Snoop
-14.048891067504883	25.491474151611328	7	pos
11.526114463806152	18.678573608398438	6	Vin
15.50320816040039	-23.84378433227539	10	Otis
11.2998685836792	16.714427947998047	6	mon
2.3398215770721436	-24.73275375366211	4	Mohamed
-2.983191728591919	-24.872976303100586	4	Dracula
-19.03352165222168	21.096817016601562	7	boolean
2.5511996746063232	-9.83867073059082	6	Sao
-36.04290771484375	8.64627742767334	3	Conclusion
-31.958078384399414	3.987621545791626	3	unanimous
-26.798282623291016	-8.690104484558105	1	contradiction
-11.080131530761719	-16.69304847717285	9	Ogden
13.17606258392334	-27.730121612548828	9	Wyatt
2.0181822776794434	-29.237680435180664	9	Pattinson
-0.7462071180343628	-25.53632354736328	4	Ulysses