x	y	cluster	word
43.476051330566406	3.2223904132843018	6	he
38.657772064208984	-3.312089204788208	6	his
44.075313568115234	2.7199974060058594	6	her
45.20685958862305	3.3551650047302246	6	she
43.80414962768555	-0.14414553344249725	6	him
44.92748260498047	2.062469244003296	6	man
44.05948257446289	1.0700275897979736	6	girl
41.56174850463867	-4.186923503875732	6	daughter
43.85873794555664	1.5192440748214722	6	boy
45.06034851074219	1.2986871004104614	6	female
38.06184768676758	-8.574892044067383	6	brother
37.8768310546875	-3.1501142978668213	6	sister
39.172489166259766	-5.485228061676025	6	asian
37.27660369873047	-9.632376670837402	6	french
38.13407516479492	-9.759320259094238	6	indian
39.6594123840332	-3.4852073192596436	6	chinese
39.56902313232422	-4.666195869445801	6	japanese
38.66011428833008	-9.065735816955566	6	german
38.747779846191406	-2.3274524211883545	6	hers
37.11521911621094	-10.799690246582031	6	italian
37.53959655761719	-9.057449340820312	6	british
37.52022171020508	-8.287361145019531	6	thai
39.02071762084961	-4.3939595222473145	6	korean
37.49869155883789	-12.764802932739258	6	australian
38.78638458251953	-13.971465110778809	6	filipino
38.07493209838867	-13.835576057434082	6	pakistani
38.06513977050781	-12.57789134979248	6	indonesian
-26.12688446044922	17.543964385986328	1	like
-31.27060317993164	18.424461364746094	2	would
-2.7532567977905273	11.05975341796875	7	This
-21.597461700439453	20.407039642333984	0	time
-43.41652297973633	12.087443351745605	2	get
-1.8073234558105469	10.860960006713867	7	also
-14.776878356933594	20.032564163208008	6	people
25.946691513061523	17.225488662719727	0	first
-12.094396591186523	11.961311340332031	1	said
-11.450794219970703	16.858901977539062	1	good
-49.32676315307617	5.840731143951416	10	see
-23.255277633666992	19.764251708984375	0	may
-31.83547019958496	18.888521194458008	2	could
-38.57149887084961	13.100187301635742	2	use
-20.20572280883789	14.139998435974121	7	way
-32.76596450805664	8.020965576171875	7	well
-37.41495895385742	11.60903549194336	1	think
18.34388542175293	15.334163665771484	7	For
-32.22996139526367	16.39458465576172	2	need
-31.805007934570312	8.136785507202148	7	really
-33.63863754272461	18.704526901245117	2	want
25.561870574951172	25.292001724243164	0	day
-15.388618469238281	13.180084228515625	7	right
-4.058191299438477	15.9172945022583	1	best
-33.841087341308594	17.904836654663086	2	made
-15.556233406066895	-22.890403747558594	10	views
-18.060874938964844	-6.40462064743042	2	find
-42.64176940917969	14.249465942382812	2	take
4.8309807777404785	-9.838611602783203	8	information
-12.148351669311523	-9.079048156738281	2	used
4.1633405685424805	16.80195426940918	1	love
-29.291776657104492	-14.656298637390137	9	home
-37.960384368896484	13.032661437988281	2	going
-31.65670394897461	14.73117446899414	2	help
17.81245231628418	22.141725540161133	5	free
-16.164262771606445	13.097795486450195	7	There
26.92929458618164	27.393760681152344	0	May
43.73611068725586	4.800563812255859	6	They
-33.21720504760742	4.048987865447998	7	around
25.702880859375	26.93312644958496	0	little
-49.76317596435547	6.379497528076172	10	look
-36.895660400390625	11.604596138000488	1	say
-44.315425872802734	12.136539459228516	2	got
17.594482421875	7.224586486816406	1	That
-6.2055745124816895	5.109013557434082	4	part
28.425180435180664	16.672121047973633	0	long
-36.68602752685547	5.348774433135986	4	things
9.808167457580566	-27.824901580810547	3	Posted
-29.68608283996582	-7.011164665222168	9	game
-23.603830337524414	12.617505073547363	7	With
-17.692564010620117	-3.972182035446167	2	available
-38.97426223754883	10.398604393005371	7	using
-33.318115234375	-6.507209300994873	9	place
-12.936029434204102	9.974672317504883	2	come
14.173524856567383	-17.291645050048828	9	site
1.1766111850738525	-15.63797664642334	8	online
-28.212371826171875	-2.6375722885131836	4	system
-23.7568359375	7.0279130935668945	7	found
27.846858978271484	22.835620880126953	0	days
-0.1954917311668396	7.562824726104736	3	next
-8.821625709533691	-0.6648188233375549	4	set
7.395052909851074	9.92823600769043	2	must
25.22796058654785	17.03351593017578	0	since
7.8413262367248535	-28.06364631652832	3	video
-0.6841737627983093	15.695056915283203	1	sure
-35.367191314697266	-2.272369861602783	9	lot
44.655792236328125	4.082507133483887	6	Your
-19.83308982849121	2.0608623027801514	8	service
29.154010772705078	16.28585433959961	0	three
22.6289005279541	12.58238410949707	7	including
-34.04458236694336	19.53248405456543	2	give
40.246726989746094	-2.855938196182251	6	She
-48.97663116455078	4.705804824829102	10	show
-6.273081302642822	20.451377868652344	6	family
-47.58809280395508	8.081520080566406	10	looking
-36.19990539550781	5.4967942237854	4	thing
-6.893458366394043	-29.493391036987305	3	post
6.169606685638428	11.73087215423584	1	might
26.30523109436035	24.996965408325195	0	week
-44.956024169921875	10.874886512756348	2	put
31.747777938842773	-12.363710403442383	3	reblogged
-8.214183807373047	-21.863113403320312	10	read
5.606044292449951	-7.424514293670654	8	company
-1.0017658472061157	-26.152921676635742	3	book
-29.52004051208496	-13.590771675109863	9	area
-22.52054214477539	11.707440376281738	7	full
-26.110130310058594	-11.255644798278809	9	page
-17.39727210998535	-4.638535976409912	2	keep
29.961742401123047	18.19834327697754	0	small
-27.605667114257812	17.696882247924805	1	feel
-17.68216323852539	3.4556355476379395	8	support
-7.225631237030029	12.082361221313477	1	real
26.744714736938477	25.73997688293457	0	times
-25.671274185180664	17.928085327148438	1	says
-28.63775062561035	-15.157257080078125	9	school
-13.680789947509766	-20.95808982849121	10	play
-22.030643463134766	-12.811935424804688	9	point
43.564144134521484	4.211546421051025	6	Our
-21.21253776550293	20.791555404663086	0	second
-1.2801673412322998	13.66555118560791	1	able
-40.63468933105469	4.2640275955200195	2	order
41.770790100097656	0.5669680833816528	6	children
-21.75714683532715	11.133780479431152	7	within
-34.086483001708984	9.37157917022705	7	though
28.497995376586914	23.852832794189453	0	months
-18.94853973388672	2.0419375896453857	8	services
-31.385379791259766	-7.186980724334717	9	car
23.899873733520508	-10.234371185302734	4	case
-40.68430709838867	14.875540733337402	2	getting
-37.24714660644531	15.766160011291504	2	provide
-30.383167266845703	-4.947985649108887	9	course
-7.8936686515808105	-26.712331771850586	3	list
10.107959747314453	-16.673717498779297	9	local
17.83756446838379	22.105453491210938	5	Free
-14.7534761428833	19.89018440246582	6	person
-41.52001190185547	10.605838775634766	2	let
-27.72269058227539	-4.212696552276611	4	line
-27.991024017333984	-10.63347339630127	9	website
26.638404846191406	16.92516326904297	0	least
-42.17243957519531	11.982336044311523	2	try
3.6504759788513184	2.377617835998535	4	quality
-11.827033042907715	3.6259655952453613	4	group
-31.865320205688477	-1.4951472282409668	8	care
1.8051846027374268	14.317041397094727	1	thought
-32.598114013671875	-10.548766136169434	9	side
-16.676868438720703	-5.784187316894531	2	call
-32.52524948120117	4.858046531677246	7	per
-30.88734245300293	-13.17182445526123	9	room
21.005449295043945	-0.9689797163009644	1	actually
-1.2224607467651367	-11.260835647583008	8	program
-22.984636306762695	-9.789776802062988	3	public
-17.595083236694336	1.5859997272491455	5	products
-36.94992446899414	8.877371788024902	7	following
-43.60838317871094	10.570836067199707	2	called
11.6527099609375	28.81692886352539	5	buy
9.232331275939941	27.612062454223633	5	price
9.210850715637207	-8.799643516540527	8	design
-19.121362686157227	13.0684232711792	7	far
-41.887638092041016	12.774558067321777	2	please
-20.40203094482422	8.451295852661133	7	include
-2.995255708694458	-1.3502938747406006	4	problem
-8.083324432373047	-11.513736724853516	8	open
14.86192512512207	22.104084014892578	5	food
-37.085289001464844	17.783214569091797	2	went
11.46196460723877	-15.671407699584961	9	house
-22.192785263061523	-0.2613223195075989	4	process
-12.153097152709961	-11.027294158935547	5	search
24.841835021972656	7.699635028839111	7	together
-29.64676284790039	18.944454193115234	2	came
-2.418065309524536	2.619070053100586	4	bit
32.308006286621094	16.218040466308594	0	October
-32.051551818847656	9.735186576843262	7	means
-16.52560043334961	-2.040868043899536	2	offer
30.808067321777344	16.563926696777344	0	November
-12.885085105895996	-22.935409545898438	10	view
20.238574981689453	5.3482255935668945	1	possible
-25.77872657775879	11.23979663848877	7	along
8.10250473022461	26.808469772338867	5	market
-10.219743728637695	15.745161056518555	1	fun
20.30022430419922	1.5376659631729126	1	believe
-24.016971588134766	17.45184898376465	1	nice
-9.905485153198242	15.454877853393555	1	pretty
23.49869728088379	-1.2102729082107544	1	Please
4.6472625732421875	26.49713134765625	5	product
-48.77662658691406	6.177420139312744	10	seen
-6.3397088050842285	-0.5027978420257568	4	form
-14.751791000366211	-3.4184153079986572	2	took
-9.114931106567383	-14.428032875061035	3	results
-4.528313159942627	-24.05691909790039	10	View
-2.6078567504882812	1.9499233961105347	4	points
2.1280078887939453	-7.172333240509033	8	students
-5.727681636810303	-13.470226287841797	8	games
-28.112154006958008	-14.17036247253418	9	Center
-11.764093399047852	-12.635787010192871	2	past
-46.52863311767578	6.653613567352295	2	tell
1.7136355638504028	2.839458703994751	4	level
2.891981601715088	-24.22011375427246	3	Comments
4.416055679321289	-6.894296169281006	8	government
-15.232686042785645	18.783605575561523	6	kind
-7.276158809661865	-8.10861873626709	2	comes
10.439873695373535	22.279621124267578	5	Price
-13.035833358764648	-18.906246185302734	10	check
41.03852462768555	4.228301525115967	6	hand
29.315597534179688	21.404613494873047	0	minutes
4.479609966278076	14.683490753173828	1	hope
-7.646618366241455	2.2620482444763184	4	type
20.791278839111328	12.1143798828125	7	whole
-2.074458122253418	15.934412002563477	1	probably
4.0608391761779785	-10.275586128234863	8	software
24.91787338256836	25.01190948486328	0	season
-30.707380294799805	6.545402526855469	7	everything
23.24260139465332	1.180894374847412	1	Thanks
7.308584690093994	-28.795133590698242	10	Read
24.58999252319336	19.397336959838867	0	four
-35.047489166259766	-5.670734405517578	9	community
-42.345333099365234	12.461161613464355	2	trying
16.291536331176758	-7.575981616973877	4	special
-3.4239840507507324	-27.131757736206055	3	review
-9.545693397521973	13.738794326782227	1	idea
-7.671530246734619	-30.047866821289062	3	posted
-40.01668167114258	4.9698944091796875	2	contact
-43.1082649230957	13.517837524414062	2	given
4.003284931182861	-17.897314071655273	5	Search
-24.63796615600586	2.7524850368499756	4	value
-1.8366737365722656	-6.37880802154541	6	phone
-21.29453468322754	15.448212623596191	7	quite
-19.557409286499023	11.544557571411133	7	near
1.7658051252365112	-21.07000160217285	3	download
-0.5931399464607239	5.507758617401123	7	current
11.567484855651855	30.44198226928711	5	pay
21.229223251342773	-14.249249458312988	8	research
-6.979485988616943	16.679418563842773	1	mind
-12.554556846618652	15.995346069335938	1	question
-5.51344633102417	20.53061294555664	6	personal
-6.287181377410889	-22.729185104370117	10	See
0.6557731628417969	-11.504473686218262	8	project
-1.777286410331726	-11.549579620361328	8	plan
18.576465606689453	-0.33429408073425293	2	told
-16.229084014892578	-2.392698287963867	2	offers
-19.171720504760742	13.930119514465332	7	almost
-11.351027488708496	-22.440059661865234	10	movie
-17.37738609313965	17.24220848083496	7	Some
-8.513636589050293	-28.22040557861328	3	link
28.188383102416992	23.45920181274414	0	month
-6.351070880889893	10.134722709655762	7	About
-25.506135940551758	-6.220552921295166	4	article
21.427711486816406	17.5626220703125	7	mean
24.73647117614746	22.522727966308594	0	size
-43.340667724609375	14.351155281066895	2	taking
-25.843971252441406	-2.3654963970184326	4	features
1.9497103691101074	-15.549635887145996	8	close
1.5536484718322754	16.822988510131836	1	beautiful
-49.19070053100586	6.928106784820557	10	looks
-33.37495803833008	0.10529903322458267	7	via
-14.792537689208984	-21.828155517578125	10	reading
-25.112842559814453	-3.159578323364258	4	series
-7.2130231857299805	-28.42074203491211	3	file
6.520773410797119	28.86139488220215	5	cost
10.85020637512207	5.825804710388184	1	seems
18.073081970214844	6.982723712921143	1	Why
-11.276785850524902	-20.037891387939453	10	visit
32.16209411621094	15.62597370147705	0	short
9.491618156433105	-17.563091278076172	9	front
12.938175201416016	-16.63092041015625	9	Park
-32.914546966552734	18.450002670288086	2	wanted
1.2145321369171143	0.5259659886360168	4	class
2.6744778156280518	-10.812641143798828	8	Services
20.131410598754883	-8.16974925994873	8	law
-29.658918380737305	14.742470741271973	2	coming
-34.0239143371582	9.660053253173828	7	whether
-10.083427429199219	-29.91026496887207	3	share
7.543544769287109	-20.22328758239746	8	Online
-1.808362603187561	14.458474159240723	1	perfect
28.668752670288086	22.638084411621094	0	weeks
-2.6179065704345703	-24.813871383666992	10	film
2.0390145778656006	-10.746587753295898	8	Service
30.028575897216797	15.239446640014648	0	low
20.18670082092285	-11.549453735351562	8	Windows
-35.06939697265625	17.14780616760254	2	taken
9.998842239379883	-28.880943298339844	3	Reply
15.506624221801758	4.606246471405029	1	reason
-26.62622833251953	-3.301475763320923	4	details
26.911800384521484	26.7806453704834	0	soon
-33.8851318359375	-5.427881717681885	9	party
-22.880220413208008	8.7565279006958	7	complete
40.98109817504883	-0.2783917486667633	6	child
12.562841415405273	-3.9068593978881836	8	International
-30.55944061279297	12.901491165161133	1	questions
-6.467182159423828	3.7647664546966553	4	range
9.835138320922852	29.324951171875	5	sale
21.02568244934082	16.926828384399414	7	rather
-30.40948486328125	-9.752218246459961	9	property
9.864977836608887	-27.955686569213867	3	Post
-28.739717483520508	-15.709603309631348	9	hotel
-7.834855079650879	17.257278442382812	1	friend
-27.03214454650879	-0.9557258486747742	4	issue
-16.66043472290039	15.354357719421387	7	Well
17.424409866333008	1.4547533988952637	1	understand
-39.15628433227539	14.05931282043457	2	due
34.94853210449219	-2.317631483078003	1	heart
7.7505950927734375	-12.784536361694336	8	office
41.623435974121094	0.8303062319755554	6	kids
8.075889587402344	-22.006723403930664	3	Web
42.27334213256836	5.4766459465026855	6	English
-15.591983795166016	-20.815397262573242	10	watch
31.3126163482666	18.303152084350586	0	Friday
-18.94775390625	16.92782974243164	7	simple
-6.931098937988281	7.0519232749938965	4	major
-24.11359214782715	-8.166319847106934	3	content
11.509511947631836	-9.40518569946289	8	training
7.0420918464660645	-11.32049560546875	8	building
18.98287010192871	0.3402474820613861	1	asked
41.460418701171875	3.416557788848877	6	couple
15.532143592834473	-13.40914535522461	8	industry
22.684492111206055	9.524304389953613	7	original
1.0110162496566772	-27.335622787475586	3	Page
24.39805793762207	18.553775787353516	0	five
17.775236129760742	6.151668548583984	1	Good
-21.50728988647461	8.519251823425293	7	includes
-5.5145745277404785	-13.054508209228516	8	study
25.273971557617188	27.2071590423584	0	half
-49.12967300415039	3.5301308631896973	10	shows
-35.43545150756836	-4.831379413604736	9	space
-2.1924092769622803	-26.071746826171875	3	photos
-42.79650115966797	7.307753086090088	2	present
-9.513925552368164	17.03585433959961	1	happy
-6.114225387573242	1.0859684944152832	4	matter
-5.017196178436279	-18.80767059326172	10	turn
-7.611823081970215	-13.564010620117188	4	performance
9.48930835723877	-25.114805221557617	3	media
-3.4155430793762207	11.748871803283691	7	simply
-2.9194304943084717	-16.855579376220703	9	stay
-42.19073486328125	2.868014335632324	5	deal
-32.278602600097656	-0.5540891885757446	7	living
-6.109244346618652	1.740738868713379	4	style
-36.79197692871094	15.079713821411133	2	provided
-35.89640808105469	13.6608304977417	2	ask
-33.785465240478516	3.254424571990967	7	main
4.193581581115723	10.626806259155273	1	enjoy
-13.681365013122559	-3.504441976547241	2	bring
16.74872398376465	-25.936723709106445	3	Download
-24.619319915771484	11.612114906311035	7	upon
-29.407936096191406	18.158981323242188	2	Are
-14.190176963806152	-20.76775360107422	10	playing
-3.625088691711426	3.5933315753936768	4	rate
36.1225700378418	-8.373392105102539	6	San
8.475662231445312	-21.12525177001953	3	Google
16.954225540161133	-3.006418466567993	10	saw
12.604464530944824	21.012313842773438	8	insurance
-7.012906074523926	-21.101463317871094	10	sound
-5.320785999298096	-0.2477579414844513	4	code
-42.76955795288086	14.895919799804688	2	takes
-14.765024185180664	-19.41630744934082	10	talk
-21.208030700683594	13.719439506530762	7	While
-26.184972763061523	1.1487609148025513	4	stuff
7.4748101234436035	8.8251314163208	2	cannot
-16.976558685302734	11.974449157714844	7	however
-17.240751266479492	14.598722457885742	7	related
-9.367218971252441	-3.498542308807373	1	win
12.586396217346191	-27.625934600830078	3	Review
-9.045661926269531	-21.84742546081543	10	Click
20.50098419189453	10.578121185302734	7	various
-25.268157958984375	11.871190071105957	7	among
-18.39052391052246	16.46531867980957	7	usually
-29.666975021362305	16.474802017211914	2	meet
-23.23705291748047	1.5627843141555786	4	parts
42.08784103393555	1.8156802654266357	6	guys
25.205461502075195	9.44279670715332	7	behind
-9.729811668395996	-14.006518363952637	4	result
7.913804054260254	26.060373306274414	5	store
-28.33951759338379	-13.478739738464355	9	areas
-3.4874913692474365	-4.222239971160889	4	position
-10.149953842163086	-11.322591781616211	2	return
-28.18915367126465	-12.970820426940918	9	field
-40.736812591552734	6.212517261505127	1	interest
42.8057861328125	2.2702298164367676	6	guy
-31.45282745361328	17.09084129333496	2	hit
32.63684844970703	13.539620399475098	0	longer
-23.93846321105957	1.2865556478500366	4	items
19.877033233642578	11.336932182312012	7	total
23.776823043823242	15.521441459655762	0	percent
10.190217971801758	26.925508499145508	5	prices
-3.995084762573242	13.690620422363281	1	wrong
-15.382230758666992	-17.12177085876465	3	message
-32.22834014892578	-2.990633010864258	9	rest
-15.783720970153809	-22.355558395385742	10	picture
-30.213443756103516	11.035438537597656	1	cause
16.289234161376953	10.970968246459961	4	general
-12.231348037719727	-10.063261985778809	2	drive
-0.868464469909668	10.353780746459961	7	clear
7.592880725860596	-16.90313720703125	7	outside
-46.76670455932617	5.073598384857178	10	click
-5.953490257263184	5.073287487030029	4	Part
8.828032493591309	-24.66522789001465	3	paper
-38.89920425415039	14.881040573120117	2	shall
-11.356847763061523	-10.263989448547363	2	held
-32.39540100097656	-8.990531921386719	7	inside
8.317192077636719	-17.529691696166992	9	located
11.62657356262207	29.21266746520996	5	Buy
-8.694111824035645	9.037723541259766	9	private
-41.1345329284668	8.713760375976562	7	currently
26.500301361083984	14.659026145935059	0	morning
-22.2125301361084	16.489898681640625	7	similar
21.391939163208008	3.8960182666778564	1	maybe
21.15557289123535	-4.794248104095459	8	designed
16.489355087280273	-2.578761339187622	10	heard
9.500521659851074	-20.020057678222656	9	internet
-4.666504383087158	-21.545717239379883	10	hear
-1.2589086294174194	-10.650115013122559	8	application
22.511653900146484	5.222509384155273	1	certain
-1.1291067600250244	-14.347664833068848	8	cover
-2.1274473667144775	-1.6569950580596924	4	rights
0.6017197966575623	-8.251730918884277	8	staff
26.464920043945312	9.736226081848145	7	Full
24.912710189819336	24.439014434814453	0	period
9.769585609436035	30.224220275878906	5	sales
6.896622657775879	8.512017250061035	2	Can
28.83637237548828	18.03966522216797	0	third
-11.353893280029297	-23.006303787231445	3	pictures
19.025068283081055	11.45284652709961	7	common
-26.829452514648438	-1.8094074726104736	4	subject
-1.410962462425232	15.727919578552246	1	likely
3.7122385501861572	11.904664039611816	1	saying
-28.209928512573242	-9.6054105758667	9	sites
-8.729533195495605	-16.43305778503418	3	written
2.288379430770874	-22.69285011291504	3	source
-9.000323295593262	-6.388138771057129	2	received
-11.659236907958984	-13.864961624145508	7	continue
-30.726194381713867	15.228014945983887	2	ready
-19.40481948852539	3.2736358642578125	8	customers
-10.067992210388184	12.727032661437988	1	sense
-31.19651222229004	8.550485610961914	1	interesting
-20.604671478271484	21.32726287841797	0	recent
-33.58219909667969	5.997619152069092	7	forward
15.943333625793457	7.739324569702148	1	popular
-3.4911513328552246	-27.456518173217773	3	reviews
-34.82322692871094	4.871025562286377	7	ways
28.563905715942383	-8.57331657409668	5	oil
-39.56584548950195	9.016770362854004	7	instead
-5.620176792144775	-14.741170883178711	8	players
16.651142120361328	10.84728717803955	4	General
28.182235717773438	14.431452751159668	0	recently
0.15517789125442505	15.281837463378906	1	thanks
27.587141036987305	26.984128952026367	0	late
7.414499759674072	-3.79370379447937	8	financial
0.4905618727207184	16.3447322845459	1	cool
-23.337160110473633	8.258515357971191	7	included
25.160388946533203	-9.499712944030762	8	treatment
-26.232362747192383	16.623291015625	1	Thank
-14.269176483154297	-5.498892784118652	2	send
-46.412879943847656	2.9058401584625244	3	write
40.85223388671875	1.1788733005523682	6	baby
17.023462295532227	-0.7152571678161621	10	seem
-7.831943511962891	-22.67629623413086	10	Show
-9.935708999633789	1.23335599899292	4	section
-33.04507064819336	17.373462677001953	2	choose
2.190443515777588	14.054743766784668	1	thinking
-32.9174919128418	14.412332534790039	2	choice
-36.22100067138672	9.13705825805664	7	according
-19.58131217956543	-9.021164894104004	9	travel
-28.01666831970215	19.459564208984375	1	wish
37.90456008911133	-14.426368713378906	6	China
24.58677101135254	15.048582077026367	0	fine
-30.2470645904541	-12.416013717651367	9	center
-34.785911560058594	16.342124938964844	2	allow
6.487124443054199	11.260201454162598	2	wait
18.880878448486328	2.7061328887939453	1	chance
-33.49103927612305	5.045576572418213	7	final
12.18639087677002	1.5246491432189941	1	answer
-9.8257474899292	-20.99113655090332	10	played
-11.8900728225708	12.687918663024902	1	likes
-31.227819442749023	5.63076639175415	7	worth
17.573165893554688	-14.230934143066406	4	Department
-0.09162154793739319	-11.512653350830078	8	programs
11.020424842834473	-25.10458755493164	3	release
14.559309005737305	-14.454460144042969	8	Office
-21.627458572387695	-13.842789649963379	9	box
4.332940101623535	-0.477973997592926	4	material
5.639315128326416	28.83553123474121	5	tax
-26.259082794189453	-14.619083404541016	9	location
-28.71234130859375	3.146629810333252	4	specific
-4.524478435516357	-11.799581527709961	8	meeting
25.168127059936523	8.834466934204102	7	entire
28.626399993896484	-2.565444231033325	1	Real
41.51304244995117	-1.7085684537887573	6	girls
-28.83498191833496	-10.961947441101074	9	board
19.432865142822266	9.840095520019531	4	particular
11.31563663482666	-3.174490213394165	8	medical
-25.29606056213379	-0.3173803687095642	4	term
-13.458921432495117	-4.501812934875488	2	receive
10.26240348815918	25.160606384277344	5	marketing
-18.589202880859375	-4.961024761199951	2	hold
9.125618934631348	-25.558008193969727	3	Book
18.331518173217773	0.9086160659790039	1	tried
-36.24677276611328	0.85080486536026	4	table
5.223262786865234	-11.842829704284668	8	build
-12.166762351989746	-14.075778007507324	3	follow
25.201040267944336	6.976007461547852	7	easily
14.078834533691406	25.66625213623047	5	loss
13.180262565612793	-8.95888900756836	8	Design
6.357513904571533	30.35282325744629	5	cheap
-5.823945999145508	-28.974233627319336	3	files
-19.883224487304688	0.34416455030441284	2	options
12.326266288757324	-27.39117431640625	3	Reviews
7.376684188842773	-16.869335174560547	7	wide
1.8266557455062866	1.647580623626709	4	standard
-35.76446533203125	18.264781951904297	2	Have
28.146286010742188	12.661139488220215	3	Next
5.154025077819824	9.41447925567627	1	opportunity
22.7594051361084	-3.0404231548309326	1	decided
11.738275527954102	-1.9978013038635254	8	lives
-27.1987361907959	-8.184735298156738	3	pages
38.82757568359375	0.450703501701355	6	parents
-24.98065948486328	0.07672537863254547	4	terms
-9.66782283782959	-9.412660598754883	2	collection
12.159006118774414	-3.9593324661254883	8	international
-7.4021477699279785	-0.6209281086921692	4	method
0.013047450222074986	-0.06226338818669319	4	piece
-21.361825942993164	0.5989482998847961	8	practice
-27.006103515625	-4.827678203582764	4	title
-40.781715393066406	12.3167085647583	2	Use
21.27665138244629	-14.557042121887207	8	Research
10.469353675842285	-8.787149429321289	8	policy
-31.643428802490234	-8.117813110351562	9	door
-17.50192642211914	-1.251081943511963	5	purchase
40.09280776977539	1.0356857776641846	6	wife
-8.818135261535645	-28.974443435668945	3	links
13.22574520111084	-26.523893356323242	3	DVD
9.585074424743652	26.122331619262695	5	stock
-31.36031723022461	14.32925796508789	1	interested
30.074926376342773	13.499896049499512	0	quickly
37.90886306762695	-0.158089280128479	6	Phone
22.65548324584961	18.4664306640625	0	sometimes
2.2839863300323486	1.014523983001709	4	System
22.67717933654785	12.065634727478027	7	throughout
-15.064550399780273	-23.55030059814453	3	videos
-32.469154357910156	0.44870102405548096	7	starting
19.438735961914062	22.043237686157227	0	lower
0.4312063455581665	1.530549168586731	4	groups
-4.484372615814209	-20.20404815673828	10	looked
16.72258186340332	0.12333997339010239	1	talking
22.965618133544922	3.0801539421081543	1	wonderful
26.314416885375977	6.109300136566162	7	completely
-7.97574520111084	8.058444023132324	4	political
37.53083038330078	-4.886298179626465	6	dog
-21.943737030029297	19.759157180786133	0	moment
-14.916234970092773	-6.274523735046387	2	sent
36.472412109375	-16.204992294311523	9	land
0.6101782321929932	-4.186245918273926	4	Game
33.45759582519531	15.276834487915039	0	Jun
15.770315170288086	2.3331425189971924	7	involved
-28.762914657592773	-5.074382305145264	4	band
-0.23739561438560486	7.786296844482422	7	finally
-24.298561096191406	-8.527427673339844	8	info
-6.1217942237854	-20.126140594482422	10	Check
-23.67318344116211	5.476166725158691	2	built
-11.529632568359375	14.33036994934082	1	felt
-3.3992059230804443	-24.160341262817383	10	screen
1.6689136028289795	-7.010050296783447	8	student
-39.65142059326172	4.245043754577637	4	fit
6.406981468200684	8.955294609069824	2	wants
32.50349807739258	15.268936157226562	0	Oct
0.21614710986614227	-3.3932042121887207	4	language
-30.585121154785156	11.147978782653809	1	potential
-27.89361000061035	-0.4913769066333771	4	device
17.252609252929688	-18.13448143005371	3	Board
-0.2618177533149719	-7.118574619293213	8	customer
6.467538356781006	-0.491283655166626	4	Product
-7.46724271774292	-29.28392791748047	3	posts
-15.86236572265625	-10.032256126403809	2	fall
16.591026306152344	-25.968570709228516	3	Media
15.939997673034668	-7.23914909362793	4	variety
-37.40320587158203	2.053389072418213	4	cases
-27.410663604736328	18.390493392944336	1	guess
-34.260860443115234	16.30024528503418	2	allows
15.94832706451416	-0.31473731994628906	2	turned
26.803831100463867	18.902372360229492	0	Nov
3.8077950477600098	-11.305039405822754	8	plans
9.384440422058105	-26.68636703491211	3	published
0.7359169721603394	11.22460651397705	7	leading
-24.93543815612793	-1.7179069519042969	4	types
11.403135299682617	0.9502083659172058	8	response
12.382821083068848	21.584529876708984	5	costs
26.920991897583008	-5.4438371658325195	8	began
-4.5770416259765625	-10.672881126403809	8	focus
-38.662147521972656	11.904305458068848	2	consider
16.322307586669922	-8.15378475189209	4	levels
25.4453067779541	21.61103057861328	0	daily
4.432985782623291	10.918122291564941	1	happen
-16.968597412109375	2.2348480224609375	8	resources
22.26688575744629	21.378570556640625	0	weekend
21.566781997680664	7.24738073348999	7	exactly
32.66386032104492	-6.528514862060547	6	wedding
-8.444294929504395	1.4001353979110718	4	feature
10.665729522705078	30.15244483947754	5	sell
8.26784896850586	9.199642181396484	2	brought
-29.435590744018555	-12.376299858093262	9	ground
21.5986385345459	-13.801785469055176	8	Software
28.619840621948242	-6.815443515777588	1	pain
-22.52972412109375	12.858893394470215	7	plus
14.963335037231445	-8.545578956604004	4	Set
1.2715950012207031	-23.542522430419922	3	Public
-5.64269495010376	-29.876953125	3	Posts
41.47659683227539	-3.531508684158325	6	Man
10.90861988067627	-24.97737693786621	3	released
-2.9210073947906494	3.7450311183929443	4	rates
2.614640235900879	-1.708038091659546	4	Series
-31.975833892822266	-5.957985877990723	9	court
-11.451178550720215	4.017186164855957	4	character
-6.305464744567871	-19.61287498474121	10	voice
11.566872596740723	-8.214485168457031	8	solution
27.116954803466797	-9.875978469848633	8	police
26.735403060913086	8.373062133789062	7	directly
-35.04644775390625	3.5865437984466553	7	round
-38.56239700317383	3.0106632709503174	4	item
7.044521331787109	-8.37057876586914	8	patients
-8.473426818847656	-22.60402488708496	10	shown
-9.876974105834961	-30.05463218688965	3	Press
-41.7940559387207	4.514156341552734	2	option
0.9906829595565796	-11.239986419677734	8	projects
-40.467620849609375	7.071780204772949	7	moving
-33.381065368652344	-5.933561325073242	9	places
-2.8553271293640137	-0.8685768246650696	4	situation
31.380935668945312	17.18227195739746	0	Sep
17.081533432006836	-9.355977058410645	4	numbers
24.077922821044922	4.890238285064697	1	definitely
10.135689735412598	-5.818484306335449	8	providing
-21.487743377685547	-15.07682991027832	9	stand
-17.2459774017334	-2.388188362121582	5	paid
-48.90211868286133	3.635484457015991	10	display
1.7642097473144531	13.641430854797363	1	feeling
11.901788711547852	-17.83306312561035	9	floor
14.555547714233398	26.52303695678711	5	gift
17.156173706054688	-9.917986869812012	4	Size
6.040910243988037	-6.07847785949707	8	legal
26.326284408569336	14.280004501342773	0	modern
-19.277997970581055	-6.2254109382629395	2	pick
-11.469468116760254	-21.289642333984375	10	camera
-9.891350746154785	-22.590118408203125	10	Watch
-11.33031177520752	-17.59453010559082	10	guide
34.22061538696289	-13.041640281677246	1	yes
-12.284675598144531	-5.8607258796691895	2	eat
31.946914672851562	-12.156493186950684	3	lyrics
25.22008514404297	-11.371455192565918	8	Microsoft
23.30229377746582	-8.697638511657715	8	safety
33.208465576171875	15.801568031311035	0	Jul
-14.014875411987305	-12.197166442871094	2	pass
-25.4361572265625	-16.016849517822266	9	estate
-23.701473236083984	4.8252339363098145	1	goal
-23.792238235473633	14.872509956359863	7	gone
3.6143710613250732	-23.109968185424805	3	Source
-35.31235885620117	-1.966935634613037	0	lots
29.042585372924805	13.642760276794434	0	limited
-5.906092166900635	-14.456230163574219	8	cards
-2.6393301486968994	-6.494059085845947	6	fans
-39.7236328125	12.40893840789795	2	expected
-0.8883380889892578	16.545570373535156	1	awesome
6.33465051651001	-26.214595794677734	3	List
-16.865129470825195	-3.0303051471710205	2	spent
22.4301815032959	5.516395568847656	1	certainly
-23.1550235748291	-15.921929359436035	9	Court
1.8182162046432495	11.657544136047363	1	considered
22.387361526489258	-9.343511581420898	8	planning
14.929880142211914	24.36981201171875	5	spend
-7.87174654006958	-6.800655841827393	2	claim
5.690657615661621	-8.670377731323242	8	Games
-41.67799758911133	4.398453712463379	2	charge
19.694562911987305	-1.7961686849594116	2	approach
-18.50551986694336	-15.85272216796875	10	lines
22.029512405395508	2.067945957183838	1	lol
29.523212432861328	14.75045394897461	0	quick
5.585211753845215	-1.724763035774231	4	brand
23.832233428955078	6.412062168121338	7	highly
0.04692681133747101	-10.642679214477539	8	applications
7.557144641876221	-11.09140682220459	8	schools
20.533281326293945	9.555194854736328	7	beginning
-37.51737594604492	2.7018043994903564	4	match
-34.01640701293945	-4.4861836433410645	9	homes
-34.36690902709961	12.545910835266113	2	uses
1.1238576173782349	3.281471014022827	4	unit
-14.491230010986328	-2.962002992630005	2	Take
19.255035400390625	0.9526048302650452	1	happened
-23.084360122680664	10.073668479919434	7	FOR
43.15116882324219	-1.2449727058410645	6	Her
16.28932762145996	-17.780073165893555	9	Site
7.693053722381592	27.696434020996094	5	shop
-1.4205645322799683	11.968531608581543	7	fully
-1.8215734958648682	-25.725406646728516	3	movies
-0.7873440384864807	-10.653886795043945	8	Program
1.1490217447280884	-27.372133255004883	3	Forum
-6.453349590301514	6.124227523803711	0	regular
7.050512313842773	10.42943000793457	2	dont
-12.776086807250977	-7.960779666900635	2	Call
2.2227468490600586	-3.2168757915496826	4	Guide
-4.397591590881348	3.035149097442627	4	sort
23.43433380126953	-4.543778419494629	8	improve
-16.614864349365234	17.39516258239746	7	Its
-18.931884765625	3.144526958465576	8	clients
-31.498764038085938	19.128677368164062	2	expect
36.88017272949219	-13.690431594848633	6	Australia
-51.11439514160156	7.712778091430664	10	sounds
19.008344650268555	10.183880805969238	4	normal
36.54638671875	-3.6104025840759277	6	fan
-9.626800537109375	-10.382330894470215	2	Bill
12.415882110595703	2.573669672012329	1	advice
17.151941299438477	5.078718185424805	1	loved
21.0224666595459	-13.438126564025879	8	Project
12.990087509155273	27.645740509033203	5	bought
-42.3316764831543	2.639176845550537	5	trade
-7.261214733123779	9.614651679992676	7	global
-0.9446216225624084	4.532464981079102	4	pressure
18.880535125732422	14.543204307556152	7	towards
-18.271005630493164	-7.702512264251709	1	fight
10.772706985473633	-16.532623291015625	9	rooms
3.0051159858703613	-15.855939865112305	8	Open
5.789164066314697	-0.8412512540817261	4	materials
7.185174465179443	-9.490007400512695	8	Council
-5.206152439117432	-29.22356605529785	3	articles
29.01223373413086	6.650931358337402	7	nearly
-21.769254684448242	1.5977057218551636	4	tool
3.7671680450439453	-14.777929306030273	2	direct
3.898916006088257	-1.946696162223816	4	Description
3.7436318397521973	-6.089751243591309	8	Care
-31.647769927978516	0.020726600661873817	7	com
22.201406478881836	-5.6093668937683105	8	developed
-19.452241897583008	-14.361470222473145	3	channel
17.568065643310547	-12.685894966125488	4	Category
34.943721771240234	-14.85732650756836	9	Valley
-15.2087984085083	-7.7193098068237305	2	request
-17.165189743041992	14.874051094055176	7	Related
-26.971677780151367	15.87114429473877	1	thank
30.954103469848633	12.908757209777832	0	fresh
30.54945182800293	-6.958895683288574	9	ball
-5.2186737060546875	-21.474048614501953	10	watching
-28.836688995361328	3.4286625385284424	7	basic
11.496198654174805	-18.021543502807617	9	Bay
-32.41069412231445	-10.956732749938965	9	bottom
7.279864311218262	-12.096299171447754	8	server
1.6368755102157593	-21.554452896118164	3	copy
-5.9317121505737305	-0.7679145932197571	4	rules
-24.28488540649414	16.282184600830078	1	perhaps
2.584683895111084	-2.7292609214782715	4	Code
41.95474624633789	4.611277103424072	6	whose
26.79632568359375	21.381017684936523	0	Times
-10.98582649230957	-29.8686466217041	3	listed
29.584989547729492	-1.2277472019195557	1	funny
-2.2368123531341553	18.555435180664062	7	Very
8.579296112060547	24.9982852935791	5	Shop
-22.396276473999023	2.2030887603759766	4	drug
37.048912048339844	-15.111523628234863	8	military
-6.802499771118164	7.693794250488281	7	traditional
-37.01817321777344	12.642231941223145	2	touch
10.866087913513184	29.386917114257812	5	sold
8.23457145690918	-13.732175827026367	9	commercial
-35.49005889892578	15.672052383422852	2	allowed
-14.24106502532959	-7.909681797027588	2	apply
11.730984687805176	-16.83416748046875	9	region
0.8396219611167908	17.88511085510254	1	truly
-22.299619674682617	-16.532623291015625	9	window
-10.948029518127441	-5.65781307220459	2	offered
27.60000228881836	-5.878308296203613	8	growing
-27.534460067749023	-15.462645530700684	9	wall
-40.17117691040039	13.467011451721191	2	require
6.572187900543213	29.99476432800293	5	cash
27.745576858520508	17.714637756347656	0	middle
-4.228747367858887	-26.802494049072266	3	reported
-42.45928955078125	10.706353187561035	2	met
-46.04084014892578	2.5402393341064453	3	press
10.155966758728027	-18.37888526916504	9	surface
28.98527717590332	16.927270889282227	0	Long
-31.146724700927734	-6.602964878082275	9	vehicle
-12.567159652709961	10.4336519241333	2	led
7.001067638397217	-27.289344787597656	3	Views
-30.81694793701172	7.0285725593566895	7	whatever
-50.145084381103516	5.627850532531738	10	seeing
-15.141853332519531	-8.045734405517578	2	recommend
25.67641258239746	10.491540908813477	7	Over
5.634170055389404	-11.024452209472656	8	construction
8.275848388671875	28.30173683166504	5	shopping
35.54446792602539	-15.637269020080566	9	hotels
21.442974090576172	4.043020248413086	1	Maybe
-39.39444351196289	5.3968424797058105	7	finish
-9.336487770080566	-8.75035285949707	4	selection
-13.555593490600586	-10.123697280883789	2	waiting
18.821990966796875	5.359164237976074	1	useful
-37.16764831542969	3.4826865196228027	4	figure
38.077152252197266	-4.250117301940918	6	husband
24.287342071533203	-5.436848163604736	2	announced
30.382165908813477	17.50538444519043	0	Little
38.04444885253906	-1.8290908336639404	6	Los
21.323501586914062	-3.8542609214782715	1	benefit
-16.67328453063965	-21.15432357788086	10	showing
13.096663475036621	-6.662777900695801	4	purpose
26.934616088867188	11.712182998657227	7	earlier
13.237524032592773	23.317562103271484	8	loan
29.708757400512695	20.139183044433594	0	seconds
40.648895263671875	-3.613839864730835	6	Chinese
4.062932968139648	-0.028963807970285416	4	Item
26.150224685668945	-9.32266616821289	4	disease
27.539466857910156	-4.237947463989258	1	reasons
-15.525609016418457	-9.708261489868164	1	tips
-15.966385841369629	0.7899907231330872	5	supply
21.71854591369629	10.199403762817383	7	straight
-4.829329967498779	-10.009955406188965	8	develop
-0.18499986827373505	18.437114715576172	7	Super
-38.023616790771484	0.1192910298705101	4	basis
38.92672348022461	-10.600188255310059	6	Indian
-4.104812145233154	-3.568263530731201	4	setting
2.2392587661743164	-14.1480131149292	8	finished
14.948108673095703	24.497705459594727	5	lose
24.145980834960938	2.2670133113861084	1	sweet
28.008594512939453	-3.9287054538726807	1	Welcome
-17.757532119750977	13.270419120788574	7	particularly
19.14376449584961	4.454601764678955	1	helpful
-25.90043067932129	-5.334198474884033	4	profile
12.65414047241211	-18.843244552612305	9	Local
-10.950387001037598	-6.1699395179748535	2	offering
5.481551647186279	27.835140228271484	5	budget
0.6735429167747498	-1.504937767982483	4	characters
10.753673553466797	23.378520965576172	5	Marketing
17.461164474487305	-15.085347175598145	9	District
-9.415010452270508	-4.16580867767334	2	kept
25.278141021728516	-7.468925952911377	1	opinion
-16.180524826049805	-6.066592216491699	2	calls
-20.593034744262695	11.653368949890137	7	Under
14.382620811462402	-18.866174697875977	9	pool
0.041758812963962555	-14.445984840393066	8	opening
10.598621368408203	-25.874656677246094	3	print
-5.704665660858154	-1.2637273073196411	4	statement
14.161128044128418	-0.008771048858761787	2	speak
11.85495662689209	24.2548828125	5	delivery
-22.115297317504883	-14.401451110839844	9	tour
-5.626801490783691	-16.716209411621094	3	button
-31.651371002197266	4.2799811363220215	7	overall
36.24672317504883	-14.44184684753418	3	Lyrics
29.624027252197266	4.888453960418701	7	immediately
30.662282943725586	-8.682639122009277	9	kitchen
35.88914108276367	-0.3534610867500305	6	individuals
11.856219291687012	27.936878204345703	5	buying
29.037771224975586	-10.399955749511719	5	economy
-4.080464839935303	11.142509460449219	7	regarding
34.35936737060547	-5.3636298179626465	6	fish
8.653329849243164	23.66895294189453	5	storage
-8.734075546264648	14.563139915466309	1	respect
9.705337524414062	-14.827438354492188	9	holiday
20.060455322265625	10.533026695251465	7	generally
21.052444458007812	-1.8692682981491089	1	understanding
8.642481803894043	-26.26160430908203	3	File
8.540914535522461	-23.353872299194336	3	Box
22.065488815307617	-5.154818058013916	8	responsible
0.5970057845115662	-7.700191497802734	8	client
-33.90290069580078	-3.845764636993408	9	enter
13.115499496459961	1.261982798576355	2	served
2.7289488315582275	-24.780672073364258	3	Share
31.049060821533203	-8.430639266967773	9	beach
1.6664535999298096	10.126935005187988	1	correct
-16.992952346801758	-7.946256637573242	2	finding
-48.054962158203125	6.14149808883667	10	appear
-4.959965705871582	11.780426025390625	7	Pro
-13.475287437438965	-18.813751220703125	10	notice
28.597951889038086	6.240021228790283	7	extremely
-19.86798095703125	8.536758422851562	7	contains
23.803735733032227	-8.898580551147461	8	solutions
-12.981694221496582	-8.925448417663574	2	passed
5.045219421386719	-0.9015989303588867	4	Parts
-4.999235153198242	12.259620666503906	7	appropriate
-11.304168701171875	-7.618192672729492	2	serve
27.89143943786621	-0.4878259003162384	1	comfortable
13.914643287658691	-18.3907413482666	9	Room
-36.56801986694336	1.828202247619629	4	discussion
24.34528350830078	5.204885482788086	1	totally
36.70683670043945	-11.62182903289795	6	Wedding
-28.706724166870117	-1.3916401863098145	4	topic
-26.865034103393555	-10.610649108886719	9	forum
21.026201248168945	1.5119985342025757	1	wonder
-11.549365043640137	-7.164355278015137	2	produce
-39.020721435546875	2.0875296592712402	4	package
13.526872634887695	-25.589763641357422	3	Library
6.166956424713135	27.358396530151367	5	investment
27.257171630859375	-7.361377239227295	5	debt
24.84263038635254	-9.002598762512207	8	protection
-19.82649040222168	-9.355756759643555	9	bag
-26.39388084411621	-3.747606039047241	4	reference
8.292973518371582	-6.9194560050964355	8	Support
-3.818554162979126	-11.723470687866211	8	conference
-2.1303558349609375	-24.81377601623535	3	Movie
37.877540588378906	-11.26909065246582	6	Japan
18.479116439819336	1.7578439712524414	1	happens
-27.77303695678711	-2.0570855140686035	4	structure
1.0916069746017456	1.5115482807159424	4	population
27.513195037841797	25.042320251464844	0	minute
24.7448787689209	-6.256297588348389	2	bill
-36.15715026855469	9.869028091430664	7	mentioned
24.528690338134766	-2.59912109375	7	followed
15.949336051940918	24.604215621948242	5	drop
17.37078094482422	2.6986496448516846	7	compared
-4.375947952270508	2.2566978931427	4	pieces
-19.410707473754883	0.4783908426761627	2	contract
-36.1089973449707	16.59063720703125	2	carry
42.65231704711914	4.45273494720459	6	Their
-7.339629173278809	14.108595848083496	1	welcome
36.342735290527344	-9.491183280944824	6	Western
23.986961364746094	-10.985361099243164	8	Committee
-24.212461471557617	-15.950591087341309	9	football
27.908611297607422	-8.14234447479248	5	fashion
-5.174414157867432	10.453707695007324	7	Right
36.17898178100586	-13.17717170715332	6	Grand
2.064389228820801	-0.5527957677841187	4	Type
35.2491455078125	-13.10316276550293	0	century
4.924160003662109	-5.573423862457275	8	firm
-20.83946990966797	12.199859619140625	7	During
10.109715461730957	22.89234733581543	5	Market
-22.843351364135742	-13.5346040725708	9	spot
-9.076896667480469	-27.702255249023438	3	thread
-11.08974552154541	-9.238170623779297	2	protect
10.217570304870605	29.8645076751709	5	selling
20.69025421142578	-7.723351955413818	8	studies
-29.943748474121094	-15.425277709960938	9	park
23.092390060424805	-12.006024360656738	8	Policy
17.507991790771484	23.95063591003418	0	reduce
-23.6837215423584	-0.6708335876464844	4	methods
-7.9879961013793945	-17.52933120727539	3	reply
34.632808685302734	-11.79202651977539	0	billion
25.417587280273438	5.0700531005859375	1	absolutely
29.515945434570312	-1.321325659751892	1	cute
-22.803529739379883	2.891740560531616	4	custom
-3.785008668899536	-16.764036178588867	2	ride
17.050918579101562	6.256135940551758	1	sorry
-24.655336380004883	-7.08017635345459	3	sources
12.136987686157227	-9.449814796447754	8	Training
10.204178810119629	21.954313278198242	5	Stock
25.225431442260742	-5.687349319458008	2	produced
27.89336585998535	-9.225591659545898	5	dress
3.6567161083221436	-7.295353889465332	8	patient
12.885496139526367	-12.08168888092041	8	facilities
-6.737551212310791	0.490596741437912	4	values
3.6847894191741943	-8.409467697143555	8	windows
4.640562534332275	17.60614585876465	1	friendly
13.965989112854004	-16.54102325439453	9	station
13.211661338806152	-17.508935928344727	9	restaurant
-2.7803051471710205	0.03308357298374176	4	direction
28.297006607055664	16.088991165161133	0	seven
-30.456003189086914	18.04639434814453	2	forget
25.888593673706055	-2.847808599472046	3	Tagged
3.8629417419433594	-15.448318481445312	8	covered
-3.395838975906372	10.355195999145508	7	otherwise
35.037845611572266	-14.50151538848877	9	Golf
32.053993225097656	13.337024688720703	0	yesterday
-9.86161994934082	-21.022340774536133	10	listen
11.022290229797363	24.591167449951172	5	shipping
-36.1331901550293	8.824267387390137	7	According
21.601600646972656	-6.966122627258301	8	interview
38.55713653564453	-11.988999366760254	6	German
17.396909713745117	10.85159969329834	7	primary
11.611196517944336	-28.61876106262207	3	Rating
-15.802462577819824	-19.963172912597656	10	Look
-1.3489714860916138	-6.562771320343018	8	doctor
28.890953063964844	-3.990563154220581	1	thoughts
11.587931632995605	-23.988513946533203	2	Send
-38.65039825439453	6.238592147827148	7	sharing
-34.176448822021484	13.124988555908203	2	handle
28.88542366027832	18.752588272094727	0	Daily
28.11799430847168	5.114158630371094	7	therefore
25.243820190429688	18.463375091552734	0	ten
16.792448043823242	-1.839917540550232	10	appears
-40.739830017089844	13.416572570800781	2	requires
18.157880783081055	-1.440505862236023	1	seemed
-0.6588181853294373	1.5476107597351074	4	category
-10.695737838745117	-10.773894309997559	2	placed
27.59444808959961	8.714746475219727	7	Total
2.3322501182556152	-2.6305954456329346	4	forms
4.013052940368652	-17.150259017944336	8	closed
40.596534729003906	-4.6598801612854	6	Japanese
29.453044891357422	-2.533592939376831	1	beauty
-13.66611385345459	-21.467485427856445	10	plays
7.740094184875488	-25.375816345214844	3	score
14.730230331420898	-17.778385162353516	9	Area
25.63066864013672	15.336788177490234	0	soft
42.92403030395508	-2.507205009460449	6	Girl
14.684368133544922	-8.106067657470703	4	standards
30.038883209228516	-7.6229753494262695	9	dinner
-44.47550964355469	10.939313888549805	2	putting
-24.34705924987793	-4.640820503234863	4	Line
-42.91374969482422	9.471990585327148	7	liked
-0.9338396191596985	10.838153839111328	7	clearly
-33.48420333862305	8.268613815307617	7	thus
8.66427993774414	23.568593978881836	5	Store
7.308757305145264	-5.902111053466797	8	communication
41.513092041015625	-2.6628479957580566	6	Girls
-3.7988693714141846	-23.432239532470703	10	Play
-6.801928520202637	-7.669301986694336	2	presented
19.742435455322266	-3.665681838989258	8	helping
-2.4707679748535156	14.978033065795898	1	fair