x	y	cluster	word
19.880083084106445	-20.186216354370117	3	african
20.06488609313965	-18.293819427490234	3	egyptian
18.3992977142334	-17.250932693481445	3	jamaican
20.94701385498047	-16.231138229370117	3	nigerian
21.285505294799805	-18.322967529296875	3	ethiopian
20.12389373779297	-16.337501525878906	3	haitian
20.748449325561523	-19.181264877319336	3	kenyan
18.221481323242188	-13.961158752441406	3	african-american
22.1065616607666	-14.604443550109863	3	congolese
44.46788024902344	-13.000408172607422	5	Africa
38.74899673461914	1.7088302373886108	0	Georgia
36.35495376586914	-10.496692657470703	5	Iraq
20.30205535888672	-21.058191299438477	3	African
-29.609155654907227	4.470520496368408	9	failure
-26.67729377746582	2.802893877029419	9	challenges
39.232826232910156	2.7389097213745117	0	Iowa
40.37527084350586	5.305692672729492	0	Tennessee
-17.617076873779297	2.580878973007202	9	Basketball
51.446720123291016	-15.115866661071777	5	Korea
37.9085807800293	-14.694686889648438	5	Egypt
1.3830676078796387	-15.046024322509766	10	Kong
46.45785903930664	-21.862682342529297	5	Afghanistan
37.3544807434082	2.2540504932403564	0	Mississippi
35.75712585449219	-1.2927801609039307	0	Dakota
-35.053585052490234	-0.3650442659854889	4	didnt
49.00811004638672	-17.716859817504883	5	Vietnam
-15.941862106323242	23.13067054748535	2	Remix
35.4470329284668	0.17133231461048126	0	Orlando
39.757381439208984	2.8705928325653076	0	Arkansas
21.713777542114258	12.695168495178223	1	Barack
-6.896337509155273	17.85993194580078	2	Soul
11.992449760437012	10.563241004943848	1	Kennedy
-41.574684143066406	3.351773500442505	4	poverty
-10.872482299804688	-12.610339164733887	6	HIV
9.653447151184082	34.643287658691406	7	Samuel
4.138626575469971	6.759608745574951	8	Evans
40.8825798034668	8.196146011352539	0	Nashville
35.8072395324707	0.7232264280319214	0	Cincinnati
49.472110748291016	-17.192399978637695	5	Indonesia
-11.656889915466309	7.305112361907959	9	Facts
-41.304290771484375	9.373435020446777	4	corruption
-10.16690444946289	-12.297467231750488	9	AIDS
34.384307861328125	-2.9051756858825684	0	Memphis
4.608596324920654	30.687908172607422	7	Gospel
-14.829649925231934	-15.318146705627441	6	Hurricane
-26.18810272216797	0.2578828036785126	9	jokes
19.372297286987305	-19.249008178710938	3	Egyptian
3.4608378410339355	-23.23095703125	10	Lions
-17.737808227539062	-2.177760362625122	9	Diabetes
-19.544967651367188	-6.0778961181640625	8	milesNo
2.842210054397583	-17.03363800048828	10	Jeep
46.36552810668945	-19.831462860107422	5	Cuba
-5.137563228607178	15.500768661499023	2	Lil
-40.75156021118164	6.615850925445557	4	reportedly
-44.504974365234375	9.52054500579834	4	infected
-8.736923217773438	19.592195510864258	2	Elvis
12.625815391540527	34.72920608520508	7	Moses
39.729759216308594	-19.812044143676758	5	Kenya
6.855998992919922	-0.35193079710006714	8	Monica
-42.74836349487305	6.6911420822143555	4	allegedly
37.23160171508789	-0.4883643090724945	0	Albany
38.29917907714844	-13.045777320861816	5	Lebanon
36.855289459228516	-0.06407558917999268	0	Charleston
11.069572448730469	35.4806022644043	7	Joshua
16.4724063873291	-14.194611549377441	3	ebony
-43.88377380371094	2.478101968765259	4	prohibited
45.136016845703125	-20.11054039001465	5	Haiti
37.475196838378906	-10.163060188293457	5	Gaza
47.33848571777344	-19.971546173095703	5	Nigeria
38.193660736083984	-11.230631828308105	5	Chad
10.04446029663086	-1.377368688583374	8	Mama
-29.000452041625977	0.1754428893327713	9	struggles
4.263794422149658	1.8706194162368774	8	Marathon
-36.83585739135742	0.19059671461582184	4	sadly
20.770793914794922	13.343234062194824	1	Abu
0.4375157356262207	-21.467374801635742	10	Monkey
31.654129028320312	-6.428929328918457	5	Chile
-13.030305862426758	-8.376777648925781	9	Rapids
-9.379886627197266	22.993343353271484	2	Drake
-36.11200714111328	-5.332877159118652	4	Underground
-10.944414138793945	9.531732559204102	9	Movers
10.528403282165527	34.62545394897461	7	Isaac
37.665931701660156	-11.823246955871582	5	Arabia
35.92292404174805	-3.317833662033081	0	Leeds
42.722434997558594	4.6653242111206055	0	Bangkok
-14.524996757507324	4.456417083740234	9	Celebration
41.2011833190918	-15.73132038116455	5	Lanka
0.4293014705181122	-21.64708137512207	10	monkey
2.103623390197754	4.725834369659424	8	Wade
13.699481010437012	-11.693973541259766	4	slaves
-1.983877182006836	3.4967329502105713	8	Nay
46.48230743408203	-13.980052947998047	5	Panama
-11.328272819519043	-23.94687843322754	6	snake
-19.81374740600586	-3.1044044494628906	9	Mining
23.590856552124023	-16.579044342041016	3	Afghan
41.22470474243164	-17.923965454101562	5	Jamaica
45.09976577758789	-13.841388702392578	5	Peru
-28.478490829467773	-4.093590259552002	9	MISSED
-13.148153305053711	-15.247808456420898	6	Katrina
-28.460420608520508	4.714261054992676	9	Failure
-41.91260528564453	2.1137561798095703	4	shocking
-30.321876525878906	3.726686477661133	9	obstacles
13.879680633544922	17.7996826171875	1	Taliban
11.713891983032227	-9.335222244262695	8	tribe
-14.687594413757324	23.15462303161621	2	dancers
-7.4084272384643555	9.717208862304688	9	Sisters
-22.156295776367188	-7.326391696929932	9	electrode
14.574233055114746	14.693021774291992	1	Palestinians
-41.55051040649414	-4.041215419769287	4	slavery
8.663182258605957	36.318260192871094	7	Prophet
14.382279396057129	-13.180794715881348	3	tribal
35.298030853271484	6.3563690185546875	0	LSU
49.983192443847656	-15.231212615966797	5	Colombia
-27.905691146850586	-4.904893398284912	9	NEED
-7.655422210693359	22.714624404907227	2	Kanye
9.790650367736816	33.374759674072266	7	Solomon
44.677886962890625	-21.88031768798828	5	Libya
39.419734954833984	6.6418890953063965	0	Omaha
1.6015065908432007	-19.25178337097168	10	jungle
40.817108154296875	2.082965612411499	0	Alexandria
21.726543426513672	-17.479143142700195	3	Cuban
34.65504837036133	-4.082837104797363	0	Savannah
36.49095916748047	0.5697063207626343	0	Newark
47.488677978515625	-16.616622924804688	5	Nepal
-7.890735149383545	21.222410202026367	2	Rihanna
-7.810091972351074	-5.020503997802734	8	cocaine
49.3060417175293	-18.421791076660156	5	Bangladesh
35.02223587036133	1.5245966911315918	0	Dayton
3.0870416164398193	5.168675899505615	8	Kane
12.601465225219727	32.347801208496094	7	Deborah
-12.616089820861816	22.401460647583008	2	drummer
0.17188452184200287	5.45593786239624	8	Nina
38.98679733276367	6.177364826202393	0	Tulsa
-34.191650390625	-8.709956169128418	4	Zombie
-33.8195686340332	-8.308886528015137	4	zombie
2.0797791481018066	-20.145198822021484	10	Jungle
-44.23823928833008	6.094821453094482	4	miserable
40.28554153442383	-21.036865234375	5	Sudan
-14.0750093460083	23.105453491210938	2	DJs
12.097450256347656	-9.450700759887695	9	tribes
-1.4209191799163818	-0.9863959550857544	9	Shades
-26.79158592224121	5.635287284851074	9	Addiction
15.772306442260742	15.412850379943848	1	Hamas
16.243919372558594	-15.109755516052246	3	Ebony
2.878298044204712	-10.769003868103027	10	Chiefs
-18.942554473876953	17.660036087036133	2	funky
0.980410099029541	-23.110496520996094	10	goat
37.205501556396484	-5.0812811851501465	0	Cairo
-11.095191955566406	-23.0742130279541	6	Snake
-45.619441986083984	7.711495399475098	4	infamous
-15.483026504516602	-0.06782776862382889	9	lesbians
-26.261241912841797	-0.6492472887039185	9	hooks
17.64320945739746	15.395730018615723	1	Saddam
-24.72309112548828	6.142569065093994	9	demonstrations
43.102256774902344	-18.214683532714844	5	Zimbabwe
-25.67265510559082	2.9594428539276123	9	Challenges
-19.310983657836914	6.313091278076172	9	Volunteers
48.631649017333984	-18.42275047302246	5	Venezuela
4.2139811515808105	-14.158177375793457	8	Banana
-43.85871505737305	0.07474059611558914	4	prisoner
-42.25410842895508	-1.1717472076416016	4	neglected
9.707818984985352	35.79243469238281	7	Isaiah
-5.715417861938477	13.203126907348633	2	Babes
-38.73527145385742	-12.238998413085938	4	Rebel
-9.68496036529541	9.847729682922363	9	Shake
3.927767515182495	-21.012781143188477	10	Elephant
-9.043716430664062	15.08741283416748	2	booty
43.692413330078125	-19.77394676208496	5	Uganda
13.920584678649902	11.266066551208496	1	Castro
43.12696838378906	-0.0649104192852974	0	Baghdad
30.95035743713379	-6.108358383178711	8	Chili
-6.485497951507568	5.054201126098633	8	Miley
2.9497897624969482	7.1132941246032715	8	Cynthia
0.5214813351631165	-0.5552998781204224	8	Shade
40.476654052734375	-19.01308250427246	5	Ghana
42.70417785644531	5.74273681640625	0	Greenville
7.2271928787231445	35.879173278808594	7	prophet
3.734374523162842	-13.77077865600586	8	Bamboo
4.1645660400390625	-22.088598251342773	10	Leopard
33.73804473876953	-5.234445095062256	0	Rhodes
39.74435806274414	-20.40603256225586	5	Morocco
3.5434885025024414	-11.361035346984863	10	Falcons
-41.9047737121582	7.924073696136475	4	addictive
-36.247074127197266	-6.7485127449035645	4	Dangerous
-7.603603839874268	22.002119064331055	2	Beyonce
-31.77020263671875	-2.3588645458221436	4	nephew
46.4635009765625	-17.566335678100586	5	Cambodia
-38.95220184326172	8.998435020446777	4	trafficking
-42.04051208496094	2.503283739089966	4	unstable
-44.499088287353516	8.069047927856445	4	unhealthy
-46.05782699584961	4.54735803604126	4	illegally
19.982431411743164	15.022160530090332	1	Hussein
-39.23061752319336	-11.427038192749023	4	rebel
-19.59467315673828	-7.856329917907715	9	Salaries
-15.547240257263184	22.019874572753906	2	rapper
41.65454864501953	-20.872835159301758	5	Ethiopia
-29.424938201904297	-9.771507263183594	4	diabetic
-37.369564056396484	-6.662995338439941	4	notorious
-10.178071975708008	-22.745161056518555	6	Cobra
40.17001724243164	7.549996376037598	0	Knoxville
15.63758373260498	10.056723594665527	1	Chavez
-5.7476043701171875	16.45383644104004	2	nigga
38.5898551940918	-18.249954223632812	5	Congo
-39.39546203613281	9.27064323425293	4	exploitation
1.5105676651000977	-21.678129196166992	10	monkeys
11.087239265441895	34.78811264038086	7	Jeremiah
-11.248129844665527	-19.88457489013672	6	Nile
15.534850120544434	-13.813350677490234	3	Tribal
-14.277348518371582	24.955135345458984	2	Drums
-16.338272094726562	20.482988357543945	2	Rhythm
-34.672908782958984	-2.232793092727661	4	obstacle
-0.34455111622810364	4.166835308074951	8	Torres
36.07288360595703	-2.1426093578338623	0	Leicester
-17.70771026611328	6.336882591247559	9	Followers
19.000320434570312	13.0952730178833	1	Ahmed
32.14301300048828	2.0406715869903564	0	Sioux
19.088781356811523	16.622053146362305	1	Mohammed
21.464632034301758	12.930581092834473	1	Omar
38.757205963134766	-17.538850784301758	5	Guinea
14.42444896697998	17.479413986206055	1	Qaeda
12.117759704589844	-8.441802978515625	8	Tribe
-1.0597714185714722	-6.237054824829102	8	Sandals
-42.3780403137207	-4.067214012145996	4	Poverty
35.200496673583984	-2.7764248847961426	0	Lima
-8.194594383239746	1.504677414894104	8	Greenwood
12.033114433288574	-2.0480167865753174	8	Jedi
16.047706604003906	18.72871208190918	1	Assassin
34.8597297668457	0.12525683641433716	0	Moines
-14.81452751159668	21.796401977539062	2	Funk
-13.126646995544434	-23.60503387451172	6	snakes
-24.94232940673828	-1.6725938320159912	9	shakes
17.78135108947754	15.093705177307129	1	Osama
-1.0951266288757324	-8.366929054260254	8	bananas
-5.3983869552612305	-3.0902178287506104	8	weave
36.9055061340332	-6.380351543426514	0	Salvador
8.677653312683105	8.668988227844238	8	Ramsey
-8.698702812194824	2.650400400161743	8	Santos
-45.6762809753418	5.509618282318115	4	unlawful
4.44265604019165	9.40606689453125	8	Sammy
32.71240997314453	-2.7969887256622314	0	Harlem
45.692230224609375	-16.871540069580078	5	Guatemala
11.992593765258789	30.61437225341797	7	Zion
47.75630187988281	-16.267560958862305	5	Ecuador
-43.22817611694336	-0.20480172336101532	4	Abusive
13.013152122497559	32.199283599853516	7	Leah
44.633235931396484	-18.68718147277832	5	Tanzania
3.496119976043701	8.356463432312012	8	Erica
-11.338557243347168	-0.7680007815361023	8	Minecraft
-34.17980194091797	-8.8853120803833	4	puppet
43.64218521118164	-21.756017684936523	5	Somalia
47.49679183959961	-17.70415687561035	5	Burma
-35.269012451171875	-6.387472152709961	4	Nasty
-13.832768440246582	-16.08822250366211	6	pyramid
-27.649616241455078	1.7562997341156006	9	Attacks
9.9224271774292	-0.1736837476491928	8	Marley
-38.03532791137695	-9.495389938354492	4	Slave
-15.723560333251953	-1.1493730545043945	9	Migration
-42.571815490722656	11.711565017700195	4	ineffective
-9.995268821716309	17.757640838623047	2	Presley
-25.622838973999023	5.675602436065674	9	mentoring
6.281227111816406	36.03974151611328	7	prophets
-1.6864482164382935	7.245825290679932	8	LeBron
-35.94994354248047	-12.227842330932617	4	Mafia
-15.286968231201172	20.57634735107422	2	danced
-11.546795845031738	19.668916702270508	2	Nicki
8.318804740905762	4.37009859085083	8	Sasha
-21.790542602539062	-7.801120281219482	9	electrodes
-24.06868553161621	1.4835759401321411	9	Rumors
-16.864309310913086	-15.4245023727417	6	volcano
2.8407440185546875	-22.27131462097168	10	Zebra
4.766549110412598	-14.900020599365234	10	Mango
5.066518306732178	30.542802810668945	7	Jubilee
16.26017951965332	-13.633170127868652	3	Colored
-20.29468536376953	-13.729398727416992	6	hepatitis
4.640682697296143	-16.60584831237793	10	Bengal
1.788529634475708	-23.34065055847168	10	goats
-42.454017639160156	1.9710469245910645	4	exploited
15.429719924926758	-14.528141021728516	3	Blacks
-10.040064811706543	-12.096322059631348	9	Aids
13.987004280090332	33.49824905395508	7	Exodus
47.4944953918457	-14.276799201965332	5	Fiji
31.856510162353516	2.2909202575683594	0	Plantation
6.311066627502441	-0.711456298828125	8	Sesame
47.87742614746094	-17.315832138061523	5	Myanmar
4.854676723480225	31.709308624267578	7	Tebow
2.5544025897979736	-16.179920196533203	10	jeep
-36.16085433959961	-9.90268325805664	9	Hungry
-10.270976066589355	19.65053367614746	2	Santana
37.41138458251953	-13.10346508026123	5	Yemen
4.75303840637207	6.510739803314209	8	Harriet
-15.21817684173584	14.110221862792969	2	nominees
-17.06232261657715	-2.625596284866333	9	MLM
-16.694276809692383	21.259458541870117	2	rhythms
40.46426773071289	-16.41255760192871	5	africa
-14.08723258972168	-16.52863311767578	6	Pyramid
38.48023986816406	-1.150026798248291	0	Johannesburg
-11.411601066589355	17.953115463256836	2	Selena
22.169002532958984	-17.962141036987305	3	Lebanese
42.24882888793945	-14.926812171936035	5	Belize
10.97843074798584	-4.645901679992676	10	Monk
-14.147522926330566	-10.127667427062988	6	drone
20.928104400634766	-17.55797576904297	3	Nigerian
-43.09006118774414	4.163112163543701	4	kidnapped
8.982707023620605	35.378150939941406	7	Elijah
-23.887929916381836	1.5126476287841797	9	dynamically
8.060053825378418	1.6009116172790527	8	Shea
39.35330581665039	6.665574550628662	0	Chattanooga
-34.43601608276367	-5.145729064941406	4	Twisted
-12.77850341796875	-2.973637819290161	9	NGOs
-15.722290992736816	12.575191497802734	2	Hottest
-9.278959274291992	-3.372403860092163	8	ambien
-22.498497009277344	5.990487575531006	9	Locksmith
42.28678512573242	3.9191930294036865	0	Jakarta
-13.46738338470459	23.545183181762695	2	Dancer
4.467470645904541	-19.116376876831055	10	elephants
-29.21164321899414	0.4344463646411896	9	Hack
-18.391395568847656	17.86528968811035	2	Funky
-12.710012435913086	-18.913888931274414	6	malaria
-45.054927825927734	6.222894668579102	4	imprisoned
18.680830001831055	14.1327486038208	1	Abdul
-15.293731689453125	-8.951102256774902	9	Zombies
10.144852638244629	8.415291786193848	8	Ramirez
-39.977108001708984	9.263846397399902	4	inequality
10.106233596801758	8.020234107971191	8	Sonia
-10.304571151733398	7.391088485717773	9	Souls
38.31999206542969	4.827779293060303	0	Northampton
2.8036856651306152	-11.529629707336426	10	Bengals
2.856048583984375	5.885619163513184	8	Reyes
3.967299699783325	-14.661066055297852	10	mango
0.9884273409843445	-23.787914276123047	10	Goat
11.546856880187988	-3.937556505203247	10	Lionel
49.95759963989258	-16.342313766479492	5	Bolivia
12.03453254699707	35.32967758178711	7	Amos
4.432597637176514	-1.2282772064208984	8	Mosaic
-8.8843412399292	15.062561988830566	2	Booty
-26.156230926513672	-2.9812257289886475	9	riots
39.0110969543457	0.14692388474941254	0	Kolkata
52.37493133544922	-16.15669059753418	5	Kosovo
-13.487380981445312	21.252971649169922	2	Singers
-37.0955810546875	-4.418452739715576	4	ghetto
38.94911575317383	-5.518091678619385	0	Havana
47.79902267456055	-18.779809951782227	5	Honduras
46.179256439208984	-20.86345100402832	5	Tunisia
-12.4138765335083	2.995978593826294	8	Nah
-11.440438270568848	18.492916107177734	2	Hendrix
9.171627044677734	31.842327117919922	7	José
34.32526779174805	-1.9564164876937866	0	miami
12.302068710327148	34.12909698486328	7	Jonah
51.87618637084961	-15.9823579788208	5	Armenia
20.469867706298828	-18.927194595336914	3	Africans
-16.984357833862305	1.8412669897079468	9	Crochet
16.77918815612793	-15.570401191711426	3	Negro
-37.895301818847656	-8.04432201385498	4	shady
-12.669920921325684	-2.9911794662475586	9	NGO
4.269606113433838	34.97146224975586	7	preacher
-42.836585998535156	11.393765449523926	4	unconstitutional
44.24467086791992	-19.07367515563965	5	Rwanda
-35.70193099975586	7.384105205535889	4	killings
15.026958465576172	19.7274227142334	1	militants
-38.74612045288086	-7.147684574127197	4	dreaded
-43.53293991088867	1.1174525022506714	4	hostage
-8.297130584716797	7.718519687652588	9	Ladder
-11.536150932312012	7.725334644317627	9	Jokes
-35.07703399658203	0.5268522500991821	4	Ironically
3.3520870208740234	-20.711275100708008	10	leopard
-20.937274932861328	-13.331389427185059	6	migraine
-8.118077278137207	9.540618896484375	9	Knows
22.221336364746094	6.413571834564209	0	Damascus
-5.650980472564697	-3.9276347160339355	8	beaded
-18.593624114990234	1.8136587142944336	9	Tattoos
10.568273544311523	-3.078432559967041	8	Mona
4.313694477081299	34.325660705566406	7	pastors
-15.425541877746582	-16.318086624145508	6	Kidney
-25.80728530883789	1.4009400606155396	9	mentors
46.77558517456055	-19.34674072265625	5	Bosnia
-0.3858601450920105	-5.025613307952881	8	Acai
-17.636184692382812	-14.498242378234863	6	kidneys
40.8535041809082	0.26939886808395386	0	Hanoi
5.466397762298584	-5.368095397949219	8	Beaded
-13.997419357299805	-6.838939666748047	9	Node
-35.869895935058594	-2.7586848735809326	4	Toxic
41.26762390136719	5.141140460968018	0	Freeport
19.679407119750977	13.840754508972168	1	Sheikh
10.609301567077637	-3.014570951461792	8	Mara
9.659346580505371	4.346154689788818	8	Baba
18.79757308959961	9.245192527770996	1	Medina
-18.667858123779297	-1.4612959623336792	9	Graph
-41.2493896484375	-2.8152966499328613	4	poorer
-18.450149536132812	2.2196311950683594	9	Necklaces
36.90026092529297	-16.77437973022461	5	Mali
42.43000411987305	-13.505988121032715	5	Barbados
-27.3824405670166	-2.429929256439209	9	raids
-21.251914978027344	14.665504455566406	2	thugs
-19.847665786743164	-8.052247047424316	9	Entrepreneurship
-30.754196166992188	2.5817933082580566	9	exploits
-1.9153519868850708	-4.7865142822265625	9	Nuggets
-9.529986381530762	-21.710115432739258	6	Predator
5.99969482421875	-6.051356315612793	8	Voodoo
-41.103065490722656	-3.944908380508423	4	poorest
20.705867767333984	14.486721992492676	1	Mohamed
7.614701271057129	-1.237923502922058	8	Moran
0.8880524039268494	-2.376697301864624	8	Xena
5.716650009155273	33.76193618774414	7	Apostle
6.769337177276611	-16.737415313720703	10	Leone
-38.096595764160156	6.715795516967773	4	contradiction
38.62477493286133	-11.013001441955566	5	Sahara
4.466124534606934	32.64032745361328	7	Proverbs
-40.08799743652344	7.618694305419922	4	prohibits
-8.412174224853516	17.970674514770508	8	Boogie
-7.927366733551025	0.22496819496154785	8	Symbian
44.102928161621094	-21.799673080444336	5	Algeria
-22.269163131713867	-11.571220397949219	6	leukemia
-44.77018356323242	-2.3656458854675293	4	cursed
22.643665313720703	5.93143892288208	7	Sinai
1.3485820293426514	-21.2032527923584	10	donkey
21.383358001708984	-20.045658111572266	3	Ethiopian
-39.00107955932617	8.3296480178833	4	Corruption
-6.306550979614258	19.082040786743164	2	Jin
19.002513885498047	14.45610237121582	1	Abdullah
4.379535675048828	5.193112373352051	8	Ike
17.210960388183594	-11.041679382324219	3	Mayan
-14.753486633300781	-18.090354919433594	6	Hornets
-14.929491996765137	-0.16522517800331116	9	Lesbians
40.57411575317383	-15.42939281463623	5	Madagascar
-42.29051208496094	5.718527317047119	4	kidnapping
15.471917152404785	15.804719924926758	1	Hezbollah
18.020551681518555	-10.557116508483887	3	Egyptians
9.522306442260742	5.758932113647461	8	Minaj
6.113447666168213	9.386645317077637	8	Abrams
48.94000244140625	-15.849722862243652	5	Uruguay
48.153560638427734	-19.156015396118164	5	Nicaragua
-13.186813354492188	-21.10783576965332	6	mosquito
0.46058890223503113	-12.635714530944824	10	rainforest
19.644062042236328	14.56097412109375	1	Hassan
2.1169281005859375	-7.832080841064453	8	Mahogany
-3.623316526412964	18.116376876831055	2	reggae
-19.32613754272461	5.970755100250244	9	Entrepreneurs
-44.019561767578125	7.717069625854492	4	unreliable
38.070438385009766	-3.2221171855926514	0	Nairobi
43.36665344238281	-2.132133960723877	1	Guantanamo
-23.173870086669922	2.2323501110076904	9	Scripts
-24.68095588684082	1.3431593179702759	9	happenings
15.159690856933594	11.62717056274414	1	Malik
8.254874229431152	-7.123952388763428	8	Maroon
-37.74921417236328	-10.55534839630127	4	Rebels
22.16529083251953	-19.25248146057129	3	Moroccan
2.434082508087158	-15.461235046386719	10	Hummer
-36.783992767333984	-0.5287150144577026	4	shaky
-23.839391708374023	-9.179457664489746	4	impedance
33.76340103149414	0.9561432600021362	0	Macon
2.281552791595459	-21.687606811523438	10	Monkeys
12.829490661621094	33.150245666503906	7	Abel
42.502349853515625	-18.80561637878418	5	Zambia
-17.457317352294922	0.6827040910720825	9	Trending
-18.246158599853516	-13.275141716003418	6	kinase
-23.967676162719727	-1.3087892532348633	9	hustle
-45.5264778137207	9.900537490844727	4	poisonous
-40.68361282348633	6.186850070953369	4	ironically
18.80438804626465	-17.99381446838379	3	Jamaican
3.210988759994507	30.213336944580078	7	Poet
-14.339055061340332	23.869173049926758	2	Dancers
1.9460316896438599	-22.068796157836914	10	Donkey
10.95539665222168	32.86196517944336	7	Miriam
-45.786685943603516	9.42395305633545	4	crooked
37.19120407104492	-6.801229000091553	0	Beirut
-20.06183433532715	4.423384189605713	9	hairstyles
17.121442794799805	14.393895149230957	1	Assad
-37.581573486328125	3.0570480823516846	4	detainees
-13.005971908569336	9.870817184448242	9	Sneakers
-3.5545735359191895	18.177968978881836	2	Reggae
1.9031192064285278	-7.886495590209961	8	mahogany
-12.21783447265625	1.141381025314331	1	Presidency
20.1309757232666	-17.1915340423584	3	Haitian
11.043537139892578	-7.925799369812012	8	Jerk
11.602313995361328	7.458191394805908	8	Mao
-31.476274490356445	-2.287571907043457	9	nephews
23.750402450561523	-18.493408203125	3	Libyan
13.853687286376953	16.853946685791016	1	Islamist
-15.420095443725586	-16.089834213256836	6	Volcano
6.046929836273193	-5.72136116027832	8	Onyx
36.62844467163086	-0.933060348033905	0	Durban
47.001014709472656	-16.872848510742188	5	Laos
17.59939193725586	10.509980201721191	1	Mosque
-0.023898739367723465	3.065803050994873	8	Nana
-27.678071975708008	2.5661301612854004	9	clashes
1.421708106994629	-11.189193725585938	10	Jaguars
-18.523027420043945	20.82091522216797	2	stripper
-14.289484977722168	-9.29194164276123	9	drones
-9.68128490447998	2.0506465435028076	8	Acre
-14.131048202514648	20.59063720703125	2	Mixtape
-4.054871082305908	-11.085400581359863	4	Ghetto
-26.460588455200195	5.402591705322266	9	nieces
-16.983875274658203	22.269515991210938	2	remixes
-45.00261306762695	-0.36346936225891113	4	oppressed
21.967750549316406	-14.049269676208496	3	Colombian
44.11757278442383	-17.540517807006836	5	Angola
17.681547164916992	10.208370208740234	1	Mubarak
3.571776866912842	-7.469424724578857	8	Samba
-19.85456085205078	-13.171500205993652	6	Hepatitis
-44.127830505371094	3.9256114959716797	4	hateful
-8.299854278564453	-0.9847564697265625	8	lemonade
22.78199577331543	-18.996126174926758	3	Somali
4.5680389404296875	2.3758127689361572	8	Cassandra
-25.699325561523438	-0.11331942677497864	9	Hooks
-15.138161659240723	-2.2002060413360596	9	KML
-15.901326179504395	20.41105842590332	2	drumming
-22.901594161987305	0.30177876353263855	9	Mayhem
-19.99605941772461	2.104736089706421	9	Snacks
14.334818840026855	6.396328449249268	8	Morales
-9.315276145935059	22.182233810424805	2	Kendrick
4.183749198913574	-2.99365234375	8	Kona
-6.31217098236084	16.187110900878906	2	niggas
11.94438362121582	15.418478965759277	1	Ahmadinejad
-31.534677505493164	-9.462050437927246	4	Endangered
12.019210815429688	33.41053771972656	7	Samson
36.9390754699707	-11.473892211914062	5	Darfur
16.458173751831055	12.937841415405273	1	Ramadan
-19.79030990600586	0.8887245655059814	9	wigs
43.078948974609375	-0.8877650499343872	0	Kabul
-34.442420959472656	-5.512958526611328	4	Kinky
-44.21456527709961	-0.7361722588539124	4	shameful
45.4702262878418	-16.11859893798828	5	Namibia
41.105743408203125	4.373764991760254	0	Kiev
41.31477737426758	9.226503372192383	0	Uptown
-38.73731994628906	-9.596092224121094	4	Prisoner
-10.163190841674805	-0.3777756690979004	8	Sunflower
15.658312797546387	17.241405487060547	1	Jihad
17.71194076538086	-15.297536849975586	3	Rican
-46.429359436035156	5.8906354904174805	4	unethical
-10.606807708740234	10.713313102722168	9	Kicks
-12.617046356201172	24.31707763671875	2	rappers
41.03691101074219	-19.713462829589844	5	Malawi
9.437331199645996	3.248321294784546	8	Tha
45.557918548583984	-14.925622940063477	5	Mauritius
-12.830293655395508	19.41803550720215	2	Nelly
-22.088809967041016	19.88983726501465	2	choreography
-40.803009033203125	9.434890747070312	4	starvation
46.97999572753906	-15.093916893005371	5	Maldives
-2.615943193435669	-1.9175152778625488	8	Wig
-29.588462829589844	-9.778003692626953	9	Diabetic
8.589391708374023	30.135591506958008	7	Pharaoh
17.89235496520996	8.605305671691895	1	Ramada
21.404422760009766	14.277259826660156	1	Ibrahim
-13.439083099365234	-15.650186538696289	6	Achilles
-7.106887340545654	-0.7139604091644287	8	banjo
-41.013816833496094	1.6375033855438232	4	exploiting
-14.153733253479004	-19.704763412475586	6	mosquitoes
46.93146896362305	-20.656497955322266	5	Albania
43.69801330566406	-11.763603210449219	5	Samoa
-29.92617416381836	6.206310272216797	9	glitches
37.811767578125	-2.5928194522857666	0	Lagos
44.141143798828125	-15.575871467590332	5	Botswana
6.136727809906006	30.178606033325195	7	Huckabee
9.533778190612793	31.22626304626465	7	Isa
-27.527324676513672	0.36323282122612	9	Struggle
-20.822240829467773	2.3231635093688965	9	Loops
-14.540022850036621	2.06069278717041	9	Neighborhoods
8.381388664245605	-3.2985739707946777	8	Mojo
0.6755864024162292	-3.881578207015991	8	Tiki
-28.034690856933594	4.890847682952881	9	Dislikes
40.71065139770508	6.844451427459717	0	Topeka
42.125	-19.36266326904297	5	Mozambique
3.134695291519165	-11.039568901062012	10	Grizzlies
-39.12382507324219	6.453366279602051	4	Unverified
3.4228038787841797	-21.936853408813477	10	Gorilla
40.344661712646484	0.011155792511999607	0	Belgrade
20.06407928466797	8.255342483520508	1	Mecca
-37.91646194458008	3.497995615005493	4	insurgents
2.6436078548431396	3.5460808277130127	8	Bubba
-7.07428503036499	18.249298095703125	2	Wiz
2.1308953762054443	-20.80530548095703	10	zebra
39.413516998291016	-16.913066864013672	5	guinea
46.515777587890625	-12.477762222290039	5	Aruba
-16.92411231994629	17.879318237304688	2	soulful
43.47272872924805	0.5512173771858215	0	Islamabad
-12.24678897857666	9.584758758544922	9	SHOES
20.797481536865234	-20.1810302734375	3	Kenyan
7.35815954208374	6.170571327209473	8	Tyrone
41.865325927734375	6.9827961921691895	0	Shreveport
-14.21629524230957	-6.706960678100586	9	Feeder
-34.341190338134766	1.5045922994613647	4	prostitutes
-39.335269927978516	0.021580887958407402	4	unreleased
45.707305908203125	-13.374435424804688	5	Papua
-10.119909286499023	-24.04379653930664	6	Lizard
39.734256744384766	4.386726379394531	0	iowa
33.00078582763672	1.5746265649795532	0	Charlton
43.290775299072266	-20.023401260375977	5	Liberia
12.875628471374512	10.665255546569824	1	Nadia
-40.179351806640625	-8.582176208496094	4	orphan
43.225860595703125	-17.29551124572754	5	Cameroon
10.059772491455078	-1.18545401096344	8	Momma
-30.314807891845703	-9.647138595581055	4	migrant
-41.81464767456055	-4.78759765625	4	Slavery
-2.703206777572632	-5.981557369232178	8	Cocaine
-12.137229919433594	20.44820213317871	2	Diddy
1.3097563982009888	0.43222466111183167	8	Motley
-22.067514419555664	-12.581775665283203	6	tornadoes
-8.423003196716309	8.174025535583496	9	Seeks
-44.57366943359375	-0.33126604557037354	4	undocumented
-11.282998085021973	19.1082763671875	2	Nas
-10.741178512573242	-23.9521541595459	6	lizard
12.571537971496582	-8.955524444580078	3	Tribes
-44.69586181640625	1.458199381828308	4	oppressive
-21.247093200683594	14.694053649902344	4	thug
5.596146106719971	35.028228759765625	7	prophetic
23.08747100830078	5.502812385559082	7	Canaan
5.954984188079834	31.80289649963379	7	Missionary
36.5111083984375	-9.114910125732422	0	Benghazi
-32.61005783081055	0.0912131816148758	9	jailbreak
-26.99161148071289	-1.7280675172805786	9	Hooked
-35.52851867675781	-11.019133567810059	8	Puppet
-22.36359977722168	-7.98398494720459	9	dialysis
11.976852416992188	13.225163459777832	1	Ibn
-15.82503890991211	-8.240944862365723	9	climbers
-11.346842765808105	10.104646682739258	9	Hoops
-7.591167449951172	-3.004378080368042	8	Barefoot
39.18491744995117	-19.910200119018555	5	Senegal
14.318556785583496	10.078330039978027	1	SAID
-7.05790376663208	9.589881896972656	9	Misses
-10.05782699584961	17.138803482055664	2	Ellington
7.478254318237305	32.937843322753906	7	Israelites
-1.2017314434051514	6.387225151062012	8	Sylvester
-37.39967346191406	-6.615860939025879	4	notoriously
-37.92889404296875	-12.792167663574219	8	Shady
-46.55458450317383	5.416670799255371	4	impoverished
5.433024883270264	10.521588325500488	8	Ruben
38.578102111816406	-16.36945152282715	5	Niger
8.490126609802246	6.650472640991211	8	Walla
46.114715576171875	-12.186797142028809	5	Tobago
-5.3774895668029785	-4.963639736175537	8	braided
-20.475452423095703	-7.292698383331299	9	Statutes
-45.019317626953125	9.233980178833008	4	poisoned
42.603515625	3.9059438705444336	0	Kathmandu
11.015791893005371	32.411075592041016	7	Deacon
-27.3851318359375	6.622159481048584	9	contradictions
14.596013069152832	7.2604875564575195	1	Mandela
18.409908294677734	13.31241226196289	1	Mahmoud
41.95857620239258	6.549365997314453	0	tennessee
3.2375731468200684	9.175016403198242	8	Sampson
-29.41914176940918	6.056460857391357	9	Scams
5.039102077484131	33.5421142578125	7	Apostles
-13.128180503845215	-22.829357147216797	6	Scorpion
-16.996000289916992	-3.5246071815490723	9	Sling
-14.749567031860352	19.214122772216797	2	Vibe
36.15998458862305	7.790501594543457	0	plantations
3.5915443897247314	0.2328634262084961	8	Epstein
2.961899518966675	-13.801669120788574	10	Django
15.809492111206055	14.471888542175293	1	Shia
39.90584945678711	0.7857422828674316	0	Saigon
-41.436500549316406	7.373499870300293	4	improvised
-15.825894355773926	-15.436239242553711	6	Cyclone
8.000890731811523	-8.408846855163574	8	Khaki
-9.318568229675293	-12.809883117675781	6	deserts
-33.73701477050781	-4.8266377449035645	9	Addict
-23.070781707763672	6.224156856536865	9	demonstrators
22.3198299407959	-15.93303394317627	3	Lankan
-12.591238975524902	-23.730836868286133	6	serpent
6.050420761108398	-15.535757064819336	10	Burmese
15.223583221435547	7.307217121124268	1	Mugabe
-10.27213191986084	15.562322616577148	2	Motown
14.226587295532227	19.397531509399414	1	Terrorist
-11.11434268951416	2.260802745819092	3	NAACP
-1.781014323234558	7.119998931884766	8	Lebron
-35.793861389160156	0.09864696860313416	4	Injured
-11.314300537109375	-21.83757781982422	6	Alligator
-39.18575668334961	-3.126751661300659	4	Shocking
0.5801194906234741	-11.963027000427246	10	Rainforest
2.9099044799804688	-21.22191047668457	10	gorilla
4.0571208000183105	-16.122726440429688	10	Impala
-42.82516098022461	-4.928598403930664	4	orphanage
-14.771150588989258	25.001811981201172	2	Dances
-9.92276668548584	-3.942487955093384	8	hamstring
2.6267757415771484	-17.9007568359375	10	Lynx
-33.51579284667969	-7.526849269866943	4	Mutant
-13.252275466918945	-8.711615562438965	9	Dynamite
-21.452194213867188	-12.77824878692627	6	migraines
-45.17506790161133	3.061511754989624	4	rebellious
-27.669620513916016	-4.910189628601074	9	NEEDS
7.164953231811523	-6.698094367980957	8	Mohawk
-19.961851119995117	-7.414496898651123	9	Empowerment
12.588020324707031	7.337713718414307	1	Messi
3.6052932739257812	1.5196467638015747	8	Hannibal
-11.982246398925781	-22.993968963623047	6	crocodile
-12.40978717803955	16.391035079956055	2	Shakira
-5.309662342071533	-3.469733953475952	8	braid
-37.57613754272461	8.62108325958252	9	Trafficking
1.063598871231079	3.329932451248169	8	Henson
-10.258853912353516	20.853286743164062	2	Pitbull
22.199844360351562	-15.395451545715332	3	Lao
0.46918317675590515	-10.837791442871094	10	Flamingo
-36.12773132324219	-0.6712201237678528	4	bribe
-14.733278274536133	-0.8279128074645996	9	DNC
-43.61611557006836	1.6409846544265747	4	abducted
-15.862581253051758	-13.104228019714355	6	Deadliest
-43.628929138183594	5.795037746429443	4	miserably
13.359053611755371	32.969444274902344	7	Reuben
22.082284927368164	12.75468921661377	1	Jamal
-24.011198043823242	3.455420732498169	9	Parody
-11.024055480957031	-23.454608917236328	6	Crocodile
17.41765022277832	11.466578483581543	1	Khalifa
-28.326705932617188	4.099955081939697	9	Controversy
26.71030616760254	-2.0996458530426025	8	Andes
2.217650890350342	-6.855142593383789	8	Coca
13.956599235534668	-11.67602252960205	3	Slaves
-13.690689086914062	-14.742197036743164	6	Lava
-10.995140075683594	22.896730422973633	2	Drummer
16.143699645996094	8.246404647827148	1	Gaddafi
-14.340439796447754	-22.152116775512695	6	Venom
-16.454036712646484	22.553071975708008	2	Remixes
-16.061939239501953	-4.391393661499023	8	Leach
-19.760984420776367	6.426494598388672	9	Mentoring
-15.141475677490234	-9.223299980163574	9	Kombat
-14.879728317260742	17.7088680267334	2	Zumba
-41.40520095825195	4.073484897613525	4	deported
-13.657095909118652	-14.226463317871094	6	Rios
-14.354043006896973	-22.247085571289062	6	venom
-3.4056413173675537	5.899824619293213	8	Akira
8.185717582702637	33.850826263427734	7	Deuteronomy
14.270806312561035	12.537200927734375	1	Rahman
39.069496154785156	-1.305938720703125	0	Pretoria
-16.160667419433594	10.845190048217773	2	Nightclub
-20.156639099121094	-9.05666446685791	9	biofuels
-14.647656440734863	-22.786359786987305	6	mites
1.449688196182251	-16.26446533203125	10	Mule
38.33807373046875	3.056758165359497	0	Falmouth
49.81751251220703	-15.993837356567383	5	Paraguay
-6.792994022369385	4.8665771484375	8	miley
22.516084671020508	-14.381030082702637	3	Venezuelan
46.56501388549805	-16.19926643371582	5	Montenegro
9.93159294128418	35.11061096191406	7	Josiah
-11.992533683776855	-24.487369537353516	6	Snakes
14.270962715148926	32.762168884277344	7	Samaritan
-14.457101821899414	18.79470443725586	2	Shorty
-33.88042449951172	-9.277212142944336	4	Bandit
-7.01828145980835	-2.7119481563568115	8	molasses
-39.84690475463867	-3.5998542308807373	4	Unofficial
4.97953462600708	3.6224734783172607	8	Mina
-8.800240516662598	-2.979606866836548	8	marinated
44.982357025146484	-17.24176788330078	5	Guyana
2.514190912246704	5.873922824859619	8	Zane
-20.665925979614258	-2.837226629257202	9	Vacancies
-45.80863571166992	2.2124061584472656	4	demonic
-12.01584529876709	-21.594276428222656	6	Mosquito
-9.830843925476074	-4.394664764404297	8	hammock
7.083600044250488	8.29053020477295	8	Aidan
17.68770980834961	-10.332350730895996	3	Coptic
-34.951744079589844	-3.2849278450012207	4	Crooked
20.994794845581055	-14.756232261657715	3	Khmer
19.033092498779297	15.8888521194458	1	Arafat
15.104475021362305	18.508642196655273	1	jihad
-10.315342903137207	9.147418975830078	9	Dynamo
-22.99424171447754	-9.724235534667969	4	fibrosis
19.2116756439209	7.821195125579834	1	Selma
-11.557942390441895	24.33728790283203	2	Rapper
8.411844253540039	2.7795019149780273	8	Marsha
4.395726203918457	-20.088115692138672	10	Elephants
3.791948080062866	34.8048095703125	7	preachers
18.094633102416992	-13.17313003540039	3	Creole
-16.501760482788086	3.6883249282836914	9	RumorTT
-10.417088508605957	-1.368005633354187	8	Hoodia
34.321136474609375	6.6135077476501465	0	Galapagos
1.0080534219741821	4.553041458129883	8	Mash
-11.055520057678223	-21.204870223999023	6	Hornet
-18.795780181884766	-0.08333169668912888	9	squats
-6.58915901184082	15.063559532165527	2	Dope
30.766437530517578	2.2043325901031494	0	Hackney
-13.404173851013184	-16.648481369018555	6	pyramids
10.500848770141602	14.526376724243164	1	mosques
-42.8069953918457	8.820955276489258	4	improbable
-4.529782295227051	-2.6628620624542236	8	weaves
11.271001815795898	15.556410789489746	1	Karzai
17.332508087158203	13.583189964294434	1	Hasan
-42.14630126953125	0.5594328045845032	4	hostages
13.221314430236816	16.668642044067383	1	Islamists
2.3812551498413086	8.074297904968262	8	Joni
5.474923133850098	-3.021310329437256	8	Loma
-19.350418090820312	-12.75391960144043	6	Headache
41.47052001953125	6.544205665588379	0	Pulaski
-35.80247116088867	-2.637702703475952	4	spiked
-0.08784747868776321	-2.7579429149627686	8	Lemonade
-23.674264907836914	-2.5099384784698486	9	drags
-35.459373474121094	-7.406049728393555	4	Renegade
6.877870559692383	0.8257026672363281	8	Manu
34.36710739135742	-1.9796357154846191	0	MIAMI
-3.3226168155670166	-2.4085333347320557	8	Weave
-44.47273254394531	7.038622856140137	4	unfit
22.485078811645508	-17.147756576538086	3	Albanian
33.33332824707031	6.832673072814941	10	Leopold
-10.384943962097168	-1.4872428178787231	8	hoodia
41.28851318359375	5.754393100738525	0	Laredo
9.269787788391113	1.9845125675201416	8	Jermaine
-13.25558853149414	4.648764133453369	8	Uncharted
-2.135958433151245	8.092501640319824	8	Shaq
14.34345817565918	32.196781158447266	7	Moab
9.032496452331543	0.7817156910896301	8	Marlon
11.58869743347168	10.624735832214355	1	MLK
8.960638999938965	5.102241039276123	8	Dina
-46.46650314331055	6.562195301055908	4	illegitimate
4.914570331573486	35.35630416870117	7	prophecies
-8.15971565246582	-10.371468544006348	8	Abyss
-19.19637107849121	4.317293643951416	9	Hairstyles
6.63413143157959	36.427146911621094	7	Prophets
23.14531135559082	-18.3248348236084	3	Sudanese
34.98854446411133	6.416370868682861	0	Everglades
-9.132768630981445	1.8340873718261719	8	PlayBook
1.3779373168945312	-4.295246601104736	8	Muppet
16.508562088012695	11.98999309539795	1	Fidel
21.34688949584961	-15.666513442993164	3	Cambodian
-6.572253227233887	20.682279586791992	2	Akon
-5.91428804397583	14.714842796325684	2	Ratchet
-11.832626342773438	22.72537612915039	2	DMX
6.109724998474121	6.233976364135742	8	Asa
-25.588747024536133	-2.114868640899658	9	Hurts
39.43907165527344	3.4361090660095215	0	Kimberley
3.4101288318634033	-19.155670166015625	10	Cheetah
-40.6737174987793	10.576478004455566	4	insurgency
9.571200370788574	-3.5852713584899902	8	Mane
8.15664005279541	28.391122817993164	7	Goliath
13.212206840515137	19.917715072631836	1	assassinated
12.99934196472168	31.517122268676758	7	Heb
8.931861877441406	-4.358386993408203	8	mane
0.6526921987533569	-14.610822677612305	10	Tarzan
51.21549987792969	-16.350513458251953	5	Moldova
-10.222952842712402	-21.393537521362305	6	Locust
-27.708148956298828	-0.6117091178894043	9	NEEDED
-41.76900863647461	11.78105640411377	4	malnutrition
39.424110412597656	-4.388428211212158	0	Tripoli
11.382340431213379	15.662466049194336	1	Musharraf
-9.92798137664795	4.02465295791626	8	Bynum
-7.863440990447998	21.758647918701172	2	Beyoncé
38.31789016723633	8.364226341247559	0	Shiloh
51.585018157958984	-17.136930465698242	5	vietnam
0.6298612952232361	5.03245210647583	8	Bosh
22.42229652404785	6.874242782592773	7	Hebron
-3.6437103748321533	-2.8942806720733643	8	Braided
38.355812072753906	-15.684779167175293	5	egypt
9.276683807373047	33.43134307861328	7	Salomon
-21.81501579284668	-6.5731401443481445	9	creatine
-15.920004844665527	23.53923988342285	2	REMIX
-12.442718505859375	-22.71820640563965	6	Serpent
-13.896818161010742	2.2101922035217285	9	DSS
-1.6958941221237183	-5.833623886108398	8	Nascar
-29.138153076171875	-1.356393814086914	9	Challenging
-9.72103214263916	-0.38027989864349365	8	Watermelon
-23.17911720275879	-5.980247497558594	9	diabetics
-36.444236755371094	-7.573395729064941	4	Notorious
-42.92525100708008	-1.814970850944519	4	orphaned
-42.896270751953125	9.976408958435059	4	unattractive
-12.503482818603516	-18.74518585205078	6	Malaria
15.95708179473877	13.696977615356445	1	Hamid
-22.04736328125	2.4436075687408447	9	Drills
15.584280014038086	18.729419708251953	1	Assassins
12.800688743591309	7.373556137084961	1	Zuma
-41.44855499267578	-6.945165157318115	4	enslaved
5.832602024078369	5.103339195251465	8	Kenyon
10.589395523071289	33.632469177246094	7	Moshe
19.36667251586914	-14.7742338180542	3	Bengali
8.198668479919434	3.1011176109313965	8	Bam
38.74127197265625	-5.543087005615234	0	Marrakech
41.6673698425293	0.1404818296432495	0	Dhaka
49.14018630981445	-15.25211238861084	5	Grenada
33.30415344238281	-4.35507345199585	0	Darien
-21.380386352539062	-11.71357536315918	6	Leukemia
40.391780853271484	4.235171794891357	0	Zagreb
16.655099868774414	-13.715429306030273	3	Coloured
4.496956825256348	-20.830814361572266	10	Giraffe
-24.558292388916016	6.47705078125	9	Protests
-43.916690826416016	6.7393646240234375	4	punishable
-36.176761627197266	0.35400307178497314	4	Suspended
-18.451261520385742	21.090560913085938	2	strippers
13.63203239440918	-13.640201568603516	3	nigger
40.16838455200195	1.7331217527389526	0	Carthage
6.807692527770996	34.1536865234375	7	Enoch
15.031574249267578	12.156868934631348	1	Aziz
-29.87743377685547	1.6070425510406494	9	Hackers
-0.6559471487998962	-1.0767054557800293	8	Shank
-12.504173278808594	18.744503021240234	2	Ciara
17.693256378173828	-9.280056953430176	3	Diaspora
-21.554969787597656	19.760475158691406	2	choreographed
3.3438048362731934	-2.3314080238342285	8	Coney
-20.191709518432617	16.133317947387695	4	gangsta
-14.192927360534668	21.96988868713379	2	drummers
-29.45197296142578	5.014755725860596	9	Dangers
37.9305534362793	3.930629253387451	0	Lewiston
14.567802429199219	16.17202377319336	1	Shiite
36.79410171508789	2.8342041969299316	0	mississippi
-33.11640930175781	-9.344133377075195	4	guerrilla
4.992868423461914	34.3845100402832	7	anointed
-14.146186828613281	19.88819694519043	2	Trina
5.69244384765625	33.20474624633789	7	Leviticus
-19.188024520874023	-6.052761554718018	8	MGoPoints
1.4131635427474976	6.812716484069824	8	Meek
12.07594108581543	13.678043365478516	1	Fatima
-34.09122848510742	-0.11788350343704224	4	Ransom
52.84914016723633	-15.692113876342773	5	USAID
-37.99312210083008	1.8347007036209106	4	Alleged
-13.508993148803711	-9.052787780761719	9	dynamite
0.8462039828300476	6.130352020263672	8	Erick
39.44263458251953	-18.64510154724121	5	AFRICA
-36.62226486206055	-10.32104778289795	4	Unidentified
-0.18967261910438538	-8.24185848236084	8	Bananas
-2.814336061477661	5.582665920257568	8	Kermit
6.17969274520874	-7.7412590980529785	8	Nomad
9.955236434936523	12.027517318725586	1	Khalid
8.3192777633667	35.109779357910156	7	Elisha
5.0886149406433105	-2.7938730716705322	8	Phnom
-16.073307037353516	-10.62863540649414	6	Chainsaw
-29.433975219726562	-0.37260672450065613	9	bribes
-14.741426467895508	-0.676720917224884	9	SPL
-19.074216842651367	-3.4123175144195557	9	SNMP
-13.063265800476074	2.503995180130005	8	Mashable
-14.812446594238281	-2.6857869625091553	8	Gaines
26.70305824279785	-2.090369462966919	6	Mekong
-15.028813362121582	14.216987609863281	2	Nominees
-24.278865814208984	-1.5404741764068604	9	Hustle
-5.197580337524414	-6.656047821044922	8	voodoo
-40.19983673095703	2.493601083755493	4	kidnap
33.08102798461914	-3.9540882110595703	0	Dade
-18.330093383789062	1.7800383567810059	9	Wigs
16.575084686279297	-10.358128547668457	3	Zulu
-1.1302194595336914	4.383448123931885	8	Aye
4.832165241241455	2.8797013759613037	8	Mora
-15.970149993896484	4.415534973144531	9	Kickoff
3.944563388824463	-19.78603744506836	10	giraffe
39.88694381713867	-0.15254180133342743	0	Ankara
-38.77888870239258	9.977063179016113	9	inequalities
-21.02838134765625	20.058609008789062	2	choreographer
5.631765842437744	6.671114444732666	8	Odom
1.6328312158584595	-16.57390594482422	10	Chameleon
-36.700321197509766	3.1923491954803467	4	dictators
14.462234497070312	18.980825424194336	1	Terrorists
-18.680639266967773	-12.741506576538086	6	kayaks
-43.2977180480957	2.6512362957000732	4	hindered
-38.759765625	-1.4571043252944946	4	Bootleg
10.72262191772461	10.511039733886719	1	Iglesias
-12.50716495513916	17.41495132446289	2	Tupac
41.898128509521484	1.9167922735214233	0	Bahia
10.28637409210205	32.62667465209961	7	Rebekah
2.041822671890259	-23.662517547607422	10	Goats
-22.520694732666016	-9.44960880279541	9	Complications
-30.78007698059082	-2.358394145965576	9	Reborn
-19.405418395996094	-0.8863517642021179	9	Muscles
6.909003257751465	30.898033142089844	7	Hiram
40.3948860168457	-19.706684112548828	5	Gambia
-38.033058166503906	-12.938074111938477	8	Sham
46.0322265625	-17.941621780395508	5	DRC
21.859228134155273	11.376138687133789	1	Khaled
0.3444341719150543	2.2276549339294434	8	Pepe
-8.682683944702148	21.358579635620117	2	beyonce
39.0037727355957	-7.417874336242676	0	Dakar
-14.950472831726074	-17.865997314453125	6	Catfish
-10.778182983398438	8.330095291137695	9	Reps
20.566240310668945	7.186922073364258	0	Amman
9.453384399414062	-2.3551626205444336	8	Ras
-12.573999404907227	1.2851779460906982	9	Inauguration
-20.133474349975586	-12.031281471252441	6	Salmonella
-20.53300666809082	15.379509925842285	2	ratchet
-16.77110481262207	3.9678795337677	9	Funniest
-25.819866180419922	2.754307508468628	9	Schemes
-39.33720397949219	-0.4477550983428955	4	bootleg
-20.183198928833008	-3.210284471511841	9	livelihoods
-13.340115547180176	19.98133087158203	2	Ludacris
-22.82402229309082	-7.606100559234619	4	methadone
7.480005741119385	-8.670968055725098	8	maroon
11.611501693725586	8.53829288482666	8	hummus
37.08594512939453	4.899407386779785	0	Livingstone
-39.41459655761719	-4.009079933166504	4	Taboo
4.565367221832275	-0.5534570217132568	8	Deng
-44.399208068847656	-1.9858207702636719	4	abomination
-6.91268253326416	0.8152477741241455	8	Chipotle
30.76792335510254	2.20694899559021	8	Pickens
7.430736064910889	-0.03374430909752846	8	Simi
35.174835205078125	-6.028099060058594	0	Addis
46.459075927734375	-15.145984649658203	5	Seychelles
-16.1841983795166	1.5021517276763916	8	Weaving
-7.679498672485352	-0.6696649789810181	8	CrackBerry
-44.90537643432617	3.524967908859253	4	scandalous
-0.31087610125541687	-4.312533855438232	8	Hammock
37.88057327270508	1.4162758588790894	0	Orissa
5.1891937255859375	-17.10902214050293	10	camels
-13.550636291503906	4.5916361808776855	8	Rawlings
40.52770233154297	3.572850465774536	0	Gauteng
-10.150867462158203	22.664016723632812	2	drake
-39.84623718261719	-9.054762840270996	4	Orphan
-4.7659711837768555	2.5374598503112793	8	Delgado
-5.3498053550720215	15.126538276672363	2	Roc
-21.024751663208008	0.32185742259025574	9	Dizzy
18.42304229736328	-18.24932289123535	3	Afro
-40.271785736083984	8.798864364624023	4	Piracy
17.324115753173828	-14.478161811828613	3	negro
-31.68337631225586	-3.553896903991699	6	Nemesis
-16.357593536376953	-1.147297739982605	9	NDS
16.875057220458984	14.153813362121582	1	Bashar
8.32480239868164	-3.7015678882598877	8	mojo
0.28373104333877563	-3.59501051902771	8	Kiki
-28.864574432373047	-1.9683339595794678	9	Jailbreak
-4.235411167144775	8.336959838867188	8	Shankar
35.680660247802734	-10.19573974609375	5	iran
-28.250303268432617	-1.018903374671936	9	Struggling
48.978126525878906	-19.899080276489258	5	Eritrea