x	y	cluster	word
10.809264183044434	11.656084060668945	2	his
1.701554775238037	12.002100944519043	2	her
2.3370203971862793	9.17760181427002	2	man
5.020034313201904	9.456082344055176	2	girl
-0.4031175374984741	8.744603157043457	2	woman
8.595102310180664	9.9701509475708	2	daughter
4.395427227020264	9.123652458190918	2	boy
2.7345030307769775	9.180001258850098	2	female
36.58384704589844	-4.499639511108398	9	asian
36.84137725830078	-2.52634596824646	9	french
36.40678024291992	-5.138077259063721	9	chinese
36.03323745727539	-4.187725067138672	9	japanese
36.79719543457031	-3.4566404819488525	9	german
10.977225303649902	11.383278846740723	2	hers
37.41474151611328	-2.733264446258545	9	canadian
37.708168029785156	-3.9513885974884033	9	british
37.861717224121094	-4.419900417327881	9	european
37.64688491821289	0.602526068687439	9	australian
37.01792526245117	2.845090866088867	9	caucasian
-12.213053703308105	12.44305419921875	10	The
-20.432832717895508	-0.05592253431677818	4	would
-2.2876601219177246	18.336204528808594	10	This
23.641826629638672	40.18653869628906	6	time
-35.321876525878906	0.5546386241912842	4	get
-2.1771528720855713	18.675445556640625	10	also
1.3781511783599854	11.89018440246582	2	You
-7.623958110809326	7.0485124588012695	2	people
-11.789239883422852	24.789894104003906	7	first
-26.14107894897461	16.033092498779297	8	good
-23.446805953979492	-3.2837307453155518	4	see
-20.197120666503906	0.5873342156410217	4	could
-30.005252838134766	-0.2820824086666107	4	use
-29.399330139160156	14.04636287689209	10	way
-27.517879486083984	10.168800354003906	8	well
-24.74383544921875	-2.0454301834106445	4	think
-13.079665184020996	24.736656188964844	7	much
23.908985137939453	37.55380630493164	6	years
-1.3971226215362549	16.913686752319336	10	For
23.248952865600586	37.17924880981445	6	year
-27.48115348815918	10.633270263671875	8	really
-22.704402923583984	1.857496738433838	4	want
-0.4283386468887329	28.985700607299805	8	great
23.4462890625	38.81621551513672	6	day
-10.198143005371094	14.93563175201416	8	right
-25.52727699279785	16.72722625732422	8	best
-5.141506671905518	-24.095531463623047	5	views
-9.567107200622559	-3.84474515914917	4	find
-33.40386962890625	1.3512758016586304	4	take
-7.487894058227539	-4.660354137420654	4	used
3.6812405586242676	11.584431648254395	2	love
-18.393510818481445	-25.203689575195312	0	home
-14.800971984863281	24.113670349121094	7	last
-31.03619956970215	2.023693561553955	4	going
-25.585264205932617	1.4555729627609253	4	help
5.615309238433838	21.718870162963867	8	free
-17.668752670288086	12.839766502380371	10	There
-6.407194137573242	16.226991653442383	10	All
-0.0831117257475853	13.594972610473633	10	They
-31.47024917602539	7.4843902587890625	10	around
-6.96890926361084	12.128412246704102	9	world
-12.739891052246094	23.55555534362793	7	little
-23.161649703979492	-4.03248929977417	4	look
-36.55768966674805	1.1425377130508423	4	got
4.135003566741943	-26.001840591430664	0	business
1.8282524347305298	17.466466903686523	10	That
-9.595256805419922	-17.504379272460938	1	part
19.222761154174805	20.64247703552246	7	long
2.088569164276123	29.003286361694336	8	better
-5.839381694793701	16.43594741821289	10	every
6.554942607879639	-28.48188018798828	0	Home
-17.291046142578125	12.410005569458008	10	ago
-20.861812591552734	14.24904727935791	10	something
-32.174903869628906	12.49339485168457	10	With
-13.191967964172363	-2.602825164794922	4	available
-34.35038757324219	4.34510612487793	10	using
-22.30202865600586	-23.328941345214844	0	place
-9.416777610778809	-0.6194009780883789	4	come
25.072742462158203	-16.654130935668945	5	site
-1.112130880355835	-1.5010286569595337	5	online
-24.60218620300293	-16.523029327392578	1	system
-16.4061222076416	-0.9343938231468201	4	found
24.7064208984375	37.05874252319336	6	days
-17.45645523071289	16.101150512695312	10	without
-28.45829963684082	14.523462295532227	10	always
11.37104320526123	0.9037656188011169	4	must
-1.6678521633148193	27.394268035888672	8	sure
-17.417682647705078	8.375813484191895	7	lot
-0.7239575982093811	10.952473640441895	2	Your
-16.671520233154297	-11.956239700317383	3	service
18.382421493530273	20.082942962646484	7	three
-0.6453126072883606	19.079025268554688	10	including
-23.356203079223633	-4.840591907501221	4	show
-23.989381790161133	12.604290962219238	8	end
-1.8768094778060913	8.556425094604492	2	family
-34.88998794555664	-0.069890595972538	4	looking
-29.90299415588379	5.822241306304932	1	thing
17.328006744384766	-17.198463439941406	5	post
12.048705101013184	1.997489333152771	4	might
22.18741226196289	36.26748275756836	6	today
24.183740615844727	38.783626556396484	6	week
-36.16417694091797	-0.49101513624191284	4	put
18.588764190673828	-16.87744903564453	5	read
7.1284871101379395	-21.113117218017578	0	company
-9.904312133789062	16.58993148803711	10	top
23.333730697631836	-17.3690242767334	5	book
-17.665393829345703	-24.425443649291992	0	area
-25.90283966064453	13.233945846557617	8	full
-7.497827053070068	-22.090118408203125	5	page
-13.333335876464844	-2.401360034942627	4	keep
-17.24349594116211	11.886072158813477	10	away
19.360332489013672	22.65072250366211	7	small
-20.17432975769043	-1.4270387887954712	4	feel
-12.392197608947754	-8.890686988830566	3	support
-9.168448448181152	14.794443130493164	8	real
22.638259887695312	37.44357681274414	6	times
-17.174922943115234	-26.33262825012207	0	school
17.65505599975586	22.974008560180664	7	left
3.2573630809783936	-20.626934051513672	1	team
-15.615166664123535	-4.671151161193848	1	point
-0.1678461730480194	12.005389213562012	2	Our
-19.10785484313965	16.926267623901367	10	ever
-17.876333236694336	21.900066375732422	7	second
-1.6769589185714722	24.570932388305664	8	able
-32.79381561279297	-5.062323093414307	4	order
5.832039833068848	9.357294082641602	2	children
-31.551610946655273	11.878164291381836	10	within
-33.042423248291016	7.6775946617126465	10	though
-14.837667465209961	-3.623410224914551	4	start
40.932899475097656	-4.3798604011535645	9	American
25.091136932373047	37.92996597290039	6	months
-13.775059700012207	-11.584017753601074	3	services
-21.459897994995117	-21.60366439819336	0	car
11.949878692626953	-28.189407348632812	0	University
26.538475036621094	-2.905578136444092	3	case
-34.374691009521484	2.3290882110595703	4	getting
-22.86477279663086	4.835150241851807	8	done
-24.71025848388672	0.05788937583565712	4	provide
-22.700044631958008	-23.99129295349121	0	course
6.486932277679443	-25.386096954345703	0	local
24.937965393066406	14.057025909423828	8	enough
5.4128594398498535	21.79752540588379	8	Free
-7.021700382232666	7.32914924621582	2	person
33.86452102661133	8.210320472717285	6	April
-33.162994384765625	-0.8745018839836121	4	let
-24.557649612426758	-11.980924606323242	1	line
-1.3053339719772339	17.42312240600586	10	From
-17.557388305664062	-19.984907150268555	5	website
22.346534729003906	23.80925941467285	7	least
-35.0289306640625	1.2333264350891113	4	try
23.003501892089844	22.53420066833496	7	less
-4.720066070556641	-12.116308212280273	1	quality
-22.169105529785156	-17.24726676940918	1	group
-22.511951446533203	-20.87990951538086	3	care
5.342918395996094	-2.8018922805786133	4	thought
-21.27997589111328	9.136423110961914	10	side
-13.158845901489258	-4.6699347496032715	4	call
38.34897232055664	-7.414007186889648	9	United
-30.78523826599121	8.47970962524414	10	per
-19.570417404174805	-25.1008358001709	0	room
4.074678897857666	-13.044081687927246	3	program
-7.395541191101074	10.426675796508789	2	public
-12.358777046203613	-11.43235969543457	3	products
-33.8475456237793	6.1527838706970215	10	following
-36.336669921875	-1.4242554903030396	4	called
14.344642639160156	-5.557155609130859	3	buy
24.771730422973633	35.83574676513672	6	hours
9.328332901000977	-12.538150787353516	3	price
25.712003707885742	33.194087982177734	6	July
-4.173235893249512	27.326269149780273	8	easy
18.857980728149414	-9.397459030151367	3	design
-20.044170379638672	17.81635093688965	10	far
4.485925197601318	1.7657748460769653	9	World
-35.156124114990234	2.616527795791626	4	please
3.8289103507995605	-22.8021297454834	1	State
-11.674375534057617	12.340421676635742	10	THE
-15.626121520996094	14.945595741271973	10	include
-4.588329315185547	-8.044147491455078	3	open
-30.91777801513672	2.4125115871429443	4	went
-7.081146240234375	8.552400588989258	2	body
12.027725219726562	-29.524314880371094	0	County
7.786827087402344	-28.97627830505371	0	house
-3.692185878753662	-8.874591827392578	5	search
-12.324834823608398	23.384363174438477	7	large
9.551034927368164	18.398433685302734	10	together
-19.2891788482666	1.2961000204086304	4	came
-5.78566837310791	8.432686805725098	2	someone
25.772872924804688	32.24053955078125	6	October
-28.534465789794922	4.236536026000977	1	means
-11.28579044342041	-5.55686092376709	3	offer
36.65866470336914	-8.410680770874023	9	country
-13.012187957763672	-10.11572551727295	3	control
10.135634422302246	10.6578369140625	2	friends
-2.2943804264068604	-23.782365798950195	5	view
9.320016860961914	23.065046310424805	4	possible
19.927785873413086	19.58087730407715	7	several
-32.9306526184082	9.69852352142334	10	along
8.58663272857666	-20.291078567504883	3	market
7.509181022644043	-28.39484405517578	0	city
18.718090057373047	2.0144214630126953	4	believe
-26.011972427368164	14.438714027404785	8	nice
-2.703029155731201	25.835336685180664	8	pretty
7.062969207763672	-11.765170097351074	3	product
25.559261322021484	32.95207214355469	6	August
-23.92593002319336	-2.507493734359741	4	seen
21.583538055419922	-16.50745391845703	5	web
-5.063708782196045	-14.109460830688477	1	form
-10.555923461914062	-1.7043399810791016	4	took
23.647724151611328	-15.592775344848633	5	View
3.029191255569458	18.366785049438477	10	Just
-1.5279016494750977	-13.593640327453613	1	points
-0.4469236135482788	3.6737494468688965	2	students
-16.66592788696289	-24.666231155395508	0	Center
-10.628706932067871	3.2635552883148193	7	past
11.589472770690918	-29.221132278442383	0	School
-25.2822322845459	-1.3201987743377686	4	tell
-0.6549177169799805	-18.59837532043457	1	level
2.3817617893218994	3.0324416160583496	9	government
-4.389051914215088	9.12572193145752	2	kind
-4.179121017456055	-2.2120020389556885	4	comes
4.441033840179443	15.072412490844727	2	head
17.223508834838867	18.915477752685547	7	light
26.08677864074707	-2.2039849758148193	3	Price
-5.14324426651001	-6.146857261657715	4	check
25.65308952331543	35.2032470703125	6	minutes
9.95770263671875	2.175443172454834	4	hope
-6.779704570770264	-15.657766342163086	1	type
-4.861810684204102	16.64954948425293	10	whole
-9.304680824279785	2.6546084880828857	4	probably
18.335769653320312	-10.451650619506836	3	software
22.530044555664062	38.62561798095703	6	season
-29.356515884399414	9.137137413024902	10	everything
6.459562301635742	25.481843948364258	8	Thanks
3.5614867210388184	15.75739574432373	10	either
-22.937847137451172	-7.528736591339111	1	example
14.87983226776123	21.40907859802246	7	four
-25.578128814697266	-22.805513381958008	0	community
-35.479976654052734	1.5747113227844238	4	trying
15.573332786560059	7.317569732666016	1	special
21.154571533203125	-19.14980697631836	5	review
0.05951490253210068	11.514366149902344	2	anyone
15.949538230895996	21.41277503967285	7	million
-7.449636459350586	-12.958101272583008	1	idea
10.420802116394043	-8.472065925598145	3	access
-33.65767288208008	-5.268784523010254	3	contact
-8.000792503356934	7.055730819702148	2	everyone
17.177104949951172	-14.814970970153809	5	Search
-22.85236167907715	-8.418957710266113	1	value
-1.9045006036758423	4.252082824707031	2	phone
-24.321861267089844	15.365619659423828	8	quite
19.324892044067383	-15.18211555480957	5	email
-14.229850769042969	23.353057861328125	7	early
-17.590656280517578	10.11633014678955	10	near
-0.5513779520988464	-6.582262992858887	3	current
21.68610191345215	20.112812042236328	7	First
12.61298656463623	-4.809736251831055	3	pay
1.299303650856018	29.002025604248047	8	Best
28.213756561279297	-13.843684196472168	5	research
-1.1814132928848267	11.920333862304688	2	mind
-22.226314544677734	-8.139774322509766	1	question
0.31957289576530457	6.5575642585754395	2	personal
20.408472061157227	1.6764116287231445	4	told
-10.612324714660645	-5.261857986450195	3	offers
-21.141801834106445	18.004074096679688	10	almost
-15.694618225097656	-11.279239654541016	3	development
-21.06211280822754	15.891801834106445	10	Some
3.7722692489624023	26.845121383666992	8	true
6.342711925506592	27.93683624267578	8	Great
-12.047286987304688	9.611167907714844	10	About
-23.129150390625	-10.932210922241211	1	version
-19.716182708740234	-15.967153549194336	5	article
2.8891305923461914	20.074878692626953	2	mean
-11.966273307800293	3.3722996711730957	4	future
14.288153648376465	18.857606887817383	1	size
38.91212463378906	-4.848361968994141	9	West
-33.440399169921875	0.9403861165046692	4	taking
5.026883602142334	14.776954650878906	2	face
-22.329668045043945	-14.231107711791992	1	features
23.571922302246094	38.2365837097168	6	Time
11.591912269592285	-9.448380470275879	3	close
-0.22300343215465546	28.01726722717285	8	beautiful
-21.63802146911621	7.616520881652832	10	via
-3.8618991374969482	-23.973342895507812	5	reading
-23.749629974365234	-11.377223014831543	1	series
40.574127197265625	-5.445973873138428	9	America
12.098650932312012	16.207530975341797	10	across
0.59561687707901	-10.586488723754883	3	cost
2.7309670448303223	17.277999877929688	10	Why
-1.72929847240448	-4.905971050262451	4	visit
-2.0376431941986084	14.620831489562988	10	front
-18.153173446655273	-10.900681495666504	3	works
8.94490909576416	-29.38291358947754	0	Park
-21.65703010559082	1.8332430124282837	4	wanted
-0.3784509301185608	-18.80906105041504	1	class
7.914544582366943	-13.870932579040527	3	Services
-28.873563766479492	1.5560122728347778	4	coming
-32.69860076904297	6.871134281158447	10	whether
20.471878051757812	-14.845046043395996	5	Online
-2.0120153427124023	29.509265899658203	8	perfect
25.33061981201172	36.83297348022461	6	weeks
23.790727615356445	-16.51102638244629	5	film
7.581814289093018	-14.00149154663086	3	Service
30.61686897277832	-7.727221965789795	9	Windows
-21.704830169677734	0.8108531832695007	4	taken
14.205509185791016	0.9168771505355835	4	reason
-23.390865325927734	-13.070263862609863	1	details
-24.032989501953125	-22.845539093017578	0	party
-26.322315216064453	12.829812049865723	8	complete
7.703145980834961	9.453873634338379	2	child
5.661340713500977	2.701601982116699	9	International
8.519732475280762	-20.539968490600586	3	companies
-24.250699996948242	-8.945528030395508	1	questions
-3.563814878463745	-18.716550827026367	3	card
-8.717096328735352	-16.611637115478516	1	range
13.809864044189453	-7.611591339111328	3	sale
-10.924924850463867	24.49814224243164	7	rather
-20.36026382446289	-22.47308349609375	0	property
24.18558692932129	-12.539083480834961	5	Post
-15.185415267944336	-26.44982147216797	0	hotel
4.751008987426758	20.24629020690918	7	Top
-3.6034703254699707	8.554853439331055	2	friend
-25.39771842956543	-14.893519401550293	1	issue
-22.844194412231445	12.747237205505371	8	Well
18.09896469116211	1.0557105541229248	4	understand
-32.55234909057617	2.6012189388275146	4	due
9.0994873046875	12.143610954284668	2	heart
29.319765090942383	-8.558589935302734	5	computer
3.4990553855895996	-27.20779037475586	0	office
5.842284202575684	8.754036903381348	2	kids
21.745899200439453	-16.170616149902344	5	Web
14.741560935974121	-0.23278199136257172	3	stop
-21.531494140625	17.000585556030273	10	especially
3.9961392879486084	1.8707066774368286	9	English
-4.24735689163208	-23.035968780517578	5	watch
-24.8405818939209	14.197227478027344	8	simple
8.698986053466797	-17.207109451293945	3	art
-10.08799934387207	11.196349143981934	1	major
-6.59049654006958	-23.707386016845703	5	content
17.181806564331055	-8.071920394897461	3	training
9.843585968017578	-21.08359146118164	0	building
19.502975463867188	1.2717941999435425	4	asked
18.561237335205078	-14.117491722106934	5	credit
6.673961639404297	12.685079574584961	2	couple
24.009857177734375	-9.221956253051758	3	industry
5.685229301452637	19.880218505859375	2	original
28.5546875	0.1867602914571762	2	air
-2.197868585586548	17.685413360595703	10	AND
14.932162284851074	21.508010864257812	7	five
0.4143940210342407	28.535602569580078	8	Good
-16.026084899902344	14.499920845031738	10	includes
-5.338498115539551	-20.93950653076172	5	study
-15.179100036621094	21.161306381225586	7	half
-30.594980239868164	-9.597357749938965	1	space
20.738994598388672	-18.360782623291016	5	photos
-34.28586959838867	-5.008606433868408	4	present
12.88012981414795	2.757298707962036	4	turn
-7.98517370223999	-3.2789738178253174	4	needed
26.703163146972656	-14.6466064453125	5	media
3.6356558799743652	9.622885704040527	2	human
-2.3691296577453613	22.802322387695312	8	simply
-1.1153333187103271	-4.464443683624268	4	stay
-31.44455909729004	-3.396116018295288	3	deal
-23.562862396240234	-20.676513671875	0	living
-5.849332332611084	-15.58345890045166	1	style
-25.933271408081055	0.18016473948955536	4	provided
-22.416179656982422	-0.9017379283905029	4	ask
-28.424419403076172	8.122697830200195	10	main
9.137821197509766	1.191681146621704	8	enjoy
-7.109536170959473	-1.8177645206451416	4	bring
22.399295806884766	19.883867263793945	7	Most
6.1315412521362305	-14.936483383178711	3	technology
-33.067787170410156	11.795221328735352	10	upon
-2.8066859245300293	-8.428908348083496	4	playing
-0.18971587717533112	-15.210532188415527	1	rate
20.82105827331543	-15.12686824798584	5	Google
24.37858772277832	-2.85554575920105	3	insurance
-32.82372283935547	1.5082563161849976	4	takes
-4.668755054473877	-21.43707847595215	4	talk
9.514859199523926	-28.995115280151367	0	Hotel
2.9205870628356934	-12.987224578857422	3	test
-31.482248306274414	13.995832443237305	10	While
-23.806045532226562	-14.463903427124023	1	stuff
11.26085090637207	-1.3839222192764282	4	cannot
-16.776229858398438	15.1134614944458	10	however
-3.9924755096435547	5.908170223236084	8	win
29.700313568115234	-12.334566116333008	5	Review
38.657470703125	-5.903838157653809	9	California
4.131990432739258	18.285602569580078	10	various
-32.9884033203125	10.58000659942627	10	among
-22.315963745117188	-8.225419998168945	1	usually
-16.77910614013672	-11.150816917419434	3	parts
5.823278903961182	11.054347038269043	2	guys
-9.732284545898438	-7.665394306182861	3	result
13.760895729064941	21.46380043029785	4	amount
13.238323211669922	-17.12372589111328	5	store
-16.407865524291992	-23.997236251831055	0	areas
-0.6053519248962402	-7.67825984954834	3	return
-16.186662673950195	-23.521747589111328	0	field
-34.88202667236328	-3.9138906002044678	4	interest
4.880143642425537	11.0924654006958	2	guy
27.237709045410156	-14.184389114379883	5	books
21.008197784423828	20.33477783203125	7	longer
-20.979393005371094	-11.694052696228027	3	items
4.788729190826416	18.917863845825195	8	total
-9.797538757324219	2.1034202575683594	4	remember
13.80678653717041	20.357234954833984	1	percent
16.916728973388672	-7.796323776245117	3	prices
9.54220962524414	-22.263633728027344	0	address
-18.506084442138672	-6.979386806488037	3	rest
13.39759349822998	9.190762519836426	2	natural
-5.803339004516602	-23.593639373779297	5	picture
-25.8973445892334	-6.025256156921387	1	cause
2.360403060913086	5.986919403076172	2	general
-10.311477661132812	19.921064376831055	2	favorite
-3.3815627098083496	-6.158792972564697	4	drive
-0.8244757056236267	23.47203826904297	8	clear
-2.229227304458618	15.187504768371582	10	outside
-26.424251556396484	-1.8030471801757812	4	click
-9.507871627807617	-17.265043258666992	1	Part
-30.184492111206055	1.4078214168548584	4	shall
-2.4119677543640137	-5.775516510009766	4	held
-18.922327041625977	11.48270034790039	10	inside
14.023287773132324	-5.205361366271973	3	Buy
-7.281251430511475	10.037620544433594	2	private
4.813639163970947	-16.62856674194336	1	systems
-37.763824462890625	-1.9077906608581543	10	currently
8.962553977966309	12.881141662597656	2	morning
-8.706154823303223	-14.782668113708496	1	model
-24.412822723388672	14.918054580688477	8	similar
-0.461370587348938	5.669121742248535	2	user
40.160614013671875	-4.238308906555176	9	USA
21.836776733398438	-0.6112345457077026	3	designed
1.9444764852523804	4.927153587341309	2	professional
20.993576049804688	-15.540595054626465	5	internet
27.234600067138672	-4.877079010009766	3	security
4.713659286499023	-12.58469295501709	3	application
8.338807106018066	25.517314910888672	8	certain
4.7903900146484375	-11.33672046661377	3	cover
2.374023675918579	-8.620481491088867	3	rights
-1.974757194519043	1.9829732179641724	3	staff
-10.2163667678833	-16.463546752929688	1	Group
6.245639324188232	23.724166870117188	8	Full
22.72736358642578	38.351722717285156	6	period
13.069053649902344	-7.9474382400512695	3	sales
17.96410369873047	21.60642433166504	7	third
6.625284671783447	-29.154783248901367	0	College
19.85565948486328	-20.0429630279541	5	pictures
5.562485694885254	15.196660995483398	2	common
-23.759153366088867	-15.478350639343262	1	subject
-5.44722843170166	24.87101936340332	4	likely
-17.805225372314453	-19.451160430908203	5	sites
4.655205249786377	-4.569680690765381	5	written
16.11800765991211	-15.921839714050293	5	source
10.534136772155762	-3.2766451835632324	4	received
-4.294410705566406	-3.27109956741333	4	continue
-23.3814640045166	3.447392225265503	4	ready
20.059085845947266	-18.159423828125	5	photo
-14.169646263122559	-14.228795051574707	3	customers
-7.372179985046387	-12.960583686828613	1	sense
-26.415790557861328	11.773937225341797	8	interesting
-17.692241668701172	21.77499771118164	7	recent
-33.81417465209961	7.143730640411377	10	forward
6.02608585357666	20.641111373901367	7	popular
21.09600067138672	-19.340518951416016	5	reviews
33.4205436706543	1.1900488138198853	5	wrote
-30.064069747924805	6.161684036254883	10	ways
-13.85079288482666	25.852190017700195	7	latest
-35.58869934082031	5.754317283630371	10	instead
2.809889078140259	5.994933128356934	2	General
18.765626907348633	19.687191009521484	7	recently
-1.2290005683898926	27.077943801879883	8	thanks
-15.073185920715332	23.9644775390625	7	late
29.59206771850586	-7.064404010772705	3	education
-1.0026121139526367	28.384185791015625	8	cool
-20.56670570373535	12.313535690307617	10	included
26.612831115722656	-0.44874951243400574	3	treatment
-24.602264404296875	12.477984428405762	8	Thank
-2.427554130554199	22.02391815185547	1	unique
36.944759368896484	1.2175722122192383	9	Paul
-6.583811283111572	-4.19606876373291	4	send
-7.751953125	-17.82747459411621	1	section
-21.505075454711914	-0.24025945365428925	4	choose
5.729367256164551	-2.9429941177368164	4	thinking
-29.071735382080078	-2.1271049976348877	4	choice
-32.64719009399414	4.2408599853515625	4	according
25.167356491088867	31.205324172973633	6	Christmas
-13.488442420959473	1.706857681274414	4	travel
0.2511056959629059	8.64558219909668	2	People
37.572265625	2.4338581562042236	9	Michael
7.392888069152832	20.401479721069336	8	fine
-19.944541931152344	-23.698116302490234	0	center
-22.004377365112305	0.8150568604469299	4	allow
12.499564170837402	2.3954532146453857	4	wait
18.416004180908203	16.6975040435791	7	increase
15.940984725952148	0.6769403219223022	4	chance
-27.255373001098633	9.768389701843262	8	final
16.38841438293457	-1.7333353757858276	3	answer
22.087770462036133	19.099987030029297	7	fast
-29.102909088134766	7.215083122253418	8	worth
12.88785171508789	-29.9814453125	0	Department
3.8503434658050537	-12.93294620513916	3	programs
25.094881057739258	32.33079528808594	6	Thursday
24.74907875061035	-4.5024094581604	3	release
10.149053573608398	-27.83689308166504	0	Office
-8.244214057922363	-18.70514678955078	1	box
7.616044044494629	-16.5777530670166	3	material
0.5397531390190125	-10.78622817993164	3	tax
-11.072081565856934	-24.314424514770508	0	location
-26.92168617248535	6.256498336791992	1	specific
-16.056241989135742	-26.683551788330078	0	town
6.294203281402588	23.82162094116211	8	entire
9.468574523925781	9.220185279846191	2	girls
-17.173330307006836	-22.966386795043945	0	board
6.243803024291992	17.684886932373047	1	particular
22.083316802978516	22.745059967041016	7	higher
-12.05219554901123	24.642276763916016	7	huge
13.913575172424316	-11.560151100158691	3	medical
-25.059568405151367	-10.314455032348633	1	term
-15.898445129394531	-27.249197006225586	0	Club
-6.152114391326904	-3.088498830795288	4	receive
15.820062637329102	-9.75076675415039	3	marketing
-13.744843482971191	-4.614362716674805	4	hold
17.871320724487305	1.7320791482925415	4	tried
-25.096040725708008	-12.976426124572754	1	table
24.33913230895996	33.00859832763672	6	summer
10.883705139160156	-13.48255443572998	3	build
7.567934989929199	24.931486129760742	8	easily
38.52972412109375	2.558258056640625	9	Canada
19.28058433532715	16.075458526611328	7	loss
20.940034866333008	-8.29086971282959	3	Design
-8.634121894836426	21.483491897583008	7	cheap
9.106474876403809	-26.025066375732422	0	road
-14.877055168151855	-9.01643180847168	3	options
29.548587799072266	-12.545496940612793	5	Reviews
-2.909623146057129	15.334141731262207	10	wide
-5.044871807098389	-15.934518814086914	1	standard
21.047576904296875	1.8648031949996948	4	decided
-17.856870651245117	-12.319893836975098	1	role
-18.461181640625	-17.72222328186035	5	pages
6.381178855895996	9.452836036682129	2	parents
-24.705503463745117	-10.026359558105469	1	terms
-2.172698974609375	-10.258679389953613	3	collection
5.6400322914123535	2.8177289962768555	9	international
-8.021540641784668	-14.373679161071777	1	method
1.3068069219589233	-15.803301811218262	1	piece
-14.936772346496582	-10.327554702758789	3	practice
-24.530536651611328	-13.949162483215332	1	title
-34.6210823059082	4.055685043334961	10	Use
19.99315071105957	-8.973664283752441	3	policy
-20.23744773864746	8.439470291137695	10	door
-12.151177406311035	-6.069751739501953	3	purchase
6.929919242858887	8.934525489807129	2	wife
29.673547744750977	-13.16744613647461	5	DVD
5.4090495109558105	27.774892807006836	8	excellent
17.111507415771484	-9.840154647827148	3	stock
6.897271633148193	-11.040514945983887	3	production
-24.11418342590332	2.206760883331299	4	interested
1.4614818096160889	2.206237316131592	9	war
21.458885192871094	18.46210289001465	7	quickly
1.9466979503631592	-19.660198211669922	1	System
0.21196411550045013	17.84685707092285	10	throughout
-4.550772666931152	-24.661922454833984	5	videos
-26.83769416809082	-0.30616796016693115	4	starting
11.371281623840332	1.5403743982315063	4	looked
13.980729103088379	19.640676498413086	2	average
19.424442291259766	-0.47468045353889465	4	talking
-28.07257080078125	3.1639766693115234	1	effect
6.344935417175293	27.072511672973633	8	wonderful
6.580131530761719	26.12093162536621	8	completely
-8.60693073272705	11.557720184326172	1	political
-27.578096389770508	-9.070428848266602	6	moment
-9.593993186950684	-2.7316107749938965	4	sent
24.4352970123291	33.670352935791016	6	Apr
35.80916213989258	4.263505935668945	9	land
-3.1449849605560303	15.052262306213379	7	Back
-22.238178253173828	-18.690101623535156	1	band
-3.5878093242645264	27.1391544342041	8	finally
-6.906942844390869	-23.503196716308594	5	info
-22.77639389038086	5.014464855194092	8	success
-18.362884521484375	-6.850475788116455	4	built
-8.790745735168457	1.9209177494049072	4	felt
-0.5326122641563416	3.888530969619751	2	student
-31.89980125427246	-4.789365291595459	1	fit
13.266425132751465	-11.76456069946289	3	clean
26.310285568237305	32.3633918762207	6	Oct
24.761581420898438	35.10649490356445	6	hour
5.6660003662109375	-18.511512756347656	1	language
-26.410371780395508	2.004729747772217	4	potential
-26.108076095581055	-14.353437423706055	1	device
26.942598342895508	-10.5236177444458	0	Board
9.339613914489746	-7.524750232696533	3	attention
-13.741559028625488	-14.509404182434082	2	customer
19.167142868041992	-8.426798820495605	3	Product
-17.6904239654541	-10.083242416381836	3	equipment
5.658573627471924	6.228393077850342	9	King
6.503483295440674	10.004652976989746	2	mother
-15.305051803588867	-24.464153289794922	0	Car
-10.046185493469238	1.0252314805984497	4	fall
-18.998693466186523	18.181537628173828	10	extra
-10.42905330657959	19.973052978515625	7	former
31.241504669189453	-12.734722137451172	5	Media
20.333892822265625	-4.976846694946289	1	variety
-31.295366287231445	-8.795076370239258	1	cases
-1.6606013774871826	24.220542907714844	8	necessary
-19.234127044677734	-1.0943354368209839	4	guess
-21.114187240600586	1.1193161010742188	4	allows
16.162933349609375	1.8088620901107788	4	turned
25.690122604370117	-14.515737533569336	5	published
-8.401765823364258	22.863771438598633	7	leading
-21.91045570373535	-14.297406196594238	1	types
16.841106414794922	-3.540382146835327	3	response
25.198457717895508	-1.7188303470611572	3	costs
-2.3762049674987793	-11.215527534484863	3	focus
-31.833938598632812	0.6299967765808105	4	consider
16.395517349243164	7.987701892852783	1	levels
22.417232513427734	35.394676208496094	6	daily
-11.80538558959961	-11.130354881286621	3	resources
33.35030746459961	-5.5292792320251465	9	Apple
21.64093780517578	34.329933166503906	6	weekend
3.2539942264556885	26.413434982299805	8	exactly
29.144332885742188	-0.22005429863929749	0	wedding
-7.348264694213867	-15.06265640258789	1	feature
14.135971069335938	-6.696111679077148	3	sell
12.688201904296875	-1.8052306175231934	4	brought
-19.896190643310547	-21.17158317565918	0	ground
-9.060175895690918	-19.364669799804688	1	base
13.224018096923828	22.930761337280273	1	trip
25.776561737060547	1.2719906568527222	3	pain
-22.897600173950195	17.639175415039062	10	plus
5.168153285980225	-19.080448150634766	1	environment
1.5448254346847534	3.807680606842041	2	Public
24.531408309936523	-4.828352928161621	3	released
0.15005050599575043	-15.104146003723145	1	rates
2.31657338142395	-16.499963760375977	1	Series
4.887181758880615	28.666332244873047	8	effective
-21.78252601623535	-22.668956756591797	0	court
-3.9843485355377197	-14.529902458190918	1	conditions
-14.409149169921875	-27.205989837646484	0	college
3.4414517879486084	1.7597463130950928	9	countries
-22.460819244384766	-17.003618240356445	1	character
5.8774495124816895	-2.911339282989502	4	voice
22.168420791625977	-3.1711766719818115	3	solution
0.3715879023075104	24.665451049804688	8	safe
-32.70340347290039	9.24795913696289	10	although
33.62696075439453	8.888032913208008	6	Aug
25.07642936706543	-14.149839401245117	5	digital
29.89622688293457	-2.206775665283203	3	police
31.436939239501953	-5.983426094055176	9	Education
-12.241384506225586	1.3149360418319702	4	walk
12.022445678710938	17.0711612701416	10	directly
-29.60952377319336	-8.350238800048828	1	round
-30.73685073852539	-7.3374152183532715	1	item
-28.729543685913086	4.997786998748779	1	difference
16.76194190979004	-12.017706871032715	2	patients
-5.23337984085083	-9.493535041809082	3	Press
-29.876121520996094	-1.6701215505599976	4	option
-12.436412811279297	-10.320104598999023	3	tools
-34.99453353881836	-2.0509419441223145	4	moving
-22.87851333618164	-23.025991439819336	0	places
-3.3552300930023193	-14.368515968322754	1	situation
5.653195858001709	26.043575286865234	8	definitely
15.271207809448242	-3.854694366455078	3	providing
30.552221298217773	-11.34829044342041	5	Digital
-2.967054605484009	-16.6287899017334	4	stand
39.74543380737305	-4.9178900718688965	9	Europe
-13.120741844177246	-1.4220882654190063	4	paid
-18.22420883178711	19.812753677368164	7	previous
-18.6799259185791	-14.617497444152832	5	display
9.910022735595703	1.1584805250167847	4	feeling
38.449623107910156	-3.938338279724121	9	French
10.013461112976074	-26.70075035095215	0	floor
15.750651359558105	-1.2700616121292114	3	gift
19.670921325683594	-7.223846435546875	3	Security
12.375667572021484	-12.327948570251465	3	legal
6.845824241638184	3.977811574935913	9	modern
16.419111251831055	9.004809379577637	1	Star
-4.196072101593018	-19.523578643798828	5	camera
-2.8792219161987305	-9.803522109985352	5	guide
26.342695236206055	12.685738563537598	8	yes
32.47007751464844	-6.199255466461182	9	Microsoft
22.991443634033203	-2.473402261734009	3	safety
-8.715092658996582	-2.149643659591675	4	pass
-12.535927772521973	-24.137746810913086	0	estate
-16.51040267944336	-7.516550540924072	3	goal
-22.50345230102539	14.331717491149902	4	gone
15.799772262573242	-14.894108772277832	5	Source
-17.355573654174805	9.073159217834473	7	lots
19.73464012145996	17.46199607849121	7	limited
40.116615295410156	-6.443509101867676	9	British
39.3585319519043	-3.9053921699523926	9	England
11.525962829589844	8.147492408752441	2	nature
-3.3767893314361572	-19.152462005615234	5	cards
-1.8383265733718872	5.529385566711426	2	fans
-35.800750732421875	2.3839688301086426	4	expected
-2.872847557067871	29.24128532409668	8	awesome
-12.16340160369873	-1.6397029161453247	4	spent
4.5595293045043945	26.33608055114746	8	certainly
-34.113746643066406	-4.753710746765137	4	entry
34.39866256713867	-5.669991493225098	9	History
-13.189069747924805	-26.31549072265625	0	Court
9.552091598510742	22.688217163085938	4	considered
25.30575942993164	-2.838043689727783	3	planning
23.350770950317383	2.0524518489837646	4	spend
6.663629531860352	-6.504616737365723	4	claim
26.397626876831055	0.25827106833457947	3	benefits
-31.341522216796875	-3.120842218399048	4	charge
19.7110538482666	0.5735519528388977	4	approach
20.596805572509766	18.902605056762695	7	quick
7.551885604858398	-18.897748947143555	3	brand
3.447340250015259	28.560874938964844	8	highly
6.116140842437744	-12.788047790527344	3	applications
6.427044868469238	-26.834854125976562	0	schools
10.966181755065918	-28.990280151367188	0	church
7.048050403594971	17.339759826660156	2	beginning
-31.584888458251953	-6.202359676361084	1	match
-24.84140968322754	-22.06702423095703	0	homes
-28.400375366210938	-0.7174776792526245	3	uses
-8.297846794128418	-16.963533401489258	1	unit
-24.51968765258789	1.118739128112793	4	ensure
-10.661452293395996	-1.2950754165649414	4	Take
-18.470056533813477	13.750454902648926	10	FOR
5.140897274017334	12.354681968688965	2	Her
27.20681381225586	-11.349237442016602	5	Site
2.2534289360046387	-26.993343353271484	0	shop
-2.6568007469177246	27.86972999572754	8	fully
22.082481384277344	-18.063392639160156	5	movies
9.706131935119629	10.473433494567871	2	father
7.897299289703369	-24.35782241821289	5	Forum
-20.642030715942383	-9.293814659118652	1	regular
-2.760531425476074	-5.66103982925415	4	Call
31.407209396362305	3.0882956981658936	3	Products
38.464412689208984	-1.5217750072479248	9	Central
6.757535457611084	-17.16326332092285	1	Guide
-1.970037817955017	-13.868983268737793	1	sort
2.016685724258423	-21.171573638916016	1	Team
-13.745430946350098	-13.703438758850098	3	clients
38.909400939941406	0.9135509729385376	9	Australia
-21.878198623657227	-6.5798492431640625	1	sounds
6.607804298400879	15.709964752197266	2	normal
11.368938446044922	10.872550010681152	2	fan
-13.017217636108398	12.354436874389648	10	Each
19.010522842407227	-18.379016876220703	5	memory
-2.2812137603759766	-17.058116912841797	0	Bill
16.0537166595459	-2.3046233654022217	3	advice
32.371734619140625	-5.449106693267822	9	Medical
9.395934104919434	24.412691116333008	4	loved
30.741952896118164	-1.2866976261138916	0	Estate
12.902844429016113	-2.066739082336426	4	bought
12.45615291595459	15.917884826660156	10	Because
-28.325786590576172	-3.379462957382202	3	trade
-17.45437240600586	14.018649101257324	10	Out
10.954814910888672	-0.11739154905080795	4	begin
-8.089956283569336	12.041743278503418	9	global
-0.5393065810203552	-13.340093612670898	3	pressure
9.480097770690918	17.42928123474121	10	towards
-15.096307754516602	-20.428607940673828	1	states
-16.015459060668945	-7.179568290710449	4	fight
7.775720596313477	-27.541248321533203	0	rooms
12.520231246948242	-10.34285831451416	3	Open
17.497623443603516	-10.155543327331543	3	materials
-1.6983951330184937	30.308841705322266	8	successful
7.021078109741211	-26.943286895751953	0	Council
40.4136848449707	-7.751515865325928	9	European
9.058465003967285	-20.035505294799805	3	cars
20.707962036132812	-20.350114822387695	5	articles
21.876142501831055	17.940378189086914	7	nearly
-15.51603889465332	-10.076581001281738	3	tool
10.723245620727539	-7.074987888336182	3	direct
6.288870334625244	-16.542808532714844	1	Description
-23.267343521118164	-24.244064331054688	1	stage
1.3266053199768066	-8.200033187866211	3	Care
-22.08087921142578	8.469829559326172	10	com
22.118310928344727	0.13936248421669006	3	developed
-6.299757480621338	-20.219249725341797	5	channel
25.78907585144043	-9.938355445861816	1	Category
33.594207763671875	2.7762835025787354	0	Valley
-6.910587310791016	-5.59866189956665	4	request
-19.529714584350586	14.173090934753418	10	Related
-25.48623275756836	12.2512788772583	8	thank
23.431211471557617	18.45074462890625	7	fresh
-29.96521759033203	10.08288288116455	10	Any
17.62677574157715	-1.099483847618103	4	watching
-9.03616714477539	13.837928771972656	8	official
-26.754863739013672	6.704723358154297	1	basic
8.511353492736816	-27.537015914916992	0	Bay
-18.623031616210938	10.15616226196289	10	bottom
10.843839645385742	-8.473060607910156	3	copy
-5.408632278442383	-14.506470680236816	1	rules
-22.21349334716797	14.569290161132812	4	perhaps
-0.5338599681854248	14.645709991455078	10	whose
23.724384307861328	36.09385681152344	6	Times
14.932490348815918	5.155973434448242	3	force
-21.4298095703125	19.174835205078125	8	Very
-16.041967391967773	-10.735231399536133	3	drug
35.94132995605469	3.163925886154175	9	military
-9.727225303649902	11.44581127166748	1	traditional
-27.10462760925293	-0.14746780693531036	4	touch
13.265660285949707	-6.289333343505859	3	sold
4.611876964569092	-25.95879364013672	0	commercial
-13.04948902130127	-23.578039169311523	0	cell
36.947147369384766	2.033385992050171	9	Mike
-7.042977333068848	24.21561622619629	8	significant
-24.89978790283203	2.620798110961914	4	allowed
12.988446235656738	8.693378448486328	2	physical
-8.568305015563965	-5.321242809295654	4	apply
7.342240810394287	-26.132793426513672	0	region
-0.5777837634086609	27.378923416137695	8	truly
-4.517843246459961	-19.13718032836914	5	window
-5.860273361206055	-1.7363783121109009	4	offered
-15.301329612731934	-27.43113899230957	0	club
-14.26046085357666	-24.067411422729492	0	wall
-31.618619918823242	0.0697648674249649	4	require
0.3678019344806671	-7.000830173492432	3	cash
17.766218185424805	23.11046600341797	7	middle
15.343335151672363	7.255996227264404	1	Special
-35.322364807128906	-1.3189325332641602	4	met
-26.375308990478516	-3.430898666381836	3	press
15.950830459594727	-14.552635192871094	5	surface
-6.123298168182373	-1.430526852607727	4	reach
18.79472541809082	21.05036735534668	7	Long
-21.693248748779297	-21.158430099487305	0	vehicle
-9.403517723083496	21.18242073059082	7	led
24.04774284362793	-14.66659164428711	5	Views
-29.83839225769043	9.426801681518555	10	whatever
21.6340389251709	35.04051971435547	6	weather
26.28709602355957	-3.081719160079956	3	Collection
-22.449748992919922	-4.041115760803223	4	seeing
-8.115047454833984	-4.031490802764893	4	recommend
0.8686712980270386	19.326244354248047	10	Over
10.59488582611084	-13.5248384475708	3	construction
12.658929824829102	-17.04931640625	3	shopping
33.6248893737793	3.4426934719085693	0	hotels
-32.93454360961914	-3.3656530380249023	8	finish
-8.02680778503418	-9.172499656677246	3	selection
-11.343371391296387	0.7216798663139343	4	waiting
37.180419921875	4.154525279998779	9	Thomas
4.086164474487305	27.47635841369629	8	useful
-31.98981475830078	-7.387354850769043	1	figure
10.955150604248047	10.182903289794922	2	husband
-21.489948272705078	-9.647107124328613	1	degree
23.54637908935547	1.3454563617706299	4	announced
19.90438461303711	22.420886993408203	7	Little
28.013080596923828	-7.617090702056885	5	science
21.344417572021484	-1.6827967166900635	3	benefit
-15.685779571533203	-3.4355368614196777	4	showing
18.547353744506836	-5.669445991516113	3	purpose
23.8591251373291	-0.08328486979007721	1	Quote
-6.205555438995361	-14.343801498413086	1	condition
19.624671936035156	20.87259292602539	7	earlier
9.670368194580078	-16.484691619873047	3	Copyright
36.182952880859375	1.4931352138519287	9	Peter
32.289302825927734	0.733508825302124	2	president
15.05401611328125	-5.716929912567139	3	loan
23.723426818847656	18.25214958190918	7	cold
11.436631202697754	17.328847885131836	10	beyond
16.666627883911133	-18.375699996948242	5	updated
25.64443588256836	34.31927490234375	6	seconds
-21.422752380371094	9.16551685333252	10	onto
37.50261306762695	-5.809116363525391	9	Chinese
30.025976181030273	-2.6484155654907227	3	businesses
25.417634963989258	0.9222387075424194	3	reasons
25.511398315429688	-6.45387077331543	5	glass
7.058080196380615	-9.879941940307617	3	supply
7.283719539642334	18.522418975830078	8	straight
-1.5686187744140625	-8.823141098022461	3	develop
-3.5929746627807617	29.496166229248047	8	Super
-32.48011016845703	-8.243964195251465	1	basis
22.633398056030273	18.720422744750977	7	easier
0.6328352093696594	24.627668380737305	8	finished
5.196599960327148	-9.39808464050293	3	wear
27.513660430908203	2.6985347270965576	2	Welcome
-21.31130027770996	16.54890251159668	10	particularly
7.56187629699707	26.548564910888672	8	helpful
-22.739887237548828	-15.414889335632324	1	profile
8.876840591430664	-26.247047424316406	0	Local
5.869209289550781	-7.573590278625488	3	offering
0.5406970381736755	-11.932393074035645	3	budget
2.358952283859253	18.600107192993164	10	except
4.128401756286621	-15.134634971618652	1	models
2.496711254119873	-11.43161392211914	3	campaign
3.6834499835968018	-18.434968948364258	1	characters
28.857444763183594	-6.567962169647217	3	Marketing
11.850606918334961	-30.057043075561523	0	District
9.242635726928711	-28.439476013183594	0	street
26.34099006652832	16.480863571166992	7	largest
0.9728233814239502	-4.850885391235352	4	kept
2.671286106109619	-20.885475158691406	1	culture
34.06034851074219	3.1376233100891113	0	Institute
11.49690055847168	9.867000579833984	2	families
-7.01983642578125	-6.762853145599365	4	calls
28.39845085144043	-8.504234313964844	5	Director
-0.09197048097848892	-11.540836334228516	3	traffic
-31.25396728515625	12.724102973937988	10	Under
-0.2184571772813797	-8.554462432861328	3	opening
-0.46005865931510925	2.3777012825012207	2	owner
-4.56180477142334	-13.742673873901367	1	statement
24.326114654541016	-1.6712642908096313	3	driving
16.928300857543945	0.24195687472820282	4	speak
36.22087860107422	-7.369492053985596	9	Government
10.097890853881836	-28.91769790649414	0	Hall
-9.445158958435059	-22.388662338256836	0	tour
-28.25087547302246	8.96430492401123	10	overall
23.232702255249023	-13.954367637634277	5	radio
27.00003433227539	2.455296754837036	8	truth
25.49675750732422	13.52894401550293	10	immediately
30.22596549987793	-1.2327085733413696	0	kitchen
11.120841026306152	8.320870399475098	2	individuals
14.302889823913574	-4.9464006423950195	3	buying
32.215152740478516	1.9740175008773804	3	economy
10.576420783996582	-23.288345336914062	0	Conference
-2.616786003112793	19.463857650756836	10	regarding
-13.053236961364746	22.888042449951172	7	older
22.269207000732422	-13.474435806274414	5	storage
-3.72839093208313	7.909294128417969	2	respect
21.02564811706543	35.034786224365234	6	holiday
5.457900047302246	16.679264068603516	2	generally
20.99593734741211	-0.7927719354629517	3	understanding
20.849863052368164	-5.297077178955078	3	Box
-1.931013584136963	1.9363560676574707	3	client
-11.459820747375488	-8.734749794006348	3	damage
-25.170795440673828	-21.38485336303711	0	enter
17.655309677124023	-0.20994848012924194	4	served
30.307762145996094	-0.41595175862312317	0	beach
0.4499273896217346	25.027263641357422	8	correct
-9.504965782165527	-4.226105213165283	4	finding
-23.44125747680664	-1.7345402240753174	4	appear
-8.372193336486816	16.656753540039062	10	Pro
-6.003452777862549	-6.087033748626709	4	notice
22.325695037841797	16.533231735229492	8	extremely
38.60469436645508	1.7442468404769897	9	France
-13.241716384887695	-7.899339199066162	3	creating
19.28276252746582	-2.0784573554992676	3	letter
-15.074213981628418	15.231157302856445	10	contains
37.20847702026367	4.801994323730469	9	Tom
-7.891707897186279	-0.7035823464393616	4	passed
7.779208660125732	-15.682326316833496	3	Parts
-3.063607692718506	23.52760124206543	8	appropriate
5.896252155303955	-7.882625102996826	3	serve
8.806380271911621	26.99667739868164	8	comfortable
10.460506439208984	-29.680885314941406	0	Room
-26.487268447875977	-13.761713027954102	1	discussion
5.75183629989624	26.573078155517578	8	totally
22.15888023376465	22.537160873413086	7	greater
-26.53907585144043	-13.290887832641602	1	topic
-17.355220794677734	-22.067855834960938	0	forum
18.870872497558594	2.5497286319732666	4	wonder
27.80707359313965	-8.529025077819824	5	director
8.517119407653809	-7.9841084480285645	3	produce
37.09430694580078	0.2318951040506363	9	federal
-32.75649642944336	-8.205283164978027	1	package
27.635448455810547	-12.65068244934082	5	Library
9.52035140991211	-9.79537582397461	3	investment
37.82331085205078	3.3535757064819336	9	Virginia
-22.381484985351562	17.540237426757812	10	ahead
21.240896224975586	34.05923843383789	6	annual
-21.647537231445312	-20.25737953186035	0	Manager
30.294157028198242	-12.714631080627441	5	Published
11.118755340576172	-10.871002197265625	3	Sales
25.856294631958008	-0.38154199719429016	3	protection
-23.669628143310547	-13.515083312988281	1	reference
8.398799896240234	-5.770720481872559	3	select
5.267416954040527	-17.07912254333496	1	Systems
-8.949507713317871	25.076168060302734	10	Plus
-10.17587947845459	-23.372739791870117	0	conference
-25.09233856201172	-16.065568923950195	1	structure
30.732789993286133	-13.104131698608398	5	Books
0.6887926459312439	5.755992412567139	2	population
21.850238800048828	37.38032913208008	6	minute
34.21671676635742	-4.633522987365723	9	Richard
-10.473184585571289	24.973831176757812	7	prior
-33.183921813964844	5.272609233856201	4	mentioned
31.39948081970215	-3.608673572540283	2	society
22.48802947998047	21.12725257873535	7	larger
10.075251579284668	21.24485206604004	4	compared
-1.389019250869751	-14.21812629699707	1	pieces
35.37548828125	2.6285698413848877	9	Society
8.67786979675293	13.829888343811035	2	evening
-14.182360649108887	-10.074880599975586	3	contract
-23.66729164123535	0.7483078241348267	4	carry
31.54269790649414	2.749804735183716	3	Insurance
0.3401734232902527	14.895346641540527	10	Their
-3.6505446434020996	6.220967769622803	2	welcome
39.408233642578125	-5.265335559844971	9	Western
-13.033717155456543	-25.387060165405273	0	football
27.03936195373535	-1.5449070930480957	3	fashion
-9.07000732421875	15.688926696777344	8	Right
20.388872146606445	-7.495628356933594	3	Control
37.2972526550293	-0.7044193148612976	9	Grand
2.2091739177703857	-17.34987449645996	1	Type
33.896263122558594	7.936530590057373	6	century
3.046375036239624	-9.549877166748047	3	firm
-31.46451759338379	14.663819313049316	10	During
-4.092624664306641	-21.195470809936523	5	thread
-11.164250373840332	-8.161166191101074	3	protect
13.445159912109375	-7.168252468109131	3	selling
25.35137939453125	-6.307317733764648	5	studies
-14.906319618225098	-25.826068878173828	0	park
24.402101516723633	-17.166595458984375	5	database
28.317718505859375	-3.617401361465454	3	Policy
19.08065414428711	16.744258880615234	7	reduce
-21.603004455566406	-11.962252616882324	1	methods