x	y	cluster	word
1.9476165771484375	18.413869857788086	0	european
26.79240608215332	22.036067962646484	5	even
19.74290657043457	21.19754409790039	0	right
5.372976303100586	23.78351593017578	0	world
17.88502311706543	10.387612342834473	0	top
17.349788665771484	19.319503784179688	8	away
32.679115295410156	20.286197662353516	6	ever
-15.191267967224121	13.837947845458984	7	City
8.032880783081055	28.3021297454834	2	University
26.313520431518555	-13.669129371643066	6	enough
30.47855567932129	12.80797290802002	5	quality
4.884654998779297	26.20743179321289	10	United
17.338518142700195	10.81419849395752	0	far
5.3751373291015625	25.537353515625	10	World
9.014094352722168	0.3078458905220032	5	health
-17.430381774902344	13.798745155334473	7	York
-10.146505355834961	25.39948081970215	10	country
-14.49875545501709	14.26357650756836	7	city
3.3539822101593018	15.482338905334473	1	National
25.041915893554688	12.835638999938965	5	example
-9.859623908996582	26.746755599975586	10	States
28.504121780395508	19.317386627197266	5	value
20.44190216064453	8.007387161254883	5	current
15.378761291503906	-10.279759407043457	5	true
25.866165161132812	16.15191078186035	5	version
1.047726035118103	21.391130447387695	0	West
-9.414932250976562	26.591014862060547	10	America
5.9562087059021	1.8149020671844482	0	across
15.988147735595703	10.71711254119873	0	front
35.6392936706543	-6.107792377471924	6	perfect
12.010601997375488	14.280223846435547	8	card
7.189760208129883	16.819570541381836	0	office
31.848783493041992	20.969026565551758	6	especially
6.275387763977051	26.842256546020508	2	English
24.27471160888672	6.287860870361328	5	credit
-19.46721839904785	13.558272361755371	7	London
17.756147384643555	23.619966506958008	8	win
-10.529402732849121	27.11062240600586	10	California
7.575760364532471	20.722003936767578	0	field
31.6506290435791	-9.441024780273438	6	total
14.691855430603027	14.209169387817383	0	general
16.360721588134766	9.267969131469727	0	outside
13.727312088012695	7.478318691253662	8	user
-10.68660831451416	26.479501724243164	10	USA
19.060169219970703	0.09548591822385788	2	professional
8.021622657775879	28.18600082397461	2	College
-18.395858764648438	14.935220718383789	7	Washington
15.470762252807617	22.50060272216797	1	General
11.07208251953125	-28.758668899536133	2	education
-5.607290267944336	8.559244155883789	1	Christmas
-33.666011810302734	-13.974776268005371	3	Michael
6.9810791015625	22.184276580810547	0	center
30.50425148010254	-9.285736083984375	6	entire
8.109291076660156	25.64368438720703	1	Club
-14.488822937011719	28.179595947265625	10	Canada
16.5556640625	10.269625663757324	0	wide
27.52328872680664	15.52061939239502	5	standard
4.404167175292969	20.841480255126953	0	national
15.715703010559082	14.909466743469238	0	international
34.046165466308594	-5.643590450286865	6	excellent
18.143905639648438	20.429443359375	0	war
18.837644577026367	24.41547393798828	5	Even
28.58942413330078	-7.148980140686035	6	wonderful
-10.784867286682129	-18.519058227539062	0	land
14.75568962097168	19.997417449951172	8	customer
-15.616144180297852	2.0083436965942383	7	Where
8.691880226135254	1.9542337656021118	0	environment
36.10921096801758	-8.837629318237305	6	effective
8.469744682312012	28.641536712646484	2	college
3.2309200763702393	23.77913475036621	10	countries
26.59328269958496	13.674230575561523	5	safe
10.863543510437012	4.462890148162842	8	digital
12.217966079711914	-27.819690704345703	2	Education
0.4493713676929474	-9.73264217376709	8	Digital
-9.155896186828613	25.870479583740234	10	Europe
-37.92586135864258	-0.3091261088848114	3	George
26.9387264251709	12.882841110229492	5	Security
6.047705173492432	0.9050706028938293	0	modern
4.896415710449219	26.778343200683594	10	British
-9.918564796447754	27.5600643157959	10	England
2.529378890991211	-10.348745346069336	2	History
9.778165817260742	11.834522247314453	1	brand
0.2393254190683365	-10.571707725524902	8	Technology
9.210578918457031	21.479719161987305	0	global
-40.82341766357422	-1.3419461250305176	3	William
5.730623722076416	26.070178985595703	0	European
11.365793228149414	8.55333423614502	8	cars
28.335407257080078	18.107236862182617	5	official
21.136457443237305	7.383334159851074	5	force
13.729496955871582	16.223480224609375	8	commercial
12.028390884399414	15.183892250061035	8	cell
12.427799224853516	19.28396224975586	8	vehicle
10.421577453613281	-28.891176223754883	2	science
4.460245132446289	-8.038534164428711	5	Quote
-33.470157623291016	-11.939517974853516	3	Peter
32.061031341552734	20.528942108154297	6	particularly
25.510766983032227	-11.542820930480957	6	largest
2.5955867767333984	14.904901504516602	1	Government
-13.969876289367676	27.303110122680664	10	France
25.4581241607666	19.43434715270996	5	creating
30.53095817565918	-9.82215404510498	6	greater
16.23456382751465	22.699384689331055	8	Every
-4.069456100463867	0.2224734127521515	0	federal
-15.134572982788086	25.595609664916992	10	Virginia
17.906747817993164	12.590301513671875	0	ahead
20.217666625976562	10.813752174377441	5	annual
24.332242965698242	-10.546405792236328	6	larger
1.4273357391357422	21.388362884521484	0	Western
21.182119369506836	-7.676339626312256	1	Grand
-6.702439785003662	-17.90030860900879	0	century
20.102092742919922	16.11310386657715	9	protect
-15.180615425109863	26.88274383544922	10	Israel
11.7147798538208	-15.1384859085083	9	established
-15.993989944458008	21.960786819458008	10	German
23.829586029052734	20.648441314697266	5	classic
25.02936553955078	5.535953521728516	5	standards
0.8749328851699829	13.878993034362793	9	Union
-11.494841575622559	26.09820556640625	10	Country
22.18073272705078	15.537835121154785	5	Edition
-18.491531372070312	27.23963165283203	10	Michigan
32.70360565185547	-6.003463268280029	6	highest
-14.68125057220459	27.062602996826172	10	Ohio
11.525713920593262	12.36550235748291	8	walking
-15.020606994628906	28.2157039642334	10	Germany
13.427735328674316	24.814374923706055	8	Ford
2.9225950241088867	7.89208984375	0	Global
21.012210845947266	20.87894630432129	1	capital
7.595629692077637	-27.503955841064453	2	teacher
11.813749313354492	13.371637344360352	8	Off
5.475945949554443	4.821133613586426	1	Foundation
25.160629272460938	3.841325044631958	5	critical
32.99150466918945	19.15605354309082	6	ideal
6.155990123748779	14.40095329284668	1	GMT
28.833086013793945	-8.965315818786621	6	fantastic
17.77025032043457	9.846475601196289	0	edge
-36.85440444946289	-4.79270601272583	3	Charles
31.059558868408203	17.683094024658203	5	essential
-14.052665710449219	22.437950134277344	10	Canadian
6.186804294586182	19.683177947998047	0	Centre
0.6345248818397522	16.021377563476562	0	county
-22.65064811706543	13.475286483764648	7	Paris
-11.865629196166992	1.7683427333831787	1	Avenue
2.1494791507720947	14.561598777770996	1	Federal
20.763643264770508	-0.5530937314033508	2	Master
27.059906005859375	14.401754379272461	5	secure
19.14108657836914	16.243282318115234	9	defense
18.977327346801758	22.562591552734375	0	hell
-25.30598258972168	-13.04541301727295	3	Was
19.673734664916992	-0.5952097177505493	2	Professional
5.409343242645264	-7.932816982269287	1	Credit
23.800052642822266	17.056251525878906	5	Standard
-17.62114715576172	27.470054626464844	10	Georgia
15.118683815002441	19.895334243774414	8	generation
-1.7430331707000732	-20.715553283691406	5	factors
25.954776763916016	19.798246383666992	5	edition
-14.444625854492188	14.44155216217041	7	cities
19.976167678833008	-0.9444764852523804	2	master
10.39209270477295	-27.325658798217773	2	teachers
13.511709213256836	17.44084930419922	8	auto
5.720686435699463	-7.481228828430176	1	Award
18.68123435974121	20.401952743530273	5	comfort
30.877641677856445	-13.242205619812012	6	maximum
28.99884033203125	-7.948828220367432	6	greatest
-15.036643028259277	-15.176657676696777	1	Amazon
6.569735527038574	20.402711868286133	0	centre
21.693082809448242	17.98950958251953	1	Classic
6.250804901123047	-16.19342613220215	9	freedom
8.516389846801758	21.627878189086914	0	domain
11.250324249267578	7.372175693511963	8	electric
13.979019165039062	13.274605751037598	0	vision
7.5266337394714355	1.7877744436264038	0	environmental
0.9096696972846985	19.879907608032227	0	west
14.540013313293457	3.348191022872925	1	Executive
13.166035652160645	7.7469024658203125	8	Equipment
10.774864196777344	-3.2786381244659424	1	award
19.637805938720703	0.6873149275779724	2	expert
0.6565361022949219	-18.35737419128418	9	discovered
-21.91635513305664	12.329875946044922	7	Vegas
8.068195343017578	21.265674591064453	0	zone
2.1081719398498535	9.98764419555664	0	Front
11.820910453796387	-28.78727912902832	2	professionals
-12.451732635498047	26.939861297607422	10	Italy
12.442450523376465	19.47446060180664	8	vehicles
16.939491271972656	10.958788871765137	0	upper
-9.038594245910645	0.8755255341529846	0	Coast
12.742327690124512	-24.23979949951172	2	Academy
-15.510107040405273	2.842073917388916	7	Hollywood
10.351527214050293	22.539077758789062	5	UTC
5.400660037994385	-30.537124633789062	2	university
-5.224696636199951	11.763294219970703	1	Queen
18.3647403717041	17.57026481628418	9	winner
28.01673126220703	16.79043960571289	5	authority
25.534374237060547	12.950254440307617	5	examples
9.721896171569824	7.967288970947266	8	Electric
14.84748649597168	-0.5550219416618347	6	executive
24.181297302246094	27.0237979888916	0	fields
32.723880767822266	17.629301071166992	6	efficient
-11.618185997009277	-2.8659586906433105	1	Disney
9.39112377166748	1.5966280698776245	0	climate
28.17144775390625	-10.54139518737793	6	massive
-4.144209861755371	8.676667213439941	1	Ave
-22.180152893066406	12.859941482543945	7	Atlanta
-16.269166946411133	28.3941650390625	10	Spain
30.84465980529785	21.489532470703125	6	exclusive
16.39698600769043	15.029016494750977	2	league
29.369590759277344	-12.727936744689941	6	entirely
25.65608787536621	14.23405933380127	5	issued
-3.8177921772003174	1.6016602516174316	0	worldwide
-1.7389674186706543	-7.55862283706665	1	EDT
29.720857620239258	-10.536794662475586	6	extensive
10.137131690979004	-29.743118286132812	2	engineering
21.56870460510254	-5.843490123748779	6	Max
-17.38335609436035	28.895933151245117	10	Russia
22.743398666381836	25.830909729003906	5	civil
-28.56125259399414	-13.400465965270996	3	Alex
17.868579864501953	15.394540786743164	9	Justice
15.217984199523926	25.177560806274414	8	Everyone
26.561542510986328	16.763423919677734	5	versions
36.11713409423828	-8.489063262939453	6	exact
9.985864639282227	-30.218732833862305	2	scientific
30.673555374145508	-10.524725914001465	6	luxury
-30.799692153930664	-6.006498336791992	3	Miller
19.09076499938965	-0.3571029007434845	2	academic
8.18787956237793	7.578303813934326	8	Commercial
16.55878257751465	4.682483673095703	2	editor
-18.069631576538086	24.192649841308594	10	Massachusetts
-18.45111846923828	11.360411643981934	7	Austin
-51.45575714111328	-16.30354881286621	4	Elizabeth
21.34454345703125	11.156011581420898	5	virtual
14.761220932006836	-10.3248291015625	5	TRUE
23.107318878173828	-12.716382026672363	6	gorgeous
7.233797073364258	-25.574447631835938	2	officers
26.91988182067871	20.409875869750977	5	alive
24.218774795532227	26.881879806518555	0	bridge
18.690082550048828	15.832080841064453	9	justice
6.490620136260986	-27.964366912841797	2	Professor
14.073466300964355	19.226774215698242	8	manufacturer
30.166715621948242	22.53453254699707	6	ultimate
-4.905913829803467	11.555740356445312	1	Saint
15.911612510681152	24.491413116455078	8	Anyone
28.243988037109375	13.98512077331543	5	tested
24.108905792236328	15.181672096252441	5	Value
31.686676025390625	17.928813934326172	5	successfully
-16.80362892150879	25.08427619934082	10	Zealand
-11.62742805480957	26.659618377685547	10	Britain
2.853753089904785	9.870438575744629	0	planet
-2.331303358078003	-1.673988699913025	0	campus
-20.530134201049805	27.143232345581055	10	Tennessee
-17.857589721679688	26.53354835510254	10	Wisconsin
30.3998966217041	15.50097942352295	5	valid
17.064985275268555	23.872386932373047	8	Vintage
11.263014793395996	5.023740768432617	8	communications
19.12742042541504	10.898098945617676	0	cent
1.7012029886245728	-2.3815908432006836	0	van
8.177024841308594	1.005713701248169	0	Environmental
29.046960830688477	16.55118751525879	5	approval
-2.006296157836914	0.4827934801578522	0	coast
-14.380255699157715	11.937289237976074	7	Victoria
19.6446533203125	0.2488236278295517	2	graduate
30.634502410888672	21.657625198364258	6	premium
-4.761674880981445	-11.204578399658203	8	transportation
15.119057655334473	26.657670974731445	3	Edward
-38.93226623535156	-0.71942138671875	3	Lewis
9.990373611450195	11.413140296936035	8	brands
20.809764862060547	19.369871139526367	1	Capital
28.490766525268555	-13.641074180603027	6	severe
10.685047149658203	1.1268486976623535	0	foundation
27.85247230529785	-7.167261600494385	6	brilliant
29.654117584228516	-7.66199254989624	6	superior
-3.9648492336273193	-4.849574089050293	1	BBC
27.069599151611328	0.1758546680212021	6	grand
2.242168426513672	9.382448196411133	0	Ocean
-16.570533752441406	27.949867248535156	10	Scotland
12.19481086730957	-13.862196922302246	9	union
-9.693815231323242	-13.407082557678223	1	Communications
26.880210876464844	-8.227897644042969	6	stunning
29.445751190185547	-9.871725082397461	6	vast
31.6521053314209	22.73634147644043	6	Excellent
15.334790229797363	13.371609687805176	9	wealth
-18.697221755981445	25.655567169189453	10	Ontario
5.3208746910095215	24.990991592407227	0	Atlantic
15.893056869506836	20.629655838012695	1	Enterprise
18.610200881958008	-1.134047269821167	2	faculty
26.800212860107422	22.120323181152344	5	accessible
3.3170528411865234	1.007217526435852	0	residential
25.5029239654541	4.999259948730469	5	certified
-7.41377592086792	2.030386209487915	1	Highway
-15.889801025390625	12.87036418914795	7	Manchester
-39.253231048583984	-3.995434284210205	3	Morgan
9.868097305297852	17.671934127807617	1	Grant
1.5850943326950073	20.342037200927734	0	western
-7.711003303527832	-20.769838333129883	8	cialis
-16.301631927490234	24.672208786010742	10	Turkey
7.030858516693115	10.918890953063965	1	Canon
4.154801368713379	-28.01885986328125	2	scientists
7.025077819824219	22.20184326171875	0	centers
-23.355010986328125	12.215652465820312	7	Orleans
1.7275134325027466	-27.512887954711914	2	Sciences
5.958616733551025	22.61345672607422	0	regions
30.65923309326172	17.069711685180664	5	exception
8.602209091186523	-27.949487686157227	2	professor
35.64559555053711	-8.30920124053955	6	absolute
26.197126388549805	17.12701988220215	5	fault
26.03391456604004	25.27596664428711	5	utility
27.87700653076172	-8.9932279586792	6	fabulous
28.966432571411133	12.275272369384766	5	certificate
-38.33219909667969	-1.1491771936416626	3	Alexander
-11.562280654907227	2.8464913368225098	1	Cape
28.224407196044922	17.4151668548584	5	evaluation
22.67125701904297	13.078252792358398	5	Universal
24.163599014282227	25.78409194946289	8	enterprise
0.20794060826301575	5.402232646942139	1	Championship
32.312469482421875	23.554466247558594	6	Prime
27.72055435180664	17.91497039794922	5	capabilities
-17.98012351989746	25.221881866455078	10	Connecticut
20.49671745300293	18.989532470703125	1	Century
-8.505836486816406	-22.467193603515625	8	electricity
17.55888557434082	24.7655086517334	6	Ever
-17.230636596679688	26.61684226989746	10	Wales
-23.703929901123047	13.691827774047852	7	Rome
0.4025668203830719	-5.777088165283203	1	Olympic
14.019614219665527	-10.003273963928223	5	accuracy
-16.52694320678711	10.154756546020508	7	Oxford
22.321874618530273	11.809305191040039	5	lifetime
-8.222622871398926	-11.07088851928711	8	Transportation
12.819380760192871	-9.622849464416504	5	certification
-47.10453796386719	-19.08611488342285	4	Barbara
8.50305461883545	25.427871704101562	1	Castle
7.8739213943481445	-17.012908935546875	9	conservative
-15.79902458190918	13.63132381439209	7	Berlin
-4.726109504699707	2.2260215282440186	0	northern
-39.07072448730469	0.1196257472038269	3	Walker
5.82064962387085	10.03710651397705	1	ABC
-16.19434356689453	11.063161849975586	7	Cambridge
-39.32356262207031	-5.4811553955078125	3	Stewart
10.01364517211914	15.415210723876953	5	currency
15.089241981506348	-10.665489196777344	5	proved
2.1515071392059326	-27.183317184448242	2	Artists
13.91686725616455	12.940977096557617	0	exit
-5.714040756225586	9.218214988708496	1	Sterling
8.844740867614746	-29.015178680419922	2	specialist
23.415637969970703	17.120861053466797	5	Authority
8.83989429473877	1.1174029111862183	0	Environment
-40.540687561035156	-8.150651931762695	3	Terry
-37.20873260498047	0.9430973529815674	3	Hamilton
26.592069625854492	15.314806938171387	5	enabled
31.454673767089844	-10.770305633544922	6	excess
32.462337493896484	-9.327431678771973	6	crucial
12.326939582824707	16.448665618896484	8	carrier
34.81398391723633	-5.416651725769043	6	exceptional
23.214820861816406	24.384164810180664	8	vice
31.392887115478516	-8.027082443237305	6	max
12.457083702087402	20.987199783325195	8	Vehicle
21.377859115600586	25.953275680541992	8	employer
25.745058059692383	7.5708770751953125	5	Certified
-19.419719696044922	27.547183990478516	10	Greece
-1.2833349704742432	4.507471561431885	1	Alliance
9.169259071350098	-26.916242599487305	2	colleagues
-27.722782135009766	-12.294401168823242	3	Fred
8.662171363830566	28.777978897094727	2	english
-30.451906204223633	-8.674266815185547	3	Wright
25.829336166381836	-1.0136094093322754	1	Premier
-28.966611862182617	-12.449106216430664	3	Carter
-30.028173446655273	-13.143628120422363	3	Nelson
-39.44497299194336	-5.231606960296631	3	Graham
28.265518188476562	-4.410534858703613	6	Beyond
17.304243087768555	12.132585525512695	0	outer
-4.622854232788086	-13.35816764831543	8	drove
9.370987892150879	13.577217102050781	8	Commerce
-14.442420959472656	-12.527055740356445	7	Heights
-41.21147918701172	-0.5492408871650696	3	Arthur
3.712294816970825	5.202437400817871	0	waters
-21.031539916992188	10.622262001037598	7	Richmond
30.288713455200195	19.28469467163086	5	universal
-21.22813606262207	12.326038360595703	7	Hampshire
33.56956100463867	-5.128787517547607	6	superb
-22.423233032226562	11.706128120422363	7	Manhattan
23.60212516784668	-5.569144248962402	6	Luxury
-24.37360382080078	13.29091739654541	7	Melbourne
7.761422634124756	-15.349993705749512	9	discovery
3.9225525856018066	-12.927680015563965	9	Liberty
3.0181796550750732	3.644493341445923	1	Vision
29.141925811767578	22.177894592285156	5	distinct
1.5783666372299194	9.101402282714844	0	Upper
25.267244338989258	8.4096097946167	5	Success
-34.794193267822266	-7.51625919342041	3	Campbell
-0.4736204445362091	-19.02562141418457	9	founder
-5.118844509124756	-6.743584632873535	3	Mens
25.80362319946289	-15.082575798034668	6	fascinating
-38.102760314941406	-1.9177958965301514	3	Albert
-30.682437896728516	-12.052824974060059	3	Carl
12.882162094116211	-4.687049388885498	1	champion
-43.08295822143555	-15.128030776977539	4	Eve
-32.39387512207031	-10.060723304748535	3	Murray
7.642284870147705	-6.16556978225708	1	celebrity
-27.03476333618164	-15.187837600708008	3	Jefferson
-17.438308715820312	22.50687026977539	10	Scottish
-36.45869445800781	-2.1415152549743652	3	Collins
33.77828598022461	-5.9036126136779785	6	extraordinary
5.602959156036377	14.158458709716797	1	Planet
-39.613243103027344	-8.028910636901855	3	Walter
-1.8522194623947144	-22.24278450012207	8	magazines
-8.038578987121582	-17.421375274658203	0	Distance
-16.5098934173584	9.064530372619629	7	Harvard
-11.563199996948242	-13.515252113342285	1	Healthcare
20.241783142089844	7.301231861114502	5	archive
27.92167091369629	18.978057861328125	5	capability
7.969069957733154	-12.62393569946289	9	grants
5.840214252471924	-5.002710819244385	1	Celebrity
4.525697231292725	-30.23370361328125	2	universities
5.334954261779785	-30.4462947845459	2	colleges
12.177652359008789	-14.957613945007324	9	establishment
-49.224971771240234	-18.089418411254883	4	Margaret
-45.165733337402344	-20.621156692504883	4	Marie
5.279875755310059	9.302583694458008	1	Delta
9.554695129394531	-16.447433471679688	9	protecting
-14.709677696228027	-0.7472111582756042	7	Mars
-15.813699722290039	28.799850463867188	10	Sweden
26.809093475341797	-3.456709861755371	6	Greater
10.081493377685547	-23.225786209106445	2	classical
6.430295467376709	1.32423734664917	0	mainstream
-0.36653992533683777	-9.385692596435547	1	FDA
20.213777542114258	0.6654217839241028	2	Expert
10.145956993103027	-2.8394434452056885	1	publisher
0.9219984412193298	-6.201329231262207	1	Million
0.8049537539482117	5.694343090057373	1	Crown
24.70879554748535	24.30850601196289	5	fed
7.925421714782715	11.288238525390625	1	Campaign
-16.254682540893555	22.944841384887695	10	Swiss
1.681099534034729	-1.0058460235595703	0	highway
30.54092788696289	-11.182265281677246	6	exclusively
-5.759993076324463	-18.182859420776367	0	broadband
6.245726585388184	8.397725105285645	8	mph
-37.097469329833984	-9.52463436126709	3	Cameron
-5.088269233703613	-17.516780853271484	0	surfaces
-13.233011245727539	-15.21920108795166	1	NASA
-0.628268301486969	-25.77556800842285	8	Computers
12.32668685913086	-26.240154266357422	2	Academic
28.10246467590332	-12.459694862365723	6	generous
25.07442283630371	26.775775909423828	5	cents
-5.553488254547119	11.220352172851562	1	Virgin
0.6969478130340576	-0.5388106107711792	0	globe
-35.57014465332031	-6.330953121185303	3	Evans
12.095818519592285	-25.28837013244629	2	Masters
-18.53642463684082	13.068070411682129	7	Liverpool
-22.387924194335938	6.493273735046387	3	Hudson
9.967616081237793	5.425613880157471	8	fax
4.893662452697754	0.8781696557998657	0	wider
-26.393144607543945	13.761958122253418	7	Nashville
-39.217018127441406	-1.3989907503128052	3	Edwards
-4.1943840980529785	5.0954084396362305	1	Centers
3.065176248550415	-16.640850067138672	9	campaigns
-1.4897794723510742	-8.056742668151855	1	CDT
28.113338470458984	10.23154354095459	5	verified
-1.0917030572891235	6.961556434631348	1	Champion
-4.525412082672119	1.5476908683776855	0	nationwide
23.700965881347656	9.477659225463867	5	Example
-10.223458290100098	-9.349388122558594	8	Wheels
20.119230270385742	21.900419235229492	0	closest
5.418154716491699	-16.724300384521484	9	welfare
-12.616644859313965	-9.339912414550781	8	Verizon
-12.015965461730957	-12.35331916809082	1	Olympics
-22.23743438720703	6.242312431335449	7	Hilton
-17.82794761657715	29.426578521728516	10	canada
10.7208833694458	-8.154851913452148	5	Standards
-18.6746883392334	28.700241088867188	10	Switzerland
30.760082244873047	-6.810066223144531	6	Ultra
2.6473774909973145	18.14862060546875	9	united
10.576403617858887	-16.1610164642334	9	conservation
-8.26253890991211	-19.11163902282715	0	centuries
-6.5511369705200195	-10.947473526000977	8	Automotive
-49.37366485595703	-19.967876434326172	4	Heather
30.41625213623047	23.64417839050293	6	elite
-14.403609275817871	-15.817927360534668	1	Medicare
14.080458641052246	12.169548988342285	0	von
-6.498934268951416	-0.3279338777065277	0	Euro
13.178522109985352	-4.651581764221191	6	premier
3.0079166889190674	13.494024276733398	8	EUR
6.835732460021973	-27.251941680908203	2	Specialist
-3.685375690460205	-18.55858612060547	8	retailers
-3.1936564445495605	-14.871345520019531	8	oxygen
2.178040027618408	5.402449607849121	1	Historic
11.217113494873047	15.074764251708984	8	NET
-49.19355773925781	-19.03618812561035	4	Lauren
18.17365837097168	-0.23022446036338806	2	profession
31.368989944458008	23.52468490600586	6	Elite
-47.9396858215332	-19.39978790283203	4	Katie
21.30929946899414	17.470855712890625	1	legacy
-11.075106620788574	-15.608972549438477	8	VAT
-9.378703117370605	-20.008655548095703	0	antique
-17.225772857666016	24.611581802368164	10	Holland
-33.01948165893555	-4.273629188537598	3	Turner
-17.500728607177734	25.91110610961914	10	Vermont
-11.699013710021973	-3.3985369205474854	1	Comcast
-34.93292236328125	-2.655738115310669	3	Wells
20.770282745361328	-12.232719421386719	6	clever
-48.85238265991211	-19.817583084106445	4	Nicole
14.966483116149902	18.236635208129883	8	amp
-39.365116119384766	-9.458786964416504	3	Ralph
26.472829818725586	7.107465744018555	5	Certificate
-14.375435829162598	11.478123664855957	7	Haven
-49.29342269897461	-17.19295310974121	4	Helen
33.34857177734375	-12.985548973083496	6	genius
-4.158393383026123	-20.97955894470215	5	Returns
28.1733341217041	10.977873802185059	5	verify
32.189979553222656	-5.514909267425537	6	Extreme
5.113994598388672	-25.77496337890625	2	Scientific
29.350234985351562	-14.514022827148438	6	excessive
-35.174381256103516	-8.310903549194336	3	Mason
-6.378572940826416	11.227583885192871	3	Nobody
11.941161155700684	-9.164457321166992	5	Certification
-50.02228927612305	-17.829484939575195	4	Catherine
23.943592071533203	-6.868801116943359	6	Huge
-8.862854957580566	-4.434948444366455	1	Federation
1.4787094593048096	-6.479336261749268	1	Platinum
8.547316551208496	-4.285233497619629	1	Guardian
-37.470638275146484	-9.96167278289795	3	Glen
14.242420196533203	0.05561976134777069	9	editorial
28.45318031311035	-8.494543075561523	6	magnificent
-7.963581562042236	-13.128745079040527	8	Manufacturers
7.8800811767578125	-25.803022384643555	2	executives
24.70945167541504	-6.1350321769714355	6	Wonderful
-48.46330261230469	-18.963459014892578	4	Martha
22.056055068969727	25.950345993041992	5	chemistry
-32.8289680480957	-4.752563953399658	3	Fisher
-7.35041618347168	-21.382858276367188	8	annually
-3.4260122776031494	-15.793205261230469	0	awhile
20.981184005737305	-8.602869033813477	0	Above
-32.882568359375	-10.330667495727539	3	Norman
6.455859184265137	-25.499900817871094	2	critics
-23.530494689941406	14.409276962280273	7	Edinburgh
-40.236324310302734	-9.011548042297363	3	Oliver
10.736207008361816	6.420007705688477	8	vector
34.506065368652344	-10.129586219787598	6	excellence
26.49633026123047	-0.8839036226272583	6	royal
2.6034045219421387	0.18238678574562073	0	crossing
9.312070846557617	-13.540067672729492	9	celebrating
-50.720462799072266	-18.888444900512695	4	Rebecca
7.12723970413208	-3.6434528827667236	1	Commissioner
7.740550518035889	-14.691006660461426	9	Conservation
-3.021023988723755	-1.6498202085494995	0	headquarters
-19.30253791809082	28.674854278564453	10	Norway
-38.750694274902344	-9.616039276123047	3	Glenn
15.73072338104248	6.27546501159668	1	creator
-18.504243850708008	12.542923927307129	7	york
6.935232639312744	-17.654674530029297	9	restoration
15.159533500671387	24.424175262451172	8	alien
0.9567791223526001	-14.973101615905762	9	sporting
19.93841552734375	-12.281412124633789	2	elementary
-38.589134216308594	-3.2231125831604004	3	Vincent
-37.95262145996094	-3.378512144088745	3	Victor
4.837449073791504	-20.031784057617188	9	veterans
-3.81900691986084	-11.15774154663086	8	travelling
10.120377540588379	9.788773536682129	8	fleet
-44.82674026489258	-15.649191856384277	4	Holly
-3.346968650817871	11.287320137023926	1	Wonder
9.206147193908691	-25.743745803833008	2	editors
15.427816390991211	25.310691833496094	8	Everybody
-0.8412081599235535	6.329502582550049	1	Champions
11.764013290405273	-15.354440689086914	9	establishing
31.54295539855957	17.178466796875	5	Effective
-7.94079065322876	-3.5159413814544678	0	landed
-35.204044342041016	-14.085640907287598	3	Blair
-50.488250732421875	-16.857206344604492	4	Ellen
-7.838690280914307	-0.5918604731559753	0	Worldwide
11.21753215789795	-26.591049194335938	2	Doctors
-19.518756866455078	12.68817138671875	7	london
-32.12373352050781	-7.337593078613281	3	Watson
-9.178801536560059	-7.125481605529785	8	Audi
-3.9490299224853516	-6.177550315856934	1	Brands
-25.56173324584961	-14.119336128234863	3	Abraham
11.526716232299805	-14.112462997436523	9	stating
12.50869369506836	21.307342529296875	8	Device
-33.66263198852539	0.1451673060655594	3	Gates
-5.93350076675415	-5.986249923706055	3	Victorian
25.436948776245117	14.934017181396484	5	registry
-5.8265252113342285	-11.484457015991211	8	automotive
-2.9450862407684326	11.447432518005371	1	Forever
-21.744247436523438	7.548176288604736	7	Troy
-5.586386680603027	-11.154741287231445	8	automobile
18.886762619018555	17.26295280456543	9	heroes
-48.303932189941406	-18.215147018432617	4	Donna
-42.725547790527344	-15.217588424682617	4	Harper
33.058597564697266	-10.927750587463379	6	optimal
-15.978431701660156	3.3744256496429443	7	Capitol
-33.54286193847656	-0.778781533241272	3	Newton
-24.350290298461914	13.920562744140625	7	Amsterdam
-3.83207368850708	-11.242341995239258	8	travels
27.25707244873047	19.594627380371094	5	ethical
-7.506863594055176	2.2672648429870605	1	Globe
25.514616012573242	-5.776616096496582	6	Greatest
-2.5046699047088623	-5.6818742752075195	1	Championships
-19.71604347229004	26.1217098236084	10	Alberta
-18.721059799194336	24.66661834716797	10	california
11.216802597045898	-12.905134201049805	9	trademark
-34.498924255371094	-3.1586508750915527	3	Gibson
-4.287095546722412	5.8735857009887695	1	castle
32.5755500793457	-8.870081901550293	6	thorough
-41.376190185546875	-4.4801859855651855	3	Derek
-18.788345336914062	26.751222610473633	10	Belgium
-34.8796272277832	-9.07099437713623	3	Stuart
7.52207088470459	-16.12224578857422	9	consolidation
14.236855506896973	4.388190746307373	1	Creator
-8.36524486541748	-18.782371520996094	0	metres
-3.9574813842773438	10.405804634094238	1	Nova
-30.25457000732422	-9.569572448730469	3	Wallace
26.51163673400879	-4.109675407409668	6	Superior
-29.755949020385742	-14.428025245666504	3	Montgomery
5.204583644866943	-0.5808419585227966	0	headlines
31.98293685913086	-8.271984100341797	6	acute
3.758859395980835	-1.755542278289795	0	widespread
-18.749767303466797	27.893529891967773	10	Austria
-35.16657257080078	-6.0976338386535645	3	Holmes
-3.0703723430633545	-19.612323760986328	8	quarterback
10.15598201751709	-14.333433151245117	9	distinction
-34.375911712646484	1.9708352088928223	8	Mercedes
-21.36420440673828	27.974388122558594	10	florida
4.394989490509033	-8.677586555480957	5	Testament
-48.17628860473633	-19.74424934387207	4	Christine
16.146448135375977	5.300765514373779	8	administrator
6.652311325073242	-16.810501098632812	9	defence
-1.2376391887664795	-22.517854690551758	1	Encyclopedia
31.681291580200195	-12.788723945617676	6	Maximum
21.353961944580078	18.002788543701172	1	Legacy
-17.85192108154297	-15.620359420776367	3	Beatles
7.954859733581543	7.204837799072266	8	GHz
22.451526641845703	7.420171737670898	5	Factor
5.278836727142334	-13.677602767944336	9	liberty
-34.88428497314453	-13.583724021911621	3	Nicholas
-25.21744728088379	13.706707000732422	7	Athens
-44.48875427246094	-19.526775360107422	4	Andrea
7.534646034240723	13.116175651550293	1	Gateway
0.7684869766235352	-4.229715347290039	8	Optical
-36.1461296081543	-5.703166484832764	3	Arnold
-1.9713746309280396	0.22553637623786926	0	coastal
3.833197832107544	-19.448577880859375	9	homeowners
-20.17521095275879	27.97840690612793	10	Quebec
-49.86448287963867	-19.113937377929688	4	Claire
9.752535820007324	-4.244553089141846	1	Editorial
3.2641775608062744	-27.915029525756836	2	Engineers
-1.003843903541565	-22.78277587890625	2	celebrities
9.309905052185059	-16.94903564453125	9	defending
4.294841289520264	-27.691068649291992	2	scientist
-18.065425872802734	28.251707077026367	10	Denmark
-7.245408058166504	-19.496234893798828	8	helmet
-37.04926681518555	-6.053832530975342	3	Karl
34.51222610473633	-10.956398963928223	6	prestigious
-1.8843835592269897	-17.597091674804688	9	Removal
-0.7301232814788818	6.771568298339844	1	Charter
-43.703163146972656	-18.92296028137207	4	Diana
31.32161521911621	-7.207211494445801	6	Fully
23.64053726196289	9.98817253112793	5	Examples
-23.326082229614258	11.350945472717285	7	Arlington
21.724895477294922	-6.852431297302246	6	Famous
-44.065731048583984	-15.398780822753906	4	Bella
-46.494361877441406	-20.067798614501953	4	Christina
21.2728214263916	13.911844253540039	5	Coverage
-34.57960510253906	-4.384381294250488	3	Armstrong
-13.412939071655273	-13.165339469909668	1	MTV
-47.14750671386719	-20.338970184326172	4	Angela
-36.53369903564453	-5.081484794616699	3	Alfred
25.87953758239746	-12.344916343688965	6	Unlimited
-1.5427896976470947	-17.108699798583984	9	warmth
-12.788863182067871	-14.935836791992188	1	Airways
-12.35490608215332	-1.2603263854980469	1	Boulevard
-47.00811767578125	-16.74002456665039	4	Tracy
-5.0810627937316895	8.98056411743164	1	Ste
3.856971502304077	-26.9769344329834	2	sciences
19.434017181396484	-1.4397730827331543	2	masters
4.836759090423584	23.47296714782715	8	usa
12.954716682434082	-14.813830375671387	9	constitution
31.134010314941406	-11.504974365234375	6	maximize
25.44183921813965	25.386539459228516	8	utilities
6.6731696128845215	25.21242904663086	1	Province
5.055299758911133	0.7990033030509949	0	broader
8.836066246032715	-16.122102737426758	9	protects
27.06103515625	-14.218241691589355	6	permanently
0.29798129200935364	13.445697784423828	1	Commonwealth
-39.77162551879883	-4.223235607147217	3	Gilbert
-39.66094970703125	-6.599003791809082	3	Ellis
-7.8458075523376465	-10.452322006225586	8	Vehicles
-23.748289108276367	-14.910572052001953	3	Hitler
25.53641700744629	-0.7086333632469177	1	Leading
5.340249061584473	-14.432853698730469	9	Liberal
-20.093717575073242	10.564950942993164	7	Windsor
-0.2932952046394348	-1.2035846710205078	0	harvest
-35.3939094543457	-11.647607803344727	3	Travis
11.700959205627441	11.391613960266113	8	gates
23.974496841430664	24.913610458374023	0	Throughout
11.893034934997559	-23.49679946899414	2	Classical
0.10357140749692917	-0.027092067524790764	0	terrace
0.5303001999855042	-19.647451400756836	9	founding
-21.71208953857422	7.354626655578613	7	Chester
-34.201053619384766	-10.562088012695312	3	Walt
-40.81976318359375	-2.800316095352173	3	Brett
8.261317253112793	-14.467982292175293	9	strengths
-27.494047164916992	-12.69999885559082	3	Beck
-21.540390014648438	14.156912803649902	7	Vienna
-1.8953441381454468	-19.110294342041016	0	grandfather
34.17609786987305	-12.094778060913086	6	Excellence
-40.26668930053711	-6.192370891571045	3	Bernard
-8.717105865478516	-1.4154188632965088	0	Arctic
14.79453182220459	21.727378845214844	8	Wizard
0.7507719397544861	-17.092615127563477	9	eliminated
-32.025150299072266	-9.467020988464355	3	Frederick
-5.19959020614624	-14.777135848999023	8	touring
-37.526981353759766	-1.4259601831436157	3	Hart
14.443011283874512	6.563330173492432	8	collector
-9.878393173217773	24.875186920166016	10	america
-44.30282974243164	-18.57485580444336	4	Whitney
25.512117385864258	17.856149673461914	5	Utility
27.21504020690918	-12.17789077758789	6	topped
-42.80791091918945	-19.86109733581543	4	Britney
4.595385551452637	-26.1948184967041	2	undergraduate
-39.057918548583984	-7.936221122741699	3	Owen
-6.3790483474731445	2.871973752975464	0	Continental
32.43394470214844	-11.956527709960938	6	perfection
-11.848820686340332	-1.42362380027771	1	Canal
-10.546380043029785	2.614187479019165	7	Metropolitan
-2.26810884475708	11.562336921691895	6	virgin
-2.2763869762420654	-1.533643126487732	0	centres
23.278879165649414	13.31334400177002	5	unity
-44.380714416503906	-17.46332359313965	4	Marion
28.1099910736084	14.920572280883789	5	equality
15.008299827575684	19.39379119873047	8	vet
-5.854779243469238	-0.4773392677307129	0	euro
-14.62131404876709	-11.817497253417969	7	Cathedral
-0.5727120637893677	4.729526996612549	1	Victory
5.929317474365234	-30.819625854492188	2	Colleges
-25.548067092895508	-15.259541511535645	3	Luther
-48.55234146118164	-20.698633193969727	4	Caroline
8.305394172668457	-26.141080856323242	2	administrators
-2.5783932209014893	-26.129695892333984	2	museums
-20.60315704345703	14.01153564453125	7	Geneva
-4.239462375640869	1.2293528318405151	0	nationally
6.894992351531982	-12.15100383758545	9	fathers
7.202620506286621	-4.025915145874023	1	Commander
10.811155319213867	-27.548532485961914	2	Professionals
-16.9930362701416	0.8562787771224976	7	USC
-31.820579528808594	-11.447671890258789	3	Carroll
-36.89923858642578	-10.85924243927002	3	Julian
-41.884849548339844	-19.327430725097656	4	Gabriel
8.325322151184082	5.65391731262207	8	metro
-16.42037582397461	12.030921936035156	7	YORK
-16.557798385620117	9.802131652832031	7	Princeton
3.5367941856384277	6.197556972503662	8	sterling
-13.484203338623047	1.027897596359253	7	Notre
-36.257686614990234	-10.153606414794922	3	Eugene
9.468611717224121	-14.879213333129883	9	pros
-26.2672061920166	-14.550039291381836	3	Milton
24.604476928710938	8.545438766479492	5	Certainly
18.783849716186523	9.804143905639648	0	alt
-16.705074310302734	9.507485389709473	7	Yale
-32.325260162353516	-4.957735061645508	3	Peterson
-47.71664810180664	-17.971052169799805	4	Erin
-13.078648567199707	3.152468204498291	7	Eden
17.99968910217285	3.506132125854492	2	Officers
-46.32676315307617	-19.106266021728516	4	Louise
24.290611267089844	16.610246658325195	5	Values
23.484573364257812	20.769744873046875	5	Feat
-16.86007308959961	-14.521696090698242	1	Superman
5.719579696655273	-14.385459899902344	9	Conservative
30.89066505432129	17.94365882873535	5	explicit
-25.499889373779297	-13.722878456115723	3	Puck
11.03545093536377	11.11506462097168	8	armor
-35.667884826660156	-7.93538236618042	3	Clarke
28.29845428466797	11.273354530334473	5	verification
23.775983810424805	21.34016990661621	5	Clearly
4.567038059234619	8.225128173828125	1	Atlas
-15.671304702758789	-17.158735275268555	9	Renaissance
25.48211669921875	-13.212315559387207	6	finale
8.847994804382324	-12.056254386901855	9	alliance
14.075654983520508	-10.863277435302734	5	qualifying
-11.584720611572266	-15.646215438842773	8	Cycling
-20.83424949645996	12.590700149536133	7	Hartford
-37.02656173706055	-8.651594161987305	3	Vernon
-3.975421905517578	-13.76083755493164	8	microsoft
-29.473112106323242	-10.872013092041016	3	Meyer
-12.113390922546387	-9.1826753616333	8	Volkswagen
-34.00615692138672	-7.204422950744629	3	Calvin
4.018364429473877	-0.06343499571084976	0	centered
11.961660385131836	-24.078916549682617	2	Classics
2.623904228210449	-5.979053974151611	1	Glory
3.215815544128418	3.830383777618408	1	alpha
5.0381693840026855	-12.550705909729004	9	allies
-46.20762634277344	-20.5913143157959	4	Natalie
26.390710830688477	8.40480899810791	5	Evidence
-6.565217018127441	-20.399938583374023	6	freezing
-14.538633346557617	10.917322158813477	7	Devon
-1.7304199934005737	-13.47194766998291	8	merchants
-25.436203002929688	-14.496612548828125	3	Morrison
-21.050180435180664	11.43009090423584	7	Lancaster
-12.865702629089355	2.058680772781372	7	Cove
10.95345401763916	10.5300931930542	8	commercials
-8.96101188659668	-17.379762649536133	8	airports
8.385791778564453	-5.816307067871094	1	commander
-36.30153274536133	-0.8290989995002747	3	Waters
7.27249002456665	-11.664199829101562	9	gentleman
2.095938205718994	0.35263144969940186	0	horizon
-35.020687103271484	-1.2001771926879883	3	Hardy
1.5788941383361816	-15.728864669799805	9	editions
-33.49810791015625	-2.5685248374938965	3	louis
-0.9902022480964661	-10.587051391601562	8	CAD
33.45966339111328	-9.259247779846191	6	definite
23.821237564086914	15.288267135620117	5	Generic
-48.90961837768555	-17.46993064880371	4	Clare
-5.949934959411621	-20.336008071899414	6	devastating
-14.425704956054688	-16.54271697998047	9	NATO
22.524517059326172	-7.263953685760498	6	Grande
-27.925647735595703	-10.673133850097656	3	Webster
5.72694730758667	-18.785062789916992	9	conservatives
-16.910842895507812	0.8396363258361816	7	UCLA
1.5809292793273926	-29.094886779785156	2	Universities
-5.247348308563232	-15.799422264099121	8	vacations
4.031955242156982	-4.9899678230285645	1	Premiere
11.369582176208496	-5.08819580078125	9	champions
-20.79287338256836	11.328313827514648	7	Brunswick
-8.05508804321289	-20.38878059387207	8	freezer
-6.05174446105957	-22.120136260986328	5	FALSE
-50.732662200927734	-17.339998245239258	4	Allison
-31.446535110473633	-10.51163387298584	3	Burke
-21.833538055419922	11.24654483795166	7	Wellington
15.919083595275879	-15.804129600524902	9	convincing
31.324708938598633	-4.529244422912598	6	Outstanding
28.708370208740234	-11.592151641845703	6	foremost
-26.92962646484375	-12.713628768920898	3	Shepherd
-34.647708892822266	-5.829689025878906	3	Jacobs
8.864322662353516	-13.068672180175781	9	celebrates
-33.72793960571289	-13.15825366973877	3	Erik
-17.004535675048828	12.120485305786133	7	Westminster
-0.9899436235427856	-6.054481506347656	1	Era
8.212428092956543	12.106132507324219	1	Carrier
12.719934463500977	13.902481079101562	8	arc
5.723845958709717	-11.34341812133789	9	womens
-26.999542236328125	13.829019546508789	7	Petersburg
-0.32150009274482727	1.0560367107391357	0	upstairs
3.5625786781311035	-8.299886703491211	1	Essentials
-3.416865348815918	-16.260639190673828	0	warmer
-31.984792709350586	-4.0987467765808105	3	Freeman
0.3484130799770355	-1.0458191633224487	0	canal
11.375720024108887	-27.169342041015625	2	Scientists
-21.30254364013672	13.151250839233398	7	Brussels
-14.692704200744629	-0.8756043314933777	4	Venus
8.974875450134277	-14.679804801940918	9	discovering
-1.6354329586029053	-21.203556060791016	8	encyclopedia
2.5719974040985107	-15.923442840576172	9	branding
1.803810715675354	-1.3491055965423584	0	Vertical
-45.974945068359375	-19.8727970123291	4	Clara
13.992033004760742	17.010086059570312	8	velocity
-8.90320110321045	1.1068387031555176	0	Coastal
-10.466031074523926	-13.687726020812988	8	Photographs
-47.85421371459961	-18.724716186523438	4	Katherine
-3.1693546772003174	0.14962852001190186	0	wilderness
-25.689481735229492	13.375802993774414	7	Alexandria
10.627113342285156	-24.288537979125977	2	classics
-24.787691116333008	11.02136516571045	7	Savannah
-9.801225662231445	-19.778261184692383	0	acre
-34.19113540649414	-11.73332405090332	3	Vince
-9.613859176635742	-7.95411491394043	8	Cadillac
-24.90733528137207	-15.446686744689941	3	Darwin
-33.629493713378906	-7.049910068511963	3	Davidson
-15.30400562286377	11.308433532714844	7	Fairfield
11.611220359802246	-11.603623390197754	5	encryption
8.554932594299316	-27.14651870727539	2	educators
2.408073902130127	8.757742881774902	0	Exterior
-8.150458335876465	-21.225875854492188	8	cardiovascular
6.67725133895874	-14.438539505004883	9	Restoration
27.24641227722168	-9.353487968444824	6	wonderfully
19.97492218017578	10.618476867675781	0	prev
1.6110197305679321	-18.813661575317383	9	grandparents
27.274572372436523	-11.088897705078125	6	breathtaking
-37.28279495239258	-3.505060911178589	3	Allan
21.936994552612305	7.148401260375977	5	prototype
1.849099040031433	-3.4968230724334717	8	ounce
-23.1739444732666	12.742557525634766	7	Munich
-3.2252016067504883	-6.195814609527588	1	Ambassador
-9.183154106140137	-22.72887420654297	9	antibiotics
30.7176570892334	11.809013366699219	5	credited
0.3572995960712433	-26.210182189941406	2	Technician
-0.3959634602069855	-17.884231567382812	9	removes
-7.910447120666504	-1.2886415719985962	8	Interstate
-24.110506057739258	-14.429532051086426	3	Bieber
24.945398330688477	8.6348295211792	5	Certain
27.63557243347168	-11.872767448425293	6	wholly
32.4319953918457	-10.493438720703125	6	optimum
29.61299705505371	14.243621826171875	5	validation
-10.608267784118652	-8.268045425415039	8	Rover
-38.7518424987793	-4.638567924499512	3	Elliott
-45.660316467285156	-15.96044635772705	4	Christie
-32.43239974975586	-6.1355299949646	3	Webb
14.474321365356445	6.022522449493408	8	Collector
-45.516746520996094	-19.013486862182617	4	Vanessa
-3.7418196201324463	-6.849487781524658	1	Grants
-0.42314958572387695	-25.367664337158203	2	Veterinary
-16.069122314453125	3.212224245071411	7	Vatican
9.75261402130127	15.21232795715332	5	Currency
28.954118728637695	12.214424133300781	5	credentials
9.134448051452637	6.334803581237793	8	Vector
-10.373748779296875	-16.057458877563477	8	EVINRUDE
4.648714065551758	7.125447750091553	1	Omega
-0.38861384987831116	1.188450574874878	0	farther
1.7353993654251099	-21.923669815063477	5	validity
-32.4920768737793	-8.71191120147705	3	Ferguson
-2.598419666290283	-7.98388671875	9	coats
-14.871779441833496	-15.804226875305176	1	WWII
-10.015241622924805	-14.255873680114746	8	Appliances
15.660993576049805	23.200454711914062	1	ERA
29.17654800415039	-11.891318321228027	6	upright
22.740583419799805	-7.906423568725586	6	Brilliant
-41.623680114746094	-2.781036853790283	3	david
11.207732200622559	7.512381553649902	8	usb
34.00529098510742	-6.413442134857178	6	exceptionally
-12.906902313232422	-13.019872665405273	1	Cialis
8.36019515991211	-16.25869369506836	9	defender
-30.696861267089844	-11.347271919250488	3	Tucker
1.8150180578231812	1.6493371725082397	0	landmark
34.38206100463867	-7.6261796951293945	6	definitive
-38.079566955566406	-8.630122184753418	3	Wesley
-3.0011978149414062	7.77793550491333	1	Cardinal
-33.9239501953125	-11.288736343383789	3	Gerald
-9.218238830566406	-21.952056884765625	9	capitalism
-7.7417826652526855	-21.978729248046875	8	telecommunications
-26.455615997314453	-11.832496643066406	3	Frost
-33.71036148071289	-8.493228912353516	3	Hugo
-30.772911071777344	-8.040970802307129	3	Newman
-0.5213441848754883	-20.327749252319336	9	explanations
19.99995994567871	21.538631439208984	0	fort
-6.254887104034424	-14.543221473693848	8	Vacuum
-30.6640567779541	-10.252701759338379	3	Robertson
27.114334106445312	-13.497416496276855	6	sweeping
-6.9206461906433105	3.135601043701172	0	Horizon
-21.14134979248047	13.409407615661621	7	Cornwall
-19.484676361083984	26.91973304748535	10	ohio
26.506471633911133	-14.122926712036133	6	ideally
-3.27961802482605	-11.981782913208008	8	travellers
-29.711156845092773	-11.328780174255371	3	Wagner
10.072941780090332	17.346372604370117	5	Reg
5.3281145095825195	-19.005903244018555	9	liberals
-4.077816009521484	-15.377602577209473	8	havent
-9.583462715148926	-19.03778839111328	0	landscapes
-0.36923831701278687	-2.0831634998321533	1	Crossing
1.481338381767273	20.95701026916504	0	WEST
-16.557823181152344	-15.930134773254395	3	Lutheran
6.686523914337158	11.113421440124512	1	ACC
-38.46778869628906	-7.230782508850098	3	Herman
-11.148138999938965	-11.526446342468262	1	Sporting
7.417816638946533	15.703686714172363	0	sphere
-34.515777587890625	1.190017819404602	3	Bentley
-35.80901336669922	-3.226445198059082	3	Peters
-16.446367263793945	-16.35087013244629	9	Catholics
-38.80420684814453	-5.706997394561768	3	Trevor
22.76398468017578	13.284144401550293	5	Unified
-11.94212818145752	-11.063379287719727	1	Telegraph
-1.93525230884552	-6.057880878448486	1	Founder
2.2432308197021484	-18.29314422607422	9	analytical
9.2102689743042	-27.781848907470703	2	professors
-2.2011568546295166	-5.898367881774902	1	Headlines
-14.560479164123535	21.957447052001953	10	USDA
2.4280426502227783	-1.7223418951034546	0	aerial
22.20857810974121	-12.863080024719238	6	youre
-38.72218704223633	-8.749417304992676	3	Herbert
-7.11918306350708	-10.224967002868652	8	Automobile
-5.726844310760498	-14.835674285888672	8	transported
28.888765335083008	13.192460060119629	5	valuation
-5.715958118438721	-23.197189331054688	5	efficacy
-32.34341812133789	-0.11805787682533264	3	wells
-50.16656494140625	-18.265291213989258	4	Alison
-24.622896194458008	10.398222923278809	7	Augusta
22.66515350341797	24.661237716674805	8	keeper
5.065150260925293	8.566076278686523	1	Getty
-16.965648651123047	21.570261001586914	10	Germans
24.44601058959961	-7.052164554595947	6	Fabulous
-16.41289710998535	22.42267608642578	10	Austrian
-34.985816955566406	-3.990462303161621	3	Fraser
1.8657835721969604	-16.03118133544922	9	recognise
4.680473804473877	-25.550077438354492	2	graduating
10.893077850341797	4.009119510650635	8	traction
2.934732675552368	-26.181812286376953	2	architects
17.83146095275879	21.82098388671875	0	ward
29.557758331298828	15.438397407531738	5	qualification
2.1519694328308105	-6.105720043182373	1	Bravo
22.2064208984375	22.26491355895996	5	gems
-43.78459930419922	-18.51976776123047	4	Laurel
4.633378982543945	21.43418312072754	0	landlord
17.756196975708008	24.963233947753906	8	eve
-8.235556602478027	-0.4960935413837433	10	Nationwide
1.9763575792312622	-26.47821807861328	2	Architect
-14.033989906311035	0.2770668566226959	7	Alpine
1.8130664825439453	-26.70403289794922	2	Architects
0.3705359101295471	-18.87883949279785	9	humanitarian
-44.95652389526367	-20.20741844177246	4	Alicia
-18.372413635253906	22.877649307250977	10	Homeland
-41.94038009643555	-3.1434803009033203	3	michael
-0.7091617584228516	-6.418522834777832	1	Millennium
-30.3526554107666	-13.300005912780762	3	Hyde
-46.865901947021484	-17.854928970336914	4	Michele
-11.6654052734375	-10.139135360717773	8	Garmin
-36.10700225830078	-2.4613099098205566	3	Davies
-35.50434875488281	-9.495330810546875	3	Winston
-31.915678024291992	-13.21503734588623	3	Freddie