x	y	cluster	word
-5.948848724365234	-0.7007220983505249	7	him
-5.209501266479492	-1.7653976678848267	7	sister
-29.170761108398438	28.90557098388672	0	indian
-28.892290115356445	29.637367248535156	0	thai
-28.5553035736084	29.96658706665039	0	korean
-30.778730392456055	26.656749725341797	0	filipino
-30.405197143554688	26.926076889038086	0	pakistani
-29.67139434814453	28.402328491210938	0	indonesian
-32.08598709106445	21.28164291381836	0	congolese
36.8515510559082	-3.8892223834991455	1	see
38.33308029174805	-3.8189890384674072	4	made
24.743213653564453	7.431900978088379	5	Posted
16.910730361938477	30.546751022338867	3	game
42.5723991394043	-6.499401092529297	1	put
-6.649996757507324	-32.3788948059082	9	reblogged
16.365446090698242	30.670761108398438	3	play
35.347190856933594	19.725086212158203	8	program
37.479286193847656	15.745765686035156	8	process
16.049253463745117	-10.236835479736328	3	fun
15.49324893951416	30.503177642822266	3	games
34.959163665771484	6.537815570831299	5	posted
29.36870765686035	7.302762508392334	5	download
25.442768096923828	-8.53412914276123	1	pay
33.77058029174805	18.87165069580078	8	plan
14.432440757751465	28.497299194335938	3	movie
30.511499404907227	5.314732074737549	5	link
32.33243942260742	8.525568008422852	5	file
6.6374592781066895	-25.307912826538086	4	seems
11.750508308410645	25.99244499206543	3	song
6.402720928192139	2.2349445819854736	10	problems
12.940530776977539	27.915367126464844	3	film
29.088899612426758	-4.843780994415283	7	soon
28.703121185302734	4.170296669006348	5	report
27.023380279541016	7.540378093719482	5	Page
38.228031158447266	-4.264243125915527	1	ask
19.00303077697754	12.43628215789795	5	Download
17.010692596435547	31.2205753326416	3	playing
25.07833480834961	-8.097335815429688	1	rate
-14.185142517089844	11.16008472442627	7	San
-5.206993103027344	-5.282776832580566	7	saw
36.278228759765625	-9.386062622070312	1	hit
6.899876594543457	-17.683923721313477	4	saying
14.980905532836914	27.498641967773438	3	players
-1.2065367698669434	-30.175125122070312	4	seem
39.07106018066406	-2.5111303329467773	4	according
15.669506072998047	28.958065032958984	3	played
34.41849136352539	19.29054069519043	8	programs
19.947341918945312	11.509432792663574	5	Report
31.71744155883789	9.515310287475586	5	files
-8.75444221496582	12.821174621582031	7	Next
37.24264907836914	14.650789260864258	8	practice
33.932525634765625	6.420190811157227	5	links
2.3626956939697266	-22.184391021728516	4	looked
21.158117294311523	-5.857668876647949	1	shot
13.650652885437012	29.727340698242188	3	Game
-10.254739761352539	10.75965404510498	7	Jun
6.115221977233887	5.497108459472656	2	wants
33.82444763183594	7.840647220611572	5	posts
36.38165283203125	-7.743553638458252	1	guess
32.92844772338867	19.198564529418945	8	plans
7.249142169952393	-18.704471588134766	4	happen
25.615530014038086	19.548404693603516	8	Software
-22.968185424804688	-16.432170867919922	10	pain
31.802385330200195	10.330782890319824	5	Posts
34.75835037231445	18.313152313232422	8	projects
8.222390174865723	-17.91825294494629	4	situation
35.26523208618164	-7.933063983917236	1	pick
0.054830897599458694	20.83696937561035	2	lyrics
14.056726455688477	30.1282958984375	3	Games
35.31987380981445	20.214082717895508	8	Program
8.02110767364502	26.888906478881836	3	songs
31.238142013549805	-2.6871566772460938	1	Call
21.522077560424805	10.390600204467773	5	reports
-12.662918090820312	-25.599157333374023	9	funny
8.463526725769043	-25.76365089416504	4	offered
-15.789596557617188	-28.649295806884766	9	poor
29.11056137084961	3.562314033508301	5	reported
10.872028350830078	-22.38568115234375	4	recommend
-7.8762922286987305	-2.8110623359680176	7	husband
-27.560075759887695	-16.558691024780273	10	disease
9.039013862609863	-19.16596221923828	6	offering
-20.00652503967285	-10.908478736877441	6	opinion
27.98101043701172	-6.6544694900512695	1	button
-14.808947563171387	22.34868049621582	3	Lyrics
-9.189915657043457	8.516307830810547	7	fish
27.65105438232422	8.97438907623291	5	File
3.955583095550537	-24.34122657775879	4	served
-19.27458953857422	13.441655158996582	7	Wedding
35.02721405029297	-8.467793464660645	1	bag
12.589716911315918	27.941007614135742	3	Movie
-28.72920036315918	26.194713592529297	0	Japan
21.748449325561523	-2.322274923324585	1	drop
-11.434088706970215	1.1130884885787964	6	Committee
35.687644958496094	3.992971897125244	5	thread
26.249135971069336	-6.957430362701416	1	park
-12.613443374633789	-23.12936019897461	9	cute
-5.541368007659912	-16.941247940063477	9	sorry
38.99333190917969	-2.9771888256073	4	According
0.3286668360233307	-6.41151762008667	6	interview
2.616319179534912	-32.47263717651367	4	seemed
33.84646224975586	4.039186954498291	5	placed
16.306880950927734	31.80746078491211	3	plays
42.715145111083984	-6.3596272468566895	1	putting
21.707683563232422	18.465364456176758	8	plant
13.295914649963379	28.47014617919922	3	Play
7.801258087158203	-17.177490234375	4	meaning
35.91367721557617	4.417408466339111	5	session
41.67616653442383	-6.464339256286621	1	sit
25.141569137573242	14.828417778015137	8	recipe
30.476978302001953	-5.126272201538086	5	Looking
6.4705305099487305	-7.953943729400635	6	sitting
25.674991607666016	7.970479488372803	5	Link
11.144437789916992	28.025882720947266	3	Movies
-4.735404014587402	3.2760469913482666	7	porn
-14.035369873046875	-25.24991226196289	9	crazy
26.363924026489258	9.451403617858887	5	Uploaded
28.559341430664062	18.34817123413086	8	schedule
29.745851516723633	2.7940618991851807	5	filed
-17.69369125366211	1.0315049886703491	6	plastic
10.616499900817871	-22.533588409423828	4	suggest
27.753719329833984	17.584627151489258	8	install
-9.034966468811035	20.265846252441406	2	Forums
26.158849716186523	-11.16391658782959	1	luck
4.707715034484863	9.44783878326416	2	loans
27.736469268798828	7.399902820587158	5	Thread
-9.908893585205078	6.82125186920166	7	kid
3.5483169555664062	-32.73626708984375	4	supposed
35.58325958251953	-2.880154848098755	1	Tips
20.197444915771484	18.507831573486328	8	plants
11.304635047912598	-9.626041412353516	7	ran
35.535675048828125	15.36129093170166	8	panel
29.942489624023438	7.571932315826416	5	load
-2.6395485401153564	-19.404373168945312	9	missed
36.3428840637207	14.670130729675293	8	pattern
29.43061637878418	19.61712646484375	8	Plan
-10.069291114807129	12.189109802246094	7	Sat
36.360477447509766	5.630634307861328	5	Filed
24.46286392211914	-6.225651741027832	1	pull
-28.76490020751953	-17.06595230102539	10	injury
39.51194381713867	-5.290487289428711	1	hits
39.68571090698242	-7.948615550994873	1	throw
27.62540626525879	-0.5198982954025269	4	Should
-14.223455429077148	-28.187469482421875	9	sad
29.560182571411133	-4.828073501586914	7	Need
-4.893614292144775	18.756855010986328	2	purposes
4.494248867034912	6.819472312927246	2	loves
38.79281997680664	0.8316661715507507	5	posting
21.163555145263672	-4.079160690307617	1	stick
-15.181985855102539	7.08715295791626	7	Sorry
22.47943687438965	7.513690948486328	5	RSS
15.129732131958008	29.646873474121094	3	films
23.63693618774414	8.459589004516602	5	Links
-18.676982879638672	-13.731059074401855	10	desire
-24.985082626342773	-22.304340362548828	10	hurt
32.265621185302734	-5.178274154663086	1	suit
28.213220596313477	-8.379989624023438	1	picked
9.755073547363281	10.916657447814941	2	practices
-11.017279624938965	2.8952760696411133	7	laptop
-13.528841018676758	-27.565946578979492	9	sick
-14.821651458740234	-25.138702392578125	9	surprised
20.819677352905273	19.742237091064453	8	Android
22.53411293029785	-2.355543851852417	1	push
35.73117446899414	-9.010297775268555	1	bet
6.681856632232666	-18.85768699645996	4	tend
5.373366355895996	27.531152725219727	3	Song
-19.927017211914062	6.538672924041748	7	soul
25.577350616455078	1.5308666229248047	5	Has
28.837339401245117	13.362513542175293	8	Pack
-8.980192184448242	-18.1960391998291	9	surprise
-14.584178924560547	12.125833511352539	7	Dan
-16.154211044311523	24.053688049316406	3	Dance
3.3866477012634277	-10.149157524108887	6	shooting
34.49513244628906	5.128148078918457	5	submit
-14.160731315612793	2.9650018215179443	5	hosting
-15.743402481079102	-2.874577045440674	6	cooking
38.55552673339844	-5.7011308670043945	1	bags
33.308555603027344	-8.937647819519043	1	shoot
-8.948341369628906	-23.9519100189209	9	lucky
-13.655489921569824	13.242548942565918	7	Jason
18.350360870361328	-3.2642605304718018	1	jump
19.771024703979492	20.513717651367188	8	Linux
0.2759551405906677	-18.001501083374023	9	pulled
17.77733612060547	4.359986305236816	1	index
-2.25980544090271	-6.395976543426514	6	bunch
25.218381881713867	16.232240676879883	8	Patch
7.771437168121338	-18.708398818969727	4	happening
1.696562647819519	-32.84476852416992	4	apparently
7.3544511795043945	-26.744901657104492	4	suggested
-8.461578369140625	-25.589210510253906	9	pleased
4.117384433746338	-25.05950355529785	4	upcoming
-4.000468730926514	-18.261962890625	9	dropped
-17.819908142089844	-25.208189010620117	9	tired
29.36286163330078	19.088991165161133	8	Planning
-17.12687110900879	17.724605560302734	7	iPod
9.700215339660645	11.78524398803711	2	procedures
18.668724060058594	4.357863426208496	1	Bag
30.350387573242188	18.0333251953125	8	scheduled
11.785454750061035	26.048934936523438	3	Fun
34.64806365966797	16.373136520385742	8	script
35.65420150756836	17.56847381591797	8	patterns
8.890230178833008	7.982120513916016	2	presents
22.127422332763672	-6.582145690917969	1	kick
-18.423511505126953	1.125080943107605	6	neighborhood
-2.8849716186523438	-18.72287368774414	9	stuck
-15.586955070495605	-27.832368850708008	9	broke
-21.290376663208008	7.7180867195129395	7	spiritual
-1.2285605669021606	-28.170480728149414	4	wherein
28.39891242980957	2.7595090866088867	5	lies
38.79977035522461	-6.388314723968506	1	sat
1.7039552927017212	-11.156394004821777	6	poker
12.331473350524902	-11.018550872802734	1	damn
0.5656676292419434	-32.24046325683594	4	conducted
7.123463153839111	-23.0907039642334	4	possibility
0.8492980003356934	-23.212392807006836	4	talked
-12.563698768615723	-20.40121078491211	9	laugh
7.233099937438965	5.704096794128418	2	suggestions
25.178504943847656	15.27560043334961	8	plane
-21.33646583557129	-1.576414704322815	6	investigation
-3.677536725997925	-4.2814483642578125	6	bowl
-11.513101577758789	15.644701957702637	7	SEO
36.84077453613281	17.314498901367188	8	packages
16.346792221069336	3.374690294265747	4	depends
5.857414245605469	11.796065330505371	2	seats
25.31780433654785	-10.599566459655762	1	pocket
-18.361446380615234	-1.6126652956008911	6	skill
-14.565679550170898	-7.105309963226318	6	smoking
-13.739123344421387	-20.244417190551758	9	haha
0.31474360823631287	-20.454750061035156	9	loving
-7.378047466278076	8.679551124572754	7	Bowl
1.8157824277877808	-20.678668975830078	9	wanna
-26.032442092895508	-18.316213607788086	10	suffering
-8.397627830505371	-23.054080963134766	9	suddenly
32.51426315307617	-3.36486554145813	1	lay
-24.090805053710938	-16.3759708404541	10	mistake
37.882686614990234	0.31936389207839966	5	puts
4.528989791870117	-25.93154525756836	4	invited
6.357032299041748	13.66170883178711	2	recommendations
-29.437244415283203	-16.20781135559082	10	conflict
19.990283966064453	20.61176300048828	8	Java
29.918033599853516	-8.46469497680664	1	hang
-17.599010467529297	-8.739457130432129	6	prison
3.810547351837158	-9.046897888183594	6	trend
-1.3529229164123535	-20.466917037963867	9	wanting
26.46668815612793	-10.562142372131348	1	hat
-10.82359504699707	-22.962923049926758	9	pregnant
-14.250982284545898	-16.954519271850586	9	Sexy
-9.969846725463867	10.065511703491211	7	Fish
36.1259651184082	-2.544682502746582	1	matches
-7.791825294494629	6.42564058303833	7	Jennifer
-30.68629264831543	25.43439292907715	0	Korea
-8.935372352600098	-22.118350982666016	9	kinda
-2.224794387817383	-17.971860885620117	9	loose
9.63510513305664	-22.714988708496094	4	proposal
-25.357912063598633	-17.162288665771484	10	blame
-4.01314115524292	-24.61855125427246	9	laid
21.518972396850586	2.105510711669922	1	samples
-26.573097229003906	-16.488962173461914	10	struggle
4.9549031257629395	-33.66820526123047	4	suspect
35.08002853393555	17.689481735229492	8	apps
-32.888309478759766	22.14624786376953	0	Hawaii
6.374922752380371	-28.195545196533203	4	suggests
-7.981622695922852	5.331570625305176	7	Palm
42.25709915161133	-3.7328615188598633	8	plot
-31.569293975830078	-9.994962692260742	10	injuries
7.452247619628906	-24.611204147338867	4	suppose
5.252885341644287	11.400158882141113	2	replies
22.897113800048828	-9.89737606048584	1	sentence
38.04534149169922	17.08591079711914	8	tasks
0.7289411425590515	-29.861434936523438	4	indicate
38.14962387084961	-7.055039882659912	1	pot
20.322919845581055	13.528457641601562	5	Floor
26.402198791503906	-6.3092360496521	1	dish
32.56006622314453	2.1495773792266846	8	appointment
-33.07607650756836	-13.527670860290527	10	infection
6.67272424697876	13.425285339355469	2	guidelines
-13.158475875854492	13.44626235961914	7	Laptop
-25.152402877807617	-18.558446884155273	10	suffer
-16.56557273864746	-5.951982498168945	6	prayer
-20.387845993041992	16.24306297302246	7	Kong
-20.309404373168945	-6.390704154968262	6	drama
24.570207595825195	11.787766456604004	5	booking
0.9160225987434387	-28.623634338378906	4	behalf
0.7972724437713623	-26.536897659301758	4	surely
6.084437847137451	-14.724072456359863	6	joke
24.5742244720459	20.113819122314453	8	Programs
-27.81269645690918	28.5633602142334	0	Singapore
-33.57936477661133	23.09016990661621	0	Afghanistan
6.407068729400635	9.988332748413086	2	meals
-8.86471176147461	7.439761161804199	7	Son
-20.055343627929688	-6.077967166900635	6	comedy
35.363033294677734	16.21212387084961	8	layout
-12.28569221496582	-7.925578594207764	9	sleeping
-33.3824462890625	-15.081094741821289	10	depression
15.610051155090332	26.671709060668945	3	scores
-7.717172622680664	5.079840183258057	7	pan
31.35647964477539	17.653141021728516	8	implement
36.50358200073242	16.247594833374023	8	Package
3.344527244567871	-26.902511596679688	4	situated
-14.154731750488281	-0.9863549470901489	6	workshop
-24.071605682373047	-23.04070472717285	10	injured
40.262855529785156	-6.6813812255859375	1	tie
4.0481343269348145	-32.08503723144531	4	indicated
8.842836380004883	23.964487075805664	3	Score
22.001583099365234	-8.505314826965332	1	delay
25.837453842163086	-8.551451683044434	1	bid
29.647336959838867	16.4455623626709	8	App
-9.032557487487793	20.317840576171875	2	Blogs
-9.478670120239258	-25.495025634765625	9	satisfied
6.113539218902588	-15.556010246276855	6	mood
-12.159843444824219	5.8394012451171875	7	seed
7.020675182342529	23.18062400817871	3	Trailer
30.459697723388672	8.258537292480469	5	loaded
22.157381057739258	17.583829879760742	8	Recipe
0.3480515778064728	-22.575082778930664	9	painted
-27.72552490234375	-12.716144561767578	10	compensation
27.595439910888672	6.46309232711792	5	slide
11.60986328125	-9.146458625793457	7	sin
-5.896858215332031	-23.7896728515625	9	lately
30.970924377441406	4.498044967651367	5	deposit
25.037649154663086	16.908710479736328	8	Panel
36.44576644897461	3.1481759548187256	5	Put
5.228795528411865	-4.3768134117126465	6	preparing
7.032069683074951	27.126237869262695	3	Songs
35.69279479980469	7.347611904144287	5	upload
19.00336456298828	2.6691577434539795	1	rank
19.3342227935791	4.762619972229004	7	Seat
-32.32484817504883	24.43064308166504	0	Vietnam
-13.362752914428711	24.296186447143555	3	Remix
-19.230527877807617	-0.8925167918205261	6	embodiment
-18.65241050720215	16.667217254638672	7	Brothers
-2.9914891719818115	-32.737388610839844	4	respectively
28.30902671813965	19.332231521606445	8	Schedule
32.50993728637695	-0.1273406744003296	1	tab
-30.118249893188477	-15.437211990356445	10	illness
8.509974479675293	9.3042573928833	2	discussions
-15.927481651306152	-6.445512771606445	6	worship
5.092887878417969	-10.904702186584473	6	tune
0.6648021936416626	15.842503547668457	2	chips
32.86241149902344	-1.05232834815979	1	buttons
-21.12972640991211	8.776182174682617	7	girlfriend
3.1218502521514893	25.809608459472656	3	Poker
6.040247917175293	17.667810440063477	2	episodes
4.076644420623779	8.051949501037598	2	lips
31.984638214111328	-2.7160117626190186	1	Pay
-19.19493865966797	-12.035330772399902	6	judgment
24.41167640686035	4.945905685424805	5	Located
38.69671630859375	-7.421649932861328	1	slot
34.98099136352539	17.060802459716797	8	panels
-25.169601440429688	18.54351043701172	7	Wii
18.861570358276367	1.5780143737792969	1	salary
6.35864782333374	9.198676109313965	2	dishes
28.973201751708984	-11.000143051147461	5	lying
-22.09906768798828	-25.28886604309082	9	disappointed
11.678959846496582	28.758075714111328	3	Players
-28.547121047973633	29.05137825012207	0	Korean
16.002660751342773	28.387550354003906	3	Sounds
31.38324546813965	-8.469847679138184	1	gap
23.099498748779297	-6.951098442077637	1	swing
-27.148237228393555	-13.58905029296875	10	liability
-19.454742431640625	14.629484176635742	7	Temple
33.20469665527344	6.975925445556641	5	threads
4.955391883850098	6.698845863342285	2	wishes
-28.664112091064453	24.829208374023438	0	Islam
2.8460254669189453	15.959632873535156	2	seeds
-19.035799026489258	17.7159423828125	7	Soul
-16.80182456970215	13.87306022644043	7	Pearl
34.21683883666992	16.919809341430664	8	tutorial
-24.113677978515625	-23.923259735107422	10	upset
36.80592727661133	2.1880548000335693	1	loop
-24.754051208496094	-20.807762145996094	10	shame
4.273314952850342	-29.1923770904541	4	indicates
25.46474838256836	7.70065975189209	5	Submit
-16.887571334838867	3.300295114517212	6	Workshop
-29.192272186279297	-13.804696083068848	10	addiction
-16.429529190063477	15.069731712341309	7	Rice
2.3547072410583496	-11.664278984069824	6	trick
-17.15700912475586	-2.7764718532562256	6	workout
-13.600622177124023	-2.3384342193603516	6	carpet
-28.481271743774414	-16.3699893951416	10	disorder
26.121349334716797	-4.852234363555908	1	ban
27.205381393432617	-6.376435279846191	1	pipe
22.139745712280273	0.9346914291381836	1	Hits
-18.727575302124023	-3.5712478160858154	6	humor
34.13649368286133	-5.8974103927612305	1	Tip
30.50372314453125	-9.05140495300293	1	thrown
-7.069137096405029	-31.08804702758789	9	downloaded
-30.614274978637695	-13.55551815032959	10	Complaint
-20.341014862060547	-26.056255340576172	9	ugly
24.063356399536133	-4.04050350189209	1	pin
21.435232162475586	-1.830367088317871	1	drops
6.272452354431152	-22.873201370239258	4	involve
39.459781646728516	-8.18111515045166	1	hook
31.899703979492188	7.936601161956787	5	loads
-32.117042541503906	-15.600821495056152	10	poverty
-14.963583946228027	-26.044822692871094	9	scared
-33.11555480957031	24.824054718017578	0	Thailand
-26.245655059814453	-18.272998809814453	10	complaint
1.787428617477417	16.88297462463379	2	Bags
-6.026495933532715	-3.7616569995880127	7	salad
4.1880574226379395	12.514945983886719	2	duties
-5.674312114715576	-32.60689163208008	4	ranked
38.13682174682617	0.4259074032306671	5	permalink
33.63486862182617	-4.621350288391113	1	poll
-23.922048568725586	-17.91501808166504	10	struggling
19.169416427612305	3.579875946044922	1	Rank
9.923233032226562	8.8400297164917	2	posters
19.259357452392578	-4.198835372924805	1	Shot
25.37645149230957	8.787800788879395	5	Listing
5.061086177825928	-25.447784423828125	4	arranged
32.1972541809082	10.206043243408203	5	Files
21.451059341430664	18.851396560668945	8	Plant
9.103907585144043	6.466554641723633	2	picks
-21.607637405395508	-22.82259178161621	10	unfortunately
8.824873924255371	11.79218578338623	2	arrangements
-29.78481101989746	-9.024456024169922	10	complaints
-21.7471981048584	11.777833938598633	7	Dodge
23.93400764465332	9.313558578491211	5	hosts
13.863673210144043	27.352352142333984	3	animation
25.609586715698242	-5.770560264587402	1	pen
-11.342124938964844	1.3011070489883423	6	Outlook
2.1307549476623535	14.039717674255371	2	pills
-28.257444381713867	28.653959274291992	0	Thai
19.361705780029297	4.998324871063232	7	mins
-6.292890548706055	-18.028881072998047	1	threw
-18.082916259765625	11.426972389221191	7	Tampa
-6.732685089111328	11.138542175292969	1	Jump
-17.849477767944336	-3.9544897079467773	6	costume
23.925487518310547	-5.017097473144531	1	tail
6.073556900024414	13.732791900634766	2	estimates
27.151613235473633	-4.5981125831604	1	Trip
-13.551487922668457	-21.6678466796875	9	enjoyable
-4.561882019042969	-13.646656036376953	9	cooked
-20.832550048828125	-11.335809707641602	6	involvement
-29.968252182006836	24.27525520324707	0	Indians
36.105987548828125	6.823263645172119	5	uploaded
2.9022138118743896	-24.162670135498047	4	priced
-24.853099822998047	19.742151260375977	6	Yoga
-12.612897872924805	-20.68524932861328	9	laughing
4.030991554260254	-6.3692522048950195	6	arrangement
-33.42298126220703	23.633535385131836	0	Philippines
-24.365734100341797	-21.9117488861084	10	painful
21.721961975097656	5.398201942443848	5	spam
-15.239473342895508	-10.259693145751953	6	gambling
-11.916648864746094	9.4224214553833	7	Kid
36.761295318603516	4.833576679229736	5	Showing
21.482851028442383	17.479887008666992	8	Menu
-19.663972854614258	5.768476486206055	7	sake
0.7245995998382568	-6.352226734161377	6	outfit
4.426192760467529	24.968368530273438	3	actress
2.725440502166748	-28.394622802734375	4	hired
8.50358772277832	6.948169231414795	2	pockets
-25.26498031616211	14.355238914489746	6	yoga
8.726201057434082	-19.823841094970703	4	suggestion
6.557864189147949	3.1067590713500977	2	odds
-0.21820604801177979	-35.29584884643555	4	alleged
-12.02460765838623	-27.136157989501953	9	hungry
10.980935096740723	-10.625155448913574	1	gang
5.57137393951416	-9.607150077819824	6	dialogue
-22.55016326904297	-13.306488037109375	10	possession
6.028212547302246	-11.536423683166504	6	tale
21.006664276123047	4.736328601837158	5	sub
5.447159290313721	27.24015235900879	3	anime
-32.058753967285156	-14.32690143585205	10	Pain
-0.2309301495552063	-29.877880096435547	4	belong
-23.903554916381836	-13.384458541870117	10	suspension
36.78580856323242	-5.732504367828369	1	pad
28.717117309570312	19.836252212524414	8	Plans
-3.2133445739746094	-4.470246315002441	6	drum
-30.9832706451416	-9.554971694946289	10	disorders
34.188968658447266	-6.172913551330566	1	Pick
-0.21671582758426666	16.77064323425293	2	jeans
-2.33205246925354	-27.425844192504883	6	hiring
-18.589859008789062	-3.2704927921295166	6	poem
-1.7739001512527466	17.176855087280273	2	beats
23.83774185180664	-9.195521354675293	1	slip
-31.09711456298828	21.772850036621094	0	Muslims
16.193504333496094	31.099498748779297	3	Playing
-3.502934217453003	-29.476951599121094	4	pursue
21.67776107788086	-1.0350161790847778	1	Drop
-19.4730167388916	3.4992403984069824	6	motorcycle
6.036265850067139	-9.810293197631836	3	Contest
-15.041659355163574	20.576765060424805	3	Cooking
30.870031356811523	8.37841510772705	5	loading
42.36658477783203	-5.71881628036499	1	sits
33.88169860839844	-7.060238361358643	1	pie
-10.247844696044922	12.990445137023926	7	Soon
-7.4518351554870605	10.968642234802246	1	Fly
32.4877815246582	-3.835641860961914	1	Fit
33.724857330322266	4.627770900726318	5	placing
-14.531665802001953	-10.70247745513916	6	beating
-36.00686264038086	-13.43298053741455	10	bankruptcy
0.40700316429138184	-28.134159088134766	4	relate
-14.268959045410156	-17.615358352661133	9	Cute
34.999019622802734	-5.711233139038086	1	Pocket
26.08298110961914	19.414506912231445	8	Apps
4.70033073425293	5.962378978729248	2	seeks
2.6619107723236084	-34.45183563232422	4	reminded
-20.275344848632812	5.029073715209961	6	temple
-15.51613998413086	2.3875527381896973	6	Hire
7.143737316131592	10.674328804016113	2	habits
1.630441665649414	-23.645057678222656	4	titled
6.6598076820373535	7.916454792022705	2	tricks
-4.622776508331299	-3.272416591644287	7	nail
-19.10624122619629	-5.350536823272705	6	cartoon
28.75312614440918	-10.125445365905762	9	lazy
32.75271987915039	5.501569747924805	5	placement
-10.881744384765625	-4.933913707733154	6	payday
-4.175213813781738	-29.62862205505371	4	investigate
3.4341273307800293	-10.422767639160156	6	betting
1.9182113409042358	-29.99424171447754	4	accommodate
-17.2551326751709	-0.4553605616092682	6	skirt
-19.398193359375	0.4619242548942566	6	contractor
-16.635984420776367	4.643857479095459	6	wallpaper
-5.426204681396484	19.396406173706055	2	responsibilities
-33.25881576538086	25.30828094482422	0	Indonesia
-14.831908226013184	-21.702539443969727	9	colorful
26.06220245361328	18.27899169921875	8	Interactive
-30.673648834228516	-12.631147384643555	10	syndrome
-17.714296340942383	-21.682151794433594	9	hilarious
0.98593670129776	-18.518901824951172	9	tender
-1.3923513889312744	20.16946792602539	2	ringtones
-32.01578903198242	25.046937942504883	0	Malaysia
-13.18238353729248	-26.891263961791992	9	bored
-21.119293212890625	19.9038028717041	2	PMI
-14.119441986083984	-11.330631256103516	6	twist
-11.264690399169922	-24.434267044067383	9	relaxed
-27.511699676513672	-12.353625297546387	10	lawsuit
-13.098994255065918	3.0499632358551025	7	blogger
-2.6423935890197754	16.228445053100586	7	daughters
-31.58800506591797	-10.355161666870117	10	damages
24.857295989990234	-2.4355051517486572	1	bin
8.767943382263184	10.886837005615234	2	proposals
-21.993932723999023	17.468278884887695	7	Nissan
-12.104913711547852	10.219886779785156	7	Jake
-12.249061584472656	1.714478611946106	6	DIY
24.10204315185547	10.641627311706543	5	Position
-2.6004579067230225	-31.285091400146484	4	beside
2.202523946762085	-33.779666900634766	4	advised
-7.0323286056518555	-2.047499418258667	7	puppy
16.3543758392334	-1.9855427742004395	1	dropping
-17.340612411499023	-24.489831924438477	9	horny
-33.91806411743164	-12.928438186645508	10	foreclosure
-8.358113288879395	-20.792577743530273	9	jumped
-3.3157200813293457	19.041894912719727	2	prayers
-18.335100173950195	15.154905319213867	7	Sri
-6.242040157318115	-25.210906982421875	4	satisfy
-13.08197021484375	-2.6188132762908936	6	sleeve
-12.356670379638672	20.151548385620117	2	Directors
-19.702421188354492	13.871845245361328	7	Motorcycle
-16.017650604248047	-20.879072189331055	9	beloved
-33.83250427246094	-14.123536109924316	10	corruption
-18.441970825195312	-12.179222106933594	6	sacrifice
8.344977378845215	-23.379892349243164	4	proceed
10.31257438659668	-8.818496704101562	7	Wish
36.00641632080078	16.885656356811523	8	plugin
-17.411699295043945	4.2090301513671875	6	Clinic
-15.725113868713379	25.2647647857666	3	Comedy
7.573525428771973	-22.8854923248291	4	recommendation
29.388538360595703	16.062973022460938	8	iOS
-27.487754821777344	-14.888179779052734	10	complain
30.84696388244629	-9.236623764038086	1	lap
-11.23849868774414	-5.766669750213623	1	handful
-14.364385604858398	23.947174072265625	3	Costume
-8.673161506652832	-2.868762969970703	7	bride
-9.144397735595703	-20.847320556640625	9	kicked
-25.221105575561523	8.16140365600586	9	hottest
-23.614439010620117	13.145920753479004	6	ringtone
13.896409034729004	-12.115213394165039	9	hung
2.5701324939727783	-12.700906753540039	1	punch
-16.35967445373535	-19.96781349182129	9	chopped
1.3274874687194824	-11.323847770690918	6	puzzle
-16.31319236755371	23.32331085205078	3	Dancing
-29.380002975463867	-15.408886909484863	10	dispute
-5.525897026062012	19.74579429626465	2	reserves
-7.604635238647461	-4.1538262367248535	7	belly
-19.600608825683594	-23.905216217041016	9	banned
-7.22979736328125	-22.511585235595703	9	suspended
-20.897289276123047	-26.880006790161133	9	shocked
-16.638763427734375	-4.3745951652526855	6	tattoo
7.498586654663086	11.141172409057617	2	portions
-21.21282196044922	-24.168476104736328	9	vulnerable
-14.990240097045898	23.482126235961914	3	Journey
-21.2918758392334	13.605131149291992	6	Ink
4.217977046966553	24.494997024536133	3	remix
-17.243534088134766	10.771322250366211	7	BBQ
-14.550516128540039	-23.0828914642334	9	laughed
10.153045654296875	-8.06512451171875	7	MAY
41.60772705078125	-5.136098861694336	1	petition
-16.730682373046875	-8.94327449798584	6	patience
-15.857275009155273	-22.140949249267578	9	asleep
-0.4464077353477478	-29.06060791015625	4	possess
-0.8202860951423645	-7.403738021850586	6	patio
27.605005264282227	19.960693359375	8	Programming
-1.748822808265686	-35.6549072265625	4	influenced
-29.922208786010742	-15.032752990722656	10	punishment
22.857580184936523	-3.680065870285034	1	pill
-29.454172134399414	22.356647491455078	0	Khan
3.0265345573425293	-26.095048904418945	4	booked
-11.602458000183105	12.073441505432129	7	Notebook
-3.5836000442504883	-2.2350893020629883	7	pork
-7.02705192565918	3.0386030673980713	7	Lamp
-12.51307201385498	12.527721405029297	7	PSP
-8.817310333251953	1.950356364250183	7	notebook
-0.8205791115760803	-27.329166412353516	4	substitute
16.9591007232666	0.7378056049346924	1	sticks
3.281750202178955	-25.379430770874023	4	readily
29.828516006469727	9.012129783630371	5	embedded
-24.556543350219727	16.890880584716797	3	Ringtone
34.118064880371094	-10.461994171142578	1	bang
23.638731002807617	14.184082984924316	8	implementing
-8.062756538391113	-1.3768974542617798	7	silk
4.710940837860107	8.245879173278809	2	shorts
34.262969970703125	3.1134519577026367	5	pose
-13.674034118652344	-18.08942222595215	9	Lucky
6.830288410186768	-22.134687423706055	4	preference
34.197532653808594	-3.6882288455963135	1	slots
0.6893566846847534	17.63031768798828	2	drums
7.502378940582275	9.937583923339844	2	offerings
4.26332426071167	-6.909224033355713	6	diagram
-32.4608039855957	-12.896595001220703	10	pollution
2.6360666751861572	10.501901626586914	2	desires
-0.03699660673737526	-28.219770431518555	4	comply
2.6024742126464844	14.13843822479248	2	beads
-7.983473300933838	-24.88275146484375	9	surprisingly
39.96609878540039	-7.8882317543029785	1	pile
7.382229328155518	-25.53571319580078	4	suggesting
20.218769073486328	16.05684471130371	8	lineup
4.4099202156066895	14.997096061706543	2	Bids
-24.213808059692383	14.58128547668457	6	Prayer
-31.216962814331055	24.578815460205078	0	Taiwan
-31.597471237182617	21.673280715942383	0	Mumbai
1.7927738428115845	-8.897584915161133	6	drill
-2.9098434448242188	-2.1036245822906494	7	palm
5.616579055786133	8.055750846862793	2	jokes
22.479000091552734	-0.8984653949737549	1	Skip
-1.4084513187408447	-16.982919692993164	9	hiding
-26.0954532623291	-14.386807441711426	10	wound
5.653573513031006	27.646160125732422	3	Anime
3.7733969688415527	-28.187137603759766	4	prescribed
-17.974143981933594	12.439401626586914	7	Sleeve
-8.418045043945312	-3.3877294063568115	7	spouse
-30.17039680480957	23.598588943481445	0	Iraqi
-0.7472581267356873	-9.0577974319458	6	injection
0.7970079183578491	11.875110626220703	2	fights
5.67750883102417	-6.614996910095215	6	seating
23.29317855834961	-5.029500484466553	1	lip
17.761363983154297	17.75019073486328	3	Numbers
2.1342716217041016	15.17177963256836	2	socks
-6.428924083709717	-21.79791259765625	9	delayed
-16.163772583007812	-24.536659240722656	9	shy
2.257323980331421	-13.517699241638184	1	knock
-26.078474044799805	8.444076538085938	9	Reblogged
17.904802322387695	17.70323371887207	7	SMS
-4.206844329833984	-17.344560623168945	9	pressed
-3.892033100128174	19.23749542236328	2	negotiations
23.943683624267578	-7.464831352233887	1	throws
9.27428150177002	7.292238712310791	2	pads
32.522674560546875	4.7246575355529785	5	packing
-16.47456169128418	-4.9558939933776855	6	wage
4.374366283416748	-8.543047904968262	6	homework
-19.84567642211914	-25.15035057067871	9	beaten
27.434316635131836	17.77849578857422	8	Install
-4.124060153961182	-29.05819320678711	4	indication
-3.849764347076416	-21.008798599243164	9	spotted
20.31764793395996	7.37374210357666	5	Seats
28.704021453857422	9.197473526000977	5	Loading
-3.8299648761749268	2.420715093612671	1	rap
-7.093852519989014	8.852206230163574	7	Drum
-2.345285654067993	20.805191040039062	2	poems
5.413803577423096	-8.06452465057373	6	podcast
31.378711700439453	16.294652938842773	8	Pattern
0.3993389308452606	-5.7653703689575195	6	roster
30.792085647583008	-5.127426624298096	5	Taken
31.86667823791504	1.637588620185852	8	predict
4.2526350021362305	25.69675636291504	3	Idol
-31.489154815673828	25.368547439575195	0	india
-16.63453483581543	9.844316482543945	7	potato
34.72423553466797	2.428704023361206	5	pending
-28.824661254882812	22.91806411743164	0	Shanghai
-0.10610965639352798	15.030710220336914	2	babes
-12.966872215270996	-23.99422836303711	9	smiled
19.35588836669922	2.683870792388916	1	Bid
-28.04365348815918	21.899290084838867	7	Singh
-22.175464630126953	-23.87724494934082	9	lacking
-3.0134143829345703	-28.53302574157715	4	proportion
-14.557107925415039	20.51074981689453	3	Wallpaper
1.2534410953521729	17.737014770507812	2	Pants
-12.830718994140625	-5.489015579223633	6	stir
3.676520347595215	-10.996641159057617	6	stake
2.13889217376709	-31.274085998535156	4	reportedly
7.938070297241211	7.868636608123779	2	polls
7.171575546264648	23.226816177368164	3	Podcast
23.12960433959961	-1.1088818311691284	1	Pin
-3.5569071769714355	-33.06501388549805	4	Asked
-0.5476323366165161	17.409860610961914	2	nails
3.849045991897583	-33.964324951171875	4	suspected
-23.78573989868164	-27.377334594726562	9	infected
-2.198667287826538	20.713802337646484	2	costumes
5.431787014007568	-7.3188347816467285	6	laying
-13.680395126342773	-5.744481086730957	6	rope
28.792491912841797	7.6022419929504395	5	DOWNLOAD
2.66870379447937	-33.568695068359375	4	perceived
-13.473443031311035	24.572509765625	3	soundtrack
0.8908741474151611	-9.195240020751953	6	replica
4.518708229064941	-6.1635422706604	6	practicing
-21.602121353149414	-23.48431968688965	10	poorly
-12.302908897399902	11.233759880065918	7	Pan
-32.445655822753906	23.584077835083008	0	Kenya
34.010948181152344	-10.562090873718262	1	Bang
34.90517044067383	-4.268831729888916	1	rows
-0.9118114709854126	-35.49232482910156	4	allegedly
31.274803161621094	13.484312057495117	8	Lists
-25.21710968017578	13.631756782531738	6	meditation
15.540976524353027	3.475473642349243	5	manually
26.67222785949707	5.512803077697754	5	LOT
17.466693878173828	6.477083206176758	7	Serving
-1.7402557134628296	-20.278615951538086	9	needing
-21.145830154418945	14.722206115722656	7	Tribune
-2.445941925048828	-32.636478424072266	4	Seems
-13.117616653442383	-17.400665283203125	9	HOT
-14.662819862365723	-2.464301109313965	6	sewing
-4.826688766479492	20.71445083618164	2	wages
35.84819793701172	18.554542541503906	8	scripts
-17.76308250427246	-3.2038018703460693	6	rhythm
-15.400582313537598	25.65584373474121	3	Drama
2.6993319988250732	-26.892501831054688	4	subscribed
-19.938711166381836	-12.192540168762207	6	inquiry
18.653226852416992	-3.3378820419311523	1	Hop
-16.655864715576172	-12.11342716217041	6	swear
-2.3840787410736084	-21.562175750732422	9	happily
9.24974250793457	27.018306732177734	3	gameplay
-20.70767593383789	-0.3401693105697632	6	recruitment
30.641111373901367	16.741716384887695	8	Tutorial
0.436114102602005	-30.96394157409668	4	namely
-2.1963396072387695	20.112091064453125	2	crafts
24.216285705566406	-7.409881114959717	1	pulse
-3.6546669006347656	-21.753787994384766	9	stuffed
-10.432476997375488	7.8533124923706055	7	dragon
-31.63667869567871	-13.44509506225586	10	Injury
-4.832587718963623	-21.57229995727539	9	hooked
-27.170101165771484	-14.835232734680176	10	complaining
31.37059211730957	13.577157974243164	8	Tables
28.937362670898438	-7.6381072998046875	1	pickup
-7.844254016876221	19.905290603637695	2	Guidelines
-26.47211456298828	18.660404205322266	9	Lol
-21.007726669311523	-22.604957580566406	4	prohibited
-22.533424377441406	15.01879596710205	7	smartphone
-14.757248878479004	-3.19376802444458	6	yarn
2.2309398651123047	8.263579368591309	10	sins
10.887441635131836	12.442164421081543	2	schedules
-15.238973617553711	-26.43192481994629	9	lonely
-6.6649370193481445	0.12237059324979782	7	Sister
-13.526251792907715	-10.295666694641113	6	kidding
-22.476299285888672	12.130585670471191	6	nylon
-29.05722427368164	-11.437996864318848	6	litigation
-8.938494682312012	9.826953887939453	7	Jam
24.923912048339844	-4.64000129699707	1	pond
-1.3281853199005127	-16.22480583190918	9	sticking
-20.00606918334961	-22.2192325592041	10	hesitate
-24.160249710083008	-25.67987632751465	10	inappropriate
-24.52739715576172	-26.959312438964844	10	corrupt
-17.31357192993164	14.965794563293457	7	Silk
-11.225041389465332	-23.938385009765625	9	modest
-10.829888343811035	20.829200744628906	2	Crafts
-20.818811416625977	10.19742488861084	7	kidney
8.369223594665527	22.93983268737793	3	Slideshow
-0.9120859503746033	-19.001922607421875	9	bent
7.259052276611328	-21.188121795654297	4	tendency
16.5669002532959	-2.046541929244995	1	rip
-4.724296569824219	-23.713468551635742	9	temporarily
-4.02124547958374	-19.008378982543945	9	knocked
23.225297927856445	17.938386917114258	8	planes
-35.18854522705078	-12.659741401672363	10	earthquake
-28.807165145874023	27.349990844726562	0	Iranian
-10.48755931854248	-4.53489351272583	6	pillow
-20.192651748657227	11.257862091064453	7	coconut
-34.36014938354492	-12.426888465881348	10	Stress
-2.331101655960083	-1.1650830507278442	7	san
4.640196323394775	-22.18105125427246	4	pretend
-33.755672454833984	21.821802139282227	0	Nigeria
-19.163646697998047	-25.46006202697754	9	awkward
-22.692764282226562	8.58554458618164	9	yea
-25.18817138671875	9.226828575134277	9	Haha
-28.60896110534668	-15.004697799682617	10	consequence
-1.3366332054138184	-35.940711975097656	4	supposedly
-36.23951721191406	-13.678013801574707	10	Depression
41.24052810668945	-5.73241662979126	1	ing
-23.650819778442383	-23.154577255249023	10	unfortunate
-4.4714179039001465	-4.157369136810303	7	snack
2.076465606689453	-25.12835693359375	4	Sponsored
22.460819244384766	-8.216182708740234	1	hack
-14.613478660583496	26.233312606811523	3	Fighting
-17.029695510864258	11.8854341506958	7	ipod
26.697608947753906	6.443606376647949	5	Slide
-30.9287109375	-9.576522827148438	10	conflicts
-9.851581573486328	-23.610679626464844	9	humble
-20.558006286621094	-11.86227035522461	6	incentive
-17.03523063659668	-12.534879684448242	6	bargain
-24.141931533813477	-20.419017791748047	10	sore
-22.927610397338867	-25.1669864654541	10	wounded
4.912929058074951	16.053388595581055	2	Presents
-13.821945190429688	9.311932563781738	7	Saw
22.731809616088867	6.403159141540527	5	Sharing
-0.8850600719451904	-15.211262702941895	6	leak
-16.370975494384766	-26.852266311645508	9	sadly
3.4514811038970947	11.770637512207031	2	rumors
17.07843017578125	1.127026915550232	1	pins
11.107817649841309	12.073843002319336	2	tutorials
1.593996524810791	-31.927928924560547	4	accordingly
-14.342446327209473	-3.2518346309661865	6	quilt
31.325326919555664	7.311476707458496	5	slides
24.58654022216797	-1.926017165184021	1	Hook
-0.8430683612823486	18.2900390625	2	sleeves
-12.969756126403809	6.6760711669921875	7	pine
-11.132719039916992	8.925248146057129	7	Monkey
-28.53164291381836	23.407602310180664	0	Chile
-5.3555097579956055	20.974590301513672	2	salaries
-12.900882720947266	14.862144470214844	7	Chip
8.000008583068848	27.002727508544922	3	Plays
-13.903715133666992	-4.041943073272705	6	spinning
24.824487686157227	-10.016798973083496	1	dip
4.056027412414551	-16.629878997802734	9	sang
-1.8278841972351074	-21.717809677124023	9	wished
27.824390411376953	0.746135950088501	5	Depending
1.156907558441162	16.536075592041016	2	snacks
1.812740683555603	-6.568415641784668	6	sketch
17.960723876953125	3.3048300743103027	1	PRICE
37.31162643432617	-6.063596725463867	1	Pad
-16.369796752929688	13.029001235961914	7	Mustang
-13.7847261428833	-9.778382301330566	6	kicking
-10.002082824707031	-5.212131500244141	6	purse
-20.377748489379883	20.611427307128906	2	minerals
-19.059036254882812	15.25533390045166	7	Suzuki
-15.258366584777832	-5.880224227905273	6	praying
31.85782241821289	13.230717658996582	8	Threads
-0.022029390558600426	-8.617130279541016	6	luggage
-14.756044387817383	24.03925323486328	3	manga
-16.975723266601562	-20.416101455688477	9	yummy
-23.92496681213379	-15.475191116333008	10	scam
-21.828094482421875	15.464160919189453	7	Lopez
-5.883680820465088	5.914072036743164	7	pig
33.65383529663086	8.911835670471191	5	logs
-29.572471618652344	27.248538970947266	0	Bali
-16.933555603027344	-25.210702896118164	9	crowded
-9.458158493041992	9.081518173217773	7	Kay
-11.845259666442871	24.15602684020996	3	Swing
5.556276798248291	17.153600692749023	2	Posters
-26.2939395904541	-11.02270221710205	6	tumor
0.11995121091604233	-22.3300724029541	9	lively
5.981052875518799	8.7733154296875	2	tales
-13.500154495239258	-6.390194416046143	6	balloon
28.169601440429688	8.975261688232422	5	Load
2.3351922035217285	-29.120058059692383	4	promptly
-14.635627746582031	11.399032592773438	7	MAN
-15.227140426635742	12.86550235748291	7	banana
-34.57188415527344	-13.594439506530762	10	headache
32.309837341308594	-6.885812759399414	1	rat
-25.354381561279297	-17.64366340637207	10	guilt
29.270971298217773	13.940032005310059	8	Loop
-28.91436767578125	-8.67349910736084	10	delays
-18.561452865600586	9.496337890625	7	Wang
-16.72065544128418	10.954808235168457	7	Cindy
-17.22535514831543	0.49226149916648865	6	plumbing
-23.21820640563965	-26.780696868896484	9	dismissed
-10.926212310791016	-7.28561544418335	9	handmade
0.08799859881401062	-28.726869583129883	4	pursuing
-2.5331461429595947	-8.174802780151367	6	buffet
-0.6289929151535034	16.278982162475586	2	panties
-5.1148457527160645	18.86903190612793	2	intentions
-10.407312393188477	-22.155086517333984	9	accidentally
-10.987825393676758	11.45036506652832	7	Lotus
-11.639033317565918	20.366798400878906	2	Wallpapers
29.669944763183594	3.088606834411621	5	submitting
-32.31483840942383	22.14520263671875	0	Bangkok
-11.473625183105469	14.280133247375488	7	Blogger
-24.44806480407715	11.743847846984863	6	boil
25.022380828857422	2.4048807621002197	5	proxy
-17.025800704956055	-27.923067092895508	9	lame
-21.5797061920166	-26.38336753845215	9	depressed
-24.67831039428711	-25.55518913269043	10	dislike
-7.434707164764404	12.241426467895508	1	Pingback
-29.573598861694336	26.45633888244629	0	Lanka
-19.457305908203125	9.333032608032227	7	sodium
4.640748977661133	13.25407600402832	2	behaviors
34.38405227661133	15.288246154785156	8	dialog
-14.605596542358398	-0.8760391473770142	6	compilation
0.8324452638626099	17.52324867248535	2	Shorts
-6.155345439910889	5.895968437194824	7	monkey
-16.968050003051758	1.2405157089233398	6	resin
-24.13041114807129	8.295565605163574	9	hahaha
10.096091270446777	8.81697940826416	2	submissions
-13.685242652893066	-23.574644088745117	9	spicy
-1.4171030521392822	-7.129578590393066	6	picnic
8.82916259765625	11.410714149475098	2	appointments
30.639739990234375	-3.385958671569824	1	Poll
-33.9520149230957	-11.688015937805176	6	rehabilitation
-21.48687744140625	9.999789237976074	7	Nay
-13.374489784240723	-8.954413414001465	6	swinging
-24.834461212158203	15.829964637756348	7	Punk
-25.160812377929688	18.872493743896484	7	Lakers
-30.69512939453125	23.610248565673828	0	Hawaiian
-31.276887893676758	-15.97049617767334	10	grief
-14.714204788208008	9.972280502319336	7	Daughter
-11.21375846862793	-19.299877166748047	9	appetite
-24.54723358154297	12.172648429870605	6	hormone
-20.70642852783203	13.519859313964844	6	Tattoo
-22.832698822021484	16.07361602783203	7	soy
-18.889991760253906	-25.22466468811035	9	twisted
-8.934643745422363	0.4565387964248657	7	spice
-0.8900701999664307	16.034360885620117	2	puppies
-31.05995750427246	-16.828306198120117	10	disappointment
-14.795036315917969	24.673534393310547	3	Cartoon
5.562312602996826	-28.76163101196289	4	implies
2.6277730464935303	-9.89659309387207	6	lottery
-2.7747037410736084	-9.077773094177246	6	informal
-9.46436595916748	1.2415132522583008	7	KNOW
-7.707515239715576	-1.0794613361358643	7	shrimp
-12.975920677185059	1.5298099517822266	2	Handbook
-10.971197128295898	7.594662189483643	7	snake
-17.187278747558594	16.90764808654785	7	Jeans
-15.255908012390137	0.2542753517627716	6	payroll
-11.485211372375488	15.912679672241211	5	Mining
5.232726573944092	10.268303871154785	2	personals
-16.130985260009766	-27.48328971862793	9	screwed
-24.78666114807129	-12.94615364074707	10	rebound
-25.92129898071289	16.354190826416016	3	Horror
-15.988835334777832	11.600645065307617	7	Nail
19.527185440063477	7.822075843811035	2	Clips
-32.073997497558594	25.695354461669922	0	Afghan
21.16983985900879	-6.320683479309082	1	bounce
-6.2382988929748535	3.207641124725342	7	Dish
-0.8434438109397888	-18.91107940673828	9	hurry
-15.062440872192383	1.725602626800537	6	distributor
-24.95895767211914	17.351211547851562	3	MMA
14.524168014526367	28.857065200805664	3	Played
3.6259093284606934	24.968725204467773	3	Puzzle
27.81509780883789	-2.194317102432251	7	PART
-1.549464464187622	-31.419466018676758	4	Seeking
-8.83118724822998	11.559126853942871	7	Ram
-22.41428565979004	18.52419662475586	7	PayPal
-8.353099822998047	-19.016437530517578	9	tricky
-11.393423080444336	-20.03108787536621	9	shaking
24.271474838256836	-4.735214710235596	1	tin
-4.152309894561768	-23.525774002075195	9	liking
-21.341167449951172	0.5499237775802612	6	negotiate
2.5352368354797363	-13.14267635345459	1	toss
-15.995241165161133	16.511146545410156	7	Maya
19.194385528564453	21.384037017822266	8	Python
19.944625854492188	19.944032669067383	8	linux
-2.656541347503662	16.544124603271484	2	mushrooms
6.203356742858887	22.19877815246582	7	Diary
34.712215423583984	-6.07645320892334	1	Pot
-31.66817855834961	23.03281593322754	0	Peru
22.398042678833008	-5.139105796813965	1	DOWN
-10.113080978393555	20.672563552856445	2	wallpapers
-6.748469829559326	-1.2125239372253418	7	pearl
-5.5234856605529785	-16.846942901611328	9	MISSED
-28.03838539123535	-13.610528945922852	10	limitation
-12.208597183227539	-17.954282760620117	9	sliced
2.4065043926239014	14.719510078430176	2	stickers
-19.96274757385254	20.910749435424805	2	headphones
-17.06743621826172	-23.517372131347656	9	naughty
-24.62401008605957	-17.405237197875977	10	hassle
-20.600967407226562	21.561254501342773	2	religions
-21.158491134643555	18.242664337158203	7	Skype
-4.491339683532715	-13.771842002868652	9	randomly
-34.886268615722656	-14.458846092224121	10	hatred
-29.423385620117188	-9.016881942749023	10	obstacles
9.294404029846191	9.44383430480957	2	openings
-11.263221740722656	12.818807601928711	7	JPG
23.127412796020508	14.352641105651855	8	scheduling
-25.641822814941406	-13.253799438476562	10	bondage
-1.806757926940918	-6.684304714202881	6	ladder
-23.35732078552246	-24.439559936523438	10	abused
-17.333986282348633	8.879437446594238	7	peanut
-3.4523189067840576	-31.20496940612793	4	amid
32.367549896240234	3.063110113143921	5	poses
-32.78313064575195	21.396610260009766	0	Taliban
6.60332727432251	17.69266128540039	2	Practices
11.93142318725586	-11.748030662536621	9	laughs
-9.764162063598633	-2.4190571308135986	6	tribe
-14.364476203918457	22.250606536865234	3	dancers
-3.3231747150421143	-25.86962127685547	4	filmed
-17.511463165283203	1.440145492553711	6	polymer
27.37592315673828	9.736291885375977	5	Upload
19.957134246826172	5.0225396156311035	7	Sub
9.763544082641602	-7.05143928527832	4	Offering
-2.6630804538726807	-35.29263687133789	4	inherent
-23.9307861328125	19.487167358398438	6	Legislature
-15.614243507385254	7.701968669891357	7	Hmm
-5.082545757293701	2.2689499855041504	1	Tie
-2.6212995052337646	-17.094810485839844	9	hype
-2.1891133785247803	-29.778324127197266	4	belonging
-25.02482032775879	8.286373138427734	9	Horny
-0.9378384351730347	-9.997286796569824	6	lodging
-18.243410110473633	16.67904281616211	7	Sisters
-22.970577239990234	16.54163932800293	7	Spiritual
4.197101593017578	8.878880500793457	2	blinds
1.3491278886795044	-26.336017608642578	4	similarly
-15.967426300048828	-21.60252571105957	9	roasted