x	y	effect_size
2.00557541847229	-20.705305099487305	-0.8234710296989197
1.4794604778289795	-21.409412384033203	-0.838121671464771
-34.228031158447266	10.485750198364258	0.9420216848630584
-34.08694839477539	9.942727088928223	0.8694903772207102
1.8879350423812866	-20.908456802368164	-0.7882322230003707
26.83884048461914	-28.28502082824707	-0.9889145785714504
39.16429901123047	3.073164463043213	0.2994851361490229
38.97439193725586	3.0949647426605225	0.2841235050807894
26.189924240112305	-30.166797637939453	0.9979677302408828
26.21479034423828	-28.582101821899414	0.8787499859405763
-39.8939208984375	7.4632182121276855	-0.6325821052790739
-38.70199966430664	7.497026443481445	0.5707727207714357
26.807662963867188	-30.057424545288086	-0.5222319086412313
28.228090286254883	-25.542377471923828	0.5394075513895674
-39.86560821533203	6.679419040679932	-0.7143465224388587
28.24506950378418	-25.520397186279297	0.0796117612261166
-38.56655502319336	6.759664058685303	0.8662519551108196
39.68667221069336	3.7424819469451904	0.4387379482939376
22.51142692565918	-37.087669372558594	0.766916515333758
19.495899200439453	-40.29503631591797	0.2711192496186148
19.415206909179688	-37.76564407348633	0.8254934224565883
23.64737319946289	-40.339256286621094	0.7256900052868671
21.869884490966797	-38.394466400146484	0.6187557232690105
22.07131576538086	-37.527828216552734	0.7022614449276056
18.97505760192871	-38.358272552490234	0.3278025257159222
-34.035003662109375	11.3290376663208	1.0423604969358178
18.231979370117188	-40.36145782470703	0.5155302477765737
19.592124938964844	-37.85140609741211	0.579889290015583
19.003589630126953	-39.932796478271484	0.5170675637357924
19.468067169189453	-39.559478759765625	0.5872906625594138
20.26688575744629	-41.78841018676758	0.4518952424330694
22.93377685546875	-37.975807189941406	0.5458735390097836
21.96107292175293	-38.51566696166992	0.8174891100860281
18.850566864013672	-40.46113967895508	0.4518016169988314
19.436758041381836	-42.2035026550293	0.3666860293327505
21.551868438720703	-39.94212341308594	0.5478528722285883
23.814945220947266	-40.67424011230469	0.6902516726335153
19.048603057861328	-44.417640686035156	0.456907139183217
22.129610061645508	-39.7568359375	0.8149877026032147
21.629913330078125	-42.02943801879883	0.3859285600974027
22.28206443786621	-43.293460845947266	0.3782809083850502
21.120962142944336	-43.130035400390625	0.7517427256020058
21.99614143371582	-42.28087615966797	0.5121583797652481
21.626441955566406	-43.34284591674805	0.5290821877520265
19.71732521057129	-44.022804260253906	0.5594174123328975
21.61400032043457	-44.32594680786133	0.0994010516641864
-20.86570167541504	-13.054178237915039	-0.5775195183254934
-2.238016366958618	15.413671493530273	-0.3637697871640792
12.87913703918457	11.526718139648438	-0.3913864583887649
10.983878135681152	5.2907938957214355	-0.4438435484424324
-20.828493118286133	-14.483221054077148	-0.0932933840478314
-14.287992477416992	20.90337371826172	-0.2278817171400474
8.842771530151367	16.955015182495117	-0.165241269946989
3.6370272636413574	-0.11807827651500702	-0.2926648931138713
-22.966875076293945	-19.71387481689453	-0.2241418925841661
-6.751125335693359	0.7873706221580505	0.2370959864485735
14.9104642868042	5.158863544464111	-0.4685073923444409
-9.238887786865234	20.31611442565918	-0.1483532398525863
-12.285449028015137	9.861146926879883	-0.4752216528296726
6.077694416046143	14.177074432373047	-0.2954514846392876
0.8573063611984253	8.092562675476074	-0.7566946578266284
15.056396484375	11.564295768737793	-0.3128381353624454
8.921652793884277	13.194585800170898	-0.2709839807812462
12.78998851776123	1.0835543870925903	-0.4374503428169466
11.118542671203613	4.9338812828063965	-0.3666600268670669
19.23686408996582	-10.083494186401367	-0.3672563558077322
-25.850820541381836	-17.07369613647461	-0.4028274367472225
5.756953239440918	20.681581497192383	-0.3578426900686836
-14.97865104675293	-36.91942596435547	-0.4558212716536353
2.423875331878662	4.9406962394714355	-0.2783190810751522
21.4849796295166	2.317739248275757	-0.264834265814167
-10.370293617248535	4.754182815551758	-0.0650696508816239
14.836820602416992	11.39656925201416	-0.3388370032176135
4.668366432189941	8.27704906463623	-0.2171300534821925
-18.691829681396484	17.123788833618164	-0.4250808292303651
-0.43553709983825684	-4.008270263671875	-0.3158501273772511
4.456409931182861	25.886463165283203	-0.4322959531999361
-20.660358428955078	-17.55078125	-0.6681831828387876
17.12616729736328	-0.08695253729820251	-0.3211122731390652
-17.79871940612793	17.418272018432617	-0.3511330000082751
6.2620530128479	5.589441299438477	-0.3593117124906539
8.242168426513672	8.458222389221191	-0.0148443239305301
11.117317199707031	15.375517845153809	-0.0019027499868204
-0.01312782522290945	8.81619930267334	-0.8227999004402704
-16.723520278930664	20.5546817779541	-0.328605048096472
3.6409997940063477	23.96318817138672	-0.3533275901230465
-2.1382575035095215	7.841823101043701	-0.6823563592118725
-5.0545334815979	5.4126057624816895	-0.4995825590616089
-19.86126708984375	-7.2911696434021	-0.9210081559749282
-24.801816940307617	-16.464458465576172	-0.4867151738237635
17.141969680786133	4.460790157318115	0.1677504935197441
5.835058689117432	18.9019832611084	-0.3465825859792479
-6.657018661499023	-16.75520133972168	0.3723802337400965
18.746971130371094	-10.185893058776855	-0.3963101637330754
13.047836303710938	13.174300193786621	0.4721936697767667
2.735466718673706	35.95755386352539	-0.154833561339143
-15.203997611999512	18.233705520629883	-0.2397924958350593
-25.262723922729492	-18.94609832763672	-0.2898933461091439
8.158321380615234	19.16636085510254	-0.272486020162125
18.279327392578125	1.0837222337722778	-0.3025925265266705
6.875598907470703	6.813617706298828	-0.2640656620979438
-18.54116439819336	-27.335721969604492	0.0939408685262838
-22.31183624267578	-16.023378372192383	-0.4802314679131769
-18.946176528930664	-19.31081771850586	-0.3036896462225389
-35.60459899902344	22.099029541015625	-0.1782173243758358
-23.28438949584961	-16.450523376464844	-0.4602152164122202
21.50909996032715	20.74320411682129	-0.2631306291871906
-0.3176189959049225	27.222158432006836	-0.1162956141344094
-5.631277084350586	-38.72048568725586	-0.4069576121965503
5.797374248504639	10.206366539001465	0.1153317031077311
7.330752372741699	12.259912490844727	0.0415752805466977
16.65306282043457	10.850896835327148	-0.5693167808493099
-6.120560646057129	13.692374229431152	-0.3038340350279828
17.27504539489746	-20.440101623535156	-0.3497344794744793
-25.081710815429688	-17.768552780151367	-0.5215952576375135
-4.064305782318115	22.55938148498535	-0.3281376935323691
13.252466201782227	29.81854820251465	-0.301423851631973
1.9288567304611206	7.60195255279541	-0.4711413293197133
-3.5678763389587402	16.37404441833496	-0.2259738550991231
-16.06006622314453	-19.37032127380371	-0.3679456615574154
-19.637615203857422	19.162445068359375	-0.2372955170328037
11.278348922729492	9.799201011657715	-0.2236203257187274
-32.77875518798828	-12.993603706359863	-0.1982146193099036
12.262833595275879	8.756858825683594	-0.1361931068810221
-22.403419494628906	6.121691703796387	-0.9731075236843598
-20.93763542175293	-17.120615005493164	-0.446095059675598
3.5559756755828857	-12.982964515686035	0.3345438003434169
10.113597869873047	7.556547164916992	-0.2668240027133962
19.61629295349121	-10.143903732299805	0.0375837154212176
-2.467810869216919	28.17173194885254	-0.2899391704377108
7.2999372482299805	18.1744384765625	-0.7510035527937658
5.776780128479004	-25.186803817749023	0.5131229115316933
8.710368156433105	-29.02444076538086	0.5428440962356788
-2.3648123741149902	15.46359634399414	-0.4317939567374805
23.36744499206543	-14.501301765441895	-0.6613103708417101
2.3826160430908203	0.798025906085968	0.0345432620228377
-25.175884246826172	-19.916025161743164	-0.2684733310058246
-24.76772117614746	-15.305964469909668	-0.1890013125996194
-18.476526260375977	20.049705505371094	-0.4136240443035738
13.839805603027344	2.8627266883850098	-0.2502353038063336
9.271476745605469	7.953244686126709	-0.0365025879966766
1.1570324897766113	-5.901500225067139	0.3056310219437175
-13.621474266052246	18.206212997436523	-0.169124206878314
-0.3802434206008911	18.4882869720459	-0.3194092260334141
14.380258560180664	0.6716929078102112	-0.2589879012478197
-17.440391540527344	14.5589599609375	-0.0923117692953515
-0.9537807106971741	-16.068099975585938	-0.2345970630433124
-15.674254417419434	-6.384051322937012	-0.3643657308735296
10.173311233520508	12.577073097229004	-0.098473305430811
4.803173065185547	8.88241195678711	-0.4800091625379097
-22.2567081451416	-21.73203468322754	-0.0233954816505054
-16.923372268676758	-17.47197151184082	-0.2285171417445041
1.5503712892532349	-3.7269022464752197	-0.0371445244589196
17.12307357788086	-25.362049102783203	-0.516730144881353
-10.970285415649414	4.580015182495117	-0.288373037170718
1.5797678232192993	-9.970992088317871	-0.2950451541398016
6.5732421875	15.700602531433105	-0.4581333207880619
-34.011993408203125	9.500401496887207	0.9230477995992244
-11.677824974060059	-0.6460561752319336	0.0506759925385323
0.5697205662727356	23.583833694458008	-0.6513787894827603
-38.31061935424805	2.2505221366882324	0.1023762517376315
18.050552368164062	5.04325008392334	0.1787048181674801
10.433965682983398	9.450028419494629	-0.2363693682136343
-10.045877456665039	24.75960350036621	-0.2037639830744213
-22.07465934753418	-12.631793975830078	-0.6315314803933687
-33.834625244140625	-8.080134391784668	-0.295160368761427
11.077330589294434	4.397851467132568	-0.508219442063676
-15.274456024169922	13.899825096130371	-0.1202500548914146
-16.636566162109375	18.885086059570312	-0.0305780762816392
-9.295540809631348	7.556292533874512	-0.3452915381201702
0.5745464563369751	17.662450790405273	-0.4472336145071027
25.889558792114258	18.68425750732422	0.1157613383679125
-16.899044036865234	-1.4498066902160645	0.0725579058156605
18.608318328857422	-20.143312454223633	-0.3229300810392308
13.283228874206543	-12.135132789611816	-0.531147449888983
-2.9476797580718994	12.005674362182617	-0.145531295455656
28.499176025390625	12.95289421081543	-0.2237434584146735
-19.39214515686035	-2.1918067932128906	-0.0223179136126867
-5.746042728424072	31.129858016967773	-0.1645498297423767
-7.753089904785156	-6.492710113525391	-0.0996072988726699
-12.007601737976074	-12.10827350616455	0.258769480297408
8.022329330444336	15.031447410583496	-0.3914798823129027
4.047312259674072	27.067594528198242	-0.3099398476120107
-2.0307674407958984	39.601165771484375	0.1865539680916944
14.44010066986084	16.20017433166504	0.1314275631860919
19.277507781982422	-3.9173972606658936	-0.549973018579677
24.56849479675293	10.670827865600586	-0.2590376881740953
-14.763401985168457	20.57929039001465	-0.307840949782423
-12.35655403137207	9.785004615783691	-0.5135759494427651
-3.4955856800079346	-26.34168815612793	0.1131228485603658
-20.238676071166992	7.225532531738281	-0.7335879830535235
3.462515115737915	25.13680076599121	-0.4844636160680143
-3.50170636177063	1.8277055025100708	-0.905997779920064
-8.333996772766113	36.604393005371094	-0.0129630392529567
2.1835803985595703	21.974536895751953	-0.7687389412304003
-5.219346046447754	-16.85039710998535	0.0673832579657803
-24.151992797851562	0.3729340136051178	-0.4522704920367252
-21.53705596923828	-22.190710067749023	-0.1064596963306764
10.41462230682373	7.37988805770874	-0.2739970520813061
-29.24977684020996	-8.934531211853027	-0.2734700574416303
-8.721675872802734	20.578046798706055	-0.3154810454335338
15.984954833984375	2.361269474029541	-0.2931420010360058
15.041613578796387	-2.287834882736206	-0.2171536054466448
-35.62174606323242	3.6545703411102295	0.4187031476971533
-3.2704997062683105	26.968015670776367	-0.0328735881695591
-17.21698570251465	-33.80733108520508	-0.5436317716948156
-22.425630569458008	-17.452774047851562	-0.4357750849787482
6.086893558502197	6.1359782218933105	-0.2776365661792538
10.434619903564453	23.326885223388672	-0.422290455898527
-9.45315170288086	-39.657005310058594	-0.1799311859514623
-18.982120513916016	19.025264739990234	0.1625510460934939
17.0958309173584	-25.330934524536133	-0.2720584110914348
21.333938598632812	14.029956817626953	0.0067902153451445
35.4869384765625	-17.985441207885742	-0.4500740048866985
-6.111326217651367	-28.069692611694336	-0.117366502772989
-5.875405311584473	-3.4845056533813477	-0.2974750848355177
5.632655143737793	13.794462203979492	-0.2345384246997643
8.484574317932129	16.933876037597656	0.0599881195094861
-33.17808151245117	22.62902069091797	-0.1991000411531449
9.650819778442383	11.52514362335205	-0.3244140887312168
0.22462418675422668	-22.906749725341797	-0.9347848169616432
-10.789620399475098	-32.46200942993164	-0.3745111035227728
5.17342472076416	-13.39177417755127	-0.1892928637834758
0.20092742145061493	2.0366785526275635	-0.1493330757675278
-5.93740177154541	-13.551280975341797	-0.2569913620872333
-34.12432098388672	22.824783325195312	-0.0753427337331471
21.52717399597168	-2.3206706047058105	-0.1029097740920543
-1.3686290979385376	-5.521847724914551	-0.2255910648924817
4.694564342498779	10.556039810180664	-0.2549830751722654
-16.824247360229492	21.96436309814453	-0.3211175453811665
4.762436866760254	11.629209518432617	0.018178655967865
-18.590858459472656	-27.265810012817383	0.1617490234373596
15.930290222167969	6.713278770446777	-0.2409954716553735
-33.664676666259766	22.171001434326172	-0.0702505653648565
9.853901863098145	15.700934410095215	-0.3458341198279964
1.4701454639434814	23.688278198242188	-0.4004582214199676
-19.50977897644043	-16.774702072143555	-0.8323551796750415
6.227634906768799	-25.444353103637695	0.4639314236010707
-1.7411493062973022	13.806288719177246	-0.2448250389554633
-27.217479705810547	-27.664194107055664	-0.4565613035461675
34.337032318115234	-7.122251510620117	-0.9519352227902352
11.79238224029541	20.438962936401367	-0.1996195806916669
13.424309730529785	-4.45737886428833	-0.2938116202074475
21.440494537353516	2.7517523765563965	-0.0978164147499334
3.65079665184021	7.573254108428955	-0.1426313030604337
-1.4038282632827759	6.637214183807373	-0.1637151492499516
1.5673742294311523	-28.57552719116211	0.3296610113051025
16.26972770690918	-7.3569655418396	0.3212443857796791
4.602156162261963	14.554141998291016	-0.2884027677851309
15.301210403442383	13.454042434692383	-0.2452460039056214
3.0798168182373047	29.216869354248047	-0.2192644404706739
18.444942474365234	8.238472938537598	-0.4854885865380871
-11.586694717407227	-38.642852783203125	-0.8706796027268413
-15.816983222961426	9.767730712890625	-0.5955131321111339
2.022608518600464	34.18356704711914	0.32526249005502
9.164294242858887	6.4073286056518555	-0.1962963576212051
-20.33548927307129	-19.16503143310547	0.4028423979295386
31.082500457763672	-12.36058235168457	0.0665879430254194
1.000872254371643	-1.0148215293884277	0.0660889390865118
-29.534635543823242	-3.064204454421997	-1.1427724094095484
11.819671630859375	-20.198135375976562	0.4442502578044707
-32.29623031616211	22.262451171875	-0.1444666264347062
4.6407790184021	-2.8689160346984863	-0.4277580727845959
23.562488555908203	3.1071102619171143	-0.3060289537972995
5.073633670806885	6.122670650482178	-0.2480781010373911
-9.92573356628418	26.355283737182617	-0.5922857556818845
10.623313903808594	-16.828107833862305	0.1962073035115724
-19.721969604492188	22.618534088134766	0.088982156485387
-6.261034965515137	8.572383880615234	-0.1668405018795466
12.602254867553711	-15.424647331237793	-0.2209254033476342
-33.80288314819336	23.366453170776367	-0.2112207169643799
18.684402465820312	30.24410629272461	-0.2507852404764479
5.678988456726074	-18.947433471679688	0.2131584153306401
4.674344062805176	7.266890525817871	-0.5454168484875214
-6.5624871253967285	-38.919944763183594	-0.6003302496094185
-10.20922565460205	-15.531515121459961	0.3771217677732217
-10.965527534484863	-32.422603607177734	-0.666806242670925
-41.82944107055664	-18.875621795654297	-0.6485752759910408
1.68415367603302	-10.066079139709473	0.0640104843138858
28.022037506103516	2.387113571166992	-0.5046311288734842
-1.5216974020004272	29.068058013916016	-0.1325872672665502
16.0064697265625	-7.6765546798706055	0.4888227635702664
0.8422448039054871	6.68786096572876	0.4864527979693298
25.087614059448242	-26.833024978637695	0.8675730287710973
2.810725450515747	-5.300162315368652	-0.326342719866439
-8.138618469238281	15.133646011352539	-0.3190880994823916
7.187134265899658	33.00172805786133	0.4442279760887678
-17.01022720336914	-33.25144958496094	-0.3382906079796953
2.7119827270507812	35.883872985839844	-0.140331909978485
18.09811019897461	25.49216079711914	-0.2226481267882873
17.537717819213867	-0.7563389539718628	-0.3307207128658965
-2.9443845748901367	4.3050150871276855	0.1108279446973908
-14.881021499633789	-36.95600128173828	-0.4707497503048402
-12.524197578430176	-19.515899658203125	-0.2026813508854702
-2.0303843021392822	39.73862075805664	-0.0914411778720956
-32.89396667480469	21.893779754638672	-0.0244787951611609
-24.198328018188477	-18.61306381225586	-0.3787317498220411
-0.5529416799545288	21.440452575683594	0.2168461501282871
-8.066848754882812	15.138352394104004	-0.4575644158857604
6.157715797424316	9.837747573852539	-0.1020780280939033
-25.093000411987305	-14.297239303588867	-0.3693999973171389
15.394674301147461	7.696069717407227	-0.280454476493388
11.797745704650879	26.02516746520996	-0.5995803602308084
-20.15178871154785	-15.615083694458008	0.4199532803410929
5.208864212036133	3.6659202575683594	-0.4293673412371996
-32.88487243652344	23.13423728942871	-0.1050638043223085
12.418754577636719	8.745518684387207	-0.1691284247126802
5.091886043548584	1.6262952089309692	-0.090550551947354
8.566434860229492	1.5207456350326538	-0.3824969858211165
-33.05250549316406	-8.7072172164917	0.5154793668699922
12.102458000183105	2.600229024887085	-0.4942588636885194
6.030006408691406	-14.881433486938477	-0.3429229609221373
-4.827267646789551	-38.00986099243164	-0.2377251571064884
23.892356872558594	-13.232037544250488	-0.5058184081616944
-32.268280029296875	23.565956115722656	-0.1951344316607202
-39.76338195800781	4.390300750732422	0.1543286629944222
-19.229148864746094	-6.909336566925049	-0.1242282465836441
6.210579872131348	4.626926422119141	-0.3284914497587961
-32.89616012573242	23.909530639648438	-0.1342676106416843
11.672483444213867	-1.7356293201446533	-0.3725833814014844
-0.6283175945281982	-4.578060150146484	-0.0037796499088851
-33.18315505981445	-25.72846031188965	0.1242745254079375
0.1774286925792694	25.87655258178711	-0.1791127417344417
12.69922924041748	6.533789157867432	-0.6181922591978113
16.37842559814453	-18.369762420654297	-0.0955401077735043
-4.490246772766113	34.62104415893555	-0.386100349343602
2.1586697101593018	11.503768920898438	0.4707596179404906
16.22785186767578	11.55765438079834	-0.4894107333345254
-32.04461669921875	22.89069175720215	-0.1478389239067088
1.4859192371368408	9.475398063659668	-0.1290619432302281
6.941070079803467	8.745264053344727	0.4125307107497885
-10.37337875366211	-15.482501029968262	0.4547576200584849
11.934957504272461	-20.25031089782715	-0.1046839638494542
-33.54550552368164	23.914257049560547	-0.2251172995977969
1.9678977727890015	2.419529438018799	-0.1164004699878811
-23.241615295410156	-8.729581832885742	-0.0818222925489315
7.084162712097168	-25.64728546142578	-0.1834566235840223
4.504652500152588	-4.226879119873047	-0.1574764026553387
-8.12507152557373	14.191215515136719	-0.331038488707305
8.378637313842773	-1.5233031511306763	0.0109176179798098
-15.23143482208252	-16.934219360351562	-0.1584454741921468
-23.480575561523438	-17.931238174438477	-0.1494529591000252
1.7923295497894287	21.65953254699707	-0.8713637167754483
-3.1149721145629883	-25.55218505859375	0.2943590270289317
-22.298324584960938	6.192129135131836	-0.900888970126636
-6.727167129516602	-30.619388580322266	-0.176873383740537
-12.983466148376465	14.286593437194824	-0.2239756588988756
-8.861260414123535	16.703617095947266	-0.1030464748925805
-5.347992897033691	-26.532468795776367	0.01625851630331
-18.320615768432617	-36.76136779785156	-0.1994057306272862
17.04960060119629	9.47079849243164	-0.1385018301815844
0.9777510762214661	-15.96763801574707	-0.243361660245329
13.992868423461914	-24.11012840270996	-0.0842131700399846
-29.174297332763672	-8.573836326599121	-0.1936973329520288
-32.072872161865234	-12.381669044494629	0.0471897389771652
25.75995445251465	-4.118851184844971	-0.6254167229378534
9.266724586486816	9.7809419631958	-0.2836830938063751
-25.217342376708984	17.3564395904541	-0.1359969531539498
2.83083176612854	15.651421546936035	-0.4751029277537887
6.426669597625732	31.803674697875977	-0.6253709473249662
14.662938117980957	24.818878173828125	-0.2990615807603961
-14.602558135986328	-22.95103645324707	-0.2380208034739004
-7.609967231750488	-13.806139945983887	0.1267948054081008
7.550920486450195	29.98632049560547	-0.3761319906952153
-19.984907150268555	23.437055587768555	-0.1921059342087463
-18.317001342773438	-36.68231964111328	-0.3984230861614113
12.222857475280762	13.870051383972168	-0.2197902541509386
-5.2972002029418945	-35.11357116699219	-0.33973330044297
8.59654712677002	9.979785919189453	0.1037922613995756
-2.5175838470458984	23.111492156982422	-0.1480291981101954
9.36501407623291	5.992345333099365	-0.5875608629118398
26.791614532470703	-14.732890129089355	-0.787181460681101
-15.660233497619629	16.649837493896484	-0.6913634404320397
11.963519096374512	9.797652244567871	-0.0359661933534954
-37.695064544677734	-12.816024780273438	-0.2850977050937802
7.958614826202393	3.026867151260376	-0.2038521456876449
-16.871082305908203	-16.291181564331055	-0.3949898596583091
4.649922847747803	-5.427536487579346	-0.558953409323958
-11.327129364013672	4.44642448425293	-0.4378938934841302
28.980939865112305	-4.83027458190918	0.0311569405533805
11.705338478088379	20.4677734375	-0.2483018300122303
-16.221105575561523	-7.332697868347168	-0.515182828279971
-1.3771791458129883	-0.39413294196128845	-0.0683415533592488
-35.09260940551758	-18.696544647216797	0.0574466030912581
15.164127349853516	8.049274444580078	-0.3553783683203503
-14.859013557434082	5.267786026000977	-0.6586646575450958
16.36664390563965	14.814043998718262	-0.3352749202424824
-11.55318546295166	-38.66521072387695	-0.4046453298252314
22.265283584594727	-7.121495246887207	0.1497718266222835
-34.67206573486328	-7.343285083770752	0.0882226137716097
-6.497014999389648	-9.646902084350586	-0.1423110793748118
-9.746535301208496	-16.801868438720703	0.5564592272179921
-7.120453357696533	-10.114599227905273	0.011705171528048
25.073486328125	-26.758089065551758	-0.5583743701716315
5.947153568267822	-2.37074613571167	-0.4985973568461873
6.8864827156066895	-0.3358372747898102	-0.218078463672711
11.628240585327148	12.230910301208496	-0.1590093271973732
-13.521843910217285	-19.3464298248291	-0.517429671751115
6.652419567108154	-2.6804895401000977	-0.4423142068512045
-27.630868911743164	-11.843048095703125	-0.4240435858961704
-26.693307876586914	-32.889404296875	0.6870049032074386
6.390294551849365	8.012531280517578	-0.0813136723710316
-23.862506866455078	11.10709285736084	0.2907765160326543
-26.039941787719727	-7.210031509399414	-0.3034568934709613
11.844618797302246	8.243880271911621	-0.3777873392318494
-9.932368278503418	26.24343490600586	-0.749424330683656
-11.401938438415527	18.571109771728516	-0.6723670527229197
-3.1893818378448486	30.969200134277344	-0.4079631915691515
-20.40483283996582	-27.75055694580078	-0.4171492608731552
-6.08126163482666	-0.21908874809741974	-0.0238125715262838
-23.355379104614258	-11.480514526367188	-0.0104676197220672
13.364289283752441	-12.235671997070312	-0.5030113467164044
-17.882835388183594	-22.29235076904297	0.0124287628969815
-10.889325141906738	16.91744041442871	-0.401274565529131
-2.8696837425231934	-31.080936431884766	0.0290060075750167
18.677927017211914	15.500054359436035	-0.4134369440668844
25.612926483154297	6.494569778442383	-0.7759403572891569
10.173964500427246	-8.918865203857422	-0.112815995567585
-16.324460983276367	-15.471364974975586	-0.0484789567851162
18.401765823364258	-14.471376419067383	-0.1655077790926276
27.453872680664062	-30.391206741333008	-0.0509670275919231
34.66532516479492	12.374545097351074	-0.4087481763827626
-10.449007034301758	10.727797508239746	-0.2355438534310893
5.860212326049805	-14.75869083404541	0.0921307723980207
5.8420186042785645	7.238168716430664	-0.1009749353908031
18.39828872680664	-14.544859886169434	-0.4845701409296492
-14.858144760131836	36.84449768066406	0.1943775969871189
9.773731231689453	-26.65730857849121	-0.8705709478500318
-21.00042724609375	-19.27724838256836	-0.0370260575737633
22.591108322143555	11.044354438781738	-0.732976236728619
-5.756443023681641	-19.818878173828125	0.2223091268492468
-17.367034912109375	18.415184020996094	0.3632763338901309
-29.711990356445312	-19.26923179626465	-1.1868763479998343
-17.01320457458496	-18.29424476623535	0.0273531821914717
-6.231803894042969	3.6572375297546387	-0.4255214620416369
-32.45296096801758	-7.133505344390869	-0.2713012488105096
-18.6721134185791	29.964242935180664	0.2875379696673089
30.22627067565918	17.045461654663086	0.0508792710682512
15.152631759643555	9.724040985107422	-0.3130823233399949
12.784149169921875	-2.111570358276367	-0.6624661291064303
-2.051612615585327	40.694644927978516	0.5339170496258775
-18.379840850830078	-37.55475616455078	-0.6550809952854006
5.473437309265137	18.75225257873535	-0.0998968001690644
30.648164749145508	7.420804977416992	-0.5195800154107689
9.331558227539062	31.86165428161621	-0.1307800964101498
-3.238983631134033	14.790658950805664	0.3067487770350042
-0.06667649000883102	-10.432443618774414	0.2191496960832881
-25.401533126831055	-11.658099174499512	-0.0492031806554128
-2.3359363079071045	29.957202911376953	-0.2236784662706573
-1.3804805278778076	10.225095748901367	1.4434946658148833
7.017341136932373	12.123796463012695	0.2484029353062485
-14.951930046081543	31.945842742919922	-0.0820829288766901
-13.028131484985352	13.3592529296875	-0.6504645780458154
-31.272483825683594	-12.698087692260742	-0.0652669994800595
-16.94407844543457	-1.5966700315475464	0.0810236424465711
-11.31298542022705	1.8643604516983032	0.0130727499999191
-9.616578102111816	-39.67002868652344	-0.3836683429008605
-0.6253416538238525	26.608173370361328	0.3022123900755615
-2.380535125732422	-19.3968448638916	-0.4224027194582908
12.831494331359863	-14.241329193115234	-0.2936082505965547
7.801568508148193	6.754356384277344	-0.3367553776992733
13.288588523864746	8.456908226013184	-0.1468210716538852
-25.27351951599121	-19.338428497314453	-0.5079684339639202
-8.849983215332031	-13.403033256530762	0.2144202545511802
13.21555233001709	30.099740982055664	-0.1955001674072301
-23.914127349853516	0.999972403049469	-0.1304171769990204
2.8847780227661133	29.597124099731445	-0.135120623257574
21.433874130249023	1.7897213697433472	-0.2838434632498168
-33.152305603027344	-25.97246742248535	-0.4794941393790328
-18.658124923706055	-34.77430725097656	-0.6812488773064821
-5.936884880065918	-25.19412612915039	-0.2583522468585182
12.609129905700684	15.540556907653809	-0.1506451034114732
-0.4557381570339203	1.6088714599609375	0.8517673761134414
15.009045600891113	-26.04588508605957	-0.0711286871627968
24.635160446166992	-1.838714599609375	-0.5690558117400857
-12.734313011169434	15.932953834533691	-0.5592601607628142
9.989290237426758	-3.097487211227417	-0.3183337925444223
24.938405990600586	-31.432674407958984	0.7898250895754736
13.922309875488281	18.65699005126953	0.4907292031591665
8.683238983154297	-29.171737670898438	0.3717083134655448
28.03050994873047	2.2750017642974854	-0.4012592886807122
-0.2287561148405075	11.21178913116455	0.340719246758946
-18.27021026611328	-17.961881637573242	-0.0272210226998638
-18.356374740600586	19.256473541259766	0.2423615162676031
0.7637660503387451	-22.260648727416992	-0.954455991791819
-14.856982231140137	36.84733581542969	-0.5824493770326512
15.08217716217041	-26.1514892578125	-0.5467799254609667
-0.9032092094421387	-15.863697052001953	0.0244783384482881
27.403179168701172	-15.713810920715332	-1.3969998085192326
-7.352223873138428	11.702022552490234	-0.4390708729460758
-9.240447998046875	-25.43132781982422	0.8676539180678636
-34.2904052734375	-12.576353073120117	-0.55795890470609
9.220954895019531	1.8618218898773193	-0.4505664999123946
-7.133611679077148	-16.06987190246582	0.3510720638880741
-11.012226104736328	15.9291410446167	-0.1264150172233717
-5.080570220947266	18.18424415588379	0.4501911554687859
-7.676475524902344	-6.482125282287598	-0.5499763299619358
-35.38600158691406	4.117063045501709	0.445940858496446
-6.815547943115234	-36.492008209228516	-0.0629879152450609
18.411754608154297	-19.817981719970703	-0.2084389143887944
25.85782241821289	6.378442764282227	-0.2723571249834219
-3.663727283477783	-1.4579030275344849	0.2529901729375534
-1.4877285957336426	-8.024121284484863	0.1040552582092153
-29.688533782958984	13.263143539428711	-0.2299012384062619
-13.315253257751465	-25.126419067382812	-0.2121293898068463
7.506228446960449	4.237712383270264	-0.3371704270777315
3.773254871368408	37.892765045166016	-0.22768381788792
-35.41252517700195	-9.004076957702637	-0.514387707466462
-28.719083786010742	-11.660035133361816	-0.6122500371712253
-27.495342254638672	-22.176401138305664	0.7503996172558086
29.101093292236328	11.606155395507812	0.9905749960764572
-9.268840789794922	-22.290494918823242	0.1462925318147998
-17.649843215942383	-21.73635482788086	0.0899218051221859
-39.79124450683594	4.687227725982666	0.0523843969111333
28.013193130493164	0.6986664533615112	0.0439263716141625
-27.626096725463867	-16.53265953063965	-0.188021156665138
18.820871353149414	12.533354759216309	-0.3261007250478579
8.950580596923828	-0.19759000837802887	-0.4285364774089398
19.54404067993164	12.624715805053711	-0.2703645181190937
20.4825439453125	19.023056030273438	0.2018346365277261
26.751693725585938	-14.687889099121094	-0.2849100566457664
-9.851974487304688	-28.60358238220215	-0.1911280727946062
-24.322351455688477	-0.32121220231056213	-0.4369872420694101
-35.61994934082031	3.27115535736084	0.1714696012274394
7.500251770019531	-26.0314884185791	-0.7072803265902137
9.707954406738281	21.087846755981445	-0.2907945169960765
3.3428456783294678	4.45596981048584	-0.1000014812147537
32.44609832763672	6.565993309020996	-0.3299730429139803
9.179743766784668	13.873499870300293	-0.2873882789085548
-27.929000854492188	24.951101303100586	-0.2526805691943955
5.388281345367432	-13.809999465942383	-0.0513437610988543
19.089086532592773	29.823148727416992	-0.3217822747732827
-23.118261337280273	-4.375545501708984	-0.0887139289370383
-3.1579177379608154	-4.261976718902588	-0.359036396872711
27.990482330322266	0.8846367597579956	0.0599832224025584
-21.423900604248047	-15.415035247802734	-0.4645244211886114
15.084175109863281	-22.693674087524414	-0.4556341180444507
5.489017963409424	22.79182243347168	-0.4470756328586449
7.06455135345459	-23.72620964050293	0.229538351137065
27.54348373413086	22.587074279785156	-0.6788043730621619
34.125850677490234	19.47010040283203	-0.4939580635492495
-10.364615440368652	11.525897979736328	-0.114034965232997
-2.6144039630889893	32.30575942993164	-0.5933868427774965
13.631481170654297	-10.395979881286621	-0.4535028200825126
-9.275205612182617	5.3864827156066895	1.004130386112326
17.899715423583984	-19.067058563232422	-0.0186477815811378
-37.25244903564453	25.352033615112305	0.3735259275170515
-5.9419846534729	4.255878448486328	-0.5503244383794785
-13.46457576751709	-12.950417518615723	-0.4133628093894722
-19.667570114135742	16.327579498291016	0.027275140344073
2.793750047683716	-39.414337158203125	-0.376346801612764
-41.835514068603516	-18.876476287841797	0.5659843926192972
-11.63754940032959	5.029714584350586	-0.3268490220054594
-14.160765647888184	22.279510498046875	1.3945696482807972
-28.924325942993164	-19.116798400878906	-0.588026326859221
0.9136186838150024	-10.54167366027832	-0.0997475795311273
-19.18225860595703	-20.24186897277832	0.4755350074649813
-20.965974807739258	-37.3369026184082	-0.7133864595077242
-2.658876895904541	-31.101238250732422	0.0199675493841226
-3.2650082111358643	18.11727523803711	-0.3075019180338593
28.540998458862305	-4.710904598236084	0.1240560655200173
-11.637802124023438	-0.5809535980224609	0.2803020051678656
0.5538648366928101	32.6788330078125	0.0327724155586859
-12.702692031860352	-5.150247097015381	0.964653912737298
6.486065864562988	-4.159966945648193	-0.2693584074062267
11.621875762939453	13.247820854187012	-0.0577893364927079
10.475445747375488	2.614887237548828	-0.390877143158338
6.464166641235352	21.88321876525879	-0.3549436588494967
17.225610733032227	-1.3100664615631104	-0.1395564424914862
-29.673139572143555	-2.0393173694610596	-1.2023579943484046
4.668921947479248	16.958576202392578	0.145411150463886
-10.810429573059082	-4.676187515258789	0.183048411052869
0.07094772160053253	5.109451770782471	-0.3101867292473207
7.485391139984131	-33.93319320678711	-0.2695321076769563
-25.650348663330078	-15.389110565185547	-0.2970679666209609
20.44800567626953	16.444896697998047	0.0434404100673667
8.882233619689941	4.320540904998779	-0.2070372000143801
8.096353530883789	25.616104125976562	-0.0703965583827855
11.818303108215332	26.050758361816406	-0.6130241366661929
12.704861640930176	4.4721360206604	-0.7330676227415407
21.019527435302734	21.740413665771484	-0.0283449842900851
7.8847832679748535	11.030499458312988	0.0853127581677645
-16.449844360351562	-38.19449996948242	-0.2852905434350451
4.582670211791992	-12.80620002746582	-0.1964316706499242
17.742238998413086	8.759211540222168	-0.2742590627927656
-4.5860137939453125	24.152355194091797	-0.5189170966083309
1.7150301933288574	11.957221984863281	0.4630242888889139
-25.21295738220215	17.355998992919922	0.1040178301530424
34.139644622802734	-6.479416370391846	-0.2498014374539582
16.876108169555664	-2.9372639656066895	0.0768284505845637
6.887955665588379	16.883943557739258	-0.4813640517998578
-20.71005630493164	-20.552032470703125	-0.2523216475764657
-20.41083335876465	-27.6927547454834	-0.1840530583358472
21.522981643676758	-16.413028717041016	-0.4455254862659418
8.081144332885742	-3.5919189453125	-0.4416468196601732
-23.802709579467773	-20.568660736083984	0.0389387483641538
-20.066539764404297	7.384570598602295	-0.6604519847499736
4.253071308135986	18.698503494262695	-0.4170141932844439
-7.9504780769348145	-10.58304500579834	0.1898048325085687
-0.9147343039512634	-13.803925514221191	-0.1255977008812562
-15.053696632385254	-31.310091018676758	-0.9450091553308302
5.185564994812012	-30.323490142822266	-0.8573574822177109
-35.39314270019531	-9.030303001403809	-0.3415600207896431
-7.18798828125	16.504985809326172	-0.5427392957180922
14.802366256713867	-9.8034086227417	0.0240468465398632
24.735837936401367	15.300163269042969	-0.5620722473536072
-3.587326765060425	-11.437400817871094	-0.5764228301514542
3.810208797454834	16.302186965942383	-0.1103735721401964
19.77471923828125	10.187374114990234	-0.3296688713187337
-9.29994010925293	-22.291194915771484	0.0447058383321677
9.730112075805664	-1.7542840242385864	-0.622082087355476
-23.98345947265625	-15.353690147399902	-0.0859156028363856
-27.303239822387695	25.543241500854492	-0.5324440833400275
14.231886863708496	-4.624345779418945	-0.4154348067656212
11.076560020446777	10.594703674316406	-0.3039857490542588
14.406614303588867	1.0026297569274902	-0.1958425946017028
7.163182258605957	0.39872661232948303	-0.2793662273533642
6.971882343292236	-7.564693450927734	0.3139003645900279
15.19875717163086	21.637052536010742	-0.6226951032306586
-27.68436050415039	25.88064193725586	-0.354081837320428
-34.16542053222656	-18.55078125	0.2670191925498144
-13.247687339782715	-16.036216735839844	0.6249116444376754
-14.10729694366455	-19.252307891845703	0.5251007609012633
-14.82761287689209	-31.434112548828125	0.1443331956902999
0.040459685027599335	-6.006943702697754	0.0145727226989127
-0.18246448040008545	-3.0564682483673096	-0.5485745638628882
4.863802909851074	1.3007763624191284	0.12438308721283
-11.11494255065918	30.48514747619629	0.290893056001087
-4.521199703216553	22.219776153564453	-0.5819070625111403
21.589921951293945	7.671103000640869	-0.9204387570035928
2.764430046081543	27.63528823852539	-0.4189930086554879
30.754226684570312	7.364330768585205	-0.5057621397021572
8.568099021911621	-1.195320725440979	-0.2512425923730713
6.083630561828613	-10.029040336608887	-0.0410880885803603
10.026512145996094	-18.49029541015625	0.6756013471082041
-5.962870121002197	31.194808959960938	-0.0913100660186765
3.5825400352478027	22.871654510498047	-0.4186097324772395
6.02785062789917	26.25881004333496	-0.7460726609336675
-7.150106906890869	22.730619430541992	-0.594923875871816
12.483911514282227	-8.14853286743164	-0.1891534951022272
-33.011329650878906	-26.783540725708008	-0.6966318907989505
21.60194969177246	7.649412631988525	-1.0052791555316314
-19.29543685913086	-2.0385212898254395	0.0754218593305801
-18.680679321289062	29.967802047729492	0.277214389065173
-4.95348596572876	13.6741943359375	-0.5280447135159102
13.475713729858398	28.83051300048828	-0.0795960193844241
-28.218036651611328	-16.261306762695312	-0.1688212469435256
7.40181827545166	25.29680633544922	-0.1806859855428124
-30.570087432861328	-22.381433486938477	-0.5135880368747835
10.435234069824219	-19.516408920288086	0.4998440792907493
-15.038101196289062	7.889282703399658	-0.5452333355127588
14.477465629577637	12.488774299621582	-0.2333199419623371
-14.933395385742188	5.496644020080566	-0.2264526727670553
12.535375595092773	-15.646625518798828	-0.3521686203267489
13.555675506591797	7.249537944793701	-0.45886393238135
-24.717649459838867	11.604573249816895	0.1090546855092688
-4.891776084899902	11.395407676696777	-0.5743999922281711
-24.27617073059082	12.207879066467285	-0.7070552825377976
-1.3475630283355713	23.223093032836914	-0.5100413927709637
4.860477924346924	20.9154052734375	0.6338177805675757
-11.818948745727539	-5.282480716705322	0.5831754731117582
10.01331615447998	1.2797882556915283	-0.2774823701628086
9.508929252624512	-6.408117771148682	-1.1278687883965406
3.0936574935913086	15.948385238647461	-0.3327682051358724
30.237808227539062	17.043537139892578	-0.1191171635530269
-3.3381781578063965	9.066153526306152	0.186770375326762
37.896217346191406	2.5169711112976074	0.6765689277889063
7.76878023147583	22.74947738647461	-0.4120992787576438
14.29041576385498	24.146175384521484	-0.5045769549397587
0.465421587228775	29.530244827270508	0.0252280997858685
-12.797811508178711	-15.929208755493164	0.4970907818451616
-18.524389266967773	-12.589238166809082	-0.8871299208605449
0.29980942606925964	16.12624740600586	-0.0414797881043411
-8.365379333496094	-18.445985794067383	0.3910721671406721
-26.714338302612305	-23.101036071777344	0.10488059941506
14.545877456665039	-0.25917646288871765	-0.6355817834674021
-5.915920734405518	20.133251190185547	-0.2704493058794174
0.7077033519744873	29.61614990234375	0.191611277853308
-4.145852088928223	30.549625396728516	0.211558474216446
-15.281841278076172	-23.83363914489746	0.4450108268762073
0.9594275951385498	-1.002616286277771	0.4087782134209145
23.02222442626953	-14.626714706420898	-0.5445852864920109
-6.272464275360107	7.761788845062256	0.3301455589947962
-16.96150016784668	21.822412490844727	-0.154860661283396
3.3540282249450684	-6.691933631896973	1.1680951132647293
3.7451117038726807	-5.5198163986206055	-0.1406886272772504
24.300716400146484	-9.18802547454834	-0.4321282599986761
-11.544770240783691	-39.61654281616211	-0.3213930044266255
13.58991527557373	10.333161354064941	-0.3365616722646027
5.714669227600098	-18.32932472229004	-0.1786445389424599
-3.093878746032715	7.033348560333252	-0.1621036428807294
23.737125396728516	14.664582252502441	-0.3576036658793755
-37.79802703857422	22.120656967163086	-0.0462759964066797
9.944589614868164	-26.66727638244629	-0.3887111503654911
-16.493213653564453	-0.0740702673792839	0.163938069663503
3.2431931495666504	20.353759765625	-0.6881629247582022
23.897872924804688	14.759016036987305	-0.227375616786181
23.766040802001953	-5.068871974945068	-0.9366411239943166
19.567014694213867	-7.420992851257324	-0.2948303673062187
8.107995986938477	-5.475516319274902	-0.3895875054624775
-2.967430830001831	20.397056579589844	0.1610423106162345
25.503475189208984	-1.7997636795043945	0.0385676876885849
-3.289449691772461	1.3917337656021118	-0.2218638391761555
1.3334169387817383	-29.582069396972656	0.0187801624190485
-16.423864364624023	-13.193568229675293	-0.1458610473258598
-13.229716300964355	20.715370178222656	-0.5352091844772168
11.644294738769531	-9.68549633026123	-0.5051001762332771
16.234214782714844	-18.95787239074707	-0.1368111746658456
-24.819534301757812	-20.553993225097656	-0.3136089626604836
-8.484760284423828	20.637292861938477	-0.4540773657404375
-5.961289405822754	-27.729801177978516	-0.1370577383362896
-12.308341979980469	-5.073239803314209	1.1882688120985143
6.427268981933594	-5.635010242462158	-0.3272273097469519
3.2048072814941406	-9.164146423339844	0.1701177045500762
-13.689617156982422	-24.81270980834961	-0.1557989155120733
-13.71810531616211	-36.59761428833008	-0.669229788278682
9.284928321838379	-4.867587089538574	-0.1729456172047747
-14.206171989440918	26.553653717041016	-0.6966649053713597
11.168868064880371	0.5189483165740967	-0.7540808614209178
17.312793731689453	10.76850700378418	-0.6139509019050121
-28.425125122070312	24.572336196899414	-0.1682600052545061
5.281790256500244	-25.04108238220215	0.7732601597917323
9.511200904846191	33.83823776245117	1.0839485984562025
-29.132314682006836	2.84586501121521	-0.5691352349849031
-16.590072631835938	0.6468119025230408	-0.3959493679882565
21.53451156616211	-2.327817440032959	0.1054607147365684
-29.721948623657227	-2.921485424041748	-1.092841580800888
-29.141998291015625	2.8473901748657227	-0.5578630237009762
5.177642345428467	-6.381585121154785	-0.8305779023121759
-20.363859176635742	12.020280838012695	-0.1436544546947988
8.320878982543945	20.458444595336914	-0.4146503374696059
9.551292419433594	18.373538970947266	-0.2895733273013032
-12.225749969482422	-5.956910610198975	0.6461540135033637
18.65894317626953	-23.015546798706055	0.1077831188927101
19.4788761138916	15.608744621276855	-0.375466256027766
-2.1524674892425537	4.483026027679443	-0.1152396451414951
-7.838724136352539	0.21072392165660858	-0.1324505576340382
-23.13508415222168	-4.418622970581055	-0.0092728809862612
5.311015605926514	24.413787841796875	-0.4806319034711785
24.954160690307617	28.896883010864258	0.4643817742484166
-1.8404854536056519	-2.763852834701538	-0.0655815155804846
-35.13069152832031	-18.756574630737305	0.4196473217570146
-16.653356552124023	1.9414317607879639	-0.7668149023213893
15.958252906799316	17.71702766418457	-0.0754078921470905
-7.535323619842529	0.7029263973236084	0.0538306427141289
-32.72640609741211	-27.386381149291992	-0.887700423598526
-8.463523864746094	37.108097076416016	-0.4706702385310853
7.552424907684326	3.89990234375	-0.2919321907184899
-19.579174041748047	5.446559906005859	-1.342863383286905
-18.509443283081055	-37.586788177490234	-0.7939377652667259
-21.10328483581543	-37.22715759277344	-0.8201670867032629
-2.300262928009033	18.434005737304688	-0.439100957363158
2.62815260887146	6.1629319190979	-0.4469873016852478
24.31528663635254	-9.146848678588867	-0.2532581301992754
22.731351852416992	20.699533462524414	-0.661477645137052
-15.098299026489258	-10.867749214172363	-1.2933404893976328
-7.324192523956299	8.818449020385742	0.2991393703468314
11.669692039489746	18.338319778442383	-0.638255664757277
-38.12649917602539	-12.577841758728027	-0.4488497024963462
-11.409814834594727	18.484086990356445	-0.5547366826334041
11.40490436553955	-26.481168746948242	0.0317872770306341
38.55834197998047	4.015974521636963	0.5719087906803336
-2.764514207839966	-26.77166175842285	0.1344227713493291
15.364770889282227	-11.449772834777832	-0.2510602509427345
1.960714340209961	10.034048080444336	-0.4488199172541219
1.6776485443115234	-10.76993465423584	-0.2806401928727451
16.478343963623047	-6.3322858810424805	0.3993534016538002
-37.50735092163086	-12.970527648925781	0.2722771039296243
0.42492154240608215	-7.858556270599365	0.4044686973214369
-28.80567169189453	-3.0478103160858154	-1.2566662257133177
-22.927982330322266	11.914663314819336	-0.3471681127697683
-16.428340911865234	-0.3127574324607849	0.0327221743578642
23.795021057128906	3.131127119064331	-0.2407471130410799
-34.085792541503906	4.934527397155762	0.616507167175586
7.903326988220215	6.071084499359131	-0.2375767391999647
34.476898193359375	-7.499014377593994	-1.1209157659857758
-19.551589965820312	5.435195446014404	-1.3660034316516578
-18.454036712646484	-10.172613143920898	-0.2678437841802092
-6.058623313903809	25.2271671295166	-0.0632162557502996
19.5642032623291	-20.58855628967285	-0.4737766776981709
-12.556751251220703	-6.996866226196289	0.0236263318524286
-26.72908592224121	-18.4266300201416	-0.4141980008689482
8.938461303710938	-12.318000793457031	0.4268523854025527
17.4057674407959	14.291512489318848	-0.2255393049891204
-0.6002196669578552	9.590203285217285	0.5582490637841017
8.7410306930542	-12.35588264465332	-0.1850454618640288
5.335517883300781	-1.4282258749008179	-0.8557700532599767
-37.85434341430664	21.448501586914062	0.0498870324862282
-23.193748474121094	-8.156415939331055	0.2784707007794597
8.932822227478027	26.346757888793945	0.3379045376776488
-32.986324310302734	-26.77418327331543	-0.0517992491996785
11.549764633178711	14.560489654541016	0.1581101252769139
-22.95631217956543	-18.502262115478516	-0.4722110715286652
-24.14902114868164	-22.56937026977539	-0.170925679699536
-29.582237243652344	-1.946323275566101	-1.0426224039804337
-22.613534927368164	-14.088902473449707	0.1187621611117035
-4.519453525543213	-40.52571105957031	0.1966123906758602
1.6864112615585327	5.122634410858154	-0.5195891993157602
-0.700282096862793	30.80933952331543	-0.49871352580173
20.9274845123291	-6.710199356079102	-0.3559341058305918
10.364235877990723	17.267946243286133	0.046527995712706
0.2795022428035736	-14.123557090759277	-0.0752079657197054
15.50403118133545	20.950515747070312	-0.5319937732466155
-9.815860748291016	21.44852066040039	-0.5248558643721407
-26.562376022338867	-20.04233741760254	-0.7151730264868011
25.33824920654297	6.696184158325195	-0.4655702045868004
-19.883495330810547	7.640506267547607	-0.6587311649468215
17.62848663330078	30.380420684814453	-0.490709293937037
25.86417579650879	18.657119750976562	-0.4038710456498377
3.622708559036255	9.046852111816406	-0.5157926572168708
-8.768427848815918	-29.86110496520996	-0.1266353936562368
31.077077865600586	-12.364213943481445	0.2316882641296322
-28.576261520385742	25.328065872192383	-0.2103284066856313
-8.027329444885254	1.7760989665985107	-0.2279288454904422
-9.744973182678223	-28.721261978149414	-0.0568829044912706
-0.6832528710365295	17.473209381103516	-0.4749439596192592
2.99819278717041	-2.4050772190093994	-0.2905597771312928
14.406112670898438	-12.746773719787598	-0.7228103980835945
-4.565069198608398	29.834932327270508	0.0327537540033339
7.659143924713135	-6.64934778213501	0.1514145504810742
4.693192481994629	4.679775714874268	0.2736219062869499
-11.16009521484375	30.45370864868164	-0.166893812449935
-4.470885276794434	34.60783767700195	-0.1761577006339938
-2.6481075286865234	23.2479248046875	-0.1886423517252401
9.463399887084961	-8.333125114440918	-0.0471620253901119
-28.958499908447266	24.87616539001465	-0.2008288441759489
9.442388534545898	31.866413116455078	0.2337869350287594
-13.431408882141113	-32.59943389892578	-0.4959590914239143
25.211793899536133	10.560502052307129	0.0519166563231658
25.693105697631836	-30.511411666870117	0.9824888742177694
-27.94419288635254	7.557837963104248	-0.1492861909411081
-28.886194229125977	25.463703155517578	-0.2209471541705657
7.688330173492432	-5.478793144226074	-0.1653662957433589
0.1965724229812622	-14.994696617126465	-0.1710755065466714
2.776850461959839	-39.41699981689453	-0.7354528637734934
28.46164321899414	13.077515602111816	0.1598069525319344
-23.95265007019043	-25.519821166992188	1.0004938807098325
15.704570770263672	-7.246345043182373	0.1048988361114819
11.303823471069336	-6.542062282562256	-0.6415942753698596
-20.37058448791504	-11.681467056274414	-0.1702639954128958
-21.976242065429688	-11.962287902832031	-0.0071498631600274
-20.28209114074707	12.008987426757812	-0.0600156425846464
16.594417572021484	-20.629993438720703	-0.5776226226385743
1.2329157590866089	19.266489028930664	-0.3036062425196404
-11.33327865600586	-10.53369426727295	-0.2213946569152168
-19.939716339111328	-2.9735336303710938	0.0356392649802553
12.34995174407959	20.837507247924805	-0.2120960498682102
-0.6665564179420471	19.68165397644043	0.0486443967790019
-14.554183006286621	16.269258499145508	0.1402788748319635
-8.179437637329102	13.523687362670898	-0.4192063368516583
34.03706359863281	19.356708526611328	-0.8974749703805762
6.957447528839111	20.257326126098633	-0.3265586365807122
18.766197204589844	32.235816955566406	-0.2208485330303205
-11.247282028198242	-40.655582427978516	0.3084598782367476
24.91688346862793	28.836153030395508	-0.214096323812957
5.613445281982422	-19.54995346069336	0.2787912569565233
-38.43111038208008	1.4099400043487549	0.122214534672866
21.234294891357422	3.234372854232788	-0.1393827011291275
-29.75162696838379	13.302371978759766	-0.7004966900968835
-31.902381896972656	-10.186423301696777	-0.2168843378669817
10.571004867553711	-15.996673583984375	0.1470703642262171
16.848854064941406	12.34190559387207	-0.4100550326873717
-2.3814682960510254	-19.398704528808594	-0.3831688261157249
1.335680603981018	25.809707641601562	-0.660402234667291
8.09773063659668	-12.861676216125488	-0.0987399590121542
-33.977752685546875	-18.72308349609375	-0.2261613098847085
4.466025352478027	-10.545816421508789	0.0230516305896344
-1.9568182229995728	-8.137389183044434	-0.3973074773251828
-4.440546989440918	-40.619911193847656	-0.1010105306714849
5.035360813140869	-7.951702117919922	-0.468866797980519
-23.919164657592773	-19.737342834472656	0.0248843711053157
-19.115156173706055	-14.446366310119629	-0.0639141786145639
16.62600326538086	20.38951873779297	-0.3190948882724076
-9.772196769714355	14.339208602905273	-0.0485207989076526
17.577571868896484	25.569719314575195	-0.3560162237765821
12.056597709655762	-4.305773735046387	-0.0431044692897909
21.36248016357422	20.997783660888672	0.0471579370915299
-11.868118286132812	-11.96030044555664	0.2098272554680521
-5.4446635246276855	-35.686981201171875	-0.2199872327591174
16.702259063720703	15.723835945129395	0.0028662349599451
-36.53830337524414	3.5653538703918457	0.3489791750773474
11.120933532714844	-6.551941871643066	-0.4474797635105491
-4.520509243011475	-6.822624206542969	0.7582145645272004
14.759590148925781	-23.177356719970703	-0.3151786716307616
-6.068060398101807	-36.22307586669922	-0.276477076820419
21.077510833740234	-10.5989408493042	-0.3819918934075585
-0.9066049456596375	15.579736709594727	-0.1293059478670706
-21.019550323486328	-19.670116424560547	0.0504898822595698
27.480785369873047	22.603139877319336	-0.5694347493954861
-10.093942642211914	23.250165939331055	-0.5048236091406599
9.101553916931152	33.820892333984375	0.9387957015630276
-19.783992767333984	-24.110166549682617	0.0811787735707421
-11.802495002746582	4.790501117706299	-0.4290855881070853
-3.99389386177063	-30.984525680541992	-0.0937706929987521
24.78569984436035	-3.8034636974334717	-0.1930626935585838
2.863776445388794	30.61700439453125	-0.0339707345731469
-38.9709358215332	20.757421493530273	-0.1100020891081701
10.650367736816406	-17.106916427612305	0.4938521270106418
38.41371536254883	4.412540912628174	0.2512852805025262
-38.29315948486328	7.597403526306152	0.5410383556169996
-5.729028224945068	-19.839567184448242	0.4027871577212576
-16.339927673339844	-8.222808837890625	-0.2816195466878818
4.827603816986084	15.462079048156738	-0.2424100212233436
-0.3726359009742737	7.794580459594727	-0.7821307102611841
-10.052331924438477	-17.575069427490234	0.3344532596239279
20.698387145996094	13.604744911193848	-0.5778770488318069
15.472946166992188	-17.280824661254883	-0.60318246589596
0.15075425803661346	3.7926783561706543	-0.4529912339998471
18.452852249145508	5.811960697174072	-0.061131548142387
22.398176193237305	24.8994083404541	-1.0893402810305186
18.724910736083984	32.40182876586914	-0.165866158331703
-26.681011199951172	-32.86178207397461	0.4300720862019129
11.430991172790527	-0.25129035115242004	0.2166359455840749
-14.459147453308105	-33.53633499145508	0.4672603901164808
5.158724308013916	1.8071420192718506	0.0967925497753186
-11.048724174499512	-4.671300888061523	0.7454874774782331
-24.1729679107666	-16.167524337768555	-0.5709450587900315
23.9254150390625	-15.450922012329102	-1.048174718019483
-2.4613263607025146	26.014562606811523	-0.1831981758092551
-14.186365127563477	26.57099723815918	-0.4521327205614719
-15.553317070007324	-6.201480388641357	0.3052696457269783
10.451449394226074	23.400318145751953	-0.5094495305373417
6.042962074279785	15.664445877075195	-0.1691163768359485
0.07784497737884521	-15.102102279663086	0.1129019191179081
1.6164450645446777	-28.369596481323242	0.309236045584686
-6.2097063064575195	15.872584342956543	0.0663324561136978
-15.125977516174316	7.366983890533447	-0.3734116754255595
19.643169403076172	10.238892555236816	-0.3703985960499258
-6.844676971435547	12.156932830810547	-0.7024930227782591
20.0179443359375	-1.3063827753067017	-0.0410212372816186
-0.6890968680381775	9.736557006835938	0.913932038479558
9.281279563903809	4.1105875968933105	0.1193356778300866
26.623125076293945	-4.302764892578125	-0.6192802076328094
7.541146755218506	29.99022674560547	-0.4333433889141456
1.5283786058425903	14.27611255645752	-0.168268591452341
18.072572708129883	17.594804763793945	-0.1215776134389932
7.934173107147217	-9.205513954162598	0.0679846431399566
-22.619197845458984	12.035325050354004	-0.5527530534705468
14.64503002166748	14.110649108886719	-0.2306077858582175
-37.83766174316406	20.949129104614258	-0.1659601070397927
4.077481269836426	38.377559661865234	-0.8770176336301628
-23.096406936645508	5.68541955947876	-1.1614801276121225
-38.2447395324707	20.428665161132812	-0.0773149976833627
-18.790618896484375	-15.85739803314209	-0.8920956404650952
11.298018455505371	-4.102328777313232	-0.2607574528936052
-32.63689422607422	-12.40796947479248	0.1175810683415348
-24.303239822387695	2.01989483833313	-0.9448987849054016
-27.69463348388672	-4.2170186042785645	-0.6961336145685697
6.590242385864258	1.9694491624832153	-0.0966955862194235
-10.174445152282715	15.587346076965332	-0.1362309791391655
-6.995661735534668	-16.26328468322754	0.8580989824489017
17.345239639282227	20.461849212646484	-0.3968861024792053
-14.726487159729004	-15.184121131896973	0.5404397786755084
34.37120056152344	19.812063217163086	-0.9987665066158252
14.588936805725098	15.8401517868042	0.1754350071802118
28.121387481689453	-9.453507423400879	0.1306840264974083
-18.89704132080078	-34.32286071777344	0.0879730696876557
-3.1362152099609375	-25.613069534301758	0.4842789454567402
-0.14297516644001007	12.231858253479004	-0.3134429623882249
3.4341728687286377	12.759790420532227	-0.1003963494680439
11.971115112304688	16.341678619384766	-0.2575122349336382
-38.471351623535156	9.275793075561523	-0.1938133759941005
-39.0666389465332	21.566661834716797	0.1230732703754383
-23.885053634643555	1.5612727403640747	-0.319597053054953
2.005952835083008	17.970247268676758	-0.6582125891105488
-19.758459091186523	22.885393142700195	-0.0852593428273292
32.09883117675781	6.723714351654053	0.1395248073303206
-38.568359375	22.055784225463867	-0.0080042869005651
12.447552680969238	-1.7142716646194458	-0.2288432662033468
22.357009887695312	-11.091590881347656	-0.4087825821818905
-27.955915451049805	7.532513618469238	-0.2650007265242227
5.17046594619751	-30.352285385131836	-0.0082983342659624
3.3590214252471924	3.354548931121826	-0.0699374625663574
18.632577896118164	-23.046775817871094	0.3527715198024767
-14.246526718139648	-22.061168670654297	-0.0436015392341096
21.493492126464844	-14.060232162475586	-0.6576633140798029
6.045485973358154	29.04193687438965	-0.1287485670857134
-13.751651763916016	-32.994937896728516	-0.4411387933739856
-27.199796676635742	-27.610042572021484	-0.5045651982790604
-30.967599868774414	-3.3870785236358643	-1.23663729943386
-34.188331604003906	-8.090185165405273	0.0112597956258987
-38.042701721191406	7.152775287628174	0.8878708424481927
16.498323440551758	2.2613778114318848	-0.2799721421047703
35.488468170166016	-18.00053596496582	-0.7296042708466653
-13.830869674682617	16.01411247253418	-0.1232641430731701
4.626294136047363	-10.56598949432373	-0.1796924535290008
-8.717928886413574	9.838469505310059	-0.7531840207589675
-23.819551467895508	-10.14376163482666	-0.1661589438152162
7.4580583572387695	-33.927520751953125	-0.3316403770042683
-0.36652901768684387	-7.045653343200684	0.2659468820379539
2.256438732147217	34.095428466796875	0.5075966849642038
-5.866943836212158	-3.4910922050476074	0.0736576570840082
-24.078826904296875	-13.480663299560547	-0.0539485920726555
16.810148239135742	-2.6424906253814697	-0.2679414959052834
-25.464988708496094	-21.046239852905273	-0.920587321012888
14.196246147155762	10.61489486694336	-0.1979384008559677
20.89889144897461	-6.891940116882324	-0.1663042329567524
-6.9336628913879395	15.332649230957031	-0.1989973920341925
-38.57182693481445	21.419668197631836	0.0624870797950996
34.664920806884766	12.377864837646484	-0.283655380643526