x	y	effect_size
-26.444473266601562	-11.112836837768555	0.494496024
-27.482072830200195	-11.060744285583496	0.650812193
-26.271286010742188	-14.174403190612793	-0.089271969
-25.679515838623047	-13.992308616638184	-0.080773189
-26.808467864990234	-11.012804985046387	0.275680861
-9.052484512329102	-29.88063621520996	0.074725957
-18.678789138793945	-30.591236114501953	0.258402017
-18.83952522277832	-30.72235107421875	0.433233503
-7.561647415161133	-31.277807235717773	-0.728933772
-9.048638343811035	-30.684249877929688	-0.186019581
49.11907196044922	-3.366511821746826	-0.0511252
49.2298583984375	-2.1649303436279297	-0.263830491
-7.382541179656982	-30.615947723388672	-0.351613417
-11.950701713562012	-28.977108001708984	0.373316743
48.301231384277344	-3.2669284343719482	0.051792856
-11.972085952758789	-28.955810546875	0.479844187
48.44906234741211	-1.9856436252593994	-0.632814571
-18.894744873046875	-29.7396183013916	0.207176886
-4.652644634246826	-37.37409973144531	-0.973863353
-2.8233962059020996	-41.60543441772461	0.833494227
-5.437629222869873	-41.151031494140625	0.632975284
-1.846996784210205	-37.70648956298828	-0.764758308
-4.230868339538574	-38.91374969482422	-0.807265171
-4.386532783508301	-37.91935729980469	-0.741684907
-4.8661627769470215	-41.67036437988281	0.757513554
-26.848642349243164	-14.846831321716309	0.232063992
-3.0480093955993652	-42.86882781982422	0.739873092
-5.315845012664795	-40.98726272583008	0.458571026
-3.304980516433716	-42.013519287109375	0.800252237
-3.5706892013549805	-41.45720291137695	0.955433156
-1.2274187803268433	-41.301387786865234	0.312196475
-5.149083614349365	-38.391658782958984	-1.105986489
-3.922985315322876	-38.69767761230469	-0.953175335
-2.79673433303833	-42.28165054321289	0.630908035
-0.9290422797203064	-42.33519744873047	-0.067319093
-2.448556423187256	-39.498653411865234	-0.763422126
-1.479292392730713	-37.671119689941406	-0.855890421
1.41666841506958	-43.038063049316406	0.436337622
-2.8718008995056152	-39.092613220214844	-0.904681872
-0.003261393867433071	-39.488304138183594	-0.596736786
-0.2537596523761749	-40.382568359375	-0.435966888
0.32597026228904724	-40.978458404541016	-0.585897516
0.7050423622131348	-39.388282775878906	-0.44189512
0.36738401651382446	-40.53682327270508	-0.231732426
1.0890487432479858	-42.34405517578125	0.413686687
1.5609384775161743	-40.421600341796875	-0.242134107
25.736953735351562	-8.663190841674805	0.56166533
-4.105712890625	10.711633682250977	0.656601233
-16.555498123168945	-1.420729398727417	0.150497001
-7.952453136444092	-2.1540563106536865	0.680240837
25.48468017578125	-10.278776168823242	0.46015827
-12.336670875549316	-16.439048767089844	0.623808058
-16.95494842529297	6.655084609985352	0.432129019
3.0838510990142822	7.183027744293213	0.334504697
30.830839157104492	-14.901788711547852	0.390343649
6.78572940826416	-4.264724254608154	0.719055025
-9.998968124389648	5.267562389373779	0.602843195
-1.5992306470870972	11.29831314086914	0.833382971
-22.88938331604004	-7.01948356628418	0.297569004
-11.029084205627441	9.563045501708984	0.26525524
-2.445383310317993	20.974693298339844	0.319799757
-17.895442962646484	-1.6470286846160889	0.281296557
-11.709612846374512	-6.887787818908691	0.297096303
-5.330531120300293	-4.457805633544922	0.504274571
-7.638869762420654	-2.2511374950408936	0.587053451
12.179201126098633	2.0185012817382812	0.685409133
29.28580665588379	-13.514408111572266	0.025526996
-12.71241569519043	14.379715919494629	0.495986154
26.16874122619629	28.89997673034668	0.181579985
-3.9882712364196777	16.773550033569336	0.704183757
6.96584415435791	24.3099422454834	0.966965546
2.8404572010040283	12.528435707092285	0.625297919
-17.398574829101562	-2.3259541988372803	0.347247315
-9.84924602508545	2.3456947803497314	0.562749539
-13.593367576599121	-19.773714065551758	0.867610913
4.87839937210083	10.449061393737793	0.436512889
-16.868824005126953	17.07183837890625	0.575157828
26.42596435546875	-11.9017333984375	0.385783547
-12.745342254638672	6.8630523681640625	0.614660615
-14.153616905212402	-19.103824615478516	0.949823748
-8.095355033874512	2.2627477645874023	0.554613235
-11.384363174438477	-0.9523028135299683	0.117870101
-16.76115608215332	4.644148826599121	0.322929026
-2.2262814044952393	22.151819229125977	0.580995883
-17.00074577331543	-18.653343200683594	0.675870595
-14.769328117370605	17.65631675720215	0.495482413
0.738149881362915	19.848217010498047	0.456010451
-9.616593360900879	9.473695755004883	0.285671818
11.858254432678223	-22.9461669921875	-0.138046626
28.88603401184082	-12.594223976135254	0.29220333
10.662370681762695	-8.645828247070312	0.447484799
-15.812420845031738	11.472162246704102	0.700743858
15.043808937072754	-8.627840995788574	0.820211682
11.726985931396484	1.9901102781295776	0.61730837
-18.713781356811523	0.46237319707870483	-0.396017403
-14.321446418762207	34.365135192871094	0.807062678
-15.513731002807617	-16.749897003173828	0.608387741
31.12989044189453	-13.727527618408203	0.55689409
-17.988195419311523	9.137078285217285	0.440601136
-13.373624801635742	7.748310565948486	0.486491295
-9.814618110656738	-2.8711469173431396	0.344843372
31.28961181640625	-24.582176208496094	-0.145972003
28.016788482666016	-10.559399604797363	0.520498236
28.764183044433594	-7.930752277374268	0.481809949
-35.77483367919922	-26.75420379638672	-0.358474138
28.903154373168945	-11.219080924987793	0.467524996
-29.824983596801758	2.5829861164093018	0.752540183
-13.099133491516113	22.06167984008789	0.32956054
17.222322463989258	25.624576568603516	0.898040494
-11.714632987976074	2.831787109375	0.373112793
-20.969696044921875	4.607653617858887	0.314493163
-19.27851104736328	-3.2865030765533447	0.21843546
-17.561969757080078	-8.731705665588379	0.205033966
21.89809799194336	11.704696655273438	1.06371264
30.092382431030273	-13.622422218322754	0.220517331
-4.724539279937744	13.436500549316406	0.832186796
-5.231431007385254	5.924582004547119	0.391694935
-2.2019286155700684	19.459617614746094	0.498852318
-5.2037482261657715	11.159252166748047	0.662046851
21.857872009277344	-10.378795623779297	0.56578662
-15.174948692321777	-21.19801139831543	0.041882312
-13.635919570922852	1.4473059177398682	0.300018053
20.49744987487793	-18.80925178527832	0.03242136
-14.28506088256836	0.14532187581062317	0.448628036
-5.842258453369141	-19.86625099182129	0.381764778
26.277910232543945	-12.561861991882324	0.346378067
11.784528732299805	8.952545166015625	0.751371524
-11.70747184753418	-3.603518009185791	0.384007538
12.598556518554688	1.9935526847839355	0.507948845
-14.629927635192871	24.949073791503906	0.553308488
-17.442506790161133	10.21012020111084	0.474828786
16.037940979003906	-3.295729398727417	0.111344653
20.284849166870117	-1.2115424871444702	0.47655463
-4.047121047973633	10.682605743408203	0.671280596
17.33433723449707	5.969183921813965	0.978852133
9.372591018676758	-8.116521835327148	0.205085914
32.10329055786133	-13.498310089111328	0.237299664
27.892200469970703	-13.60355281829834	0.488280525
-16.326566696166992	-20.33505630493164	0.591922278
-3.623715400695801	2.970459222793579	0.872057577
-11.566805839538574	-2.722604751586914	0.414789322
6.363753795623779	9.793855667114258	0.533329072
-15.370574951171875	-15.244338989257812	0.591345957
-0.5356792211532593	15.263847351074219	0.907025394
-4.074309825897217	-5.50075626373291	0.889884084
-13.056804656982422	-13.929478645324707	0.811138107
-0.8661245703697205	-15.307841300964355	0.604360995
9.736226081848145	-29.290502548217773	-0.422758672
-15.480951309204102	2.7372684478759766	0.434379234
-10.064600944519043	2.943727493286133	0.186950684
34.513954162597656	-14.537775039672852	0.520968209
21.622068405151367	-12.343690872192383	0.435306083
5.2599382400512695	8.120392799377441	0.806968416
24.37505340576172	8.002775192260742	0.714066735
2.6095027923583984	12.000638008117676	0.751008231
9.137503623962402	10.294700622558594	1.075518022
-13.13487434387207	9.149765014648438	0.398426946
-25.233213424682617	-13.925036430358887	-0.197050328
3.2781291007995605	-25.697856903076172	0.478258432
-12.9415922164917	16.689373016357422	0.606752304
44.71143341064453	-0.6151525378227234	1.087799198
-20.196325302124023	4.000189304351807	0.264559198
-13.018735885620117	-0.96421879529953	0.412906285
0.17163380980491638	8.792017936706543	0.670210308
26.9213924407959	-8.77453899383545	0.284964579
14.792241096496582	-18.562721252441406	0.158715605
-7.117175102233887	-2.397752046585083	0.774226023
-17.070384979248047	-16.075654983520508	0.358090998
-16.025020599365234	-18.004812240600586	0.900654842
-11.988014221191406	-10.257015228271484	0.537458434
-9.283944129943848	11.447223663330078	0.553800802
-31.155860900878906	-5.244239330291748	0.003151217
6.324645519256592	-17.30919075012207	0.054573354
21.804094314575195	10.661104202270508	1.0851469
-0.24317039549350739	-9.812074661254883	0.662671226
0.558501660823822	18.42953872680664	0.495749819
-3.505770206451416	30.37008285522461	0.113965222
8.657965660095215	-16.078948974609375	0.705510425
-14.780980110168457	28.644285202026367	0.451576054
11.686067581176758	-1.826826810836792	0.371942648
15.712370872497559	-14.333094596862793	0.343918842
-15.004172325134277	8.231581687927246	0.382890302
-17.649391174316406	18.438926696777344	0.457717907
-4.493252754211426	32.625789642333984	0.411404022
-24.93277359008789	-2.547821044921875	0.18347765
15.15286922454834	10.708240509033203	0.904959004
4.945771217346191	32.317474365234375	0.505441493
-11.975738525390625	-15.800078392028809	0.459816343
-22.92980194091797	-7.006410598754883	0.704974313
35.7259407043457	19.082502365112305	0.112991982
-9.291009902954102	-13.28061294555664	0.295413121
-15.859283447265625	18.055522918701172	0.338398176
3.1522164344787598	24.611083984375	1.269396675
-8.274621963500977	23.92325782775879	0.258670696
-10.7622709274292	17.364439010620117	0.953064679
14.127908706665039	-7.724269390106201	0.857479333
-0.573922872543335	-50.62135696411133	0.306108387
35.23816680908203	-14.236226081848145	0.765753727
-11.665788650512695	-4.208939075469971	0.478429697
20.457157135009766	-6.791025161743164	0.266527308
-1.6606626510620117	11.86892032623291	0.963719028
-13.92467975616455	6.276924133300781	0.900355439
-0.49471375346183777	1.5385875701904297	0.686295905
46.69496536254883	2.162734270095825	0.700461884
-12.770527839660645	24.240262985229492	0.989384705
29.74472999572754	29.544384002685547	-0.102637759
28.22582244873047	-15.823629379272461	0.060262677
-8.744949340820312	0.8240712881088257	0.533901956
-24.35133171081543	11.837884902954102	0.56665245
20.4475040435791	27.847497940063477	0.991076918
-15.24970817565918	-20.507274627685547	0.444475248
24.383007049560547	8.067155838012695	0.698884772
-25.4755859375	6.065413475036621	0.986589165
-6.807849884033203	40.841068267822266	1.12840439
32.78983688354492	19.65669059753418	0.877177143
18.084630966186523	-39.08311462402344	0.601449011
-10.502299308776855	9.69384479522705	0.339101087
-17.484331130981445	6.664377212524414	0.29304063
-34.30181884765625	-25.44514274597168	0.330206721
-14.386610984802246	3.374511480331421	0.402571774
-29.545907974243164	-10.6416015625	-0.113560786
29.534263610839844	23.59478759765625	0.888706217
13.168025016784668	10.38103199005127	0.737607616
-3.377185583114624	7.6397271156311035	1.085202285
12.39403247833252	-9.801206588745117	0.540356696
-34.17008972167969	-26.458757400512695	0.398352339
-32.179229736328125	8.589144706726074	0.632396307
5.784942150115967	11.980976104736328	0.446595175
-10.826910018920898	4.008565902709961	0.711932874
-18.45305061340332	-18.43787956237793	0.212415249
-20.983156204223633	12.53207015991211	0.080238291
31.253068923950195	-24.545534133911133	-0.59571728
-13.605162620544434	-4.919529438018799	0.937064396
-33.74568557739258	-25.846481323242188	0.262442886
-15.919281005859375	5.113780975341797	0.322366111
-12.104606628417969	17.864408493041992	0.644554819
25.128673553466797	-13.167627334594727	0.467240686
16.608890533447266	-3.247938632965088	0.273114795
-4.326559543609619	9.142127990722656	0.869782045
0.8467963933944702	-28.317323684692383	0.253892903
-33.07320022583008	25.020626068115234	0.521959782
-20.326269149780273	7.734659671783447	-0.021974205
0.5900960564613342	5.154534339904785	1.098086786
6.464223861694336	24.31973648071289	1.281144634
-4.832546710968018	-10.435941696166992	0.991231448
0.06873773038387299	21.115873336791992	0.596168703
30.851030349731445	10.290411949157715	1.175095026
22.52750587463379	17.904699325561523	0.892253867
-11.6187162399292	10.828328132629395	0.449160103
-17.694849014282227	-3.309593915939331	0.41617302
-15.769611358642578	20.884729385375977	0.739426584
-22.610774993896484	-3.8121540546417236	0.321016411
22.841428756713867	28.0385799407959	0.859652692
-6.101753234863281	-12.287031173706055	0.859508933
-15.646902084350586	32.95140838623047	0.405958899
-10.389944076538086	-1.806793451309204	0.412151841
28.911828994750977	-9.178072929382324	0.282925369
11.358000755310059	27.117795944213867	0.891700871
-36.65488815307617	14.272214889526367	0.772237853
37.110877990722656	0.4596606194972992	0.946718137
21.565176010131836	4.6667985916137695	0.511723523
-33.34416580200195	-24.617965698242188	0.580698408
5.084475517272949	-1.0160249471664429	1.032628159
6.594494342803955	27.12751007080078	0.092528476
-8.059281349182129	0.2141488492488861	0.454932128
1.6068686246871948	8.316717147827148	0.375841741
23.92620277404785	0.7203482985496521	0.64023454
-17.944843292236328	-22.16864013671875	0.347246446
-9.356019020080566	-3.6616926193237305	0.589193084
2.2718145847320557	-12.469828605651855	0.620607118
-33.41818618774414	-26.68671417236328	0.423650849
-27.727632522583008	18.134767532348633	0.413856664
15.10974407196045	15.383505821228027	0.912480353
-9.192008972167969	1.7901334762573242	0.766331464
17.999235153198242	26.137968063354492	1.014338657
17.686527252197266	-23.521163940429688	0.019938805
29.651552200317383	23.666484832763672	0.45624527
-17.738412857055664	-39.13390350341797	0.464691955
9.241484642028809	10.181794166564941	0.917229452
-37.22616958618164	2.0901882648468018	0.705858585
-16.467681884765625	24.30655288696289	0.258928304
23.011878967285156	17.970632553100586	0.914927704
-3.8782012462615967	20.158639907836914	-0.168859434
-11.019763946533203	-32.30175018310547	0.152935287
7.6868743896484375	4.5128021240234375	0.72042909
-19.191255569458008	-10.35908317565918	0.127469415
-21.46687126159668	22.4940128326416	0.235764367
30.287349700927734	29.13619613647461	0.459989299
-14.369298934936523	34.43875503540039	0.642952801
-10.148033142089844	13.958502769470215	0.871773404
-11.862442970275879	7.103598594665527	0.843032931
-9.030621528625488	-9.116134643554688	-0.332499534
26.16362190246582	28.82947540283203	0.590298866
18.642803192138672	-9.224236488342285	0.260181316
-4.4112958908081055	32.67960739135742	0.545444034
-33.93931579589844	-24.83735466003418	0.458536679
30.54425621032715	-12.081933975219727	0.431088272
-5.561472415924072	16.567060470581055	0.691614925
-19.367876052856445	-10.197407722473145	0.396608506
-11.520549774169922	2.240914821624756	0.541598886
26.914506912231445	-13.924677848815918	0.114632974
-16.34433364868164	-0.016202686354517937	0.673346608
-24.589506149291992	14.600157737731934	0.959413791
24.77735710144043	-11.713418960571289	0.133390735
-9.207573890686035	5.630367279052734	0.443592195
-33.160545349121094	-25.564546585083008	0.573477636
-14.457751274108887	0.34964579343795776	0.512930138
-7.426766872406006	-5.967252254486084	0.678138038
-4.310182094573975	-0.29236313700675964	0.92577055
15.602167129516602	-17.931180953979492	-0.299271718
-2.1060664653778076	2.9003827571868896	0.358796756
12.934926986694336	12.340225219726562	0.712181108
16.985445022583008	24.705711364746094	1.076050638
-31.031503677368164	23.170013427734375	0.965194467
-32.2919807434082	-25.39275360107422	0.656053855
45.955413818359375	-2.755716323852539	0.132562462
11.199631690979004	-22.750484466552734	0.531930082
-7.112492561340332	2.4840540885925293	0.7789557
-32.59957504272461	-26.006505966186523	0.744907642
-0.8223853707313538	-0.1505209058523178	1.033537234
4.924944877624512	11.030067443847656	0.682133125
40.916622161865234	-14.569992065429688	0.259447583
-12.169122695922852	20.817502975463867	0.47139259
-13.348557472229004	-2.3271453380584717	0.325962974
19.527542114257812	12.14153003692627	0.47448611
-19.349231719970703	30.123207092285156	0.626005509
-5.10019063949585	26.05350685119629	0.039944216
-18.82598114013672	-2.2668581008911133	0.459501893
-32.70534896850586	-24.816747665405273	0.551247414
-2.8389859199523926	25.438573837280273	-0.071187061
-10.85713005065918	0.4546416699886322	0.155972244
17.62164306640625	-23.41222381591797	0.324572247
21.502065658569336	4.747437953948975	0.887798819
-32.701271057128906	-26.606586456298828	0.65786649
-10.972976684570312	-6.118875503540039	0.234646365
26.688995361328125	-20.026203155517578	0.408733238
16.981685638427734	-2.3597652912139893	0.35158164
6.122081279754639	0.985611617565155	0.755020852
-18.571565628051758	-9.802787780761719	0.551474688
-1.2966810464859009	-3.4475769996643066	0.251299474
20.101903915405273	-12.48246955871582	0.237791803
29.541595458984375	-14.764338493347168	0.398255108
-10.237950325012207	17.70717430114746	0.984562163
36.29125213623047	18.31564712524414	0.011116016
-5.948242664337158	-19.752946853637695	0.175682957
-11.748331069946289	27.81024932861328	0.075184758
-2.8921637535095215	5.278407096862793	0.671840936
-20.133773803710938	-11.944071769714355	0.37136941
34.24559020996094	19.165189743041992	-0.759640025
28.038007736206055	32.14229965209961	-0.036465115
-20.86469078063965	-3.3923656940460205	0.249079484
-2.3597402572631836	-16.434673309326172	1.266320276
24.918678283691406	11.281314849853516	0.789930814
20.21246337890625	-6.484309673309326	0.302220488
19.787879943847656	-18.06277847290039	0.023939396
-36.06150436401367	11.03809642791748	0.716071768
-12.37952995300293	-0.3296163082122803	0.531657889
34.2726936340332	11.58572006225586	1.062800568
-12.551179885864258	12.185181617736816	0.680383631
-20.433637619018555	21.522464752197266	0.530058873
-8.300118446350098	16.434343338012695	0.352685438
26.102115631103516	-2.3823671340942383	0.211416986
14.361555099487305	-11.424713134765625	0.426467357
-21.171672821044922	19.42975616455078	0.17296251
-18.539052963256836	-22.838903427124023	0.241875564
28.1092586517334	32.09775924682617	0.252322939
-17.991748809814453	2.2644195556640625	-0.00239072
19.417808532714844	23.133224487304688	0.537896449
8.863934516906738	3.5150766372680664	0.783095145
-6.183754920959473	13.736085891723633	0.459776529
-9.61741828918457	-1.9648377895355225	0.643345793
8.614937782287598	-11.371979713439941	0.308492203
-21.25673484802246	-19.08329963684082	0.679817779
-14.496821403503418	1.5840457677841187	0.610184751
1.7804079055786133	37.71605682373047	-0.338314455
-3.8811655044555664	2.0406715869903564	0.692150579
20.60068130493164	-14.036848068237305	0.077535121
7.1110663414001465	1.6994787454605103	1.015862265
2.146481513977051	12.05290699005127	0.764068384
-34.12376022338867	14.002702713012695	0.763113254
-20.298412322998047	7.722005844116211	0.416400638
9.681097030639648	-28.299657821655273	-0.700788842
2.6613776683807373	15.858884811401367	0.575016733
31.255184173583984	-2.3147668838500977	0.485443858
-16.483152389526367	0.2943342626094818	0.775222894
-5.756086826324463	-15.067819595336914	0.807303199
-20.813169479370117	0.7658581137657166	0.800492603
22.8122501373291	27.99980926513672	0.803095919
13.893267631530762	6.039119720458984	0.808619671
13.97464656829834	-19.27654266357422	0.029007008
11.075812339782715	-5.067258834838867	0.361535129
18.917882919311523	-24.049741744995117	0.916694482
11.690136909484863	-5.478069305419922	0.025319587
-10.984624862670898	-32.065608978271484	0.370301565
2.074618339538574	0.029742183163762093	0.945744323
-2.6515417098999023	-0.5460644364356995	1.075652115
-16.69646644592285	1.3627132177352905	0.700435038
19.54547882080078	-9.784111976623535	0.036825515
1.9294184446334839	-0.9870288372039795	1.012138228
22.923742294311523	-16.633380889892578	0.210266145
23.608766555786133	-28.438274383544922	-0.074690553
-9.992963790893555	0.7136140465736389	0.43092314
16.499370574951172	-26.23271942138672	0.281744268
-14.417669296264648	35.8151969909668	0.237602872
-13.758810043334961	-0.16906586289405823	0.463152291
1.5741724967956543	8.3176851272583	0.467180489
-19.49386215209961	-14.696680068969727	1.078441806
-17.605741500854492	26.602943420410156	-0.239426591
29.52852439880371	-25.434770584106445	-0.188139195
5.291071891784668	-3.973799228668213	0.995046182
24.403409957885742	-15.837442398071289	0.163655402
-0.10429522395133972	-9.992718696594238	0.616024335
32.46707534790039	-6.962205410003662	0.17501405
-18.11709976196289	-13.255924224853516	0.650862774
29.515750885009766	15.596050262451172	1.112098267
-23.86532974243164	1.2108021974563599	0.57865643
-34.39265441894531	-1.3979945182800293	0.927167038
5.271390438079834	6.13211727142334	0.980337078
21.816970825195312	-13.527684211730957	0.164409339
10.527697563171387	22.76170539855957	0.99893955
-6.817996978759766	-30.16747283935547	-0.123184325
-29.015308380126953	12.564677238464355	1.133282947
-21.0460262298584	-6.204643249511719	0.374887669
12.893248558044434	12.1610107421875	0.753856776
-7.813748359680176	1.3089189529418945	0.590194043
10.628656387329102	22.655569076538086	0.919061306
5.6968302726745605	-29.881813049316406	-0.52664431
18.02419662475586	0.2347036749124527	0.838735871
29.286039352416992	-9.74647045135498	0.438473843
-25.661487579345703	-0.32635506987571716	0.559855833
15.973017692565918	-5.860013008117676	0.318936202
-15.175440788269043	-18.70067024230957	0.456782388
34.55047607421875	-8.70977783203125	0.566867181
22.037593841552734	-11.717711448669434	0.072693391
9.04333782196045	-2.9703640937805176	0.319850704
13.638350486755371	-17.186616897583008	0.691695142
-7.669119358062744	-24.030637741088867	0.947930563
12.505593299865723	17.14986801147461	0.664566562
-15.00267505645752	-3.7738523483276367	0.499694901
-0.08156193047761917	-1.0002869367599487	1.189792406
-4.213599681854248	33.70500183105469	0.320094699
27.213197708129883	32.34996795654297	0.325249722
-15.82791805267334	11.664795875549316	0.849983936
1.2081067562103271	-20.11064338684082	0.201566722
-23.38656234741211	20.741573333740234	0.177250272
-3.041067361831665	10.467782020568848	1.009719522
10.448031425476074	11.97492790222168	0.467643616
25.49098777770996	-17.210399627685547	-0.078810238
-17.00682830810547	25.410831451416016	0.58822124
-1.260321021080017	24.339139938354492	-0.053940018
-21.29568099975586	4.7596635818481445	0.032623081
17.355388641357422	-5.778836250305176	0.880466983
-2.317965030670166	5.207935333251953	1.062425698
19.868093490600586	-17.25779151916504	0.643457672
6.435694694519043	-17.27692222595215	0.427994136
0.5410640239715576	13.271714210510254	0.435239176
20.597986221313477	27.752506256103516	0.917468075
-12.402013778686523	21.997568130493164	0.772626127
20.480688095092773	-33.214298248291016	0.076725428
1.2714899778366089	-11.749669075012207	0.796196667
-9.648656845092773	-0.4581504464149475	0.542457529
-15.063511848449707	-0.24379050731658936	0.390482172
31.48379898071289	-13.694040298461914	0.214183061
12.422345161437988	-12.575571060180664	-0.005847634
-5.214986801147461	6.20085334777832	0.569885707
-1.1529074907302856	-50.995201110839844	-0.551180509
-16.24019432067871	21.20512580871582	0.511547545
7.5087127685546875	24.215614318847656	0.865877592
40.893611907958984	-14.83150577545166	0.326799872
29.92369270324707	31.384002685546875	-0.659138518
35.146148681640625	-4.915928840637207	-0.196062836
-18.226696014404297	-6.374711513519287	0.472858721
-2.7847208976745605	7.948312282562256	0.686467437
26.230005264282227	9.467363357543945	0.651176557
-38.74565887451172	10.460289001464844	0.882011515
-17.744216918945312	9.841076850891113	0.562299865
-2.018284797668457	0.750115692615509	0.997918343
-7.026853561401367	-33.09440612792969	-0.765709162
-9.634428024291992	6.867254257202148	0.436468003
20.416561126708984	-1.3360347747802734	0.152710977
-37.26283264160156	2.1976466178894043	0.990371613
-3.653939723968506	22.472564697265625	0.436863716
23.339298248291016	-11.889988899230957	0.328315866
-15.69794750213623	-19.95639419555664	0.788034366
-28.67918586730957	-10.908227920532227	0.295343763
5.642545700073242	-29.89889907836914	0.250318855
26.242361068725586	9.314509391784668	0.479493146
-1.0160036087036133	-15.12301254272461	0.889994393
9.036683082580566	-12.411121368408203	0.674876987
-14.746253967285156	-10.083544731140137	0.724175183
24.036710739135742	17.688671112060547	0.649996981
19.6435604095459	-19.90879249572754	-0.303460727
-4.731498718261719	-0.6198294162750244	0.67482753
14.817785263061523	-9.525543212890625	0.54517993
-17.282651901245117	-12.527329444885254	0.31585513
-5.8724684715271	8.820646286010742	0.187887482
11.683682441711426	-1.764998435974121	1.166294432
47.20719909667969	2.299372911453247	0.327621205
17.594764709472656	21.962778091430664	0.905755903
21.33759307861328	10.642220497131348	0.812319215
-34.68918228149414	-1.3573216199874878	0.874867773
-0.3093211054801941	-7.734130859375	1.015108182
7.927737236022949	13.420978546142578	0.956220149
38.65763473510742	-6.559985160827637	0.921572357
26.286401748657227	0.4309127926826477	0.82928695
-5.341127395629883	2.1727051734924316	0.835408831
-12.013287544250488	33.79090881347656	1.212181063
15.535222053527832	-20.179431915283203	-0.018459067
21.929893493652344	-16.890892028808594	-0.080560408
32.96651077270508	-17.355159759521484	-0.528510647
-3.1528706550598145	28.575159072875977	-0.779007086
-20.228281021118164	34.452396392822266	0.640739157
31.923099517822266	-6.573037624359131	0.251757905
46.234100341796875	-2.851177930831909	0.082479105
-37.57631301879883	3.810926914215088	0.846357956
30.01612091064453	-17.39314079284668	0.10993639
-23.95275115966797	3.8558387756347656	0.486900628
-2.5979089736938477	-2.5236666202545166	1.035916108
-23.753320693969727	4.610990047454834	-0.053284957
-27.862882614135742	2.871358871459961	0.61949057
8.57522201538086	-11.349437713623047	1.121898935
27.932170867919922	19.875591278076172	0.830682905
-0.0379602275788784	-50.20660400390625	-0.247566959
46.29549789428711	2.2513203620910645	0.137555371
17.51249885559082	-2.0980379581451416	0.2822081
-19.725818634033203	10.064105033874512	0.301174386
-7.190412521362305	4.526308536529541	0.651883396
0.09322331100702286	-21.75121307373047	0.550321209
-12.098173141479492	-7.648454666137695	-0.023536821
-28.27703857421875	-23.31065559387207	0.048530253
13.10293960571289	10.902414321899414	0.913210881
-27.23418617248535	17.834510803222656	0.248426595
30.616567611694336	3.274141788482666	0.418430798
1.2246559858322144	6.259056568145752	0.917858474
-37.532405853271484	3.614932060241699	0.979899728
26.616596221923828	-10.525531768798828	0.345341065
25.361217498779297	12.846088409423828	1.043022166
-14.401013374328613	15.596709251403809	0.343448471
15.207709312438965	-1.6097267866134644	0.468829405
-27.62217903137207	8.121773719787598	0.722678779
-25.310348510742188	29.642749786376953	1.011203487
-21.425525665283203	-5.341705799102783	0.042398983
-19.138431549072266	26.02566146850586	0.680937914
0.29668596386909485	-7.885737419128418	0.99481811
3.2684874534606934	13.517834663391113	0.297840914
20.414064407348633	10.930602073669434	0.811550457
-9.658873558044434	-18.771146774291992	0.007640464
8.534194946289062	-2.773038387298584	0.676407808
17.737424850463867	-14.511550903320312	0.04447302
-12.461811065673828	-20.4429931640625	0.955080781
10.866450309753418	35.105064392089844	0.814080265
-17.741146087646484	-39.13136291503906	0.442228597
2.28849458694458	11.41378116607666	0.759659859
-10.765209197998047	-17.694978713989258	0.618208501
34.12037658691406	-9.47531795501709	0.239575571
10.020956039428711	10.791869163513184	1.091455713
29.47501564025879	-7.38007116317749	0.064487992
27.927597045898438	34.771236419677734	-0.332252305
29.69738006591797	15.447159767150879	0.918863749
-6.925510883331299	10.207611083984375	0.790981853
-34.08696365356445	13.4682035446167	1.150421526
3.121526002883911	-25.680152893066406	0.408151957
-14.129858016967773	26.08790397644043	0.896443724
11.293990135192871	-33.14249038696289	-0.36264012
2.920200824737549	3.728524684906006	0.850287801
-18.007692337036133	1.5513784885406494	0.179724819
-5.899928092956543	-0.776597261428833	0.55191531
-14.13581371307373	14.45026683807373	0.464626109
-11.824363708496094	6.677767276763916	0.939795951
38.09395980834961	0.04774150997400284	0.865840594
-18.41770362854004	6.746018886566162	-0.046817087
10.935526847839355	-35.10258865356445	0.3403471
-1.5875909328460693	18.700468063354492	0.72945036
21.576091766357422	-3.960440158843994	0.948807931
28.077943801879883	-14.261198997497559	-0.048816594
-25.78388214111328	1.8918110132217407	0.868575168
-5.6041646003723145	1.0747747421264648	0.839308094
-18.38117790222168	13.741373062133789	0.573494034
-24.6269588470459	14.618010520935059	0.844705167
-7.246422290802002	-3.811497688293457	0.961795188
-30.47240447998047	3.510617971420288	0.964665692
-6.355957984924316	20.623939514160156	0.306940698
25.902873992919922	30.836624145507812	0.693585213
12.849488258361816	9.463258743286133	0.852651358
-21.650630950927734	-3.978276491165161	0.157250911
-3.79164981842041	12.667190551757812	0.109840007
-5.231113433837891	25.30775260925293	0.191705023
34.301334381103516	11.58923625946045	1.163207199
-32.612667083740234	25.524335861206055	0.950134944
0.4164366126060486	3.0351104736328125	1.101942344
-14.36489486694336	9.511139869689941	0.392294078
30.594724655151367	-8.995345115661621	0.312929771
29.522459030151367	-25.386491775512695	-0.592595612
18.327638626098633	8.357817649841309	0.937646701
1.434622049331665	1.289544701576233	0.774861964
31.60240936279297	-11.661808013916016	0.481149443
-9.451428413391113	-13.13315200805664	0.421099747
-15.300968170166016	12.761361122131348	0.378615484
12.394075393676758	-6.010884761810303	0.011713519
-2.2561490535736084	-13.460382461547852	0.831901747
29.281330108642578	26.796878814697266	-0.046291534
23.76595115661621	-23.438114166259766	0.181966808
15.56489086151123	-20.169677734375	-0.170263618
-20.25343132019043	-8.776717185974121	0.221942469
1.6584712266921997	-9.027461051940918	0.993794377
-26.932594299316406	-6.220757484436035	0.845138565
8.930008888244629	0.21536388993263245	0.643212378
-13.559990882873535	11.620038032531738	0.626159141
-21.953487396240234	-1.6280205249786377	0.248071366
-20.241498947143555	34.486412048339844	0.024881639
2.7490314096212387e-06	-3.4482948780059814	0.769712307
27.675281524658203	-12.60173511505127	0.490285373
-27.578733444213867	-24.091938018798828	-0.058469318
-0.024355310946702957	5.23164176940918	0.705947079
-12.890213012695312	1.0849047899246216	0.23962843
-4.127161026000977	-5.294993877410889	0.504927362
-3.210752248764038	-0.06823847442865372	0.961830448
6.23831033706665	4.0646867752075195	0.543700541
-22.529184341430664	9.845318794250488	0.69964054
-27.5406551361084	-23.5054988861084	0.048666577
30.984365463256836	-3.2450873851776123	0.467957608
18.13288688659668	-12.209994316101074	-0.00195261
20.042266845703125	-10.086424827575684	0.486970621
29.459381103515625	26.607303619384766	0.652245208
6.571945667266846	10.991291046142578	0.403686565
4.121285915374756	9.666842460632324	0.807560587
-7.133694171905518	-6.3417768478393555	0.63288576
-8.706793785095215	29.70689582824707	0.320801749
-4.51098108291626	14.14810848236084	0.583401189
-14.83362102508545	-7.152792930603027	-0.482393012
-16.75459098815918	19.6990909576416	0.578180125
1.1342068910598755	-20.21497917175293	0.447132927
-1.4887568950653076	-3.0419762134552	0.659798448
-3.4490303993225098	-10.756031036376953	0.877482303
23.355632781982422	2.592759609222412	0.400344237
-14.658958435058594	28.784914016723633	0.586805158
-13.791773796081543	18.033084869384766	0.939150366
-18.17258644104004	16.02937889099121	0.924537106
-3.2929933071136475	15.69967269897461	1.077427965
0.22200016677379608	-5.83290433883667	1.149323756
40.8494987487793	-15.677607536315918	0.225238642
-14.825291633605957	-7.203615665435791	0.005294002
8.469046592712402	-16.059602737426758	0.515312715
-7.663084983825684	-24.032665252685547	0.930534358
-28.0266170501709	-3.40958309173584	0.172962709
-5.164962291717529	4.845614910125732	0.612730712
30.155851364135742	-18.111793518066406	0.144460194
-17.911609649658203	14.298643112182617	0.423101942
37.401939392089844	-11.032154083251953	0.090376104
22.529651641845703	3.5050525665283203	0.261170318
-4.290879726409912	-12.169538497924805	1.170307566
-17.417587280273438	-4.229897975921631	0.271173134
-5.295915603637695	-14.875545501708984	0.974868456
2.4893054962158203	-12.661094665527344	0.682438845
-14.3622465133667	-1.8582972288131714	0.287827199
16.58501434326172	-27.35361671447754	0.649937411
-33.45939254760742	-9.045544624328613	0.716368912
15.78955364227295	-27.397920608520508	0.536049363
-16.378183364868164	14.802359580993652	0.717591394
-7.616109848022461	18.636037826538086	0.426919588
10.34601879119873	-33.71358871459961	0.093586216
-4.443190097808838	-1.8079028129577637	0.428650286
4.138845920562744	1.1285151243209839	1.243320826
-12.973936080932617	12.10654354095459	0.462701428
12.57251262664795	17.16073989868164	0.866609359
2.4864633083343506	18.591306686401367	0.04392212
-19.177587509155273	-31.927806854248047	0.263043268
-21.440473556518555	13.60456657409668	0.749278471
-8.436319351196289	15.767417907714844	0.698108736
-14.81322193145752	23.343740463256836	0.606137142
17.74896812438965	-12.182435035705566	0.403854774
23.9896183013916	-9.289009094238281	-0.017173222
-8.45854377746582	11.94324779510498	0.488114917
16.67293930053711	-8.532524108886719	0.841722431
34.08941650390625	-17.525108337402344	0.648331779
-3.288810968399048	-6.3443803787231445	0.325982732
-21.89832878112793	16.728981018066406	0.294042742
-14.948856353759766	23.272293090820312	-0.035479281
-16.771705627441406	27.548898696899414	0.129237224
25.1335506439209	-1.1361240148544312	0.571279848
-36.754112243652344	14.404906272888184	0.876377257
17.266111373901367	6.31179141998291	1.043115759
3.7232208251953125	-5.617916107177734	1.011945797
-18.264793395996094	-18.329605102539062	0.238507794
8.147432327270508	1.876441478729248	0.065639591
7.05446720123291	2.8462436199188232	0.501945042
6.9585280418396	-21.73457908630371	0.843501429
22.516286849975586	27.107696533203125	0.966484717
-15.686820030212402	-2.511324644088745	0.461089315
14.854052543640137	15.346037864685059	1.081949824
1.9141496419906616	20.797380447387695	1.174011781
-25.610448837280273	-6.1314215660095215	0.113446286
-37.99652099609375	-26.946874618530273	-0.09503722
17.985340118408203	0.39822521805763245	0.812305682
4.812711715698242	-17.53756332397461	0.702350299
-11.530027389526367	15.660892486572266	1.012755504
-25.854402542114258	-6.099544525146484	0.29867251
-35.975074768066406	8.612890243530273	0.875990924
11.405390739440918	4.7345380783081055	0.53948542
4.060903549194336	2.858719825744629	1.075551225
-8.076467514038086	13.462889671325684	0.428832059
-38.38910675048828	9.475988388061523	0.996118076
3.8085460662841797	24.633066177368164	1.054236512
29.746875762939453	9.99272346496582	0.899860999
22.46328353881836	-8.313762664794922	-0.190550189
-12.859502792358398	-17.13422393798828	0.885874258
1.51956045627594	-5.099058628082275	0.881085582
20.08654022216797	12.419548988342285	1.047051966
32.47016143798828	-12.9012451171875	0.44338193
-1.6615269184112549	12.14286994934082	1.051158097
33.146488189697266	19.56127166748047	-0.243358781
10.826582908630371	-33.379119873046875	-0.10616394
5.346620082855225	2.4199154376983643	1.046290377
8.637409210205078	8.308935165405273	0.871717574
26.547311782836914	-0.09013454616069794	0.484824837
26.189796447753906	27.656774520874023	0.34019773
2.7958197593688965	2.0834195613861084	1.026769318
1.2641398906707764	29.284530639648438	1.241080291
-5.675372123718262	-2.8743486404418945	0.87846538
-19.63964080810547	-3.7592475414276123	0.309543522
-28.856088638305664	-23.099842071533203	0.097496415
15.571059226989746	-3.464881658554077	0.055835714
-23.896181106567383	22.679018020629883	0.080237245
-25.824695587158203	-34.0742073059082	0.528438651
4.186151504516602	-17.377634048461914	0.638152314
-32.19020080566406	8.60001277923584	0.663965444
37.186378479003906	0.2267088145017624	0.769254704
-25.82634735107422	-34.07548904418945	0.363952057
7.243640422821045	-0.18435779213905334	0.611154205
5.247640132904053	-9.891448020935059	0.844424476
-15.785802841186523	9.7252197265625	0.486062118
-16.693103790283203	8.018766403198242	0.338187176
11.823769569396973	-33.593353271484375	-0.162311549
21.727296829223633	7.942534446716309	1.009526704
-24.66830825805664	1.4242970943450928	1.072627714
-9.144758224487305	-8.286370277404785	0.298127514
6.096526622772217	-5.398251533508301	0.849794896
30.596637725830078	3.257143259048462	0.165026243
-15.89660358428955	16.298662185668945	0.720606373
-35.151885986328125	-9.121015548706055	0.598195357
5.306455612182617	14.322280883789062	0.040126744
31.20420265197754	-2.249988555908203	0.488191238
-23.866065979003906	-9.181160926818848	0.476806746
-12.555570602416992	14.056283950805664	0.430754513
6.842409133911133	-5.083963871002197	0.047135915
40.59830856323242	-16.325319290161133	0.046908185
-8.520045280456543	24.539836883544922	0.406009798
-4.979846954345703	2.5269775390625	0.46664348
-7.575810432434082	7.7217936515808105	0.821393054
27.234378814697266	32.5068244934082	-0.125453943
28.055646896362305	34.889892578125	-0.824760687
-8.23733139038086	10.377815246582031	0.449738006
-4.928915023803711	18.467315673828125	0.51198284
6.9522576332092285	-21.73830795288086	0.799599587
-30.350452423095703	1.4097944498062134	0.807797674
32.72831344604492	6.253884792327881	0.927411459
4.8911285400390625	-6.604873180389404	0.585075992
-15.408279418945312	6.713825702667236	0.770129417
1.4893357753753662	37.321449279785156	-0.043238357
-19.419889450073242	-14.661620140075684	0.781731488
17.53706169128418	2.027174949645996	1.018176462
-19.83589744567871	-30.411972045898438	0.340022152
36.18020248413086	19.688579559326172	0.797644746
1.5734670162200928	-7.374510765075684	0.897077548
-3.014913558959961	26.300588607788086	0.328227058
9.858430862426758	9.920995712280273	1.059365149
21.25442123413086	18.089693069458008	0.746480142
1.9421011209487915	37.93817138671875	-0.420028721
10.10317325592041	13.78963851928711	0.780639709
37.38893127441406	1.184727430343628	1.003617405
15.215514183044434	-26.23381996154785	-0.186384189
5.066866874694824	-17.613182067871094	0.195226105
6.619131565093994	27.35943603515625	0.151521196
48.265960693359375	3.4333901405334473	0.206625365
-9.066862106323242	-0.7695992588996887	0.633523532
-33.42919921875	24.81045913696289	0.135581105
-7.570213794708252	7.740303993225098	0.752232563
4.298202991485596	-25.71770477294922	0.379159253
13.930981636047363	8.465909957885742	0.625397773
22.86861228942871	10.289895057678223	0.271765209
12.89572811126709	-33.39352798461914	-0.147144557
31.711894989013672	-16.00667953491211	0.13995797
5.096175670623779	17.302202224731445	0.666199389
-22.58113670349121	0.5263311862945557	0.749305623
-1.8997673988342285	23.460607528686523	-0.07290225
5.140983581542969	17.203580856323242	0.761143286
3.471616744995117	-0.3786575496196747	1.084751556
-38.183349609375	-27.560562133789062	-0.336688434
26.971967697143555	-20.620586395263672	0.802218591
-18.195642471313477	12.661734580993652	0.860521564
40.81569290161133	-15.671533584594727	0.39268513
-17.386154174804688	3.1698644161224365	0.090972946
29.918350219726562	-15.649579048156738	0.221778
31.871051788330078	-10.29743480682373	0.0607788
38.213722229003906	0.12267546355724335	0.897729687
27.217802047729492	-16.991451263427734	-0.016154255
16.210079193115234	27.448848724365234	-0.723589623
-3.483804225921631	17.55147933959961	0.521137663
-12.312400817871094	27.42844581604004	0.649821603
12.569740295410156	6.134588718414307	0.949289007
-15.460663795471191	-13.1993989944458	0.123905488
-3.1439437866210938	-14.39600944519043	0.776385432
-22.689794540405273	9.142403602600098	0.930455695
-0.6941395401954651	11.108559608459473	0.978991703
32.71209716796875	-14.501882553100586	0.525493
-34.065162658691406	-1.5280482769012451	0.561863486
-9.692123413085938	-12.962708473205566	0.372466222
-28.095678329467773	19.163576126098633	0.305406639
-31.120790481567383	-5.230656147003174	0.046312903
-5.358368873596191	-8.490096092224121	0.753334824
29.516172409057617	20.72236442565918	0.910580334
11.364195823669434	27.115026473999023	0.673962519
-28.73565101623535	-24.021989822387695	-0.195677143
7.633641719818115	-5.859575271606445	0.570697928
28.090349197387695	19.91615867614746	0.074626231
-1.7680913209915161	14.695853233337402	0.59525037
2.8648767471313477	5.095523357391357	0.206529931
-0.5063159465789795	-10.884477615356445	1.080107214
-16.11092758178711	27.69904899597168	0.771624235
5.071382522583008	4.016902923583984	1.105402771
-8.324294090270996	3.8259689807891846	0.508291265
-8.699641227722168	29.732341766357422	1.024313804
-19.348230361938477	30.09287452697754	0.755402562
-6.17798376083374	13.781222343444824	0.843007116
5.0984721183776855	5.650221347808838	1.287068599
-29.28814125061035	-23.48021697998047	-0.02891378
-23.507478713989258	20.716291427612305	0.179325444
31.02643394470215	25.83454704284668	0.557547991
5.411496639251709	32.609127044677734	0.089314917
-7.465152263641357	-31.91896629333496	-0.831623069
37.729732513427734	9.30431842803955	0.840288901
-29.080570220947266	-23.965618133544922	-0.076648919
4.245608806610107	3.287583589553833	1.212241073
-2.59077787399292	-15.047475814819336	1.007061038
10.899555206298828	35.108943939208984	0.729431818
-3.547553539276123	30.54149627685547	0.073135709
-11.439002990722656	-33.19058609008789	0.070041755
22.34327507019043	18.49754524230957	0.804770792
2.4971675872802734	-2.776583671569824	1.347341658
25.262514114379883	-7.434406280517578	0.700705987
27.16995620727539	-7.909051418304443	0.03536742
5.232041835784912	-9.889636039733887	0.961357787
21.837392807006836	12.598261833190918	1.177219779
-21.060945510864258	16.72701644897461	0.404370486
9.151703834533691	-19.25627326965332	0.571235029
9.627713203430176	-16.102447509765625	0.290875438
-20.960514068603516	7.2874016761779785	-0.008433897
-0.1426946371793747	16.15391731262207	0.518220721
-21.941879272460938	-17.95656967163086	0.730929901
-18.84510040283203	-8.937511444091797	0.556230464
-25.302221298217773	29.505537033081055	0.775668885
5.364884376525879	-1.8527368307113647	0.471725884
-29.56211280822754	17.493009567260742	0.528485208
21.874622344970703	26.30910301208496	1.038157297
-34.635894775390625	-9.10272216796875	0.644508368
27.91872215270996	4.678905963897705	0.428231822
43.87522888183594	-0.7401266098022461	0.702723902
6.027516841888428	24.239063262939453	0.896922948
38.63144302368164	-6.595873832702637	0.233937256
17.725982666015625	-17.516094207763672	-0.060467894
23.214088439941406	0.17188845574855804	0.705756521
-19.367170333862305	-1.3811824321746826	0.461364056
20.48145294189453	-33.21481704711914	0.098234552
-12.655435562133789	19.85486602783203	0.402630652
6.088254928588867	16.9162654876709	0.590167766
30.67157554626465	-3.346968412399292	0.14623421
9.261390686035156	7.123424053192139	0.960259973
7.72542142868042	13.87215518951416	0.524337605
16.113765716552734	27.555152893066406	-0.705402337
10.150131225585938	1.954463243484497	1.285239507
31.373477935791016	-12.383216857910156	0.232750649
23.685565948486328	-14.708797454833984	0.115768821
-23.802757263183594	8.37523365020752	1.117972858
-18.08162498474121	-7.051323890686035	0.503322408
-10.793131828308105	14.119129180908203	0.391562046
7.618666172027588	20.133501052856445	1.18866183
-29.9881534576416	2.834200859069824	0.570033572
15.449284553527832	-14.397222518920898	0.316830419
18.753225326538086	23.04279899597168	0.910776121
-21.250391006469727	1.3286879062652588	0.752464333
46.43730163574219	1.2339227199554443	0.544910373
2.472187042236328	-2.623680591583252	1.156406651
9.637577056884766	15.882294654846191	0.66602861
25.56804656982422	12.454258918762207	0.896269517
18.00920867919922	22.553178787231445	0.904548516
13.783699989318848	2.759136199951172	0.640026744
-6.769927501678467	11.856934547424316	0.44244886
29.76924705505371	-9.615144729614258	0.672600781
-27.61866569519043	8.013581275939941	0.17412593
-0.7359449863433838	9.69467544555664	0.935937952
-23.464641571044922	22.764755249023438	-0.086024446
24.227510452270508	-5.222151279449463	0.528873499
1.9729349613189697	11.540570259094238	0.794050577
28.786577224731445	16.224733352661133	0.846959282
-36.36134719848633	9.850168228149414	0.874726744
-17.141389846801758	21.774070739746094	0.534268934
-39.075008392333984	-27.293045043945312	-0.199149022
23.98575210571289	1.0589163303375244	0.899666999
-20.240337371826172	-30.246126174926758	0.283059206
49.3551139831543	-1.7427054643630981	-0.264966824
15.820856094360352	-5.789632320404053	0.345346354
8.900601387023926	-27.623165130615234	0.213015572
-12.59422779083252	10.557360649108887	0.494094983
-1.3772950172424316	21.512374877929688	0.806505411
19.677600860595703	-23.79546356201172	-0.010096661
-25.28514289855957	5.085222244262695	1.014535216
18.321945190429688	12.588369369506836	0.773066801
4.700049877166748	20.897539138793945	1.04847072
-19.781360626220703	3.0697429180145264	0.706482992
-29.16969871520996	-1.161387324333191	0.808966798
-29.734399795532227	17.458080291748047	0.592367043
23.63504409790039	-28.3958740234375	-1.012713709
-4.3059821128845215	-3.1751623153686523	1.129001186
32.11636734008789	26.8503360748291	-0.226884374
-7.626503944396973	-5.893287658691406	0.402620977
11.028074264526367	-34.84754180908203	0.078400486
28.399211883544922	-12.407461166381836	0.414841094
17.998498916625977	5.287298202514648	0.787059991
-11.551907539367676	23.363523483276367	0.979085317
1.2391544580459595	29.26926612854004	1.104602435
9.758280754089355	-29.516845703125	-0.719308052
-24.407960891723633	11.850790977478027	0.812783715
-12.826269149780273	9.505744934082031	0.413861648
-2.376063346862793	-15.123841285705566	0.78515051
31.036760330200195	10.340092658996582	1.105713117
-21.275867462158203	-9.723091125488281	0.146764677
-4.266469955444336	-12.972620010375977	1.098512318
-21.835575103759766	-1.6336678266525269	0.729308746
-15.590950965881348	-10.032662391662598	0.158240329
-31.11768341064453	6.9725341796875	0.752581058
-1.8447318077087402	23.647655487060547	0.463607268
-6.325410842895508	0.760242223739624	0.655174865
-35.50510787963867	11.605668067932129	1.004918086
-21.163759231567383	19.444181442260742	0.17895673
-12.761482238769531	4.01542329788208	0.89742392
-15.885738372802734	-5.319250106811523	0.747314865
9.109212875366211	18.942045211791992	1.026852994
14.928438186645508	-26.18903350830078	0.480263959
-19.35213851928711	-5.852374076843262	0.281796465
-38.716636657714844	-27.864225387573242	-0.25345645
-11.466998100280762	33.448158264160156	0.565564303
-5.289778709411621	-20.453805923461914	-0.088142509
-39.19930648803711	-28.350847244262695	-0.898643382
24.040782928466797	-13.202162742614746	0.447674007
8.302980422973633	19.56821060180664	1.27306171
19.796688079833984	-18.61286735534668	-0.185687583
-1.528122901916504	-52.08020782470703	0.745435706
36.950069427490234	2.6653037071228027	0.181235587
-6.338820457458496	3.7149648666381836	0.888805594
-17.735387802124023	-11.75915241241455	0.330374775
14.89206600189209	-9.296347618103027	0.260786113
-24.520668029785156	8.468589782714844	1.119048738
15.459489822387695	-11.693000793457031	0.184307521
-25.496578216552734	30.05797004699707	0.740893156
-24.847736358642578	-3.057699203491211	0.20892285
8.687183380126953	-33.683441162109375	0.472250535
30.50408172607422	31.35315704345703	0.22808851
36.25400161743164	18.37272834777832	0.373455268
-4.788565635681152	22.43915557861328	0.676479588
-7.471465110778809	22.643083572387695	0.372179747
-17.916475296020508	4.727166652679443	0.312400242
51.0438346862793	-2.084489345550537	0.90668951
-38.35943603515625	-28.639022827148438	-0.143483674
-1.534812569618225	-51.437686920166016	0.454777896
-9.466290473937988	20.110416412353516	0.249611378
-18.16950035095215	-22.339662551879883	0.600624372
0.31333640217781067	-21.420169830322266	0.241960849
-37.60928726196289	-27.892074584960938	-0.372923704
-0.61126309633255	-1.0254442691802979	0.920652633
14.795063972473145	3.601926326751709	0.786142407
37.71297073364258	9.293340682983398	0.576142375
23.760929107666016	-23.433876037597656	-0.072681063
-7.791601181030273	5.490744590759277	0.961391421
21.76297378540039	7.9209303855896	1.05532866
26.087017059326172	-3.274505376815796	0.279414274
16.37114906311035	7.348857879638672	1.0283443
-19.34255027770996	19.26226234436035	-0.117800406
31.451250076293945	26.18307876586914	0.942915822
0.8870809078216553	-28.330522537231445	-0.372464529
36.543209075927734	-1.0470669269561768	0.088873075
14.754205703735352	-18.848356246948242	0.183057492
48.908363342285156	-1.4577571153640747	-0.172187196
-13.800156593322754	5.658380031585693	1.010821475
-6.791718006134033	40.858253479003906	0.716569747
-22.37273597717285	-17.549720764160156	0.705379348
9.228994369506836	6.714148044586182	0.787995045
-1.080769658088684	7.2192912101745605	1.241105249
25.156940460205078	-19.117107391357422	0.020340809
21.628339767456055	-4.007572174072266	0.760765539
7.532975196838379	12.342269897460938	0.502904594
-15.974345207214355	32.849918365478516	0.366731577
18.085464477539062	-39.086971282958984	0.740706342
26.048229217529297	-15.024764060974121	0.621547219
0.2643393874168396	3.0482795238494873	1.181757392
33.07215118408203	-12.39336109161377	0.455398558
-16.201791763305664	-2.841275691986084	0.191146417
12.564751625061035	6.035562992095947	1.132020927
-20.504302978515625	-10.209257125854492	0.485014751
-37.88789749145508	-28.39835548400879	-0.189035491
-29.01170539855957	12.568981170654297	0.908914197