x	y	cluster	word
6.160277843475342	22.59463119506836	6	her
5.669690132141113	23.257322311401367	6	she
2.587156295776367	28.367008209228516	0	girl
9.070296287536621	21.00689125061035	0	woman
4.838667392730713	23.53516960144043	5	sister
13.288907051086426	19.586580276489258	2	french
2.6017541885375977	24.60882568359375	6	hers
14.142644882202148	9.528300285339355	6	korean
-25.157058715820312	5.589200019836426	5	She
13.258520126342773	12.727819442749023	6	women
12.269301414489746	26.591609954833984	7	beautiful
7.361106872558594	13.427848815917969	6	class
6.620993137359619	-18.503267288208008	4	Health
1.6811470985412598	30.183778762817383	0	hot
2.2744059562683105	24.467557907104492	6	couple
6.401371955871582	17.097579956054688	6	date
8.893386840820312	17.561046600341797	6	photos
13.263684272766113	12.349912643432617	6	model
5.962864398956299	25.542177200317383	6	pictures
15.10310173034668	9.640405654907227	2	hair
0.7003730535507202	29.167070388793945	0	girls
1.313574194908142	-15.316967010498047	10	Women
23.357160568237305	-2.4426136016845703	6	skin
1.2149616479873657	22.974079132080078	7	wonderful
-23.358428955078125	3.9554028511047363	6	info
5.587418556213379	22.200586318969727	6	mother
28.025793075561523	2.046172857284546	2	wedding
7.890406608581543	19.54302406311035	6	stories
9.007528305053711	12.196858406066895	6	relationship
-3.2536160945892334	-19.83521270751953	4	Food
-16.885683059692383	-4.20379114151001	3	Her
-14.554360389709473	-0.8329538702964783	8	Hot
27.13496208190918	6.29293966293335	7	rooms
19.846038818359375	-4.945089817047119	6	cell
22.499244689941406	13.380200386047363	7	shopping
-34.64377212524414	-5.530184745788574	5	Mary
19.159025192260742	-4.955592632293701	6	cancer
6.171143054962158	12.642317771911621	6	updated
20.236677169799805	18.90599822998047	2	wear
7.7390642166137695	27.501310348510742	1	sweet
14.18591594696045	6.018628120422363	6	models
24.831939697265625	9.324665069580078	7	kitchen
7.44377326965332	20.726579666137695	6	older
9.393227577209473	-27.88658905029297	10	Wedding
-11.185355186462402	-39.75947570800781	9	FREE
-14.885281562805176	-15.739588737487793	4	Plus
28.393320083618164	-1.9516992568969727	2	shoes
0.799321711063385	-15.105570793151855	4	Model
17.718347549438477	24.27313804626465	2	fashion
12.016372680664062	21.386396408081055	2	cute
17.755084991455078	23.204517364501953	2	dress
23.287151336669922	17.959712982177734	2	colors
21.718351364135742	2.083559036254883	2	shipping
6.039740085601807	18.597620010375977	6	sharing
11.338095664978027	25.9237060546875	2	beauty
-21.532657623291016	-3.169820785522461	3	Girl
-11.803260803222656	-0.6800729632377625	8	Girls
-5.4737091064453125	-11.185955047607422	4	Gallery
19.05280876159668	4.250164031982422	6	classes
-9.7713041305542	2.0931718349456787	8	Sex
20.471189498901367	13.733543395996094	6	stores
-1.9926317930221558	31.103055953979492	0	sexy
4.925142765045166	24.90454864501953	6	mom
-7.467262268066406	30.80634117126465	0	teen
-21.79269027709961	-10.418999671936035	3	Summer
41.03647994995117	12.285083770751953	1	recipe
2.2346596717834473	-29.503145217895508	10	Shipping
1.911982536315918	22.851219177246094	7	lovely
-8.536314964294434	2.2892303466796875	8	Movies
-5.905514717102051	-22.433273315429688	4	Natural
15.810304641723633	3.7312324047088623	6	marriage
8.357621192932129	13.10922622680664	6	websites
0.8198807239532471	28.937761306762695	0	pics
-14.950817108154297	-18.50029945373535	3	Heart
38.89274215698242	15.188063621520996	1	cream
21.869274139404297	18.17530059814453	2	pattern
28.3126220703125	1.113653540611267	2	flowers
26.285356521606445	6.933203220367432	7	bedroom
-16.241811752319336	-21.546154022216797	10	Style
17.188600540161133	7.017247200012207	6	magazine
-5.4322733879089355	-15.917451858520508	4	Magazine
9.780630111694336	15.737539291381836	6	sample
-15.075165748596191	-1.3013100624084473	8	Pictures
8.672306060791016	-18.53449821472168	4	Privacy
-8.643425941467285	-0.3051239550113678	8	Asian
18.56450080871582	24.454919815063477	2	designs
41.534828186035156	11.3694429397583	1	sugar
0.787987470626831	28.015968322753906	0	gallery
15.086373329162598	25.137800216674805	2	clothes
35.92128372192383	12.438687324523926	1	tea
5.278998374938965	16.459888458251953	6	reserved
16.67009735107422	3.7171077728271484	6	relationships
-10.186840057373047	-23.98515510559082	10	Fashion
25.710384368896484	7.234842777252197	7	bathroom
40.30108642578125	12.985676765441895	1	milk
-8.427565574645996	32.61753463745117	0	pussy
39.571678161621094	13.905989646911621	1	chocolate
-3.1350347995758057	-15.170513153076172	4	Student
-17.18524169921875	-21.0211238861084	10	Pink
-18.672225952148438	-17.682117462158203	3	Queen
-37.30034255981445	-1.6709953546524048	5	Sarah
-24.840862274169922	-7.836982250213623	3	Lady
-7.375183582305908	-12.375106811523438	3	Dance
-30.011011123657227	1.234272837638855	3	Rose
-10.051536560058594	-37.745296478271484	9	WITH
-23.491073608398438	-2.2813026905059814	3	Beautiful
19.331478118896484	-3.7448761463165283	6	therapy
-6.847935199737549	29.588354110717773	0	mature
4.137804985046387	-25.991994857788086	10	Hair
18.913434982299805	21.819908142089844	2	clothing
40.005767822265625	10.702118873596191	1	foods
23.241588592529297	17.013782501220703	2	accessories
15.099076271057129	24.46824836730957	2	pink
37.761802673339844	15.323336601257324	1	cake
22.53279685974121	13.486063957214355	7	affordable
-25.580764770507812	0.8853645324707031	7	Enjoy
22.32229995727539	10.374590873718262	7	shower
3.701970100402832	25.29768180847168	0	lady
10.389127731323242	-28.877782821655273	10	Shoes
-19.24994659423828	-15.763306617736816	3	Beauty
10.508627891540527	-24.277158737182617	7	Bed
-31.684532165527344	-5.542152404785156	5	Miss
29.195945739746094	-2.7656655311584473	2	jewelry
30.672136306762695	-0.6280291676521301	2	fabric
21.9019832611084	16.034486770629883	2	designer
10.166656494140625	25.01225471496582	2	tiny
39.486202239990234	9.80154800415039	1	organic
5.842879772186279	-30.39122200012207	10	Dress
8.138033866882324	12.783985137939453	6	blogs
-7.0356550216674805	29.98516273498535	0	nude
40.87362289428711	11.281942367553711	1	recipes
10.772491455078125	2.4125123023986816	6	breast
-12.695245742797852	-41.203792572021484	9	LOVE
10.017563819885254	-17.734098434448242	4	Cancer
3.297083616256714	-29.844026565551758	10	Bag
-40.6419563293457	8.619799613952637	5	Kelly
2.1107780933380127	30.17586326599121	0	wet
-16.669261932373047	-4.52571964263916	3	Mom
8.494421005249023	11.831499099731445	6	parent
-35.3697624206543	-5.235428333282471	5	Elizabeth
25.846372604370117	6.252376079559326	7	bath
-21.40068244934082	-8.383634567260742	3	Picture
21.76911163330078	17.499366760253906	2	patterns
11.22024154663086	26.988916397094727	2	gorgeous
38.483455657958984	15.861629486083984	1	delicious
-25.51590347290039	-1.9129220247268677	3	Sweet
-10.565095901489258	29.58881187438965	0	cum
-3.055295467376709	31.21280860900879	0	naked
-10.905924797058105	2.3531036376953125	8	Teen
-36.54925537109375	-2.3592536449432373	5	Ann
-27.091413497924805	2.024902582168579	3	Perfect
10.528951644897461	26.954387664794922	2	attractive
8.822830200195312	-29.047151565551758	10	Jewelry
0.9527859091758728	-29.71555519104004	10	Vintage
-8.596336364746094	31.178749084472656	0	blonde
10.005846977233887	25.864023208618164	2	ladies
-17.749557495117188	-12.716922760009766	4	Write
25.16621971130371	7.948027610778809	7	swimming
-32.22711944580078	-6.791475772857666	5	Kim
6.23107385635376	13.224781036376953	6	availability
7.508481025695801	11.574538230895996	6	authors
5.877755165100098	24.530982971191406	6	loving
-29.178945541381836	-7.220590114593506	5	Victoria
-37.0721549987793	-1.0201293230056763	5	Jane
-13.606342315673828	-40.16059875488281	9	MORE
23.196914672851562	19.721261978149414	2	flower
-1.017215609550476	-23.02492904663086	3	Tea
-6.990848541259766	-20.87770652770996	3	Halloween
-11.305793762207031	-21.406068801879883	10	Clear
-15.917027473449707	-19.306060791015625	3	Crystal
24.26433753967285	10.685698509216309	7	holidays
10.73878002166748	17.842668533325195	6	pregnant
-12.178163528442383	1.3858314752578735	8	Sexy
12.891161918640137	26.41201400756836	7	stunning
40.657135009765625	11.659502983093262	1	eggs
5.658125400543213	-19.221614837646484	4	Fitness
-37.34374237060547	4.716196537017822	5	Jennifer
10.251921653747559	14.81570053100586	6	samples
15.214743614196777	26.91985511779785	2	matching
18.647672653198242	14.176728248596191	6	trends
9.882563591003418	13.627312660217285	6	sensitive
-13.95373821258545	-39.87311935424805	9	NOW
-3.7165920734405518	-21.614072799682617	3	Cream
-14.628745079040527	-39.99531555175781	9	HERE
-4.087009429931641	-21.51418113708496	3	Chocolate
16.95414924621582	2.453667402267456	6	pregnancy
10.945345878601074	-23.567426681518555	7	Spa
4.291325092315674	-22.008607864379883	4	Skin
2.336031913757324	-26.11980628967285	10	Floor
-39.909576416015625	3.1822702884674072	5	Kate
-44.69194030761719	8.416903495788574	5	Lisa
13.424469947814941	1.3693838119506836	5	singer
-39.33641815185547	-2.5293853282928467	5	Susan
17.402456283569336	1.2765390872955322	6	nursing
20.882719039916992	-0.7394517660140991	6	coupon
-12.390202522277832	-21.37744903564453	10	Flowers
19.770334243774414	13.454426765441895	6	layout
-22.160446166992188	-9.425292015075684	3	Secret
19.735864639282227	-3.9225211143493652	6	depression
39.62934494018555	12.919757843017578	1	egg
0.8074175119400024	22.917692184448242	2	fabulous
10.243753433227539	13.712150573730469	6	babies
9.582094192504883	2.3109726905822754	0	oral
-45.502044677734375	7.869928359985352	5	Amy
-38.123313903808594	-1.3881475925445557	5	Anne
23.184852600097656	11.645575523376465	7	romantic
-24.281803131103516	3.9114632606506348	6	newest
20.376575469970703	25.132841110229492	2	elegant
25.181989669799805	4.5040154457092285	7	massage
-26.494272232055664	2.1356470584869385	3	Simply
-10.913178443908691	-15.156463623046875	4	Reserved
-0.19572941958904266	-17.478431701660156	4	Dakota
-0.2300751805305481	-21.17120361328125	1	Recipe
-24.256446838378906	-1.2560192346572876	3	Pretty
14.43509578704834	12.52515697479248	6	couples
-38.998043060302734	4.274150848388672	5	Anna
-1.9788132905960083	29.408905029296875	0	teens
-38.91266632080078	-1.7396684885025024	5	Barbara
-42.20198440551758	3.045363187789917	5	Laura
-12.141155242919922	-23.96436309814453	10	Ladies
-15.757643699645996	-12.635736465454102	4	Month
-10.046151161193848	3.277735471725464	8	Porn
41.63430404663086	10.198976516723633	1	vegetables
20.001604080200195	-5.968294620513916	6	diabetes
-32.057613372802734	-7.669895648956299	5	Maria
-6.780877590179443	32.24224090576172	0	fucked
20.29647445678711	2.7163615226745605	6	template
-16.313514709472656	-20.912500381469727	10	Flower
20.674741744995117	19.28434181213379	2	dresses
13.363999366760254	-18.195953369140625	1	Recipes
-42.473148345947266	7.194222927093506	5	Michelle
23.42142105102539	7.000293731689453	7	cruise
3.5892062187194824	27.168354034423828	0	girlfriend
10.323843955993652	-23.62910270690918	7	Rooms
-30.086589813232422	-5.231180667877197	5	Charlotte
-4.184010982513428	-16.279342651367188	4	Calendar
-8.930401802062988	-10.534523010253906	3	Princess
28.79079246520996	2.8557066917419434	2	designers
-21.032583236694336	-11.42495346069336	4	Choice
-14.423027992248535	-9.879626274108887	4	Sites
-4.375747203826904	-15.648764610290527	4	Virtual
29.284521102905273	0.8834237456321716	2	crystal
-36.91923141479492	-3.9073214530944824	5	Nancy
11.559958457946777	-24.005268096923828	7	Bedroom
-3.0684776306152344	30.037097930908203	0	bitch
-5.890409469604492	30.839054107666016	0	lesbian
-10.853202819824219	-23.271892547607422	10	Designer
-34.90293502807617	1.2668442726135254	5	Grace
-8.130511283874512	32.20940017700195	0	tits
-40.28766632080078	9.325735092163086	5	Jessica
-16.433032989501953	-13.510025978088379	4	Purchase
-27.648284912109375	-0.08589441329240799	3	Valentine
-28.211772918701172	-3.280330181121826	5	Madison
21.305194854736328	-2.224538803100586	6	carrier
43.19086456298828	10.4319429397583	1	cups
-16.50137710571289	-18.9036808013916	3	Pearl
-35.27128601074219	0.33830299973487854	5	Alice
9.43015193939209	-23.529638290405273	7	Dining
-17.71910285949707	-9.226295471191406	4	Shows
-9.501524925231934	30.707172393798828	0	anal
6.407572269439697	-18.946149826049805	4	Therapy
18.887651443481445	3.6294901371002197	6	engagement
16.909955978393555	1.427282691001892	6	addiction
21.940027236938477	5.46125602722168	6	pets
8.579811096191406	-17.929580688476562	4	Nursing
22.15421485900879	15.04007339477539	2	carpet
19.30465316772461	-5.345516204833984	6	disorder
-5.127834320068359	-12.387670516967773	4	Teacher
-26.293912887573242	2.4269556999206543	4	Recently
-40.89788055419922	0.08826856315135956	5	Linda
-42.8548583984375	8.246706008911133	5	Rachel
19.124780654907227	12.6721830368042	2	dot
5.595592498779297	16.3275089263916	6	browse
20.374345779418945	25.101280212402344	2	stylish
-1.2348436117172241	28.785369873046875	0	galleries
42.06365203857422	10.348226547241211	1	baking
-0.029761942103505135	-24.348573684692383	3	Cruise
-43.8372917175293	3.3770036697387695	5	Karen
-18.41525650024414	-13.049978256225586	4	Created
-20.735532760620117	-12.248541831970215	4	Finding
12.16378116607666	-17.979646682739258	4	Diet
7.52656888961792	-28.76385498046875	10	Bags
41.19024658203125	12.805817604064941	1	salad
-12.660706520080566	-39.94687271118164	9	BEST
23.649351119995117	17.44415855407715	2	colours
-1.0943872928619385	-27.492719650268555	7	Luxury
-26.141361236572266	1.6520905494689941	4	Lots
-2.672240734100342	-25.006160736083984	7	Caribbean
16.587295532226562	23.840930938720703	2	purple
26.644943237304688	7.448134899139404	7	spa
1.038650393486023	-14.517876625061035	4	Models
-3.1092443466186523	-19.629365921020508	4	Healthy
-11.412290573120117	-22.869112014770508	10	Designs
39.04833221435547	8.810288429260254	6	nutrition
18.17650604248047	19.672142028808594	2	costume
10.87324047088623	-23.497703552246094	7	Apartment
9.771010398864746	2.1829140186309814	0	facial
12.569506645202637	6.778232574462891	6	nurse
-6.7958598136901855	32.63954162597656	0	babe
25.79524040222168	8.35811996459961	7	relaxing
9.73043441772461	-17.053796768188477	4	Yoga
-27.80312156677246	-2.152047872543335	3	Eve
19.662464141845703	15.73327922821045	2	makeup
9.849569320678711	-28.668859481811523	10	Womens
8.827855110168457	19.436691284179688	6	celebrity
-6.011012554168701	-16.916898727416992	4	Newsletter
7.2999186515808105	14.94086742401123	6	photograph
15.916504859924316	24.936796188354492	2	outfit
-24.59524917602539	-15.804643630981445	3	Sugar
13.138446807861328	1.3924319744110107	5	actress
-36.77088928222656	7.500341415405273	5	Ashley
18.334293365478516	4.642150402069092	6	magazines
37.97484588623047	16.62474250793457	1	honey
22.192121505737305	-2.625917673110962	6	yoga
-0.9081447124481201	-24.917638778686523	4	Holidays
-0.2618538737297058	-26.70107078552246	10	Contemporary
-13.731817245483398	-14.17109489440918	4	Multiple
-5.87450647354126	-11.240999221801758	4	Celebrity
27.01650619506836	4.8553853034973145	7	beaches
16.218774795532227	13.294027328491211	6	romance
-16.988391876220703	-10.53752326965332	4	Sample
-34.05622863769531	-3.5383193492889404	5	Marie
5.379782199859619	22.47511100769043	5	sisters
-12.976349830627441	-21.041851043701172	10	Mirror
-3.740978956222534	30.81928253173828	0	xxx
10.169293403625488	-25.41593360900879	10	Shower
-24.920793533325195	-12.308469772338867	3	Cherry
-9.508529663085938	-15.232821464538574	4	Contest
-1.9920440912246704	-21.152265548706055	4	Cooking
12.145573616027832	-18.169174194335938	4	Nutrition
-12.197630882263184	-40.93162536621094	9	VERY
-42.71699142456055	5.027202129364014	5	Emily
-46.12275695800781	7.99622106552124	5	Julie
-12.96086311340332	-15.174163818359375	4	Target
42.03567123413086	11.878534317016602	1	lemon
0.8980773687362671	-19.064661026000977	4	Apply
18.515371322631836	-9.385499954223633	6	acne
4.876621246337891	25.383563995361328	0	lover
-5.889226913452148	31.636474609375	0	sucking
-22.59166145324707	-11.66596794128418	10	Unique
-6.052125930786133	-16.496885299682617	4	Statement
16.7665958404541	19.68340492248535	2	adorable
10.749366760253906	-18.91293716430664	4	Patent
9.777976036071777	12.33845329284668	6	caring
5.793678283691406	-22.6986026763916	4	Seller
-12.579154968261719	-0.8795395493507385	8	Cute
-8.920731544494629	3.0001933574676514	8	Amateur
-4.620794773101807	-10.442201614379883	3	Virgin
-9.7367582321167	2.841911554336548	8	Ass
-10.096141815185547	-0.43117985129356384	8	Wife
4.322662830352783	-17.5424861907959	4	Fiction
-23.884294509887695	-17.67539405822754	3	Cake
-33.815982818603516	1.7485724687576294	5	Dawn
18.998403549194336	-6.095916748046875	6	abortion
17.595497131347656	21.61161994934082	2	nail
24.62668228149414	8.235139846801758	7	laundry
18.14639663696289	18.78567886352539	2	skirt
20.06281280517578	23.856544494628906	2	colorful
7.9358296394348145	18.84075927734375	6	passionate
-15.451583862304688	-11.477991104125977	4	Updates
5.6247406005859375	26.237991333007812	7	enjoys
-29.14434814453125	-8.390175819396973	7	Hilton
-40.596221923828125	0.8841729164123535	5	Carol
9.653478622436523	13.967085838317871	6	mothers
9.285249710083008	-15.261301040649414	4	Massage
21.088848114013672	11.839091300964355	7	swim
-36.14767837524414	0.5078482627868652	5	Heather
34.299110412597656	11.811078071594238	2	soap
5.8959784507751465	17.898094177246094	6	separated
15.598905563354492	19.58656883239746	2	queen
-18.445634841918945	-14.414057731628418	10	Bottom
13.206809043884277	25.810888290405273	7	charming
34.37882614135742	12.314546585083008	6	grocery
21.557870864868164	-0.4794551730155945	6	measurements
-9.068452835083008	-20.225383758544922	4	Collections
17.033092498779297	6.046458721160889	6	blogger
-12.788847923278809	0.534870982170105	8	Pics
-45.39684295654297	8.795759201049805	5	Amanda
10.436280250549316	-24.899368286132812	10	Bathroom
-25.11271858215332	-11.703038215637207	3	Candy
-39.18880844116211	8.908023834228516	5	Lynn
-5.177946090698242	-24.755022048950195	10	DIY
-34.764671325683594	-0.350460022687912	5	Lauren
1.8009967803955078	-25.672937393188477	4	Desk
6.065634727478027	-16.368576049804688	4	Breast
-7.091747283935547	31.471525192260742	0	horny
-15.412440299987793	-18.15286636352539	3	Evening
-41.91702651977539	7.484952926635742	5	Katie
10.040870666503906	-15.004900932312012	4	Oral
-9.102733612060547	-38.2978515625	9	SALE
8.753524780273438	11.519810676574707	6	clinic
1.4461029767990112	-28.18886375427246	10	Covers
6.759660243988037	-25.395246505737305	10	Pump
-20.40190315246582	-9.087559700012207	4	Exclusive
-40.940494537353516	6.555822372436523	5	Emma
5.01781702041626	-29.76676368713379	10	Fabric
38.36500549316406	16.89150047302246	1	homemade
-40.887229919433594	9.595270156860352	5	Nicole
-33.221805572509766	2.2627346515655518	5	Joy
22.707427978515625	10.235597610473633	7	tub
36.66582107543945	16.439186096191406	1	dressing
23.342422485351562	10.810759544372559	7	sunny
8.033956527709961	-27.378332138061523	10	Costume
-42.19361877441406	1.0218864679336548	5	Helen
-10.326855659484863	0.023827416822314262	8	Galleries
20.761119842529297	1.2387679815292358	6	templates
16.277271270751953	20.129880905151367	2	bride
26.411664962768555	1.2003082036972046	2	tile
1.105934500694275	27.488258361816406	0	hottest
-13.522677421569824	-22.30361557006836	10	Colors
-23.440946578979492	-8.623994827270508	3	Dancing
12.794838905334473	19.699180603027344	2	belly
-0.2652721107006073	30.41617202758789	0	chick
-24.110746383666992	-16.234500885009766	4	Whole
12.488303184509277	22.482521057128906	7	outdoors
-36.98331832885742	-3.4979798793792725	5	Catherine
-13.985595703125	-1.0253807306289673	8	Huge
-18.145048141479492	-17.515121459960938	3	Ruby
-17.815067291259766	-17.03366470336914	3	Twilight
9.802061080932617	-28.885005950927734	10	Dresses
-6.42401647567749	-23.027360916137695	3	Platinum
-43.596458435058594	8.630823135375977	5	Julia
-38.533329010009766	0.01630907692015171	5	Sharon
-11.144868850708008	-38.462093353271484	9	ABOUT
0.43384552001953125	-25.734651565551758	3	Salon
-10.633813858032227	-9.753791809082031	3	Sierra
-27.13250732421875	0.7555822730064392	3	Wonderful
-25.767440795898438	-12.979092597961426	3	Honey
-3.182370185852051	-14.963808059692383	4	Teachers
-15.756354331970215	-38.812374114990234	9	NOTE
-10.459028244018555	3.0396931171417236	8	Blonde
13.34046459197998	21.349071502685547	2	exotic
-22.00147819519043	-7.590272903442383	3	Dreams
-8.681722640991211	3.6143174171447754	8	Mature
-40.991050720214844	1.3289644718170166	5	Sue
-8.21471118927002	28.091732025146484	0	breasts
21.366859436035156	12.20898151397705	2	closet
-15.974099159240723	-38.74237060546875	9	WOW
10.787650108337402	24.110105514526367	2	heels
24.261268615722656	21.840158462524414	2	decor
26.441452026367188	17.858652114868164	2	silk
26.701597213745117	16.885000228881836	2	necklace
6.542823791503906	24.7133731842041	6	pose
-13.343729972839355	-22.874305725097656	10	Wear
8.885942459106445	-29.71824073791504	10	Necklace
5.3786468505859375	-22.237470626831055	4	Platform
25.362062454223633	-3.569253444671631	2	waist
10.06518840789795	-29.80853843688965	10	Earrings
12.6786470413208	24.372323989868164	7	intimate
9.810474395751953	-16.599117279052734	4	Bachelor
-43.68121337890625	5.879818916320801	5	Rebecca
3.351898431777954	-19.06808853149414	4	Classes
-45.25670623779297	7.264242172241211	5	Melissa
28.253299713134766	-3.8654134273529053	2	beads
-7.857870101928711	4.582594871520996	8	Anal
23.402835845947266	14.67236614227295	2	vibrant
-4.126115322113037	-20.9196720123291	3	Milk
18.755645751953125	-3.8618760108947754	6	counseling
-37.72475051879883	2.9699947834014893	5	Betty
2.5378053188323975	-26.367067337036133	10	Carpet
10.089722633361816	-13.259312629699707	3	Czech
17.315706253051758	5.384654521942139	6	bloggers
-44.27437973022461	9.833718299865723	5	Sara
16.049455642700195	2.2628543376922607	6	spouse
-6.901163578033447	-17.646625518798828	4	Trends
-9.219878196716309	1.7374613285064697	8	Teens
3.151195764541626	-16.929115295410156	4	Patient
15.065568923950195	10.19677448272705	2	lip
-37.291263580322266	8.037857055664062	5	Holly
12.42160701751709	-17.139204025268555	4	Vitamin
17.00518798828125	-6.872427463531494	6	null
42.84659957885742	11.033342361450195	1	vanilla
22.07088851928711	23.762746810913086	2	inexpensive
-3.9951694011688232	29.389659881591797	0	kissing
-24.058725357055664	-1.4817020893096924	3	Lovely
26.423219680786133	10.10696792602539	7	luxurious
-37.67754364013672	-2.6516711711883545	5	Ellen
-21.01221466064453	-13.191454887390137	4	Explore
21.365251541137695	-3.299138307571411	6	toxic
14.498323440551758	5.429841995239258	6	modeling
-13.6137113571167	0.23604664206504822	8	Naked
-16.741823196411133	-9.40201473236084	4	Reality
-2.8211517333984375	-25.452373504638672	7	Victorian
-35.666412353515625	-4.803040504455566	5	Joan
19.613712310791016	-1.879368543624878	6	registry
-9.933304786682129	27.867055892944336	0	webcam
10.920670509338379	-17.71500587463379	4	Diabetes
9.843557357788086	15.906535148620605	6	swap
1.7829142808914185	-13.768728256225586	4	Nurse
-42.42570114135742	3.7830145359039307	5	Donna
14.835407257080078	2.0926833152770996	6	poems
-9.208977699279785	-14.774870872497559	4	Secrets
2.372748613357544	-30.395261764526367	10	Pattern
-43.99159240722656	10.51872444152832	5	Lucy
-10.622682571411133	1.5608309507369995	8	Nude
-4.235259532928467	-19.95718002319336	4	Eating
1.0060856342315674	-13.808682441711426	4	Smoking
20.479541778564453	22.54120635986328	2	delicate
24.423616409301758	17.527084350585938	2	ribbon
-25.710962295532227	-4.901028156280518	3	Amber
-0.626627504825592	-17.518373489379883	4	Alberta
-7.716513156890869	-12.053637504577637	3	Romance
-5.596017837524414	32.28407669067383	0	babes
13.281553268432617	18.52475357055664	2	strips
-7.369986534118652	32.50724411010742	0	slut
-4.999265193939209	31.748554229736328	0	boobs
14.653624534606934	20.801599502563477	2	doll
13.355835914611816	3.897427797317505	6	nurses
-46.43354415893555	6.477520942687988	5	Annie
19.61387062072754	17.509138107299805	2	costumes
8.405624389648438	11.083459854125977	6	seniors
-23.573875427246094	-7.829699516296387	3	Kiss
9.852273941040039	-18.128328323364258	4	Registry
10.536123275756836	-13.445860862731934	3	Mercedes
-44.014259338378906	6.047309398651123	5	Christine
26.059185028076172	2.0045700073242188	7	weddings
-39.13050842285156	6.7684149742126465	5	Monica
5.321691036224365	21.03426742553711	5	grandmother
-43.303157806396484	5.809968948364258	5	Stephanie
5.358270645141602	-24.015869140625	10	Compact
26.62342643737793	18.125152587890625	2	lace
-11.189671516418457	-12.117074966430664	4	VIP
30.056480407714844	-2.535238027572632	2	earrings
-9.140050888061523	3.3953399658203125	8	Hardcore
1.6125328540802002	-18.675277709960938	4	Advertise
5.934976100921631	-17.53093147277832	4	Factor
30.978437423706055	0.10736800730228424	2	floral
18.6499080657959	-5.642192363739014	6	disabilities
22.99991798400879	-1.3325551748275757	6	cosmetic
-42.82664489746094	6.323107719421387	5	Janet
39.35312271118164	14.89478588104248	1	baked
24.542011260986328	10.466641426086426	7	catering
-36.07144546508789	-1.636260986328125	5	Andrea
11.261171340942383	-19.62860870361328	10	Fiber
-14.357904434204102	-41.00941848754883	9	HOT
29.275861740112305	1.186210036277771	2	sewing
-30.185739517211914	-5.93520450592041	5	Beverly
39.00678634643555	14.245949745178223	1	dessert
30.50445556640625	-1.8063254356384277	2	fabrics
-2.9705705642700195	-26.504426956176758	7	Cottage
38.23611831665039	14.695794105529785	1	cakes
-7.136785507202148	4.968975067138672	8	Cum
5.157994270324707	15.331377029418945	2	giveaway
-41.278587341308594	5.745533466339111	5	Claire
25.275856018066406	9.604597091674805	7	cottage
-13.005598068237305	-13.763900756835938	4	Editorial
13.0867338180542	14.105093955993652	6	celebrities
-1.6519380807876587	-15.419290542602539	4	Parties
25.10840606689453	-1.2157334089279175	2	pumps
-13.755935668945312	-39.18281173706055	9	FIRST
-37.59866714477539	-3.264406681060791	5	Beth
26.168943405151367	7.185498237609863	7	balcony
-10.110400199890137	-14.720817565917969	4	Readers
22.748340606689453	20.26603126525879	2	crafts
-40.662235260009766	4.9008355140686035	5	Diana
-45.76053237915039	10.39511775970459	5	Jenny
26.936079025268555	-2.614122152328491	2	ceramic
-5.399746894836426	28.27190589904785	0	lingerie
-0.705043613910675	-21.277578353881836	1	Salad
27.53124237060547	6.598300933837891	7	accommodations
6.19074821472168	-27.114503860473633	10	Clearance
-14.518464088439941	-40.57746505737305	9	CLICK
-11.014832496643066	29.877729415893555	0	ebony
-9.214787483215332	3.9631426334381104	8	Pussy
-27.409151077270508	-7.055384635925293	3	Bella
-11.810378074645996	-15.573482513427734	4	Closed
-19.66629981994629	-11.929685592651367	4	Changing
22.907567977905273	22.002649307250977	2	cocktail
-9.898038864135742	30.657230377197266	0	dildo
-6.0464558601379395	-21.455303192138672	3	Mint
-26.34459686279297	0.306612491607666	3	Absolutely
27.39905548095703	-3.7526280879974365	2	yarn
-33.96654510498047	3.925579786300659	5	Sister
-40.79838943481445	7.916140079498291	5	Christina
8.462111473083496	20.768712997436523	6	moms
9.793777465820312	0.3147674798965454	2	nylon
-10.347952842712402	2.065622568130493	8	Lesbian
3.0911993980407715	-30.888755798339844	10	Decor
-11.617326736450195	-14.733750343322754	4	Cancel
1.639785885810852	22.672691345214844	7	delightful
-43.6193733215332	8.076400756835938	5	Angela
-43.47168731689453	2.3085978031158447	5	Diane
-8.13575553894043	-15.626176834106445	4	Dates
-10.983999252319336	-24.28759765625	10	Silk
2.4040536880493164	-28.117143630981445	10	Crafts
29.761619567871094	-1.102298617362976	2	bracelet
-10.325704574584961	-10.47562026977539	7	Marina
-9.145021438598633	31.985958099365234	0	brunette
5.896106719970703	-29.027334213256836	10	Bridal
-3.1094348430633545	29.420339584350586	0	erotic
-7.364452838897705	4.9407172203063965	8	Tits
-42.506229400634766	2.014251708984375	5	Kathy
-45.19080352783203	4.985068321228027	5	Sally
9.410719871520996	11.639115333557129	6	supportive
2.533306360244751	-23.300979614257812	10	Powder
42.201866149902344	11.451204299926758	1	coconut
-24.173221588134766	-10.472075462341309	3	Autumn
-14.773368835449219	-13.721756935119629	4	Lifestyle
-25.21840476989746	-2.8997130393981934	3	Loved
39.130218505859375	8.891530990600586	6	healthier
-26.10907745361328	-6.041374683380127	5	Tiffany
20.57590675354004	2.5673739910125732	6	cluster
-10.889446258544922	-17.79674530029297	4	Affordable
-35.35625457763672	-1.5522147417068481	5	Lindsay
-36.8930778503418	6.021975994110107	5	Megan
-26.60560417175293	-9.366766929626465	3	Mama
-45.00862503051758	4.725244522094727	5	Liz
25.888504028320312	4.998653411865234	7	showers
3.098827600479126	-17.863691329956055	4	Coordinator
6.8881516456604	-26.42238426208496	10	Mirrors
24.313825607299805	-1.408714771270752	2	mattress
-25.502885818481445	-5.1257734298706055	3	Kitty
-45.04425811767578	6.410401821136475	5	Jackie
-34.47389602661133	-1.554721474647522	5	Dana
40.251033782958984	9.454036712646484	1	dairy
17.009790420532227	19.315366744995117	2	princess
-41.77322006225586	1.7562097311019897	5	Judy
-16.231782913208008	-10.925657272338867	4	Sharing
-41.815975189208984	9.660603523254395	5	Sandra
13.789667129516602	8.508712768554688	0	bra
28.91720962524414	1.7927976846694946	2	quilt
5.37795877456665	-25.24043846130371	10	Rack
15.979799270629883	18.429479598999023	2	pale
-46.400184631347656	4.760002136230469	5	Wendy
11.326570510864258	16.121240615844727	6	clicks
-7.877683162689209	-10.974617004394531	3	Doll
6.247041702270508	21.71795082092285	6	mum
17.927370071411133	-3.201918601989746	6	nonprofit
-24.10165786743164	-17.059776306152344	3	Egg
7.833994388580322	-28.671125411987305	10	Trim
-14.622183799743652	-39.48487091064453	9	SEE
-23.567140579223633	-10.46227741241455	3	Bee
17.442771911621094	0.5191875696182251	6	complications
17.867582321166992	7.079553127288818	6	AMI
-30.80280876159668	1.776795506477356	3	Lily
6.8388776779174805	-22.171863555908203	9	MAC
28.680927276611328	-2.5923011302948	2	knit
-3.5970168113708496	28.83193588256836	0	bikini
-45.84255599975586	5.6962995529174805	5	Jill
8.919647216796875	-29.3852481842041	10	Bracelet
4.752883434295654	-20.142641067504883	4	Engagement
21.054916381835938	18.38905906677246	2	purse
-10.886860847473145	31.07170295715332	0	milf
6.236423492431641	-18.656461715698242	4	Libraries
4.5349860191345215	-31.323293685913086	10	Lace
11.205286979675293	17.650535583496094	0	wives
-31.725311279296875	-6.099877834320068	5	Whitney
-16.42950439453125	-5.559006214141846	5	Britney
2.1565842628479004	-19.242084503173828	4	Wellness
38.10970687866211	16.474769592285156	1	yummy
7.1488447189331055	-30.101245880126953	10	Satin
11.877965927124023	20.71535301208496	2	toes
17.027976989746094	22.318174362182617	2	polish
-11.671722412109375	-38.98259353637695	9	OTHER
-36.20787048339844	1.5051771402359009	5	Kay
-27.492673873901367	-3.96718692779541	3	Aurora
18.31288719177246	-9.477581024169922	6	tumor
22.786823272705078	12.348565101623535	7	salon
3.3671035766601562	-29.511648178100586	10	Printed
12.438915252685547	8.298027992248535	0	escort
-13.05377197265625	-40.19682693481445	9	TWO
-45.13257598876953	9.808226585388184	5	Cindy
-1.7300424575805664	-21.33169174194336	1	Cookies
-42.844322204589844	3.6400575637817383	5	Caroline
-37.76266860961914	-2.4765536785125732	5	Patricia
6.95831298828125	11.98046875	6	contacting
22.20075035095215	21.42124366760254	2	handmade
22.779146194458008	19.756996154785156	2	roses
-13.599204063415527	-21.696447372436523	10	Basket
-4.7763776779174805	29.48334503173828	0	panties
21.36062240600586	1.0290470123291016	6	stamps
23.587501525878906	0.9875897765159607	6	gardening
-4.856141090393066	-14.62277603149414	4	Relationship
-4.528963088989258	-17.27981948852539	4	Disclaimer
-7.363908767700195	-14.780259132385254	4	Blogger
29.89208221435547	0.0676589384675026	2	bridal
16.656490325927734	4.227260112762451	6	depressed
16.832509994506836	21.138010025024414	2	fairy
-1.208261489868164	-24.722599029541016	3	Tropical
11.116007804870605	21.693655014038086	0	skinny
5.545615196228027	13.49488353729248	6	checkout
-21.335466384887695	-11.626248359680176	4	Everyday
39.996063232421875	12.162939071655273	1	bake
-16.7281551361084	-18.79560089111328	3	Roses
27.80520248413086	0.8412409424781799	2	candles
-13.594244956970215	-1.161413311958313	8	Wet
43.467708587646484	11.515860557556152	1	spicy
-26.772371292114258	-5.072559833526611	3	Belle
-14.078462600708008	-13.462926864624023	4	Shared
22.23055648803711	22.58712387084961	2	decorating
39.72505569458008	10.893238067626953	1	vegetarian
-41.48136520385742	4.049217700958252	5	Erin
23.29863166809082	16.251068115234375	2	styling
-19.041889190673828	-12.011456489562988	4	Across
-14.388035774230957	-21.897472381591797	10	Wrap
23.152341842651367	20.674448013305664	2	decorations
-37.96714401245117	-1.3468575477600098	5	Louise
-1.3109580278396606	30.242504119873047	0	chicks
-10.086202621459961	-15.372153282165527	4	Winners
28.200687408447266	-3.237100839614868	2	handbags
-23.078535079956055	-2.3017334938049316	3	Gorgeous
37.546512603759766	15.957084655761719	1	spice
-6.573009490966797	-11.487804412841797	3	Vampire
-10.204255104064941	31.423259735107422	0	blowjob
-5.294816017150879	-16.700475692749023	4	Awareness
11.443854331970215	16.899797439575195	6	cheating
10.987844467163086	-14.833556175231934	4	Runtime
38.64474105834961	14.537985801696777	1	pumpkin
-15.816946029663086	-17.840604782104492	3	Coral
16.108617782592773	1.5744649171829224	6	emotionally
4.564435958862305	-26.892047882080078	10	Jeans
-24.044702529907227	4.170623779296875	6	invites
4.479725360870361	-19.097543716430664	4	Novel
-11.08009147644043	-14.392974853515625	4	Benefit
19.925495147705078	3.532684087753296	6	coordinate
-17.201448440551758	-20.540367126464844	10	Butterfly
1.6872353553771973	-28.397689819335938	10	Nail
6.990743637084961	-17.524166107177734	4	Compliance
5.599942684173584	-17.56806755065918	4	Pregnancy
2.5188159942626953	-31.677473068237305	10	Floral
-10.729085922241211	-39.34379196166992	9	STAR
-40.5656852722168	5.9031081199646	5	Molly
-15.715104103088379	-5.796201705932617	3	Mommy
-9.752951622009277	-23.32353973388672	10	Ribbon
-33.2578239440918	1.4486348628997803	5	Penny
-43.720462799072266	4.433971405029297	5	Carrie
-12.819962501525879	1.1092344522476196	8	Babe
21.29914093017578	-2.329514741897583	6	markers
-27.399873733520508	-8.281953811645508	3	Willow
1.6445653438568115	-17.227630615234375	4	MSN
-44.19697189331055	9.093660354614258	5	Tina
25.009681701660156	11.378294944763184	7	cozy
19.292064666748047	22.960336685180664	2	wardrobe
-10.213372230529785	-9.15528678894043	3	Maya
-45.19914245605469	1.911920428276062	5	Paula
-19.977764129638672	-12.87493896484375	4	Choosing
-12.99089527130127	-23.715646743774414	10	Clothes
23.955432891845703	18.733409881591797	2	pearl
18.22083282470703	-11.73763656616211	1	teaspoon
-9.417454719543457	-8.159948348999023	5	Katrina
18.775163650512695	-8.436115264892578	6	arthritis
26.49407196044922	-3.7662272453308105	2	fragrance
-19.108779907226562	-16.52960968017578	3	Bride
-42.0257682800293	7.934819221496582	5	Natalie
-4.138614654541016	-17.601099014282227	4	Consumers
7.222811222076416	-28.33361053466797	10	Ceramic
-14.628482818603516	-21.682361602783203	10	Shape
-13.017504692077637	-39.243019104003906	9	TODAY
9.58950424194336	0.8220921754837036	0	latex
0.4655211269855499	30.22225570678711	0	naughty
15.871211051940918	2.7430660724639893	6	therapist
-10.370902061462402	30.21282386779785	0	tit
10.518943786621094	1.3734850883483887	0	hips
21.38506317138672	4.625321388244629	6	wellness
9.001550674438477	15.547749519348145	6	bookmark
-0.9899364113807678	-21.009546279907227	1	Ingredients
19.482736587524414	24.896772384643555	2	chic
-0.011685927398502827	-25.312273025512695	3	Weddings
-37.961402893066406	9.255045890808105	5	Eva
6.1508097648620605	25.048038482666016	6	poses
-16.276689529418945	-16.922607421875	3	Carnival
27.507949829101562	-0.6634812951087952	2	knitting
-10.02208423614502	-8.549707412719727	3	Madonna
17.126176834106445	3.373595714569092	6	parenting
-11.330160140991211	1.0544432401657104	8	XXX
16.289674758911133	1.1467432975769043	6	survivors
-8.174736976623535	29.13187026977539	0	orgasm
13.811187744140625	2.5003468990325928	6	vampire
14.004961967468262	2.7101380825042725	2	dancers
-0.9505380392074585	-26.03229522705078	4	Reception
3.5229945182800293	-25.93503189086914	10	Makeup
-45.96650695800781	5.023372173309326	5	Debbie
18.21454429626465	-10.032256126403809	6	membrane
-22.88603401184082	-9.790044784545898	3	Passion
-9.770009994506836	4.257701396942139	8	Horny
-26.142656326293945	-8.031245231628418	3	Sisters
17.40687370300293	25.596803665161133	2	fashionable
29.617454528808594	-0.8401670455932617	2	metallic
29.344867706298828	-1.8171488046646118	2	jewellery
0.8289141058921814	-26.74806785583496	10	Swim
-22.15961265563965	-13.41101360321045	4	Naturally
-9.756464004516602	-38.649131774902344	9	SAVE
-31.443012237548828	-7.437933444976807	5	Clare
-8.23067569732666	-18.050886154174805	4	Giveaway
-29.65633201599121	-6.27734899520874	5	Rosa
-15.408363342285156	-15.812603950500488	4	Split
40.51259994506836	10.57261848449707	1	vegan
-46.537681579589844	5.537421703338623	5	Maggie
-6.688379287719727	-10.106913566589355	3	Sleeping
7.352402210235596	-29.288528442382812	10	Metallic
9.99986457824707	-12.363845825195312	3	Norwegian
-12.053849220275879	-40.09503936767578	9	PLUS
2.7216336727142334	-11.449090957641602	3	Mai
24.62911605834961	6.803334712982178	7	vacations
43.42630386352539	11.980247497558594	1	creamy
23.735849380493164	16.047914505004883	2	sleek
-10.677740097045898	28.751319885253906	0	hentai
-38.11115264892578	1.612943172454834	5	Allison
-17.052839279174805	-18.82284164428711	3	Fairy
-10.06687068939209	-9.713322639465332	3	Abbey
23.84723663330078	12.813958168029785	7	boutique
26.923654556274414	16.430084228515625	2	gown
8.560541152954102	24.663860321044922	2	adore
8.692098617553711	-26.48779296875	10	Nylon
13.318479537963867	17.764673233032227	0	juicy
6.984354019165039	24.168376922607422	6	obsessed
-24.465572357177734	-3.7148067951202393	3	Totally
4.919839382171631	-18.43533706665039	4	Languages
-0.40288570523262024	-25.958616256713867	10	Laundry
-40.670597076416016	3.549894094467163	5	Jen
-10.798473358154297	30.424293518066406	0	shemale
14.900839805603027	10.153239250183105	2	curves
21.188745498657227	-4.658774375915527	6	allergic
-7.551706314086914	-15.264137268066406	4	Cure
13.466815948486328	27.15300750732422	2	exquisite
-32.90296936035156	-5.99887752532959	5	Kristen
-16.86613655090332	-5.406935214996338	5	Spears
8.767953872680664	-14.776872634887695	8	Facial
-1.681920051574707	-26.948802947998047	10	Boutique
-27.435958862304688	-5.772455215454102	3	Sunny
-2.0471575260162354	-26.279277801513672	3	Romantic
-36.08232879638672	0.9367186427116394	5	Marilyn
-28.421659469604492	1.582409143447876	10	Inspired
-23.75080680847168	-12.114884376525879	10	Fancy
42.57792663574219	10.632747650146484	1	cinnamon
5.983109951019287	-20.860179901123047	4	Templates
18.139801025390625	21.861520767211914	2	butterfly
6.630778789520264	18.545001983642578	6	bio
10.501408576965332	-29.461294174194336	10	Beads
7.485531330108643	21.051284790039062	6	addicted
-12.008468627929688	-22.521757125854492	10	Charm
-10.827351570129395	-8.758890151977539	3	Venus
17.53965187072754	0.05436525493860245	6	donor
-7.967108726501465	30.35997772216797	0	cunt
-30.89143943786621	-6.207184791564941	5	Clara
24.33978271484375	15.027600288391113	2	elegance
15.464225769042969	25.31375503540039	2	outfits
-12.410243034362793	-22.23641586303711	10	Tops
8.406156539916992	-28.24481201171875	10	Shoulder
-1.1936942338943481	-21.28920555114746	1	Bake
20.87257957458496	-5.383382797241211	6	allergies
19.960264205932617	-0.03820217773318291	6	coordinates
25.319185256958008	18.277427673339844	2	sweater
-42.929298400878906	1.780475378036499	5	Katherine
18.210552215576172	2.2460432052612305	6	stressful
42.49834060668945	9.619842529296875	1	yogurt
18.200469970703125	-11.783811569213867	1	tsp
-27.76515769958496	-2.5476276874542236	3	Savannah
19.363792419433594	18.339059829711914	2	feminine
7.000606536865234	14.93680191040039	6	inspirational
-23.903518676757812	-17.378042221069336	3	Cookie
26.445457458496094	1.7272672653198242	2	flats
-30.822715759277344	-6.807470321655273	5	Katy
-9.430155754089355	-2.642822027206421	4	Moms
21.312294006347656	23.268152236938477	2	themed
-30.37773895263672	-7.323139667510986	5	Ana
17.00383758544922	19.030176162719727	2	dolls
-30.347671508789062	1.5067907571792603	3	Daisy
2.680933952331543	-11.177249908447266	3	Rihanna
-8.677294731140137	4.724303245544434	8	Busty
-5.2350544929504395	31.24398422241211	0	licking
2.6632626056671143	-23.436111450195312	3	Soap
-37.22636795043945	5.928347587585449	5	Courtney
-12.21290111541748	-39.278263092041016	9	SPECIAL
17.687936782836914	-0.4778938889503479	6	literacy
14.607476234436035	-14.501847267150879	4	Acne
20.825185775756836	14.537262916564941	2	invitations
12.001845359802246	19.956096649169922	6	messy
28.783472061157227	-3.607954502105713	2	pendant
-39.671531677246094	1.251399040222168	5	Shirley
-24.911163330078125	-3.789123773574829	3	Loving
-24.707353591918945	-8.662927627563477	3	Met
-37.719764709472656	-4.056020259857178	5	Deborah
-20.353927612304688	-11.1589994430542	4	Spotlight
10.819791793823242	-14.394977569580078	3	Bollywood
27.0080509185791	-3.4007883071899414	2	crystals
-38.337520599365234	10.056746482849121	5	Brooke
13.790567398071289	14.514692306518555	2	dancer
8.390450477600098	-17.992666244506836	4	Counseling
-37.497413635253906	8.067574501037598	5	Nina
-9.831660270690918	-8.592012405395508	3	Gaga
27.367740631103516	-0.008047567680478096	2	perfume
-25.32889747619629	-7.397238731384277	3	Barbie
2.904846668243408	-28.587717056274414	10	Pillow
27.094547271728516	18.04109764099121	2	satin
-8.71213150024414	31.824630737304688	0	busty
-11.736350059509277	-16.768817901611328	4	Destination
-8.990562438964844	28.76776695251465	0	nipples
-22.158390045166016	-12.605276107788086	4	Treat
3.9754045009613037	-29.678377151489258	10	Mesh
5.454345226287842	21.691097259521484	5	aunt
18.630420684814453	-8.9652681350708	6	hormones
-40.617431640625	1.934242844581604	5	Bonnie
-9.581267356872559	-38.02200698852539	9	CONTACT
-14.054298400878906	-39.32477569580078	9	NEXT
-43.058555603027344	10.776403427124023	5	Olivia
-35.843833923339844	-3.536735773086548	5	Dorothy
-39.08030319213867	10.260404586791992	5	Vanessa
-26.84358787536621	-7.712399005889893	3	Ivy
-4.252214431762695	30.530691146850586	0	whore
21.25155258178711	-4.598138332366943	6	allergy
-8.263956069946289	-23.57005500793457	10	Patterns
-1.0754103660583496	30.271596908569336	0	lick
3.7799088954925537	-30.564252853393555	10	Decorative
-39.504859924316406	6.428953170776367	5	Tara
13.083410263061523	9.075448036193848	0	flashing
3.4764528274536133	-25.03759765625	3	Ballet
-4.543818473815918	-14.636171340942383	4	Relationships
24.3489990234375	18.045602798461914	2	coats
-41.606903076171875	10.878307342529297	5	Samantha
28.806949615478516	-0.7039600014686584	2	stitch
-16.06504249572754	-9.569726943969727	4	Biggest
43.061431884765625	9.835505485534668	1	crust
6.80558443069458	-14.188166618347168	5	Actress
13.04288101196289	6.210021495819092	6	sexuality
27.925413131713867	-1.9032824039459229	2	footwear
-10.284624099731445	-22.386743545532227	10	Shades
14.4000825881958	-14.103132247924805	3	notesLoading
20.85133171081543	15.52141284942627	2	ensemble
20.18230628967285	1.1662691831588745	6	widget
-4.79476261138916	28.813188552856445	0	stockings
-11.285919189453125	-10.210846900939941	3	Adelaide
-19.682374954223633	-12.034884452819824	4	Inspiration
1.867085576057434	28.538118362426758	0	posing
-28.616159439086914	0.4870374798774719	3	Swan
-43.774505615234375	3.0011818408966064	5	Cheryl
18.522808074951172	11.901854515075684	6	litter
2.2900643348693848	-10.654065132141113	5	Mae
17.110492706298828	3.9859275817871094	6	distress
-2.39850115776062	-15.133444786071777	4	Addiction
19.726408004760742	24.49265480041504	2	trendy
-10.300273895263672	1.2078070640563965	8	Ebony
-10.208282470703125	-20.545366287231445	4	Trend
-9.553186416625977	-14.096256256103516	4	Voices
25.626419067382812	-0.41302981972694397	2	platinum
-24.072423934936523	4.4792585372924805	6	peek
25.75845718383789	5.425714492797852	7	sandy
-22.607303619384766	-9.250711441040039	3	Smile
0.9937157034873962	-26.79588508605957	10	Vanity
-38.60191345214844	-3.2871954441070557	5	Kathleen
17.33138084411621	21.38568115234375	2	triangle
-45.46920394897461	2.095547676086426	5	Pam
4.886106491088867	-18.577791213989258	4	Shares
11.548599243164062	-12.623980522155762	2	Vuitton
-7.9796037673950195	-23.128862380981445	4	Designers
2.473659038543701	-10.522658348083496	5	Buffy
-25.98247528076172	-13.381489753723145	3	Ginger
-25.41366958618164	-13.103988647460938	3	Spice
-16.422237396240234	-17.823078155517578	3	Emerald
12.034516334533691	8.675853729248047	0	penetration
3.101426124572754	-27.820655822753906	10	Candle
34.260250091552734	12.224575996398926	6	supermarket
18.481792449951172	20.738981246948242	2	prom
-27.29494285583496	-1.4091763496398926	3	Yay
19.131113052368164	13.466419219970703	6	royalty
14.275965690612793	4.668829441070557	6	scans
-7.942838668823242	4.193141937255859	8	Fucked
-17.52398109436035	-17.5017147064209	3	Witch
41.75202178955078	10.850197792053223	1	veggies
-3.700186014175415	31.393718719482422	0	lesbians
8.262616157531738	26.098493576049805	2	paired
13.998730659484863	-15.17754077911377	10	Heated
-11.310253143310547	-0.05529232695698738	8	Tight
8.201099395751953	26.268173217773438	2	goodies
-37.77275085449219	10.175108909606934	5	Nikki
-39.610408782958984	7.086862564086914	5	Angie
9.636061668395996	19.20131492614746	6	witch
-11.173419952392578	-21.928407669067383	3	Diamonds
-18.989994049072266	-8.523601531982422	3	Scenes
10.961140632629395	20.832002639770508	0	gal
3.0276339054107666	-23.116859436035156	10	Layer
-25.16036033630371	-15.959470748901367	1	Delicious
26.84770965576172	0.3709292709827423	2	coral
8.297834396362305	18.437082290649414	6	chatting
-38.19557571411133	8.17347240447998	5	Sophie
-44.85016632080078	8.2958402633667	5	Denise
6.611993789672852	-28.748252868652344	10	Tote
7.306248188018799	24.589073181152344	6	obsession
-10.033111572265625	29.273317337036133	0	boob
-10.69770336151123	-38.90078353881836	9	OPEN
-7.789861679077148	-11.068428039550781	3	Dolls
17.986469268798828	13.165573120117188	6	fragile
11.8252592086792	-17.455928802490234	4	Herbal
-29.358741760253906	-2.496128559112549	5	Carmen
-38.755897521972656	-0.9810394644737244	5	Teresa
-13.147305488586426	-40.98442459106445	9	AMAZING
14.123756408691406	-14.259867668151855	9	MPG
-8.651176452636719	-14.993972778320312	4	Proposal
10.25517749786377	27.144094467163086	2	classy
12.623373031616211	17.13416290283203	0	spreads
-25.8066463470459	-5.214383602142334	3	Jade
-42.012237548828125	6.033830642700195	5	Alison
-34.73712921142578	-5.822929859161377	5	Frances
24.173315048217773	-3.5210986137390137	2	needles
29.98323631286621	-1.9921596050262451	2	embroidery
-7.36558723449707	31.55923080444336	0	sluts
18.217220306396484	-11.774153709411621	1	tablespoons
-6.513343811035156	-9.675204277038574	4	Couples
-24.655717849731445	-16.427297592163086	3	Strawberry
-27.492883682250977	0.5772145390510559	3	Fabulous