x	y	cluster	word
17.990095138549805	-8.841028213500977	3	nigerian
16.59888458251953	-8.79548168182373	3	ethiopian
16.589038848876953	-8.739673614501953	3	haitian
-15.749245643615723	-5.1287360191345215	3	kenyan
-0.7741606831550598	-14.734540939331055	2	african-american
-13.720412254333496	0.6900486350059509	3	congolese
-21.468721389770508	-1.2691481113433838	3	Africa
-19.74534797668457	-0.9898858070373535	3	African
-12.783016204833984	-21.164031982421875	4	elected
9.620041847229004	-27.435392379760742	7	Democratic
8.466601371765137	-9.473124504089355	10	Jews
2.935922384262085	-7.40552282333374	10	Christians
-7.4678635597229	2.9257543087005615	7	Barack
-8.937626838684082	4.725946426391602	7	Constitution
4.99210786819458	-7.3255295753479	10	churches
3.458897113800049	-28.889856338500977	2	poverty
21.776216506958008	-10.325925827026367	2	HIV
7.006812572479248	-24.844289779663086	7	presidential
0.6271076798439026	-2.442749500274658	10	Baptist
14.204999923706055	6.08995246887207	9	Census
-3.6516668796539307	6.955132961273193	2	AIDS
13.864967346191406	-23.540735244750977	7	Palestinian
5.670562267303467	-3.6448984146118164	10	Gospel
16.021799087524414	-4.163810729980469	4	IRS
-4.214425086975098	12.278105735778809	9	Movement
8.051363945007324	4.884700298309326	4	Commissioner
15.24622631072998	-9.730947494506836	1	census
23.073997497558594	7.048032760620117	9	Announces
-21.601314544677734	19.09127426147461	10	Abraham
-0.6988319158554077	-29.481372833251953	7	democratic
13.835212707519531	9.265310287475586	8	Hip
-22.524551391601562	2.9120147228240967	3	Cuba
5.058691501617432	-7.576961994171143	10	gospel
6.178073883056641	-4.562796115875244	10	Testament
-23.754968643188477	0.9566134810447693	3	Kenya
2.7353785037994385	-24.12982177734375	7	constitutional
9.307958602905273	13.61634349822998	8	Hop
-24.024023056030273	1.5233781337738037	3	Haiti
7.262655258178711	-0.7354044914245605	1	Parish
12.662389755249023	-25.195642471313477	3	Gaza
36.322547912597656	-2.734297752380371	8	agosorry
-20.912315368652344	-1.7582725286483765	3	Nigeria
-3.6937098503112793	-28.07721710205078	7	constitution
-0.6941538453102112	12.7660551071167	9	Population
-1.7028217315673828	13.272076606750488	9	Initiative
-25.65627670288086	-26.33726692199707	1	founding
-6.817080020904541	11.332730293273926	9	Presidential
-3.323179244995117	-31.120851516723633	7	unity
-3.50331449508667	-27.650726318359375	7	equality
-8.04248046875	-16.30889320373535	4	taxpayers
15.545132637023926	6.693549633026123	1	Genealogy
6.223132610321045	-24.451705932617188	7	racism
5.531559944152832	32.624534606933594	0	Notre
15.95734977722168	-17.912267684936523	4	shareholders
-4.35561466217041	-25.498455047607422	4	governance
-5.517527103424072	-14.515460968017578	4	enrolled
0.492153137922287	-1.9024150371551514	10	Methodist
-21.07584571838379	5.611595153808594	3	Jamaica
7.263814926147461	-6.823984146118164	10	parish
34.52268981933594	9.213852882385254	6	MISSED
19.050403594970703	-5.560818195343018	4	Medicaid
-2.6522059440612793	-21.03101921081543	2	obstacles
-8.070898056030273	11.638982772827148	9	Democracy
-14.99633502960205	-25.4027042388916	4	accountability
13.583813667297363	-23.323040008544922	7	Palestinians
-22.4241943359375	-28.874290466308594	4	mandate
5.048558712005615	-25.824556350708008	7	slavery
8.383357048034668	-27.60356330871582	7	activist
31.045053482055664	18.1158504486084	5	HIS
6.836973190307617	-5.722813606262207	10	Orthodox
6.2265167236328125	32.82863998413086	0	LSU
-21.063743591308594	-0.9773039221763611	3	Colombia
-4.139398574829102	13.816176414489746	9	Progressive
-18.371816635131836	-27.12145233154297	4	accountable
-23.597070693969727	-1.6826248168945312	3	Libya
-9.397283554077148	23.7164363861084	9	Timeline
-5.494321346282959	-17.200634002685547	4	donor
-18.09043312072754	-1.4983576536178589	3	Cuban
19.650413513183594	-5.812121868133545	4	subsection
-5.914585590362549	-17.045705795288086	4	donors
-23.076335906982422	7.481799125671387	3	Palestine
3.951105833053589	-21.92524528503418	7	voter
-8.432353019714355	-16.71101188659668	4	taxpayer
34.42213821411133	4.182672500610352	0	touchdown
1.4619632959365845	-2.153289794921875	10	Churches
5.654310703277588	33.26612854003906	0	Panthers
-16.82721519470215	-20.288780212402344	4	interim
0.8590816259384155	-7.520066738128662	10	believers
31.18281364440918	0.536956250667572	8	Toner
-6.248623371124268	-17.692903518676758	4	stakeholders
-3.352295160293579	5.260895252227783	9	NPR
-24.649797439575195	-0.8404302000999451	3	Sudan
2.1196672916412354	-10.077313423156738	10	Vatican
0.8015376329421997	-6.6950225830078125	10	congregation
36.3087043762207	-2.7056846618652344	5	EVINRUDE
14.431241035461426	10.063161849975586	1	ADT
12.372986793518066	-25.708297729492188	3	Syrian
7.498655319213867	-3.3380165100097656	10	Himself
-4.045833587646484	-31.512353897094727	7	secular
-28.902734756469727	-30.776569366455078	8	Specifically
4.292453289031982	-22.970504760742188	4	sanctions
-16.119640350341797	17.878746032714844	1	Hugo
4.5744099617004395	10.715444564819336	8	Resistance
-5.444194793701172	21.650962829589844	9	Agenda
-19.81851577758789	2.474959373474121	3	Cairo
3.9957058429718018	-30.85616111755371	3	refugees
5.028598785400391	-8.110881805419922	10	theology
5.9374308586120605	-4.269287109375	10	Biblical
17.87084197998047	-5.270468711853027	4	dividend
13.380878448486328	1.4996784925460815	1	singled
21.860816955566406	3.6869418621063232	1	DIRECTV
-16.857608795166016	-27.998064041137695	4	elect
4.234611511230469	-7.96134614944458	10	biblical
-24.131040573120117	0.17010830342769623	3	Zimbabwe
-5.315786361694336	11.209239959716797	9	Elections
-4.084588527679443	22.894147872924805	9	Challenges
-9.882495880126953	24.686813354492188	9	Volunteers
-23.473905563354492	-0.20201079547405243	3	Venezuela
9.404252052307129	12.495157241821289	1	Rotary
24.068086624145508	3.8647871017456055	9	Earnings
6.0771942138671875	8.817353248596191	9	Fiscal
17.79440689086914	8.930140495300293	8	cur
-20.741662979125977	28.3250732421875	1	Lafayette
-17.26900863647461	-26.09459686279297	4	governmental
-8.836840629577637	12.618741035461426	9	Declaration
9.163402557373047	-1.7217386960983276	10	Isaiah
4.4961347579956055	-30.327917098999023	3	humanitarian
8.070605278015137	-0.32713067531585693	1	Choir
-6.135166168212891	-16.444080352783203	4	charities
-18.088777542114258	20.458110809326172	9	Unity
25.679719924926758	3.2267448902130127	8	Printers
28.11562728881836	1.285233497619629	1	Zillow
26.271160125732422	3.6255619525909424	8	Cables
3.0552937984466553	32.837772369384766	0	tackles
7.18791389465332	32.721927642822266	0	Colts
-24.90064811706543	1.357808232307434	3	Uganda
-7.121415615081787	5.999046802520752	7	Occupy
-11.929924964904785	24.871997833251953	1	Reunion
-0.1320946365594864	-1.542203664779663	10	Blessed
29.484045028686523	20.565261840820312	5	CARE
-24.38494873046875	3.1667892932891846	3	Ghana
-9.909585952758789	-14.629518508911133	4	commissioner
-5.548629283905029	23.41056251525879	9	Diversity
-17.68743324279785	-26.780658721923828	4	governed
34.35055923461914	9.06650161743164	6	REBOUND
0.8369720578193665	-9.088305473327637	10	Jew
-26.00493812561035	-29.042078018188477	4	Accordingly
6.056420803070068	33.37943649291992	0	Falcons
1.5184376239776611	13.057465553283691	9	Fraud
-7.969682693481445	6.8756794929504395	7	Biden
16.33258056640625	-17.562374114990234	4	creditors
-1.500335693359375	20.37151336669922	8	Reads
0.5145298838615417	0.4382553696632385	10	Rev
-11.441329002380371	23.303997039794922	1	Roots
-6.544654846191406	21.261716842651367	9	Voting
0.25769883394241333	-6.930882930755615	10	preaching
-19.29505729675293	1.505536675453186	3	Dominican
13.289542198181152	-17.263473510742188	3	trafficking
-6.861995220184326	-30.69725227355957	7	presidency
29.919445037841797	22.112804412841797	5	AMERICAN
-18.427051544189453	-25.018232345581055	4	owed
4.280101299285889	-23.475980758666992	7	electoral
-0.33596423268318176	-12.550555229187012	1	historian
-15.235078811645508	17.23832130432129	1	Rand
-18.11077117919922	22.618450164794922	1	Observer
9.931170463562012	-25.31454086303711	7	Hussein
6.191761016845703	-28.664871215820312	7	rebel
4.155364036560059	-9.902405738830566	10	righteous
-19.424854278564453	-28.29262351989746	4	privileged
7.637247562408447	-23.180736541748047	7	socialist
-9.497421264648438	-21.79782485961914	10	redemption
-7.7652058601379395	22.624799728393555	9	Equal
-24.190813064575195	-0.4975225329399109	3	Ethiopia
-10.555427551269531	-28.578054428100586	2	realities
-19.615798950195312	28.109743118286133	1	Maurice
-8.73044490814209	5.254684925079346	9	Constitutional
0.2190137505531311	14.40418529510498	9	Sustainability
-7.46970796585083	25.182485580444336	9	Transition
-24.67083740234375	-31.417911529541016	7	confronted
-22.346435546875	20.742340087890625	1	Augustine
-7.777141094207764	23.42987823486328	9	Collective
10.914828300476074	13.118369102478027	1	Ensemble
21.360443115234375	4.39095401763916	8	GBP
6.806905269622803	-7.299091339111328	10	bishop
-22.52443504333496	-31.11246681213379	7	confront
-23.14301109313965	0.6660109162330627	3	Congo
-21.759458541870117	20.910663604736328	10	Amen
6.906620502471924	-27.478796005249023	7	rebels
-2.1204335689544678	-21.739593505859375	2	epidemic
-6.899852275848389	5.423691749572754	9	LGBT
28.539186477661133	0.8211058974266052	1	Eau
-22.331317901611328	18.484500885009766	10	Jeremiah
-15.29705810546875	0.9952166080474854	3	Nile
34.3966064453125	4.129809856414795	0	touchdowns
-23.17156219482422	7.259268283843994	3	ambassador
-6.956570625305176	3.7511613368988037	7	Gingrich
-0.08213048428297043	-3.2389557361602783	10	Messiah
-11.627959251403809	-18.022809982299805	4	expressly
29.158823013305664	25.398025512695312	5	TRUE
34.55521011352539	9.640722274780273	6	JUMPER
28.62337875366211	2.008361339569092	8	SSD
1.4806652069091797	9.037400245666504	9	Trustees
-14.97746467590332	16.541078567504883	9	Presidents
-12.305689811706543	-21.18226432800293	7	presidents
0.22072002291679382	-14.02010726928711	1	genealogy
7.561581611633301	-8.035161018371582	10	covenant
-14.028386116027832	18.661697387695312	1	Omar
-21.68651008605957	0.6754030585289001	3	Guinea
17.238351821899414	-16.654277801513672	4	bailout
9.535305976867676	-20.547914505004883	7	feminist
-5.015421390533447	21.967037200927734	9	Advocacy
6.413672924041748	-16.792078018188477	2	inheritance
1.8632898330688477	-1.2777963876724243	10	Ministries
-9.281559944152832	11.587780952453613	9	Revolutionary
29.78881072998047	24.0253849029541	5	WEEK
2.1723241806030273	33.223304748535156	0	Purdue
-25.601360321044922	-26.468124389648438	1	founders
-0.05706891044974327	-6.796819686889648	10	preach
-13.669063568115234	25.5067081451416	1	Baton
-8.062337875366211	13.277165412902832	9	Poverty
-7.131430149078369	-15.561728477478027	4	dividends
-17.18437957763672	-19.21565818786621	4	spokesperson
-9.383771896362305	10.246557235717773	7	Brotherhood
34.03066635131836	10.8477144241333	6	DEF
15.494288444519043	-13.998540878295898	2	systemic
-7.465572357177734	-30.21986198425293	7	accusations
18.79619789123535	6.92708158493042	8	Monitors
15.66935920715332	-6.976264476776123	9	Aboriginal
-16.561176300048828	-28.297866821289062	4	sworn
-1.2446398735046387	12.035853385925293	9	Governance
-3.0414888858795166	17.922443389892578	9	Preservation
-17.026344299316406	-4.405673980712891	3	IMF
0.2620489001274109	-2.2367513179779053	10	Episcopal
-29.658803939819336	-31.476764678955078	2	Whereas
-4.18919038772583	-14.698057174682617	4	ambulance
-21.516143798828125	4.471055030822754	3	Salvador
1.5238454341888428	-15.069476127624512	4	firefighters
28.617128372192383	-1.738324522972107	10	Corinthians
11.945563316345215	7.212134838104248	9	GIS
-3.6554577350616455	-24.005813598632812	2	displaced
-17.51421546936035	18.728418350219727	1	Harlem
-24.09067153930664	2.5343544483184814	3	Guatemala
-1.5344833135604858	-1.2507535219192505	10	Zion
16.434412002563477	-13.379179954528809	2	maternal
-5.737326622009277	24.890933990478516	9	Outreach
-8.681020736694336	-17.21731185913086	4	fraudulent
-0.32330775260925293	-3.1174631118774414	10	Savior
5.07656192779541	-22.24335289001465	7	referendum
-24.272926330566406	27.232257843017578	1	Levy
7.2491960525512695	-26.129758834838867	7	genocide
-2.815002202987671	22.38333511352539	9	Mapping
12.050207138061523	12.305706024169922	8	Cent
-0.847405731678009	-11.511106491088867	10	descendants
-10.289920806884766	-26.151796340942383	2	plague
26.655324935913086	12.387677192687988	5	Abusive
-21.852933883666992	-0.3124842047691345	3	Tanzania
0.9615176320075989	-27.9621639251709	7	reconciliation
10.141294479370117	13.180350303649902	1	Burial
-1.6751821041107178	-1.692929983139038	10	Covenant
2.5075480937957764	32.06988525390625	0	Ole
15.09707260131836	-16.679296493530273	4	municipality
-21.714977264404297	-2.53131103515625	3	Somalia
-17.84933853149414	21.89086151123047	9	Advocate
31.622591018676758	19.473234176635742	5	BEEN
7.977282524108887	-25.643531799316406	7	Israelis
29.67820167541504	20.21044921875	5	STATES
28.846223831176758	23.155174255371094	5	GENERAL
-2.9755353927612305	10.737584114074707	9	Judicial
35.55091857910156	-2.2934110164642334	8	MouseWait
7.2318878173828125	-28.306777954101562	7	coup
17.081148147583008	-13.311982154846191	2	genetically
-6.358026504516602	-25.03534698486328	2	empower
-12.944656372070312	-23.76933479309082	7	defenders
-7.012195587158203	-29.401975631713867	7	injustice
5.795438766479492	-8.456942558288574	10	theological
-21.243616104125977	-28.6872615814209	4	objections
4.0722246170043945	-11.101815223693848	7	atheist
34.005699157714844	10.895284652709961	6	PTR
19.91933250427246	4.606834411621094	8	Fedora
-19.73802375793457	4.612575531005859	3	Bahamas
8.080281257629395	-4.855652332305908	10	Archbishop
-13.393969535827637	23.391511917114258	1	Marley
-1.110144019126892	13.121926307678223	9	Migration
-15.637628555297852	-20.086502075195312	4	warrants
-7.984474182128906	-15.659093856811523	4	shareholder
-9.124869346618652	-14.056300163269043	4	incumbent
-4.167367935180664	-18.818384170532227	2	capacities
-3.131906509399414	-12.87663745880127	7	marching
-19.741966247558594	18.90713119506836	1	Bethlehem
-26.973081588745117	-29.31559944152832	4	declares
4.606977462768555	33.68023681640625	0	Clemson
31.03650665283203	-0.17773844301700592	8	dpi
20.516536712646484	1.203078269958496	9	CFR
4.9864115715026855	-23.826780319213867	7	imprisonment
-21.322877883911133	25.75872230529785	1	Theodore
15.872587203979492	-15.487181663513184	4	incomes
24.711496353149414	-6.942231178283691	2	mutations
-2.5378963947296143	-19.38629150390625	2	suppression
9.419270515441895	-8.060103416442871	10	prophets
6.3395490646362305	-2.7346177101135254	10	Theology
30.014877319335938	5.226802825927734	5	FORD
-3.4104435443878174	8.404078483581543	9	Indigenous
3.41353440284729	-7.3478803634643555	10	Protestant
-1.8371787071228027	16.288284301757812	9	Statements
32.63117599487305	-0.6777162551879883	8	Cordless
8.905182838439941	-25.74106216430664	7	assassination
19.034448623657227	-11.599761962890625	2	distributions
13.391202926635742	-0.2449788600206375	1	Confederate
-20.927892684936523	27.19339942932129	1	Sanford
-7.835638523101807	-30.523208618164062	7	abuses
-14.994316101074219	-18.50354766845703	4	commencement
-3.612116813659668	22.753332138061523	9	Transformation
3.5830042362213135	-30.792152404785156	3	refugee
14.76016902923584	-13.350357055664062	2	displacement
-8.813684463500977	-26.05059814453125	2	articulate
-19.651521682739258	5.500432968139648	1	Bermuda
18.848745346069336	5.969405174255371	8	Median
6.977259159088135	-8.133761405944824	10	bishops
-18.175928115844727	28.199405670166016	1	Julius
-24.397138595581055	29.348602294921875	1	Gibbs
-18.27766990661621	19.293914794921875	1	Jubilee
-2.664532423019409	-30.12192726135254	7	rebellion
3.7924609184265137	-17.956626892089844	4	plaintiffs
-1.6478443145751953	-29.39347267150879	7	solidarity
29.325782775878906	1.8032748699188232	8	RAID
-21.415531158447266	-27.235137939453125	4	communicated
12.926841735839844	6.176785469055176	9	Unemployment
-10.77869701385498	-14.507522583007812	4	trustee
-20.53072166442871	-28.195106506347656	4	pledged
-7.531467437744141	-15.313693046569824	4	dues
-2.329469919204712	22.094472885131836	9	Aids
-1.6228092908859253	7.676078796386719	9	ICC
-18.444171905517578	30.191736221313477	0	Reggie
22.4136962890625	-8.706182479858398	2	mutation
0.9678148031234741	32.92412567138672	0	Vanderbilt
-12.681971549987793	-29.091346740722656	7	flee
6.797445297241211	-22.591806411743164	7	capitalist
-21.768287658691406	19.776348114013672	10	Saul
-9.861855506896973	22.71196746826172	8	Keystone
-26.561548233032227	-27.916921615600586	7	proclaimed
0.6616784334182739	-0.7663071751594543	10	Exodus
23.010852813720703	3.2761075496673584	1	Limousine
9.473270416259766	14.602640151977539	1	Plantation
-6.685801982879639	2.7104604244232178	7	Santorum
10.089351654052734	5.878393650054932	4	HUD
3.522813081741333	-9.80855655670166	10	pope
-24.160539627075195	-29.065231323242188	4	contingent
4.661427021026611	-26.021360397338867	7	persecution
18.857412338256836	-0.852331280708313	8	dem
-10.17316722869873	-30.625221252441406	7	undermine
-0.7265328168869019	-7.40418004989624	10	clergy
29.374778747558594	24.26402473449707	5	PRESS
-0.49311259388923645	20.614116668701172	8	Checks
4.082581520080566	-26.345666885375977	7	oppression
2.917966365814209	-19.071048736572266	4	protections
4.6140618324279785	-24.051780700683594	7	freedoms
3.119821548461914	-30.085065841674805	3	asylum
1.4180755615234375	8.996573448181152	4	Commissioners
-17.240671157836914	19.791881561279297	9	Humanity
3.9455742835998535	32.63376998901367	0	Tebow
-8.131438255310059	4.166872501373291	7	Socialist
32.054222106933594	-0.7159534692764282	8	Radeon
1.4304287433624268	32.99174499511719	0	Rutgers
-24.712936401367188	28.23166847229004	1	Zimmerman
-24.692378997802734	0.20472581684589386	3	Yemen
34.06325912475586	9.633550643920898	6	FOUL
7.2827630043029785	-22.906673431396484	7	socialism
14.055704116821289	-16.062606811523438	4	richest
29.285436630249023	22.234270095825195	5	AMERICA
14.47004222869873	12.892410278320312	8	Generated
-5.342162609100342	24.567028045654297	9	Perspectives
36.765098571777344	-2.9294607639312744	8	friendWas
-17.94879150390625	23.325550079345703	9	Speaks
-1.027718424797058	-6.924510478973389	10	brethren
-0.8558952808380127	-26.223981857299805	7	grassroots
3.2344343662261963	31.773900985717773	0	UNC
-12.315022468566895	-29.646873474121094	7	turmoil
20.834856033325195	-9.413990020751953	2	rhythms
-1.825994849205017	-27.457155227661133	7	republican
-16.33798599243164	0.5101802349090576	3	Johannesburg
-18.109703063964844	17.420486450195312	1	Lucia
27.77121925354004	26.476425170898438	5	CAP
-20.111812591552734	3.7570815086364746	3	Belize
8.79078197479248	4.8495869636535645	4	Fannie
30.165475845336914	24.475719451904297	5	DEATH
-21.43715476989746	-24.805587768554688	2	staggering
-2.215230703353882	17.24003028869629	9	Consortium
-19.184492111206055	-1.0556772947311401	3	Nigerian
-22.81315803527832	22.78854751586914	10	Elijah
-14.854043006896973	25.88859748840332	1	Asheville
-11.696426391601562	-25.84406280517578	2	descended
9.993578910827637	-7.252043724060059	10	baptized
-9.699721336364746	-17.733734130859375	4	beneficiaries
-24.351276397705078	-30.25514793395996	4	precedent
6.040680885314941	14.686171531677246	8	Catalyst
3.807684898376465	18.817087173461914	1	Grainger
11.745332717895508	15.265950202941895	8	Stat
-26.90819549560547	-30.25530433654785	4	acknowledges
-4.473099708557129	-30.331995010375977	7	liberation
18.549781799316406	-10.320413589477539	2	births
-18.423261642456055	-4.164254665374756	3	NGOs
-18.93623924255371	22.793434143066406	9	Peoples
32.39631652832031	23.179418563842773	5	EVEN
-1.275374412536621	4.451352119445801	1	Laurent
4.71016788482666	21.565004348754883	1	Appalachian
29.425256729125977	23.218608856201172	5	HISTORY
5.946903705596924	18.94414520263672	1	Obituary
14.752277374267578	6.149507999420166	1	Hospice
17.275571823120117	-16.304353713989258	4	ballots
-3.2784061431884766	-27.46754264831543	7	liberties
-20.01357078552246	-26.808443069458008	4	mandated
-22.02664566040039	19.70220184326172	10	Reverend
22.734235763549805	4.73613166809082	8	EAN
-14.481888771057129	-21.135234832763672	7	takeover
-16.074647903442383	26.739898681640625	1	Gainesville
29.791667938232422	5.349191665649414	5	AMAZON
-22.857275009155273	-30.03097152709961	4	rejecting
8.685426712036133	10.127203941345215	9	Sociology
35.71023178100586	-2.405822515487671	9	Amdt
30.774538040161133	23.594236373901367	5	MEDIA
21.388967514038086	-10.629393577575684	2	malaria
7.453320026397705	-8.862024307250977	10	spiritually
-12.692309379577637	-20.397212982177734	4	indictment
-2.6483402252197266	-29.733356475830078	7	imprisoned
-2.780780792236328	16.396297454833984	9	Foundations
-2.9400017261505127	4.811621189117432	1	JFK
21.426801681518555	1.582417607307434	9	OSHA
5.31137752532959	10.868590354919434	9	Stability
-16.13958168029785	-20.83126449584961	4	financed
-11.223668098449707	-14.7734375	4	trustees
28.747400283813477	24.232322692871094	5	CHANGE
-15.787282943725586	-31.35318946838379	7	condemn
30.337074279785156	23.687541961669922	5	PAUL
-9.658236503601074	22.315866470336914	8	Constant
7.379886150360107	-3.9192965030670166	10	Communion
6.02710485458374	-5.264658451080322	10	Anglican
-7.1318206787109375	12.999074935913086	9	Equality
-8.265000343322754	10.83887004852295	7	Opposition
6.640559673309326	-20.944934844970703	2	inequality
-8.668768882751465	21.228242874145508	8	CSA
-24.960620880126953	-30.311668395996094	4	asserted
7.558690071105957	11.644083023071289	9	Correspondence
8.729842185974121	10.867568969726562	9	Formation
31.35399055480957	19.950014114379883	5	THROUGH
7.201923847198486	33.10606384277344	0	Bengals
-10.358685493469238	-14.639951705932617	4	commissioners
-25.048938751220703	-28.116239547729492	4	owes
-23.59998893737793	1.9070069789886475	3	Bolivia
11.732295036315918	5.9607133865356445	8	USPS
29.971492767333984	22.831398010253906	5	LOCAL
21.430082321166992	4.55742073059082	8	PBX
-15.028360366821289	-18.99917221069336	4	unanimously
-2.232414960861206	8.891620635986328	9	Monetary
-3.8152899742126465	-30.187564849853516	7	exile
29.91029167175293	19.35304832458496	5	PROGRAM
15.340373992919922	-6.677704334259033	3	UNESCO
-1.7786295413970947	-22.525636672973633	2	crises
9.370282173156738	-25.0638484954834	7	riots
-8.674052238464355	-29.949893951416016	7	activism
27.820629119873047	2.459625244140625	8	SPF
-19.749176025390625	-3.178591251373291	3	Kosovo
-9.602112770080566	-27.94333839416504	2	fearful
6.046014308929443	17.344974517822266	8	Trilogy
-20.333961486816406	-24.58660888671875	2	documenting
-4.980920791625977	3.056861639022827	7	Dem
-23.285552978515625	1.827316403388977	3	Honduras
13.386032104492188	14.02622127532959	8	Ports
-6.353483200073242	12.02121639251709	9	Voters
-8.115139961242676	-23.48406410217285	2	dread
-22.596324920654297	0.8118677735328674	3	Tunisia
0.3945758640766144	-21.17058563232422	2	instability
16.34947395324707	-5.855928421020508	4	Tribunal
-16.700138092041016	25.610891342163086	1	Harrisburg
-11.139816284179688	26.735401153564453	9	Hosts
-25.662796020507812	30.187618255615234	1	Hubbard
-16.002897262573242	-25.714279174804688	4	substantive
6.078293800354004	-2.3213446140289307	10	Seminary
-22.169923782348633	21.344711303710938	10	Jonah
-19.637367248535156	-0.00515734264627099	3	Armenia
-18.03693962097168	-27.57960319519043	4	empowered
-15.852121353149414	-6.506808280944824	3	Africans
4.3030877113342285	12.993440628051758	9	Eligible
-15.563302993774414	17.35516929626465	1	Negro
-15.14216423034668	26.198837280273438	1	Decatur
-4.292386531829834	4.7730712890625	7	MSM
31.20920181274414	3.157043695449829	5	CABLE
-21.812101364135742	26.95187759399414	1	Laurence
22.850101470947266	3.593041181564331	1	Obituaries
-26.69632339477539	2.0156443119049072	3	NGO
-25.408723831176758	-29.935821533203125	4	afforded
-8.893988609313965	-17.721372604370117	4	entitlement
1.6684225797653198	-7.500208854675293	10	preacher
28.447370529174805	26.15421485900879	5	HOPE
-0.8295629620552063	-3.4542899131774902	10	Almighty
-13.101295471191406	-18.16526222229004	4	beneficiary
6.693928241729736	16.583457946777344	8	Refine
4.6963677406311035	-21.353397369384766	4	unconstitutional
32.32335662841797	0.9711647033691406	1	flied
-17.4029598236084	-30.45535659790039	7	campaigning
-24.385719299316406	0.9541289210319519	3	Rwanda
9.517929077148438	7.848495960235596	9	Enrollment
1.5124369859695435	11.456376075744629	9	FTC
2.2045531272888184	32.512969970703125	0	Vick
-24.300006866455078	-31.23773193359375	2	troubling
-16.764440536499023	22.15695571899414	8	Referring
-29.754661560058594	-31.530445098876953	7	Ironically
10.409257888793945	-7.15258264541626	10	Hebrews
-6.528090000152588	23.549062728881836	9	Commitment
-3.824522018432617	-20.560346603393555	2	transitional
-12.627717018127441	23.086349487304688	8	Curse
-9.747349739074707	11.322685241699219	3	Liberation
1.7150514125823975	-6.360128879547119	10	preached
23.089153289794922	5.9154887199401855	9	Dividend
-7.479590892791748	12.521167755126953	9	Unions
-3.0057101249694824	-18.419206619262695	2	deficiencies
8.642850875854492	10.622425079345703	9	Anthropology
-2.2693710327148438	-12.243677139282227	7	murderer
-8.49775505065918	-24.543821334838867	7	courageous
16.042617797851562	-12.646900177001953	2	clinically
-8.880828857421875	19.68764305114746	9	PAC
-18.98055648803711	-31.271955490112305	7	plight
-15.679786682128906	20.823261260986328	9	Governors
-18.960317611694336	20.268972396850586	8	Redemption
31.175735473632812	3.144329786300659	5	ASSEMBLY
-2.0409440994262695	10.799567222595215	9	Committees
34.0590705871582	9.356645584106445	6	LAYUP
0.20486892759799957	33.51546859741211	0	MSU
1.9595534801483154	-7.1518683433532715	10	pastors
29.0638484954834	20.122323989868164	5	EDUCATION
-0.030427785590291023	14.718732833862305	9	Organizational
-11.18910026550293	-17.979433059692383	4	foregoing
-2.929995059967041	15.912710189819336	9	Renewal
-2.4462411403656006	18.225624084472656	9	Fundraising
-27.091033935546875	-29.94589614868164	4	informs
-19.156843185424805	-30.011032104492188	2	profoundly
12.20303726196289	10.781129837036133	1	Gras
-5.031282901763916	-19.200637817382812	2	negatives
12.34127426147461	9.77342700958252	1	Vinci
29.225696563720703	18.99321746826172	5	NOTICE
33.98937225341797	10.857213973999023	6	ASSIST
23.327560424804688	-6.77827787399292	1	vineyards
-8.920713424682617	-26.334402084350586	2	consciously
-5.921360015869141	18.15223503112793	9	Scholars
30.169347763061523	21.440397262573242	5	BILL
2.3721253871917725	-18.59897232055664	2	procedural
-20.084842681884766	-2.1684646606445312	3	Bosnia
16.88628578186035	3.9414515495300293	8	PNG
-17.243499755859375	-31.415557861328125	7	accuse
-20.96917152404785	-29.056428909301758	4	intervene
-9.951532363891602	-24.50179672241211	2	portrayal
22.093669891357422	-7.739105701446533	2	grooves
-16.246212005615234	-30.576868057250977	7	accusing
-15.56428050994873	-25.269018173217773	4	affirmative
-0.4509945809841156	-16.099773406982422	2	eccentric
-6.625998497009277	-25.231653213500977	2	empowering
9.187034606933594	10.696175575256348	9	Archaeology
-14.553778648376465	27.27235984802246	1	Lehigh
13.885866165161133	-16.214935302734375	2	miners
-13.081941604614258	24.13454246520996	1	Freeport
-2.349578857421875	-15.34285831451416	2	unanswered
17.855117797851562	-10.692679405212402	2	interdisciplinary
5.688670635223389	18.238449096679688	1	Surname
-10.185195922851562	-21.533241271972656	4	heir
-25.935440063476562	-30.81499481201172	2	effected
29.231121063232422	15.955682754516602	5	ENERGY
30.107467651367188	19.079042434692383	5	COMMUNITY
-25.323318481445312	-30.602508544921875	4	acknowledging
35.90941619873047	-2.5370349884033203	8	InManage
-23.93303680419922	-28.374563217163086	4	obligated
-6.826348304748535	22.38250160217285	9	Interim
31.424055099487305	-0.08634604513645172	8	Inkjet
-16.816364288330078	26.71864128112793	1	Fayetteville
-5.280362606048584	20.450050354003906	9	Accountability
-7.312859058380127	-26.864913940429688	2	societal
-1.0330865383148193	7.939598083496094	9	FEMA
26.32050323486328	2.5644850730895996	8	Barcode
-22.801530838012695	27.681509017944336	1	Theo
30.780414581298828	22.797462463378906	5	KEEP
2.29634428024292	-8.878710746765137	10	missionaries
24.277685165405273	2.690187454223633	8	Phys
-24.920421600341797	-29.770360946655273	4	respecting
-9.735194206237793	-26.978727340698242	2	suppressed
21.908992767333984	6.171446800231934	8	Unisex
-22.651399612426758	1.1576281785964966	3	Mali
-21.03505516052246	5.819647789001465	3	Barbados
29.24598503112793	15.647503852844238	5	SECURITY
-22.71791648864746	24.426715850830078	1	Bethel
7.814664840698242	-28.140819549560547	7	thugs
3.427417755126953	31.322420120239258	0	Dez
8.23413372039795	9.814640998840332	9	Entrepreneurship
21.474634170532227	7.243152618408203	8	Sweatshirt
16.794649124145508	-17.474300384521484	4	debtor
1.5416439771652222	9.099127769470215	4	Trustee
12.02344799041748	10.906855583190918	1	Mardi
-21.69169044494629	27.983783721923828	1	Putnam
0.013203568756580353	-15.122809410095215	2	uplifting
9.382181167602539	-19.349092483520508	7	atheists
6.813036918640137	8.621026992797852	9	Discrimination
15.812838554382324	-13.82940673828125	2	uncertainties
8.295044898986816	31.950782775878906	0	punt
15.782711029052734	-12.391551971435547	2	variability
8.145031929016113	-2.0739641189575195	10	Cor
15.30972957611084	-10.420267105102539	2	archival
-22.959999084472656	29.209632873535156	1	Otis
6.304424285888672	-17.802610397338867	7	thinkers
16.190937042236328	-11.961688995361328	2	diffusion
4.099245548248291	-29.880035400390625	3	poorest
32.311920166015625	-0.04319368302822113	8	Gigabit
-14.723322868347168	0.8567990064620972	3	Mohamed
-11.05650806427002	21.06924819946289	9	Deaf
0.11725643277168274	20.722291946411133	8	Introduces
-19.04875946044922	28.205900192260742	1	Booker
6.31864595413208	-26.70599365234375	7	militant
-0.6450031995773315	-2.4127068519592285	10	Apostle
-21.74376106262207	5.4024200439453125	3	Leone
-6.227419853210449	-25.24411964416504	2	empowerment
21.299072265625	-9.453645706176758	2	vulnerabilities
-18.116832733154297	-26.544862747192383	4	vested
-19.762487411499023	-30.18862533569336	7	contradiction
-21.49869155883789	-24.28409767150879	2	plagued
-24.064157485961914	28.652904510498047	1	Berger
25.357046127319336	5.175274848937988	8	Threaded
26.68655776977539	11.670330047607422	5	PostReport
-12.037518501281738	22.777725219726562	8	Mob
7.206435680389404	11.298818588256836	9	Humane
-9.702001571655273	-17.42233657836914	4	prohibits
4.271829605102539	19.04112434387207	1	Boogie
-23.113399505615234	0.23472057282924652	3	Algeria
1.5638723373413086	-6.642930507659912	10	ordained
0.3806745111942291	32.56320571899414	0	Marquette
11.155223846435547	-24.07805633544922	7	dictator
-3.951439619064331	-21.825639724731445	2	narratives
-7.535118103027344	21.53809356689453	9	Corrections
30.17301368713379	-0.10598618537187576	1	Cabernet
-2.8955039978027344	20.760009765625	9	Scheduled
14.607662200927734	12.755491256713867	8	Projection
-14.973380088806152	-0.7278638482093811	3	Sinai
28.211362838745117	25.58967399597168	5	IMPORTANT
-6.010623455047607	-21.045093536376953	2	minimizing
13.948356628417969	-13.476618766784668	2	expectancy
2.351966142654419	13.648250579833984	9	Consolidated
-9.641386985778809	-24.645341873168945	7	blogosphere
-19.681447982788086	-1.3034937381744385	3	Ethiopian
-7.6274213790893555	12.59565258026123	9	Corruption
29.301088333129883	16.199054718017578	5	WIRE
-8.86771011352539	21.539960861206055	8	Consult
29.166292190551758	3.257389783859253	5	ViolationRe
2.217111349105835	-7.8870015144348145	10	evangelical
28.749990463256836	-1.536590814590454	10	NIV
2.476278066635132	12.93978214263916	9	Contracting
-9.643519401550293	-30.612842559814453	7	legitimacy
17.567243576049805	-0.9389843940734863	1	Tolkien
-3.9795327186584473	-10.711302757263184	10	redeemed
-10.339838027954102	-24.677078247070312	2	visionary
17.267555236816406	-13.188591957092285	2	fetus
23.23884391784668	5.006618499755859	8	Insulation
11.862805366516113	-15.543094635009766	4	deputies
31.678255081176758	-1.1991499662399292	2	dielectric
-20.731433868408203	0.813658595085144	3	Madagascar
5.395220756530762	-28.49843406677246	7	unrest
-22.233116149902344	23.91951560974121	1	Emmanuel
13.568737030029297	12.440563201904297	8	Hex
-16.61273193359375	13.785661697387695	3	Amnesty
-14.171584129333496	24.18100357055664	1	Marcel
11.273086547851562	-24.63671112060547	7	Hezbollah
11.154093742370605	-22.538972854614258	7	Egyptians
33.651710510253906	-0.3205849230289459	5	CYLINDER
-7.8548665046691895	25.048900604248047	9	Addresses
1.4867286682128906	-24.614986419677734	7	bureaucracy
9.262372970581055	-24.55756187438965	7	militia
-23.483755111694336	2.7589900493621826	3	Nicaragua
-0.9666509032249451	-17.412351608276367	2	believable
-1.0554695129394531	4.247406959533691	1	Henri
1.5257023572921753	-2.401965856552124	10	Bishops
16.40545082092285	-17.491762161254883	4	creditor
2.643521785736084	-0.7052063941955566	10	Sermon
-15.622832298278809	2.2558960914611816	3	Antigua
34.411197662353516	-1.4853291511535645	8	CompareCompare
-6.456337928771973	18.817888259887695	9	Fellows
-6.979280471801758	8.072056770324707	1	Rockefeller
4.025101661682129	17.02889060974121	1	Ledger
18.960861206054688	-8.351778030395508	1	reggae
3.666555166244507	16.641937255859375	8	Bail
-10.395967483520508	21.937519073486328	9	Asylum
-1.9174625873565674	-16.037616729736328	2	hurdles
18.230976104736328	-11.601858139038086	2	pacing
34.28536605834961	-1.4100372791290283	8	rDev
-18.503543853759766	-0.10136828571557999	3	Nairobi
14.19183349609375	-14.612398147583008	2	sanitation
-11.8954496383667	-25.853429794311523	2	descend
1.1327747106552124	31.96238899230957	0	Rebels
3.380798578262329	-8.927142143249512	10	pastoral
-16.29977798461914	2.841400384902954	1	Santo
30.976226806640625	-0.6293456554412842	1	Sauvignon
2.1551761627197266	31.7786922454834	0	Loyola
11.295050621032715	7.580892086029053	9	SOA
-18.835859298706055	-26.53213882446289	4	mandates
-5.533337593078613	18.131547927856445	9	Charities
34.26173782348633	9.990205764770508	6	TURNOVR
-1.1208534240722656	-18.66209602355957	2	unborn
-2.8154194355010986	13.909010887145996	9	Societies
-17.516498565673828	25.831226348876953	1	Jamestown
17.01969337463379	-15.659049034118652	4	uninsured
31.76980972290039	23.805416107177734	5	THOMAS
-0.06953117251396179	-28.005050659179688	7	factions
-5.850127696990967	2.4597554206848145	7	Obamacare
2.1468894481658936	15.069584846496582	9	Appraisal
-4.615249156951904	-14.860478401184082	4	inmate
-23.269792556762695	27.814212799072266	1	Desmond
22.80349349975586	-8.839069366455078	2	abnormalities
-7.693746566772461	20.224573135375977	9	DHS
-2.0621261596679688	17.7023983001709	9	Partnerships
-9.230979919433594	-22.151092529296875	2	inherit
-22.17801284790039	25.48056983947754	1	Elias
-5.9159345626831055	2.539588451385498	7	Boehner
-19.119354248046875	1.0590697526931763	3	Macedonia
1.4432430267333984	-2.9442851543426514	10	Evangelical
31.52718162536621	17.637493133544922	5	CHURCH
5.960998058319092	32.12862777709961	0	kickoff
-22.213642120361328	26.631208419799805	1	Rowan
16.988935470581055	9.163864135742188	1	USGS
-15.647446632385254	26.284502029418945	1	Macon
-21.7001895904541	25.144941329956055	1	Nathaniel
9.744241714477539	-4.543666839599609	10	Baptism
30.59571075439453	24.612747192382812	5	BOB
-21.751129150390625	-26.308317184448242	2	sustaining
8.630387306213379	-3.7459754943847656	10	Theological
30.894731521606445	18.741926193237305	5	LIVING
-19.15774917602539	-28.10992431640625	4	invoked
-9.353311538696289	-16.400388717651367	4	petitions
-1.3748122453689575	-16.311758041381836	2	aggravated
-4.248548984527588	-21.851577758789062	2	ancestry
-17.29663848876953	-19.769102096557617	4	oversees
11.507555961608887	14.12624740600586	1	Marching
-24.961429595947266	27.733104705810547	1	Paterson
17.091442108154297	-4.367126941680908	4	Bernanke
31.608123779296875	0.5636740326881409	8	SCSI
25.114255905151367	3.2576699256896973	8	Filtering
-3.9175758361816406	14.028101921081543	9	Criticism
-24.534273147583008	2.2327709197998047	3	Zambia
7.786628723144531	32.67942428588867	0	Trojans
9.324349403381348	9.707018852233887	9	Consciousness
-19.579004287719727	-23.100963592529297	2	interruption
0.6679404973983765	17.828832626342773	9	CRC
3.8142218589782715	19.755043029785156	1	Swamp
-2.8035430908203125	13.12997055053711	9	Reconstruction
-6.13244104385376	-29.5284481048584	7	tyranny
30.523717880249023	21.240915298461914	5	EACH
-0.2172934114933014	-17.64556121826172	2	blindness
31.92978286743164	0.07069755345582962	8	DVI
-6.752645969390869	6.538527488708496	7	Bachmann
9.652872085571289	-8.132485389709473	10	sinners
9.002274513244629	-20.564472198486328	7	feminism
30.121959686279297	0.7638888359069824	8	Lexmark
-18.405895233154297	26.618186950683594	1	Tallahassee
-2.167592763900757	-20.536598205566406	2	disadvantaged
13.348198890686035	8.033822059631348	9	Inclusive
20.667707443237305	2.232480049133301	8	Novell
-19.16131591796875	22.02129364013672	9	Founding
-23.603853225708008	28.940387725830078	1	Marcia
-16.432518005371094	2.054591655731201	1	Jamaican
-24.73174285888672	30.25799560546875	1	Humphrey
-26.934783935546875	-30.80962562561035	4	asserts
22.307476043701172	8.857821464538574	0	Commits
-20.74417495727539	-31.466726303100586	10	proclaim
14.13715648651123	13.105539321899414	8	Approximate
-2.035393714904785	-11.708606719970703	7	charismatic
-2.311103105545044	20.341106414794922	9	Contributors
-13.0039701461792	19.803743362426758	1	Olivier
-17.101215362548828	-27.890851974487305	4	affirmed
-22.397005081176758	28.51136016845703	1	Collier
8.431468963623047	-21.46538543701172	7	electorate
9.816781997680664	14.094799995422363	1	Bluegrass
-18.32002067565918	20.034212112426758	9	Sovereign
-13.410676956176758	-18.3095645904541	4	monies
-23.600431442260742	30.245281219482422	1	Calhoun
7.575480937957764	-4.279747486114502	10	Diocese
6.921079635620117	10.401643753051758	9	Basel
19.419090270996094	6.402071952819824	8	Sewer
-24.48472023010254	-28.781055450439453	4	instituted
-20.912431716918945	25.492748260498047	1	Emanuel
12.483697891235352	-23.05832862854004	7	Netanyahu
6.023132801055908	-23.317773818969727	7	republicans
14.415534019470215	-10.58731460571289	4	redistributed
-10.183393478393555	26.817779541015625	8	Bump
13.294026374816895	9.709542274475098	8	Hobbit
20.966943740844727	3.772991895675659	8	PSD
21.06458854675293	5.453659534454346	8	Silverado
-12.418004035949707	-20.501359939575195	4	governors
-5.482035160064697	-13.147762298583984	1	honorary
-6.247232913970947	5.601967811584473	7	ACLU
14.526020050048828	13.938600540161133	8	Connectivity
3.38496732711792	13.76501178741455	9	Notices
0.6768810749053955	18.477249145507812	8	BBB
7.22047758102417	16.6998348236084	8	Bargains
14.784111976623535	-0.160648912191391	1	Johann
11.82116413116455	-24.31577491760254	7	Assad
-17.800464630126953	21.718671798706055	9	Bono
-7.356217861175537	-29.166126251220703	7	hostility
29.240814208984375	21.38507843017578	5	VOTE
25.146242141723633	4.7359395027160645	8	Connectors
-14.163945198059082	25.5483455657959	1	Pensacola
-22.583690643310547	27.138307571411133	1	Neville
-21.868473052978516	-27.296876907348633	2	embodied
-1.996285319328308	-27.340242385864258	7	democrats
5.908945560455322	33.778465270996094	0	Gators
5.529262542724609	14.613459587097168	8	Balanced
14.64057445526123	-1.2383091449737549	1	Aristotle
-19.139373779296875	-29.222335815429688	2	reconcile
29.5062313079834	17.17351531982422	5	TAX
-16.616992950439453	29.16316032409668	1	Dominique
30.544586181640625	19.570064544677734	5	CENTRAL
-25.120107650756836	28.38125991821289	1	Dodd
-24.195533752441406	30.76531219482422	1	Darrell
26.370519638061523	25.451099395751953	5	DOC
-17.902177810668945	-28.86447525024414	4	falsely
-5.438547134399414	-13.21020793914795	4	indicted
-2.1727492809295654	-27.34745216369629	7	dissent
14.966804504394531	8.389676094055176	1	Reggae
-9.86666202545166	-23.172391891479492	2	miraculous
-6.000716209411621	-21.620271682739258	2	accelerating
-9.967255592346191	-22.561521530151367	10	faithfully
20.402006149291992	-12.019640922546387	2	contraception
-17.262653350830078	-20.83592414855957	4	overseeing
12.6878080368042	12.610784530639648	8	Hoop
-16.49236488342285	14.02664852142334	9	Presidency
-21.091564178466797	2.1086220741271973	3	Haitian
-16.173625946044922	0.8031197190284729	3	Janeiro
-3.8408942222595215	23.558486938476562	9	Implications
17.95604705810547	-4.284183979034424	4	ECB
-7.628052234649658	-26.531780242919922	2	pervasive
24.038007736206055	-7.494397163391113	2	amplitude
27.065580368041992	2.946396827697754	8	Amps
-6.5703349113464355	-22.244173049926758	2	trajectory
4.978346347808838	-15.996553421020508	4	heirs
4.656516075134277	14.555030822753906	8	Transfers
29.46680450439453	1.0040638446807861	8	Serum
18.72991943359375	3.6877176761627197	1	Punta
-20.343210220336914	-3.316805839538574	3	Libyan
-5.050285339355469	22.85013198852539	9	Efforts
12.941515922546387	-23.94905662536621	7	Islamist
20.681846618652344	6.399252414703369	8	Discs
-22.158491134643555	29.080778121948242	1	Covington
-17.546689987182617	-23.554048538208008	7	inauguration
-19.35851287841797	3.228172779083252	3	Durban
-4.038242340087891	17.021766662597656	9	Narrative
-24.238279342651367	29.90238380432129	1	Vance
-6.7640604972839355	7.209229946136475	1	Eisenhower
34.1228141784668	-1.194553256034851	8	NICEIC
-1.0670827627182007	-20.706829071044922	2	burdens
-3.1330838203430176	-19.428129196166992	2	disruptive
-12.135948181152344	23.48118782043457	1	Buried
2.1996006965637207	17.8038387298584	1	Broward
9.614511489868164	-23.347429275512695	7	Zionist
-4.390475749969482	-29.484039306640625	7	fleeing
22.561126708984375	-7.8957319259643555	2	runoff
7.457057476043701	17.27692413330078	8	Wishlist
0.6707488298416138	-17.470861434936523	2	generalized
-20.221416473388672	19.65540885925293	10	Witnesses
-22.94000816345215	-24.156166076660156	2	strides
10.893247604370117	11.856595993041992	8	Scam
19.837106704711914	-9.627274513244629	2	hurricanes
9.51551342010498	4.96979284286499	4	Plaintiff
-17.230070114135742	21.513641357421875	9	Supporters
-12.797515869140625	-23.843881607055664	7	foes
26.572757720947266	3.415999412536621	8	Refill
-0.9675841331481934	-12.204292297363281	7	slain
-5.361515045166016	5.1626176834106445	9	Capitalism
4.693479537963867	-30.21278953552246	3	migrants
28.111745834350586	3.8719751834869385	8	LOB
-19.829788208007812	-24.959991455078125	4	reclaim
4.8029069900512695	12.281011581420898	9	Entity
-20.576499938964844	-30.755334854125977	4	affirm
-17.773664474487305	-31.404630661010742	7	outraged
-12.872700691223145	24.766542434692383	1	Traverse
6.570094585418701	33.327369689941406	0	Jaguars
12.168478012084961	12.865616798400879	8	Charged
28.59931182861328	25.827953338623047	5	QUESTION
-20.358882904052734	-28.750999450683594	4	facto
-25.18950653076172	-29.16743278503418	2	predecessors
-16.965991973876953	-30.85260009765625	7	criticizing
16.469785690307617	5.594264030456543	9	Theses
-5.4490203857421875	-31.465768814086914	7	condemnation
6.508644104003906	-3.8245668411254883	10	Reformed
12.797122955322266	10.433548927307129	1	Acre
-6.171572685241699	-30.15740966796875	7	revolt
19.81266212463379	8.16036319732666	8	Mixtape
3.1030993461608887	-24.554916381835938	7	unjust
8.494728088378906	32.09477996826172	0	interception
5.723530292510986	15.710309028625488	8	PSI
-14.634079933166504	-28.964906692504883	7	allegiance
-2.940749168395996	-13.784215927124023	7	hoax
-1.23568856716156	21.43157196044922	8	Routes
12.174383163452148	1.1107176542282104	1	officiating
6.646394729614258	-26.445070266723633	7	dictatorship
0.315915048122406	0.4652419090270996	1	Pagan
23.959392547607422	3.536095142364502	8	Bidding
17.38506317138672	-11.826483726501465	2	skeletal
-2.953648328781128	-18.039098739624023	2	medically
14.243651390075684	-0.7776844501495361	10	Gregorian
9.111639022827148	7.687957763671875	9	Zoning
5.367284297943115	-25.420358657836914	7	oppressed
-17.135988235473633	26.275358200073242	1	Seneca
-24.980588912963867	29.546607971191406	1	Grayson
-5.671701431274414	-26.509674072265625	7	agendas
24.131013870239258	5.22688627243042	8	Enclosure
31.066606521606445	21.19940757751465	5	MARY
-18.783916473388672	-1.6012033224105835	3	Colombian
30.152925491333008	20.120594024658203	5	EVENTS
-23.67075538635254	3.324798822402954	3	Angola
9.68033504486084	-7.991754055023193	10	repentance
12.402155876159668	-23.78277015686035	7	Mubarak
11.092147827148438	-21.509767532348633	2	famine
31.50421905517578	22.062854766845703	5	BEING
-6.668694972991943	-24.85289192199707	2	fostering
5.415781497955322	17.61841583251953	8	Elevation
21.015605926513672	-10.136456489562988	2	tuberculosis
-11.432883262634277	22.826709747314453	9	Tragedy
18.07308578491211	4.835392475128174	8	Samba
-15.819662094116211	28.636272430419922	1	Antoine
-2.3058407306671143	8.788270950317383	9	Secretariat
13.028472900390625	-22.267433166503906	7	austerity
-20.93126678466797	-23.988161087036133	2	stumbling
26.998764038085938	13.109313011169434	5	BET
-28.291257858276367	-30.35822868347168	9	Historically
-14.206095695495605	26.626506805419922	1	Youngstown
8.22099494934082	-19.90104866027832	7	hateful
2.5926802158355713	-18.436195373535156	4	materially
12.837428092956543	-26.227449417114258	3	Somali
8.710894584655762	-7.778935432434082	10	apostles
-11.803961753845215	-14.898876190185547	4	treasurer
13.600459098815918	8.898579597473145	8	Soc
-6.493490219116211	23.489269256591797	9	Roundtable
-8.734500885009766	-28.315643310546875	7	evils
4.116133689880371	15.804044723510742	8	Proceed
21.543312072753906	6.601856708526611	8	Optic
31.836275100708008	20.564735412597656	5	THOSE
-5.874181747436523	23.59840202331543	9	Advancement
6.352403163909912	-27.928089141845703	7	uprising
31.594451904296875	17.172483444213867	5	JESUS
-5.352664947509766	11.000778198242188	9	Journalists
2.766223669052124	31.414033889770508	0	Gator
26.036842346191406	4.125420570373535	8	Adapters
-12.665987014770508	-14.5774507522583	4	waived
14.245807647705078	0.19990061223506927	1	Friedrich
6.641239166259766	18.98238182067871	9	Celebrates
-11.630620956420898	-23.286842346191406	2	positives
8.765775680541992	-21.08689308166504	7	libertarian
0.7972005605697632	13.209986686706543	9	Voluntary
-22.887596130371094	27.071216583251953	1	Galloway
27.951202392578125	2.5159289836883545	8	ico
-2.9033212661743164	12.291349411010742	9	Voter
27.403738021850586	1.0839256048202515	1	Vineyards
20.2259521484375	-10.3728609085083	2	epilepsy
8.326061248779297	-19.429290771484375	7	homosexuals
19.93674087524414	-10.780816078186035	2	dispersion
-5.202322006225586	22.584638595581055	9	Briefing
-3.469142198562622	15.583023071289062	9	Confirmation
30.306171417236328	16.555078506469727	5	BIRTH
-0.7078396081924438	-18.649227142333984	2	intellectually
-29.100563049316406	-31.162599563598633	2	Conversely
-8.073845863342285	20.506914138793945	9	ABA
-6.958434104919434	-21.170686721801758	2	maximizing
-12.661027908325195	19.07973289489746	1	Dawkins
30.68045425415039	22.219709396362305	5	RECORD
8.408519744873047	32.58852005004883	0	Pacers
-2.1493754386901855	17.54888343811035	9	Nonprofit
-0.7805476188659668	13.915345191955566	9	Campaigns
-2.3804287910461426	15.268142700195312	9	Resolutions
21.892602920532227	-6.628992080688477	8	niggas
-8.64904499053955	-26.925708770751953	7	skepticism
-6.261014938354492	-23.490070343017578	2	complexities
-15.432530403137207	25.356443405151367	1	Ithaca
-13.419256210327148	-20.356637954711914	4	prosecute
9.874715805053711	-24.94495964050293	7	Ahmadinejad
20.286636352539062	8.272637367248535	1	Trumpet
-22.097169876098633	24.8015193939209	1	Cornelius
-19.98375129699707	-23.393230438232422	2	hurdle
12.754828453063965	12.893095970153809	8	Blackout
27.189434051513672	25.527618408203125	5	IDEA
18.681304931640625	5.862429618835449	9	Cardiac
32.453041076660156	23.977596282958984	5	WILLIAMS
-22.56637191772461	25.555294036865234	1	Samson
19.617307662963867	7.50661039352417	8	Meters
1.9460411071777344	15.67687702178955	9	Educator
-20.146024703979492	-2.7525992393493652	3	Darfur
0.6235616207122803	-26.09869384765625	7	intimidation
8.172226905822754	-18.161846160888672	2	heterosexual
-4.952640533447266	23.55385971069336	9	Initiatives
-19.2146053314209	26.462642669677734	1	Barrow
5.27817440032959	16.220643997192383	8	APC
0.08230744302272797	-5.470169544219971	10	Catholicism
14.381976127624512	10.867258071899414	1	Callaway
-23.29273223876953	-23.990442276000977	2	tackled
24.104032516479492	-7.348066806793213	2	anemia
17.256040573120117	7.350623607635498	8	RMS
-5.0738525390625	-19.019784927368164	2	communicates
-4.187315940856934	10.025077819824219	9	Electoral
-9.8583984375	26.303258895874023	8	Redirected
-25.309974670410156	30.73930549621582	1	Greer