x	y	cluster	word
25.548185348510742	-3.0136055946350098	4	american
37.820308685302734	-11.279960632324219	4	german
28.548301696777344	-6.56594181060791	4	canadian
32.61534881591797	-6.511602878570557	4	british
25.1915283203125	-2.9327542781829834	4	european
-51.00586700439453	9.573680877685547	6	first
-42.13846206665039	4.094741344451904	3	work
-14.820913314819336	12.938515663146973	6	years
-15.380599975585938	13.147482872009277	6	year
-25.8491268157959	-1.2458810806274414	0	information
-19.64394760131836	8.447144508361816	4	home
-22.033924102783203	7.71765661239624	5	life
-21.862241744995117	9.990278244018555	6	world
-6.068859577178955	-3.2446205615997314	3	business
-52.10227966308594	7.629086017608643	6	part
-26.299585342407227	-0.21317262947559357	0	available
-4.25590181350708	-13.106195449829102	10	system
-46.68760299682617	0.6442255973815918	5	without
-36.15822982788086	5.447948932647705	6	set
-43.80008316040039	-0.30570608377456665	0	must
-34.848445892333984	10.543801307678223	6	since
-32.28913879394531	0.14433394372463226	0	number
-34.07154083251953	11.558027267456055	6	three
-36.779945373535156	4.71390962600708	0	including
7.198223114013672	5.593252182006836	4	family
-51.85641860961914	2.9923481941223145	5	might
-15.026310920715332	12.801713943481445	6	week
-5.948783874511719	-3.1921069622039795	3	company
-20.363195419311523	-3.0743157863616943	3	support
-5.546074867248535	11.341358184814453	6	team
-48.216148376464844	2.8132412433624268	5	point
18.415189743041992	-20.372772216796875	10	data
-3.0280394554138184	12.285894393920898	9	Our
-31.567367553710938	12.718820571899414	6	second
-52.84385299682617	1.3049285411834717	5	able
-33.29731750488281	1.2745857238769531	0	within
32.599178314208984	18.276302337646484	9	American
-20.706876754760742	4.888943672180176	3	experience
31.090436935424805	-8.118850708007812	4	car
44.08091354370117	13.21949577331543	9	University
-12.02178955078125	-0.4424007833003998	5	state
-38.76226806640625	-5.227451801300049	0	provide
-38.455318450927734	6.417116165161133	5	course
-13.76227855682373	0.6882799863815308	5	person
-47.18798828125	-0.22534985840320587	5	least
-44.011634826660156	1.0736793279647827	5	important
-41.95208740234375	4.523626327514648	3	working
-44.00493621826172	-3.8611748218536377	7	less
-9.029932022094727	8.569576263427734	6	group
-3.8975777626037598	-3.2445530891418457	3	care
-8.249027252197266	5.614045143127441	4	side
33.99818420410156	17.7392635345459	9	United
26.50314712524414	-8.988917350769043	8	per
5.866482734680176	-9.398294448852539	3	program
-21.514068603515625	-0.17284709215164185	3	public
15.277116775512695	27.79929542541504	2	John
-52.72425842285156	8.302666664123535	0	following
22.0402774810791	-19.625865936279297	4	design
-53.15365982055664	3.8060505390167236	5	far
32.9195556640625	19.07162857055664	9	World
-32.48921585083008	1.6177958250045776	0	include
11.164202690124512	-8.91132926940918	3	health
-11.729995727539062	-10.640828132629395	0	process
-45.17254638671875	1.6734923124313354	3	needs
-24.048269271850586	10.193170547485352	6	run
-54.60492706298828	2.9608092308044434	5	fact
-21.979522705078125	10.548368453979492	6	country
-4.619852066040039	-13.290962219238281	10	control
-38.28118896484375	6.0765180587768555	5	become
32.667076110839844	17.173540115356445	9	September
-55.79514694213867	0.5910603404045105	5	possible
-8.01793098449707	-10.333965301513672	0	product
-27.238656997680664	-2.506906270980835	0	form
18.626667022705078	3.91316556930542	6	points
-17.04313850402832	-11.554110527038574	7	level
43.51634979248047	20.589412689208984	1	Business
16.881837844848633	7.701938152313232	0	members
-6.747628688812256	-11.534710884094238	10	type
-55.61384963989258	5.350748062133789	0	example
-30.47051239013672	12.422365188598633	6	four
-0.0574009045958519	-0.9220398664474487	3	community
-45.55284881591797	5.375100135803223	5	anyone
26.71311378479004	-10.014148712158203	8	million
-45.89252471923828	5.034547805786133	5	idea
33.44998550415039	17.576444625854492	9	States
-3.1349937915802	-12.477737426757812	10	access
14.140782356262207	8.155881881713867	0	contact
-56.074180603027344	3.755875587463379	0	given
-56.590675354003906	3.454582929611206	5	However
-14.604785919189453	-16.566680908203125	7	value
-10.787474632263184	10.482657432556152	6	early
-40.190467834472656	-2.0125513076782227	0	current
6.468322277069092	-6.998986721038818	3	research
-23.119346618652344	3.8776724338531494	5	question
-21.84686279296875	-0.49812424182891846	3	personal
-2.224215269088745	1.0771305561065674	3	project
-21.070890426635742	0.07447824627161026	3	plan
-1.9574865102767944	4.773651599884033	4	offers
-2.813774347305298	-1.937977910041809	3	development
47.48712921142578	19.393068313598633	1	Internet
4.857609748840332	3.7763795852661133	6	event
-43.36842346191406	3.074244976043701	5	future
-41.22184371948242	6.852837562561035	6	taking
-12.79188346862793	3.9841442108154297	6	single
21.401037216186523	5.686308860778809	10	via
-21.356225967407227	10.543145179748535	6	history
32.012413024902344	18.765317916870117	9	America
-23.455516815185547	9.45881175994873	6	across
-18.08302879333496	-16.458600997924805	8	cost
-31.066377639770508	2.592287540435791	0	works
18.73537254333496	-0.846697986125946	5	law
-54.94923400878906	1.3827229738235474	5	whether
-16.010770797729492	-11.003677368164062	7	problems
-7.7746992111206055	9.789802551269531	6	weeks
-15.989051818847656	-15.056463241577148	7	low
-30.33238410949707	0.9289758801460266	0	complete
42.113563537597656	17.4810848236084	9	International
2.7176787853240967	-8.047332763671875	3	companies
-8.325081825256348	1.2996934652328491	5	questions
32.92531967163086	-10.464104652404785	4	card
-7.482673645019531	-10.025324821472168	4	range
-14.604471206665039	8.830613136291504	0	report
30.375457763671875	-8.186911582946777	4	sale
-54.31462097167969	2.0030014514923096	5	rather
18.871978759765625	-6.398942470550537	8	property
-22.58519744873047	2.985804557800293	5	issue
-34.24005126953125	-8.343217849731445	7	due
16.54082489013672	-21.856618881225586	10	computer
-1.5505332946777344	3.1560401916503906	3	office
-25.084413528442383	-1.7339835166931152	3	provides
-28.791919708251953	7.8124542236328125	6	major
-22.190975189208984	-4.437065124511719	5	issues
3.78493070602417	-9.949767112731934	3	management
-2.939483642578125	-5.671541213989258	3	building
17.12920570373535	-7.099146842956543	8	credit
-3.7434229850769043	-1.9279541969299316	3	industry
16.719938278198242	3.23791241645813	6	age
31.96506118774414	-7.539025783538818	4	air
-31.680768966674805	11.793335914611816	6	five
-27.071561813354492	0.09810042381286621	0	includes
3.1480133533477783	-0.9883480668067932	7	study
-33.09977722167969	11.163564682006836	6	half
7.855460166931152	-7.444798946380615	3	social
-3.548550605773926	-8.400737762451172	4	space
-54.46977233886719	6.381653308868408	0	present
-46.16791915893555	1.17872154712677	0	needed
15.216313362121582	27.24696159362793	2	David
7.919254302978516	-11.031017303466797	3	media
16.087289810180664	-13.362580299377441	7	human
-52.41482162475586	0.9849535822868347	5	simply
-8.01374340057373	6.470457553863525	6	running
-35.864906311035156	0.17659752070903778	5	deal
7.152987957000732	5.495180606842041	4	living
-40.55820846557617	-0.2641361355781555	0	provided
19.362327575683594	9.47546100616455	2	member
20.14886474609375	-14.449668884277344	7	energy
-29.141220092773438	-8.781898498535156	0	required
15.024434089660645	-20.378246307373047	10	technology
-35.44080352783203	2.080824851989746	0	upon
18.702959060668945	-9.055174827575684	8	rate
23.22852325439453	-8.262615203857422	8	insurance
23.094539642333984	-21.000324249267578	10	sound
13.76032543182373	-16.64387321472168	7	test
-56.820838928222656	2.840101718902588	5	however
-23.890602111816406	8.442808151245117	6	among
-18.57659912109375	-15.727934837341309	8	amount
-9.920177459716797	3.41566801071167	0	position
-13.81432056427002	2.4887638092041016	6	return
-6.865496635437012	5.566664695739746	6	field
-36.4063720703125	-0.9510082602500916	8	interest
13.211700439453125	4.525534629821777	6	events
17.906517028808594	-8.93734359741211	8	total
26.19388198852539	-9.637096405029297	8	percent
-43.269344329833984	2.25891375541687	5	general
-25.859500885009766	11.334895133972168	6	created
23.334270477294922	-20.14453125	4	drive
34.471649169921875	21.10160255432129	1	Information
1.5469390153884888	-7.023329734802246	3	private
15.119361877441406	-21.051372528076172	10	systems
-39.57469177246094	8.089774131774902	6	currently
17.39902114868164	-21.363916397094727	10	user
34.231689453125	18.296817779541016	9	USA
-3.9177002906799316	5.080608367919922	0	designed
5.656821250915527	-8.155120849609375	3	professional
21.297834396362305	-18.844043731689453	10	internet
-24.60291290283203	8.832837104797363	6	lead
19.932723999023438	-18.604965209960938	3	security
-47.04417037963867	-1.9044662714004517	5	certain
18.741514205932617	-0.5471780300140381	3	rights
-1.288634181022644	1.954413890838623	3	staff
40.67107009887695	20.49907112121582	1	Group
20.12716293334961	-3.7728474140167236	6	period
-0.8679533004760742	-8.969985008239746	8	account
1.31334388256073	-8.015535354614258	8	sales
-31.26290512084961	12.419211387634277	6	third
-33.44160842895508	-6.300440311431885	0	common
-54.19998550415039	7.066778659820557	0	addition
-25.579496383666992	2.617293357849121	0	subject
-6.567481517791748	8.717203140258789	6	record
-49.37418746948242	-0.33515894412994385	5	likely
16.735496520996094	27.452606201171875	2	James
-15.381330490112305	9.18288516998291	0	received
1.330478310585022	-9.524651527404785	3	customers
-46.85562515258789	6.403980731964111	5	sense
-38.98986053466797	9.65173053741455	6	recent
33.51348876953125	-3.745303153991699	6	players
16.852252960205078	-20.11879539489746	10	users
17.25595474243164	2.9824650287628174	5	death
34.296730041503906	20.424583435058594	1	General
-0.016757650300860405	-6.167210102081299	4	save
-11.490920066833496	12.469271659851074	6	late
20.036922454833984	-20.310489654541016	10	network
6.873959064483643	-6.880809783935547	3	education
3.2906076908111572	-12.528973579406738	8	financial
-35.68610382080078	4.65389347076416	0	included
18.2810001373291	-14.323464393615723	7	treatment
-16.435157775878906	-5.196927547454834	4	unique
15.978529930114746	26.3463191986084	2	Paul
35.016536712646484	-4.29182243347168	6	player
-33.78006362915039	7.90676736831665	5	thinking
-45.562904357910156	3.3583903312683105	4	choice
-32.86536407470703	4.416051387786865	0	according
38.9601936340332	12.890750885009766	9	Christmas
25.108135223388672	-2.9823451042175293	4	travel
14.628363609313965	28.30689811706543	2	Michael
-41.11180114746094	-4.032689571380615	0	allow
-19.17881202697754	-14.896892547607422	7	increase
-35.2229118347168	9.516572952270508	6	chance
-8.141998291015625	9.620023727416992	6	final
-17.19429588317871	-0.3331899642944336	8	worth
41.20896530151367	21.37027931213379	1	Department
23.02489471435547	-9.333145141601562	8	tax
10.917811393737793	3.391887664794922	4	location
-37.81203079223633	-6.864447593688965	0	specific
-4.81955099105835	10.490382194519043	6	meeting
10.470412254333496	7.950512409210205	4	town
-36.928096771240234	5.854127407073975	6	entire
-36.500457763671875	-5.643636703491211	0	individual
-2.412297010421753	6.519764423370361	0	board
-55.83488845825195	0.8228014707565308	0	particular
-18.859975814819336	-14.645516395568848	7	higher
11.940799713134766	-9.913656234741211	3	medical
-26.197227478027344	2.82157564163208	5	term
-15.287274360656738	-2.5058016777038574	0	receive
23.67190933227539	-13.91045093536377	3	marketing
-3.199915885925293	-7.883694648742676	3	build
38.22480010986328	15.337547302246094	9	Canada
-24.487817764282227	12.781815528869629	6	worked
-29.180034637451172	-9.298910140991211	0	additional
-6.851858139038086	-11.340800285339355	10	standard
-39.31230545043945	5.103848934173584	3	opportunity
1.1952506303787231	1.3169260025024414	3	role
-9.95191478729248	8.003032684326172	3	national
7.25887393951416	1.5492548942565918	5	ideas
-43.53980255126953	-1.674307107925415	5	terms
44.68828582763672	20.543107986450195	1	Management
0.40053591132164	-0.610092282295227	3	international
16.299354553222656	9.2919340133667	6	title
-29.979572296142578	12.316180229187012	6	six
44.602779388427734	18.780452728271484	1	Research
-6.944600582122803	-1.5960839986801147	3	policy
-0.44025862216949463	-6.890979766845703	4	purchase
-19.374536514282227	6.371654510498047	4	excellent
-22.993616104125977	-4.8530778884887695	3	knowledge
19.537755966186523	-6.051059246063232	4	stock
14.099818229675293	-12.074752807617188	7	production
23.66899871826172	-0.37940311431884766	5	war
-12.143699645996094	-16.74761390686035	7	risk
46.54978561401367	19.73802947998047	1	System
-27.36297607421875	8.520085334777832	6	throughout
-7.798050880432129	6.834760665893555	6	track
-33.98312759399414	10.449173927307129	6	starting
-15.640138626098633	-15.19245719909668	7	lower
12.651211738586426	-10.721168518066406	3	groups
18.15077781677246	-8.815278053283691	8	average
-15.335987091064453	-12.141020774841309	7	effect
20.664344787597656	-0.017463916912674904	5	political
34.224571228027344	-6.776165008544922	4	dog
-33.90168380737305	8.913216590881348	5	moment
7.690243244171143	-8.298330307006836	3	activities
-40.107852935791016	3.969801902770996	3	involved
37.479713439941406	-5.585972309112549	6	band
-46.4840087890625	6.9049224853515625	5	difficult
-30.00904083251953	7.613678455352783	6	success
9.874102592468262	3.764275074005127	4	built
39.52317810058594	-4.641329765319824	2	born
-32.844329833984375	-8.902414321899414	7	potential
34.22028732299805	-17.449106216430664	10	device
-49.636077880859375	1.4144704341888428	5	attention
1.5957858562469482	-10.319235801696777	3	customer
20.729549407958984	-19.612768173217773	10	equipment
39.65516662597656	14.638748168945312	9	Florida
-24.859487533569336	-9.98632526397705	7	ability
-17.834489822387695	-8.7930908203125	4	extra
15.204621315002441	23.30012321472168	2	former
44.19052505493164	19.1251163482666	1	Media
-39.563331604003906	-6.6938090324401855	0	necessary
-28.263099670410156	-7.58512020111084	10	allows
-21.987234115600586	0.33233919739723206	3	plans
34.330081939697266	14.972858428955078	9	published
-26.480506896972656	9.677608489990234	6	leading
-23.123271942138672	-8.579237937927246	0	types
-12.88134765625	-8.256017684936523	7	response
-16.66931915283203	-17.547313690185547	8	costs
-40.22911071777344	2.785510540008545	3	focus
-23.29241943359375	12.911648750305176	6	became
-54.34883499145508	1.22574782371521	5	consider
-10.672598838806152	-17.682437896728516	7	levels
10.410886764526367	9.346430778503418	6	weekend
-48.60395050048828	3.3099844455718994	5	exactly
-34.8371696472168	4.359548091888428	0	note
10.384607315063477	8.25947093963623	4	trip
-21.0257625579834	3.1461079120635986	5	decision
-14.273503303527832	3.814011573791504	4	plus
-9.521523475646973	-12.211834907531738	3	environment
23.620868682861328	-8.937317848205566	8	rates
-11.624944686889648	-11.511463165283203	7	effective
-11.033591270446777	-14.900469779968262	7	conditions
16.567434310913086	6.303898334503174	6	career
22.864957809448242	-3.784064292907715	3	countries
41.18913650512695	13.2488374710083	9	War
15.228739738464355	-19.662315368652344	10	solution
-6.734585285186768	-9.621850967407227	4	safe
-53.74658966064453	3.195612668991089	5	although
15.423952102661133	26.30828094482422	2	Mark
33.029510498046875	-16.394794464111328	10	digital
-33.414939880371094	10.008418083190918	6	break
-40.21544647216797	-3.211350440979004	0	directly
-44.906490325927734	-2.743563175201416	5	difference
41.26082992553711	-12.526320457458496	7	patients
-19.4316349029541	-8.76950454711914	10	option
4.746962547302246	-7.903748512268066	3	projects
-32.58971405029297	-3.2442946434020996	5	situation
-8.273266792297363	-7.691273212432861	0	numbers
-38.58552932739258	-5.1935529708862305	3	providing
34.01759338378906	16.812101364135742	9	Europe
-17.974071502685547	-0.7035834789276123	8	paid
15.809744834899902	26.99485206604004	2	George
43.65035629272461	11.027953147888184	9	French
33.41826248168945	-3.8065085411071777	6	race
8.069073677062988	-5.388416290283203	3	legal
8.429208755493164	3.757326602935791	4	modern
10.93864917755127	3.8376870155334473	4	guide
48.977603912353516	12.577221870422363	1	Microsoft
13.349335670471191	-13.225024223327637	3	safety
28.37360191345215	-8.229979515075684	8	estate
15.906570434570312	4.69763708114624	6	goal
-41.07889938354492	-2.5798912048339844	0	limited
37.443885803222656	14.616697311401367	9	British
37.2769660949707	15.151729583740234	9	England
-10.443275451660156	-3.146146059036255	5	nature
33.162776947021484	-10.3055419921875	4	cards
-13.838741302490234	13.253827095031738	6	spent
39.996849060058594	12.927595138549805	9	Christian
-48.984066009521484	4.624948024749756	5	certainly
-15.443170547485352	7.324556827545166	0	entry
38.069183349609375	18.21117401123047	9	History
-48.59321594238281	1.2092491388320923	5	considered
-20.614046096801758	-0.515275239944458	3	planning
-16.728254318237305	-0.13052862882614136	8	spend
-12.89073657989502	0.4897621273994446	5	claim
-18.853731155395508	-4.722265720367432	3	benefits
-16.43032455444336	-1.7758129835128784	8	charge
27.67085075378418	-18.633974075317383	10	machine
-24.54431915283203	-4.792231559753418	5	approach
16.17791748046875	27.7830810546875	2	Robert
8.470660209655762	4.416881084442139	4	brand
-33.3436393737793	2.401885986328125	0	highly
36.584075927734375	-5.7153639793396	4	church
-38.00639343261719	9.100615501403809	6	beginning
34.92940902709961	-9.987223625183105	4	homes
-2.2363946437835693	-13.454366683959961	10	unit
11.340517044067383	-8.195291519165039	3	economic
-25.626585006713867	-7.323204517364502	3	ensure
48.7064208984375	11.909768104553223	1	Act
-26.891677856445312	-3.814222812652588	0	fully
-29.6065731048584	0.21205981075763702	0	regular
-46.331642150878906	4.663169860839844	5	sort
40.5473747253418	17.570478439331055	9	Team
-1.9742095470428467	-2.973642110824585	3	clients
-52.494197845458984	2.6819796562194824	5	expect
-24.74722671508789	-11.62098217010498	7	normal
-5.499262809753418	2.6811580657958984	0	reports
31.310590744018555	-17.48101043701172	10	memory
-7.825580596923828	0.62832111120224	5	advice
41.90648651123047	21.0252742767334	1	Social
-32.829254150390625	-3.4610555171966553	5	serious
-21.203166961669922	-9.121712684631348	10	multiple
12.477453231811523	-9.863381385803223	3	global
14.661256790161133	-15.12947940826416	7	pressure
-11.977194786071777	-1.6747174263000488	5	towards
-27.023834228515625	3.420886278152466	5	states
19.315650939941406	25.07780647277832	2	William
32.89054870605469	-11.966869354248047	4	gas
-30.47320556640625	7.219051361083984	6	successful
-3.590902090072632	0.23287393152713776	3	organization
42.115638732910156	19.066490173339844	1	Council
35.766605377197266	15.95210075378418	9	European
35.80778503417969	-10.716551780700684	4	cars
16.731172561645508	-20.687030792236328	10	tool
45.20110321044922	12.28450870513916	9	Gold
-29.497215270996094	-4.176218032836914	0	direct
-56.8133659362793	4.471517562866211	5	Although
-6.843552112579346	7.038535118103027	6	stage
16.22268295288086	25.75797462463379	2	Chris
-30.115755081176758	5.262540340423584	3	developed
-8.842728614807129	12.692911148071289	6	join
-16.9578857421875	8.925370216369629	0	Any
37.77625274658203	-10.14783763885498	4	gold
-9.218995094299316	12.490082740783691	6	official
-25.35111427307129	-8.047999382019043	0	basic
-9.059926986694336	0.5648284554481506	5	rules
-54.1022834777832	3.4634718894958496	5	perhaps
-36.27275085449219	10.190857887268066	6	whose
-15.925811767578125	8.40188980102539	0	listed
11.916420936584473	1.8815124034881592	4	double
-23.413211822509766	5.613221168518066	7	force
23.379518508911133	-2.0967612266540527	3	military
3.0878069400787354	8.123190879821777	4	sold
-2.853975772857666	-5.325293064117432	3	commercial
-48.1885986328125	-2.7662715911865234	7	significant
-47.74844741821289	2.17110013961792	5	allowed
-11.06163215637207	-14.080326080322266	7	physical
27.356653213500977	-4.198610782623291	6	region
-25.025609970092773	6.781485557556152	5	truly
24.594249725341797	-19.301097869873047	10	window
-10.195280075073242	-14.679228782653809	7	activity
-39.597190856933594	7.331189155578613	0	offered
10.707160949707031	7.95659875869751	4	club
-30.11825942993164	-8.473779678344727	0	require
-3.9722259044647217	8.253164291381836	0	names
9.101872444152832	-1.602089285850525	7	reported
-9.61544418334961	-16.205493927001953	7	positive
-7.3311872482299805	12.252182006835938	6	met
-2.7010562419891357	7.681811332702637	6	press
6.424190521240234	-1.634961724281311	5	evidence
24.860366821289062	-15.371367454528809	4	vehicle
-39.44228744506836	4.397913932800293	6	effort
-8.06251049041748	12.202984809875488	6	led
36.26231384277344	-8.62104606628418	4	weather
-33.131072998046875	-9.269474029541016	7	impact
14.576153755187988	-7.750086307525635	3	construction
25.229049682617188	-1.3020743131637573	4	sports
-3.6347482204437256	5.3476667404174805	0	selection
17.624061584472656	26.202220916748047	2	Thomas
-22.42181968688965	-8.73283863067627	0	useful
-14.029928207397461	-7.4632697105407715	0	active
-14.879194259643555	1.9487955570220947	5	figure
29.311281204223633	-3.9517643451690674	7	degree
15.525134086608887	11.413856506347656	6	announced
-37.84999465942383	-1.9750396013259888	3	benefit
-44.43932342529297	0.39164912700653076	0	purpose
-8.256793975830078	-16.679359436035156	7	condition
39.63758087158203	21.891048431396484	1	Save
-0.3035580813884735	-11.88825511932373	0	requirements
16.881839752197266	26.005632400512695	2	Peter
28.466720581054688	-0.26281896233558655	5	vote
30.46300506591797	14.013005256652832	2	president
-50.76149368286133	1.5252430438995361	5	beyond
41.26470184326172	-12.391892433166504	7	disease
-55.123924255371094	2.083540439605713	5	reasons
-25.76834487915039	-10.063097953796387	7	associated
-37.797821044921875	-2.7510805130004883	0	basis
-32.51755142211914	-5.814648151397705	5	easier
20.041414260864258	2.889227867126465	5	NOT
47.143028259277344	18.615646362304688	1	User
-28.030189514160156	-4.088554859161377	10	setting
16.0659122467041	5.900515556335449	6	teams
-5.133173942565918	-11.594115257263184	10	connection
-49.803768157958984	1.0315266847610474	5	particularly
1.3137071132659912	-3.4408280849456787	0	helpful
-45.10330581665039	-1.8737363815307617	0	actual
17.588441848754883	-7.053265571594238	8	budget
16.69733428955078	6.43425989151001	6	campaign
47.06344985961914	15.674726486206055	1	Marketing
20.431350708007812	-2.079287052154541	3	families
-24.911684036254883	4.720668315887451	5	opinion
-17.21186637878418	6.952641487121582	5	calls
39.79654312133789	19.533098220825195	2	Director
24.179935455322266	-18.13767433166504	0	print
2.434779167175293	8.953625679016113	4	owner
-7.322585582733154	2.2771191596984863	5	statement
-4.483727931976318	-6.66936731338501	4	driving
-13.414536476135254	-12.886710166931152	7	overall
22.977474212646484	-9.50803279876709	8	income
19.40422248840332	-7.144095420837402	8	bank
37.594600677490234	-7.295917510986328	10	radio
-45.517852783203125	-0.9362000226974487	5	unless
-21.583293914794922	-4.662642478942871	3	individuals
-12.830789566040039	-17.332908630371094	7	increased
-0.08854351937770844	-6.413578510284424	4	buying
21.368541717529297	-6.378603935241699	8	economy
46.346431732177734	13.597864151000977	1	Conference
-42.10248565673828	1.811503529548645	5	regarding
-23.120637893676758	2.566107988357544	5	respect
31.630393981933594	-6.457589626312256	4	holiday
-33.98558807373047	-6.4524946212768555	5	generally
-23.990528106689453	-4.653237819671631	5	understanding
-31.158302307128906	4.411734104156494	3	responsible
6.977351188659668	-11.821235656738281	10	client
-28.11346435546875	-5.668882846832275	0	correct
10.534666061401367	-6.295422554016113	3	employees
44.754547119140625	10.414042472839355	9	France
-26.911365509033203	-4.865482330322266	3	creating
15.505436897277832	8.75985050201416	0	letter
-33.42129135131836	-7.044435977935791	5	avoid
18.7232608795166	-18.829578399658203	3	solutions
-37.7384033203125	-6.852169036865234	0	appropriate
-15.264471054077148	5.630568981170654	5	discussion
-21.756332397460938	-13.579987525939941	7	greater
30.12541389465332	14.138671875	2	director
18.310171127319336	4.952195167541504	6	records
22.230295181274414	-7.375579357147217	8	federal
3.4404735565185547	-12.630270004272461	8	investment
39.61064910888672	15.595471382141113	9	Virginia
-37.15308380126953	9.555073738098145	6	ahead
27.94148063659668	1.0640827417373657	6	annual
28.341337203979492	-11.426820755004883	8	debt
-11.89285659790039	-7.358396053314209	0	status
43.33525466918945	20.037586212158203	1	Sales
18.72673225402832	-17.597288131713867	3	protection
-27.345396041870117	-1.2711604833602905	0	reference
-0.9212684631347656	6.208364009857178	0	select
47.5421028137207	16.55269432067871	1	Systems
-7.579696178436279	7.67794132232666	6	runs
17.37677574157715	8.135313987731934	6	conference
-33.14978790283203	-7.681452751159668	5	lack
-8.101658821105957	-12.854476928710938	0	structure
26.879209518432617	-5.934953212738037	7	population
24.539026260375977	-7.627723217010498	8	bill
40.45442581176758	13.465152740478516	9	Africa
15.745816230773926	28.24447250366211	2	Richard
-33.152610778808594	0.4273645281791687	0	prior
-36.55100631713867	11.009915351867676	6	helped
37.22108840942383	-12.55983829498291	4	metal
5.460546970367432	-0.08664888143539429	5	society
-18.582008361816406	-12.971227645874023	7	compared
40.076087951660156	17.89312744140625	9	Society
-22.130529403686523	8.450403213500977	5	challenge
16.690608978271484	-5.512188911437988	8	contract
46.132869720458984	15.644109725952148	1	Insurance
-20.865062713623047	11.748026847839355	4	welcome
44.322914123535156	17.598459243774414	1	Committee
39.386539459228516	-5.521414756774902	6	football
46.36781311035156	19.736494064331055	1	Control
18.34308624267578	7.267135143280029	6	host
24.30254554748535	0.06758087873458862	6	century
-3.1622443199157715	12.415499687194824	9	During
-4.34235954284668	-7.451347827911377	4	self
20.35382652282715	-12.728426933288574	7	movement
4.6829447746276855	-2.495485544204712	7	studies
39.098670959472656	-11.453998565673828	4	wine
44.155155181884766	20.12630271911621	1	Policy
-12.968632698059082	-16.62116241455078	7	reduce
46.17332077026367	9.78351879119873	9	Israel
42.46229934692383	-9.76705551147461	8	billion
-33.57843017578125	4.567446708679199	0	described
25.32103729248047	-19.518095016479492	4	custom
-9.146953582763672	9.864872932434082	6	produced
42.73835372924805	18.856586456298828	1	Member
18.814420700073242	-14.213618278503418	7	patient
22.815998077392578	-15.237751007080078	3	facilities
17.964290618896484	-15.03968334197998	7	values
-4.1474504470825195	-2.308979034423828	3	opportunities
38.19060134887695	-14.832338333129883	10	windows
14.908405303955078	26.258237838745117	2	Steve
8.849444389343262	4.227020740509033	4	friendly
12.67524242401123	1.4748741388320923	4	distance
-26.13970184326172	-8.037169456481934	0	existing
-31.241674423217773	6.379153251647949	3	established
-8.810304641723633	4.119302749633789	5	direction
-13.460769653320312	11.948238372802734	6	seven
-44.71860122680664	-1.2236942052841187	5	otherwise
49.173683166503906	10.125608444213867	9	Golf
32.48838806152344	-10.132060050964355	4	shipping
17.38573455810547	11.92156982421875	2	interview
37.280418395996094	-13.62966537475586	10	driver
44.96246337890625	10.64404582977295	9	German
-30.619558334350586	-5.822088241577148	7	primary
22.546344757080078	-0.11530798673629761	5	doctor
-14.111948013305664	6.867199420928955	0	selected
23.88254737854004	2.1299118995666504	4	classic
-28.09228515625	6.584579944610596	3	efforts
-40.954689025878906	-1.9203182458877563	5	advantage
-46.8525505065918	-1.9902302026748657	5	therefore
47.14149475097656	14.619961738586426	1	Energy
-30.770849227905273	11.843360900878906	6	ten
40.031917572021484	16.76334571838379	9	Week
-29.6152400970459	-8.160116195678711	0	requires
-1.8499025106430054	7.677272319793701	0	category
34.033931732177734	-17.193836212158203	10	devices
-34.87673568725586	5.375095367431641	0	placed
-9.706774711608887	-10.626710891723633	0	forms
19.199947357177734	-13.962762832641602	7	exercise
28.743101119995117	-1.91275155544281	6	score
30.217912673950195	-2.401099443435669	6	goals
46.87955856323242	12.58216667175293	9	Radio
18.0566463470459	8.739218711853027	6	leader
7.996093273162842	-9.022089004516602	3	standards
33.49243927001953	19.139631271362305	9	Union
18.302738189697266	10.881298065185547	2	manager
38.779541015625	16.86290740966797	9	Country
-50.119293212890625	3.4471042156219482	5	clearly
48.24202346801758	12.195642471313477	1	Card
15.813003540039062	-20.40786361694336	10	communication
37.22062301635742	-4.2813029289245605	2	artist
-26.98221206665039	12.142428398132324	0	presented
-28.429012298583984	7.053671360015869	3	helping
2.48089337348938	-0.0029694638215005398	3	experienced
-22.152204513549805	2.6405527591705322	5	accept
39.46587371826172	15.157428741455078	9	Michigan
-11.558506965637207	-13.466086387634277	7	prevent
-8.238548278808594	-7.26992654800415	7	highest
-1.2008143663406372	-5.603160858154297	4	owners
-9.478157043457031	-13.976025581359863	7	target
-8.854562759399414	-4.552192211151123	5	toward
32.01873779296875	-17.032394409179688	10	format
-13.41811752319336	8.406109809875488	6	completed
18.77773666381836	-16.017656326293945	7	testing
-50.48093032836914	4.581707954406738	5	doubt
-38.55944061279297	9.839441299438477	6	continued
22.111881256103516	-8.793118476867676	8	payment
-9.292863845825195	8.71584701538086	6	competition
27.483102798461914	0.12661847472190857	5	Americans
-3.936957597732544	-6.876865863800049	4	central
14.421534538269043	25.71242904663086	2	Martin
14.298277854919434	-18.31324005126953	10	advanced
-46.26641082763672	2.6302707195281982	5	keeping
-36.011940002441406	1.6554453372955322	5	remain
33.650390625	-5.480053424835205	4	winter
43.89338302612305	10.69390869140625	9	Germany
-54.054771423339844	4.618398666381836	5	mention
-14.62420654296875	-15.453895568847656	7	balance
-7.724688529968262	-12.4578218460083	0	elements
45.46281433105469	11.904497146606445	2	Ford
-26.85715103149414	-4.192326545715332	0	alternative
-21.426027297973633	1.1804097890853882	5	trust
18.474597930908203	-7.383321285247803	8	capital
29.968666076660156	-14.329974174499512	7	brain
-2.8391177654266357	-1.0487432479858398	3	technical
-20.087717056274414	2.6529808044433594	5	claims
-29.976572036743164	-3.473050594329834	0	separate
-9.253056526184082	-15.940590858459473	7	caused
43.15150451660156	12.49649429321289	9	League
15.316987037658691	24.939828872680664	2	Jack
-3.1193864345550537	-13.278347969055176	10	operation
8.512575149536133	1.6152806282043457	3	creative
-4.600217819213867	-0.5805002450942993	3	independent
-36.30179977416992	2.2977540493011475	5	decide
3.8566198348999023	-13.33246898651123	8	spending
37.641624450683594	-14.832027435302734	10	cable
-16.210783004760742	-12.479829788208008	7	gain
40.27836990356445	-4.755091667175293	2	coach
-9.967306137084961	-4.157558441162109	5	fear
30.446191787719727	-18.30876922607422	10	mode
13.812697410583496	27.035974502563477	2	Jim
-51.01361083984375	0.7640547156333923	5	aware
-10.470094680786133	0.3330436944961548	5	rule
7.346391201019287	-12.451135635375977	0	document
-30.417098999023438	1.4200817346572876	6	sets
-3.230067253112793	-2.517209529876709	3	strategy
-3.720089912414551	-12.510604858398438	10	operating
47.4998779296875	13.623944282531738	1	Auto
37.301578521728516	-6.843155384063721	6	television
-55.208152770996094	3.5636842250823975	5	meant
23.31057357788086	-4.817505359649658	5	laws
40.14085006713867	14.95390510559082	9	Colorado
-15.326539039611816	-4.718567848205566	5	concept
-35.825294494628906	1.1038768291473389	5	majority
24.211132049560547	-19.74745750427246	10	frame
-24.085865020751953	6.679675579071045	5	attempt
-13.25008487701416	11.798345565795898	6	eight
-31.374649047851562	-8.290124893188477	0	determine
-34.55487823486328	-6.069997787475586	0	proper
9.249829292297363	-7.852636337280273	3	organizations
44.150245666503906	17.631633758544922	1	Rights
-35.49806213378906	-3.8871469497680664	7	critical
-26.88668441772461	5.366315841674805	5	discuss
46.483306884765625	18.88155174255371	1	Computer
29.88047981262207	-8.203788757324219	4	discount
15.811201095581055	-18.08173179626465	10	units
48.3070182800293	10.256064414978027	9	Football
-16.627365112304688	-5.480624198913574	4	ideal
-7.832974910736084	13.099807739257812	3	partner
2.8228652477264404	-7.427966594696045	3	corporate
15.263041496276855	25.571645736694336	2	Bob
-27.536001205444336	-0.6594257950782776	0	description
10.389745712280273	-5.6536149978637695	3	agency
29.23932456970215	-2.956545352935791	5	trial
32.23588562011719	-5.72617244720459	4	ship
7.278811454772949	-5.262960433959961	0	coverage
-1.66117262840271	1.9125216007232666	3	department
-30.08917236328125	8.200055122375488	5	becoming
-30.996366500854492	-7.666364669799805	7	maintain
19.676433563232422	9.917006492614746	2	signed
32.36716079711914	-4.864284992218018	4	guests
6.918697834014893	-10.232307434082031	3	operations
-9.65816879272461	11.575141906738281	6	returned
48.76544952392578	10.877774238586426	9	Homes
12.72864818572998	4.2552337646484375	4	visitors
15.461637496948242	-17.939237594604492	10	transfer
48.509315490722656	9.834004402160645	9	Cup
16.646587371826172	26.706701278686523	2	Charles
-11.002280235290527	-11.237025260925293	0	essential
11.014946937561035	9.621767044067383	6	winning
38.995277404785156	-12.01231861114502	4	flight
-53.516239166259766	2.8987817764282227	5	possibly
28.625354766845703	-4.646031856536865	3	hospital
36.78631591796875	-10.816083908081055	4	bike
41.3988037109375	20.78285026550293	1	Human
-48.81243896484375	0.8994452357292175	5	suggest
36.00321960449219	-8.329900741577148	4	dogs
-18.667621612548828	5.183097839355469	3	dedicated
37.78567886352539	-5.715282440185547	6	artists
7.0819621086120605	0.02373574674129486	5	hearing
-22.480728149414062	-5.41424560546875	3	developing
43.855228424072266	21.18084144592285	1	Financial
35.080322265625	16.09210777282715	9	Canadian
34.554931640625	-10.641138076782227	4	rental
37.05207824707031	-9.65949821472168	4	county
18.57023811340332	10.132330894470215	2	senior
-14.61709213256836	2.044001340866089	6	count
23.018312454223633	-16.992490768432617	0	documents
19.680513381958008	3.173250198364258	5	quote
42.240928649902344	22.349348068237305	1	Federal
-20.953527450561523	-2.914440393447876	3	manage
29.232067108154297	-18.308053970336914	10	electronic
13.831857681274414	26.22078514099121	2	Williams
8.378310203552246	-4.95491361618042	3	agreement
-48.064449310302734	4.791970252990723	5	explain
32.65894317626953	-12.176819801330566	7	fuel
14.777146339416504	-7.275115966796875	3	advertising
6.4359564781188965	1.1020079851150513	5	audience
14.451742172241211	-16.62811279296875	7	volume
1.2429592609405518	-11.735396385192871	10	secure
42.360923767089844	21.32879638671875	1	Commission
29.59113311767578	-2.192091941833496	5	defense
-32.517799377441406	7.959727764129639	5	remains
-36.94811248779297	7.5919928550720215	6	managed
-37.861507415771484	2.3427364826202393	7	progress
-5.302372932434082	-11.451488494873047	10	connected
18.94928550720215	-4.29116153717041	6	quarter
15.09688949584961	23.856203079223633	2	joined
-18.99860954284668	5.85883092880249	0	shared
45.62907409667969	18.686498641967773	1	Professional
46.33359146118164	15.246916770935059	1	Property
17.320751190185547	-16.469289779663086	7	capacity
4.357185363769531	2.833512783050537	3	mission
-17.464092254638672	-11.001778602600098	7	achieve
45.48411560058594	16.463794708251953	1	Credit
36.13738250732422	-16.2420597076416	10	output
-49.59423828125	2.5650827884674072	5	despite
39.9578742980957	22.529495239257812	1	Standard
-13.699225425720215	-8.724145889282227	0	applied
30.235485076904297	-5.313321113586426	3	courses
38.307769775390625	-11.04822826385498	4	golf
38.17998504638672	15.820317268371582	9	Georgia
-9.050799369812012	-18.34453582763672	7	negative
24.788013458251953	-17.967937469482422	10	panel
30.30521583557129	-3.692418336868286	0	agent
-5.500239372253418	-8.68966293334961	10	generation
-22.769580841064453	0.4752698540687561	0	advance
23.25823211669922	-0.1895657330751419	5	birth
-3.999457359313965	4.107886791229248	0	detailed
-11.590070724487305	-16.55769157409668	7	factors
35.690391540527344	-9.834318161010742	4	vacation
37.516231536865234	12.764144897460938	4	edition
41.578678131103516	22.160898208618164	1	Plan
-27.16791534423828	8.08156681060791	0	numerous
-27.063840866088867	-1.7801439762115479	0	recommended
28.541616439819336	-11.521231651306152	8	mortgage
31.22551918029785	-9.890326499938965	4	auto
-14.824630737304688	-16.7384033203125	8	minimum
31.390308380126953	-8.817172050476074	4	parking
29.6486759185791	-1.2037750482559204	5	election
32.77444076538086	-7.770992279052734	4	comfort
44.69540786743164	12.229557991027832	9	Holiday
-15.311699867248535	-0.30947229266166687	7	rise
-35.79468536376953	9.516471862792969	6	eventually
11.080122947692871	-18.5584716796875	7	maximum
-24.90000343322754	-6.57668399810791	0	relevant
-15.446122169494629	-14.446062088012695	7	limit
-15.67044734954834	-0.168336883187294	7	raise
-1.411800503730774	6.405981540679932	0	register
-17.897085189819336	-0.6924272775650024	8	paying
12.7306547164917	-6.934403419494629	3	administration
30.993263244628906	-11.065197944641113	8	housing
40.87369155883789	-11.30456829071045	7	injury
-18.6938419342041	-8.878300666809082	10	fixed
18.13047218322754	-12.696544647216797	5	theory
46.12100601196289	17.99355125427246	1	Safety
-21.377824783325195	9.012377738952637	6	greatest
35.92129898071289	-10.211018562316895	4	apartment
-9.85248851776123	-2.4959070682525635	3	experiences
17.153783798217773	-22.420024871826172	10	switch
6.680037975311279	2.275719165802002	5	signs
34.72160339355469	-17.098127365112305	10	interface
-4.169798374176025	-0.8907002806663513	3	assist
26.17083168029785	-7.943582534790039	8	rating
-56.06196975708008	2.2476308345794678	5	concerned
-28.77644157409668	-5.933326721191406	0	manner
-28.9195613861084	8.784281730651855	6	leads
16.41898536682129	-14.365802764892578	7	stress
-6.50471830368042	-2.256105661392212	3	assistance
5.670095920562744	0.8931995630264282	5	forces
46.8978157043457	12.349987983703613	9	Records
17.212614059448242	10.016246795654297	4	guest
-38.69317626953125	-2.4995133876800537	0	initial
25.99678611755371	-1.8633397817611694	4	centre
-49.6981086730957	4.200890064239502	5	indeed
2.250854969024658	-9.534741401672363	3	facility
33.27126693725586	-6.468025207519531	4	gun
29.807594299316406	-19.148515701293945	10	input
11.957159042358398	2.5129354000091553	4	pack
-24.303640365600586	-8.559940338134766	0	properly
-9.637910842895508	0.5022886991500854	5	facts
6.061736583709717	-4.70098352432251	0	approved
-40.459171295166016	10.673666954040527	5	stated
20.89703369140625	-7.497681140899658	8	charges
-26.41794776916504	-7.279008388519287	0	purposes
-44.11818313598633	0.04353967308998108	0	intended
19.51822853088379	-2.0989227294921875	3	residents
-22.75650978088379	-1.9517534971237183	3	responsibility
17.26411247253418	-13.643096923828125	7	behavior
5.793373107910156	0.2670290172100067	5	freedom
21.504751205444336	-2.8797359466552734	3	communities
14.702245712280273	-21.40021324157715	10	functions
-52.743106842041016	8.27003002166748	0	previously
6.853129863739014	4.35796594619751	4	cross
-15.732243537902832	-11.378533363342285	7	failure
1.0781242847442627	8.079056739807129	4	purchased
34.7313232421875	-13.116082191467285	10	electric
-6.508550643920898	8.632355690002441	6	mark
11.51842212677002	-7.388317108154297	3	policies
31.77454376220703	15.482810020446777	2	Louis
-25.842092514038086	-4.698239803314209	0	task
4.627442836761475	0.7006981372833252	3	vision
-41.099552154541016	-3.9232349395751953	0	allowing
11.53880500793457	-9.72128677368164	3	environmental
14.00969409942627	-15.585352897644043	7	scale
-55.07062530517578	6.602754592895508	0	specifically
14.507431983947754	27.44377899169922	2	Brian
21.514080047607422	2.415578842163086	6	arms
41.12102508544922	22.63587188720703	1	Customer
1.1279011964797974	5.009190082550049	4	locations
-9.397430419921875	-17.208324432373047	7	causes
26.29155731201172	1.8055615425109863	0	registered
19.883861541748047	2.011007070541382	5	speech
-7.546327114105225	-0.5571550130844116	5	decisions
37.457054138183594	-15.571380615234375	10	wireless
13.530942916870117	-19.633583068847656	3	maintenance
15.756321907043457	-22.26443862915039	10	automatically
-39.86070251464844	-1.8086936473846436	7	combined
40.825775146484375	19.654958724975586	1	Executive
23.347003936767578	-16.986366271972656	0	license
17.124937057495117	8.759437561035156	6	award
14.089475631713867	8.318014144897461	0	reserved
38.264442443847656	14.410916328430176	9	Australian
-12.260905265808105	-3.0058088302612305	7	influence
-0.8102205991744995	2.370910406112671	3	expert
-6.040091037750244	2.060378313064575	0	proposed
-19.2468204498291	10.522324562072754	6	discovered
18.51826286315918	-14.886845588684082	7	tests
-1.377137541770935	-12.78317642211914	10	distribution
3.2305543422698975	8.843387603759766	4	owned
13.936476707458496	27.839500427246094	2	Andrew
28.51165771484375	-18.552337646484375	10	installation
-18.971363067626953	-3.964643716812134	3	aid
2.055917501449585	1.766157627105713	3	leadership
36.87022018432617	-7.812352657318115	6	zone
-47.34540939331055	5.793990612030029	5	obvious
-5.4244771003723145	-10.051280975341797	10	smart
7.153110980987549	-8.0652437210083	3	professionals
38.24979019165039	-15.05370044708252	10	laptop
-21.688642501831055	-14.069657325744629	7	increasing
-37.903656005859375	-0.2503403425216675	7	determined
5.4089131355285645	-1.5278488397598267	7	treated
32.498294830322266	-16.823177337646484	10	command
-51.35193634033203	2.1712307929992676	5	considering
-13.665152549743652	-13.843154907226562	7	measure
-51.13349914550781	7.912256240844727	5	Whether
44.676536560058594	10.069578170776367	9	Italy
32.630123138427734	-11.057695388793945	4	vehicles
47.051795959472656	11.289116859436035	1	Senate
22.894033432006836	2.4370534420013428	6	pop
11.67095947265625	-6.566248416900635	8	funding
32.91245651245117	-5.4203057289123535	4	horse
-50.59822082519531	4.133837699890137	5	obviously
-10.21886920928955	-16.74175453186035	7	factor
18.60449981689453	6.423768997192383	6	formed
18.59101676940918	5.530745983123779	6	recorded
13.343141555786133	-17.626314163208008	10	element
23.81484603881836	-9.628264427185059	8	taxes
-20.006549835205078	10.759448051452637	5	speaking
-16.651853561401367	5.7764081954956055	0	supported
34.67203140258789	17.404600143432617	9	Coast
24.75694465637207	-18.563793182373047	10	replacement
-33.71509552001953	-5.709408760070801	5	exist
-13.154372215270996	-9.148235321044922	0	defined
-8.234932899475098	-17.296594619750977	7	mass
23.20850372314453	-14.825052261352539	3	emergency
21.445476531982422	-0.740325927734375	5	crime
-7.847107887268066	-15.968037605285645	5	tend
-21.054845809936523	7.524379253387451	4	somewhere
-3.4343278408050537	-0.7466188669204712	3	comprehensive
12.215057373046875	-8.081048011779785	3	sector
-14.80766487121582	-10.592095375061035	7	improved
0.6449916958808899	1.2459901571273804	3	committed
1.0638751983642578	-10.08308219909668	3	consumer
38.75913619995117	-11.997655868530273	4	airport
-47.12269973754883	1.2400072813034058	0	instance
-5.2134928703308105	-0.6336560845375061	3	experts
-8.144022941589355	-1.731961965560913	3	interests
23.82942771911621	2.7938313484191895	4	studio
-27.62147331237793	4.380658149719238	0	accepted
-26.03130531311035	11.847685813903809	6	introduced
18.4185848236084	-5.34520959854126	8	charged
-11.196017265319824	11.605731964111328	6	fourth
-0.2230265885591507	6.22909688949585	4	tag
25.828035354614258	-17.948184967041016	10	recording
-11.460227012634277	4.462017059326172	0	replace
-32.70476150512695	-9.795456886291504	7	affect
17.037979125976562	25.355066299438477	2	Henry
38.1152458190918	-13.852731704711914	10	drivers
20.97184944152832	-1.7486355304718018	3	university
-25.318153381347656	-6.124053955078125	0	identify
-46.70648956298828	5.695478916168213	5	knowing
-24.20996856689453	-5.005310535430908	3	aspects
31.916933059692383	13.566901206970215	6	winner
16.372058868408203	-13.446969985961914	7	mental
6.450480937957764	4.284567356109619	4	rare
-34.851375579833984	9.401655197143555	6	closer
29.80364990234375	-4.626412868499756	0	agents
-15.438201904296875	6.270500659942627	0	presentation
36.59474563598633	16.212787628173828	9	Kingdom
-40.309226989746094	10.499430656433105	5	noted
-0.4445644021034241	-9.105022430419922	8	accounts
14.448718070983887	26.809938430786133	2	Frank
32.945430755615234	-8.042428016662598	4	pet
38.69144821166992	-10.662571907043457	4	beer
17.960195541381836	-15.903578758239746	7	recovery
-1.7449589967727661	-2.003631830215454	3	educational
32.93446731567383	-17.34918212890625	10	invention
45.65541458129883	9.739359855651855	9	Jewish
-39.53504180908203	3.277114152908325	3	focused
-38.97953414916992	1.69304358959198	5	concerns
19.862707138061523	-18.438751220703125	3	provider
29.83043098449707	-18.04964828491211	10	remote
39.63029861450195	22.08424186706543	1	Complete
39.43510055541992	22.717947006225586	1	Select
-43.38795471191406	6.278263568878174	5	familiar
-6.963207244873047	1.2403587102890015	5	authority
-28.654935836791992	-2.7108821868896484	0	examples
-35.631221771240234	6.456385135650635	6	carried
-30.659631729125977	-9.699058532714844	0	depending
13.140837669372559	-8.622703552246094	3	consumers
-7.3396735191345215	-11.295639991760254	0	suitable
7.415986061096191	-0.13972899317741394	5	debate
-20.881505966186523	-14.179768562316895	7	reduced
40.97066879272461	18.31785011291504	1	Division
22.653892517089844	-2.3909192085266113	3	cultural
40.818538665771484	-12.075151443481445	7	alcohol
12.901518821716309	-16.816598892211914	0	accurate
-52.78172302246094	5.65231466293335	6	bringing
-40.29540252685547	9.547101974487305	0	follows
19.10091209411621	10.873706817626953	2	executive
-19.69344711303711	4.844958782196045	3	creation
-9.2268648147583	-2.1075196266174316	3	challenges
30.445512771606445	-6.296294212341309	4	buildings
-12.150554656982422	-7.033050537109375	0	receiving
14.246227264404297	11.109325408935547	9	Without
-11.677687644958496	-9.398667335510254	5	definition
-27.626859664916992	4.771194934844971	5	agreed
-39.077613830566406	1.9423578977584839	5	importance
-19.679624557495117	-12.89342975616455	7	equal
-9.13889217376709	-4.527345657348633	7	confidence
-5.410502910614014	-1.6011773347854614	3	partners
22.912559509277344	-1.2157238721847534	5	historical
20.696918487548828	8.90291690826416	4	tagged
39.07792282104492	14.216642379760742	9	Ireland
45.713035583496094	10.416952133178711	9	Catholic
-29.15448760986328	-11.457596778869629	5	reasonable
22.63776397705078	3.0561482906341553	6	tracks
21.438711166381836	-15.423016548156738	0	fields
-15.871294021606445	2.391446113586426	6	losing
-15.281533241271973	7.5344462394714355	0	delivered
26.30127716064453	1.4450311660766602	0	papers
13.265096664428711	-20.146869659423828	10	efficient
6.9689154624938965	-1.1441993713378906	5	argument
-21.200109481811523	-6.672722816467285	5	context
-50.85121154785156	-0.2155996859073639	5	concern
6.760007381439209	-5.319966793060303	3	survey
17.67177963256836	-18.4902286529541	7	processes
16.25491714477539	24.9012508392334	2	Adam
20.14739227294922	10.694232940673828	2	officer
41.06071472167969	14.122138023376465	9	Minnesota
18.791303634643555	2.3696346282958984	5	judge
15.484002113342285	-7.393074989318848	4	retail
-25.263769149780273	12.5966215133667	6	originally
33.17636489868164	18.40411949157715	9	Northern