x	y	cluster	word
-10.677572250366211	33.99822998046875	5	he
-9.08283805847168	31.834318161010742	5	his
-8.944067001342773	31.251855850219727	5	man
8.21017837524414	-13.917291641235352	6	views
14.288942337036133	23.935829162597656	4	game
-3.321415424346924	34.267051696777344	4	team
8.48171615600586	5.327796936035156	0	God
-23.883724212646484	-17.291893005371094	9	From
1.5382381677627563	35.42977523803711	10	power
-3.1412861347198486	-13.801535606384277	9	United
-31.27735710144043	1.518512487411499	2	John
7.255218982696533	29.8804988861084	4	points
17.143211364746094	19.625436782836914	4	games
10.121465682983398	-28.722084045410156	3	Internet
-23.331974029541016	-15.84042739868164	6	Great
-6.3233160972595215	8.135787010192871	0	His
28.93999671936035	-15.806068420410156	3	Windows
-32.76567840576172	1.4747923612594604	2	David
1.6425082683563232	-9.727070808410645	8	San
4.535459995269775	-31.837717056274414	3	Google
-6.57697057723999	34.414329528808594	5	guys
-6.7251458168029785	33.444000244140625	5	guy
-10.405423164367676	37.28031921386719	5	general
-18.721437454223633	-22.797449111938477	6	Part
29.133934020996094	25.758956909179688	10	security
-32.92045593261719	0.8796164989471436	2	James
-1.6864967346191406	38.90580749511719	10	source
-14.152612686157227	-20.5721435546875	6	Green
11.84877872467041	25.829252243041992	4	players
-17.72587013244629	-21.548200607299805	9	General
-30.325376510620117	1.2532875537872314	2	Paul
-6.705726623535156	-25.845109939575195	1	Power
11.575984001159668	27.678171157836914	4	player
-9.756741523742676	36.68392562866211	5	according
-37.19985580444336	2.3809263706207275	2	Michael
-1.3370758295059204	38.30051803588867	10	build
2.1794273853302	22.08635902404785	7	war
6.438571453094482	-29.844161987304688	3	System
-1.6820510625839233	25.173084259033203	5	land
3.1737842559814453	-12.19455623626709	6	Game
-23.640182495117188	-17.84707260131836	6	Back
19.464794158935547	23.57676124572754	5	band
-1.5013312101364136	37.89004135131836	10	built
-18.485828399658203	-12.919466972351074	6	King
-34.2069091796875	8.092907905578613	6	Will
28.131290435791016	-20.131118774414062	3	Software
-18.692861557006836	-13.875656127929688	6	Man
5.275333404541016	-23.74362564086914	1	Series
-1.9532697200775146	-14.322861671447754	6	War
28.674236297607422	24.3365478515625	10	solution
-32.304561614990234	0.08993257582187653	2	Mark
-29.50954818725586	-4.439835071563721	2	George
11.8786039352417	-27.944185256958008	9	Security
9.25501537322998	4.896647930145264	0	Jesus
28.31055450439453	-18.465669631958008	3	Microsoft
3.4523942470550537	29.7779541015625	5	pass
29.044511795043945	15.214712142944336	10	engine
4.8138251304626465	-9.338628768920898	8	Sports
-1.3863714933395386	-8.62093734741211	8	England
9.754334449768066	29.501955032348633	4	fans
-4.788299560546875	37.533241271972656	10	charge
-30.460140228271484	-2.154113292694092	2	Robert
-24.832551956176758	-10.266361236572266	2	Brown
-13.681793212890625	-16.93838119506836	6	Old
-9.342110633850098	-10.279459953308105	8	Team
1.2102932929992676	31.611371994018555	5	fan
-11.441128730773926	-6.675946235656738	8	Chicago
-25.875259399414062	-8.155732154846191	2	Bill
5.791732311248779	29.743295669555664	5	trade
2.8043103218078613	24.721656799316406	7	fight
-18.74181365966797	-7.60907506942749	2	William
-37.602508544921875	-3.1450185775756836	2	Chris
12.078084945678711	27.33658218383789	4	ball
0.06551045179367065	-9.88632583618164	8	Bay
9.023368835449219	15.034146308898926	7	military
-39.01071548461914	-2.3354833126068115	2	Mike
26.908143997192383	-18.81372833251953	3	iPhone
-5.995026588439941	30.00940704345703	5	poor
9.683771133422852	5.279608249664307	0	Lord
-7.494949817657471	34.31776428222656	7	led
24.77873992919922	26.332822799682617	10	construction
10.117866516113281	28.93187713623047	4	sports
-8.330643653869629	31.717424392700195	5	dead
-15.611042976379395	-18.150096893310547	6	Rock
-27.088443756103516	-6.246784687042236	2	Thomas
-0.9551694393157959	-18.602340698242188	9	Quote
-26.41109275817871	-4.446674346923828	2	Peter
-7.308986663818359	-12.662433624267578	6	Super
5.505148410797119	-31.123098373413086	3	User
9.7907133102417	31.921031951904297	4	teams
-8.846311569213867	33.18634796142578	5	respect
-6.566011428833008	-23.490144729614258	6	Box
19.94063949584961	-22.723451614379883	1	Pro
-40.19573211669922	-1.974082112312317	2	Joe
-36.929534912109375	0.1035492941737175	2	Tom
1.6111674308776855	24.42292022705078	7	attack
-8.681808471679688	38.30747604370117	10	reference
9.306950569152832	4.5420050621032715	0	Christ
-4.035015106201172	33.90339660644531	4	beat
-35.476951599121094	-7.356438159942627	2	Johnson
-30.5634765625	-1.6217724084854126	2	Richard
14.028428077697754	22.20990753173828	4	football
2.5893588066101074	18.969924926757812	5	century
-6.4404072761535645	23.22633934020996	5	thread
12.318642616271973	6.505067348480225	0	Israel
26.407623291015625	24.742813110351562	10	custom
8.996603965759277	-24.234634399414062	9	Training
-37.415122985839844	-1.235911250114441	2	Steve
29.28107261657715	17.19124412536621	10	audio
17.767698287963867	-15.979257583618164	8	Golf
-33.9367561340332	8.566033363342285	9	According
27.62837028503418	16.3851318359375	10	driver
-11.329879760742188	-6.625091552734375	8	Boston
-43.36544418334961	4.943411350250244	2	Scott
12.69716739654541	26.71381378173828	4	score
7.692173004150391	15.511857032775879	7	killed
1.0629746913909912	27.155500411987305	7	leader
4.808781147003174	32.50626754760742	10	manager
-12.411809921264648	-21.387266159057617	6	End
0.35088250041007996	-19.34520721435547	6	Wall
-3.494871139526367	36.71232986450195	10	solid
4.263121128082275	17.220794677734375	7	Bush
-33.4095573425293	-1.709247350692749	2	Martin
1.525953769683838	25.169538497924805	7	leaders
2.140237808227539	-6.137500762939453	8	League
-34.55540084838867	-2.282081365585327	2	Jack
-42.48586654663086	5.581144332885742	2	Jones
14.994738578796387	20.194400787353516	4	coach
2.942838191986084	-9.370438575744629	8	Jersey
-38.89585494995117	1.1081923246383667	2	Jim
-6.407820701599121	31.089874267578125	5	rule
-11.676091194152832	-20.193923950195312	6	Way
13.069589614868164	-24.400304794311523	1	Auto
0.8086545467376709	23.97093963623047	7	kill
6.628551006317139	-30.469520568847656	3	Computer
6.912454128265381	-7.251835823059082	8	Football
23.994247436523438	-11.780055046081543	9	GMT
-34.717674255371094	-1.5113006830215454	2	Bob
6.455914497375488	-20.631433486938477	1	Bar
25.432674407958984	25.750333786010742	10	transfer
-28.499605178833008	-4.8787736892700195	2	Charles
-42.189903259277344	-0.9968879818916321	2	Jackson
28.110441207885742	14.627961158752441	10	repair
19.78750228881836	-24.070825576782227	3	Audio
-4.971290588378906	24.246000289916992	5	quote
7.269690036773682	-17.88459587097168	6	Dog
30.436460494995117	19.328895568847656	10	install
20.674203872680664	-23.20585060119629	9	Forums
-9.643736839294434	-21.593807220458984	9	Master
22.172496795654297	12.261054039001465	5	guitar
7.992482662200928	24.761892318725586	4	defense
-6.918657302856445	-26.175888061523438	1	Standard
18.272050857543945	17.911178588867188	4	golf
-5.485386371612549	32.15827178955078	7	battle
-2.3049943447113037	38.374107360839844	10	generation
11.361577033996582	4.444014072418213	0	Bible
-18.344635009765625	-18.909290313720703	6	Head
-4.316649913787842	26.596698760986328	5	master
-5.515718936920166	-25.18981170654297	1	Tech
26.213180541992188	20.893875122070312	10	auto
16.43311309814453	17.905086517333984	4	injury
13.675440788269043	10.788899421691895	7	Iraq
21.700254440307617	25.417177200317383	5	theory
6.149377822875977	21.427410125732422	5	serving
-10.127910614013672	35.062625885009766	5	greatest
-15.720808982849121	-23.25223159790039	6	YouTube
-28.026968002319336	-8.848875999450684	2	Matt
19.02989959716797	-19.069997787475586	1	Oil
9.972134590148926	-17.24974822998047	6	Records
8.632834434509277	19.221155166625977	7	gun
8.989680290222168	-30.37431526184082	3	Tools
-37.73257064819336	-6.235965251922607	2	Ryan
4.116389751434326	-30.948671340942383	3	RSS
-2.724167585372925	-13.980287551879883	7	Army
9.049558639526367	-21.81949806213379	8	Player
-5.810464382171631	35.140411376953125	5	mark
-13.495495796203613	-6.556217193603516	8	Louis
7.221883296966553	-26.52219581604004	9	Test
-43.2955436706543	2.2585480213165283	2	Brian
-4.211942672729492	-17.64510154724121	6	III
17.17824363708496	-22.725780487060547	1	Equipment
-43.5047721862793	3.222623109817505	2	Andrew
1.4653922319412231	26.02593231201172	7	leadership
-7.3191423416137695	-22.880300521850586	6	Original
19.258634567260742	19.931604385375977	4	zone
16.863962173461914	-24.89020347595215	9	Engineering
27.788677215576172	25.47509765625	10	command
25.078882217407227	-7.907601356506348	4	yards
-23.86093521118164	-16.196674346923828	6	Four
-37.704158782958984	-0.7824833393096924	2	Dave
-33.74494552612305	-4.283474922180176	2	Ben
28.34925651550293	-17.823591232299805	3	Android
6.5112810134887695	-17.64789390563965	6	Band
-36.5213508605957	-2.3812639713287354	2	Tim
25.759809494018555	24.886241912841797	10	replacement
16.46446990966797	-21.167882919311523	1	Steel
-2.1519463062286377	-19.697193145751953	9	Message
23.2436580657959	12.678156852722168	5	fishing
-7.928389549255371	-19.177675247192383	9	Force
-4.760024070739746	30.221208572387695	7	committed
-31.964731216430664	1.9482276439666748	2	Daniel
2.9203667640686035	27.25235366821289	5	camp
-5.710781574249268	38.53154754638672	10	replace
-27.15166473388672	-5.421828746795654	2	Henry
-3.6707847118377686	30.501523971557617	7	fighting
3.360170841217041	-24.519678115844727	6	Pack
-5.216782569885254	-17.366943359375	6	Kingdom
-37.01401901245117	1.421886682510376	2	Frank
21.942607879638672	13.567728042602539	5	beer
-33.18102264404297	-3.745445489883423	2	Dan
-3.882023811340332	-21.358638763427734	1	Wood
28.882272720336914	21.107940673828125	10	remote
-8.134079933166504	-19.890972137451172	9	Trade
16.279001235961914	-21.88888931274414	1	Electric
-25.060068130493164	-4.9975080490112305	2	Joseph
-43.708343505859375	1.5707058906555176	2	Kevin
-0.08790504932403564	17.25542640686035	0	evil
-16.64145851135254	-14.410717964172363	6	Death
-37.624366760253906	-2.2624428272247314	2	Jeff
17.914579391479492	26.460914611816406	5	trading
18.370227813720703	-23.988628387451172	1	Engine
12.431763648986816	-16.28661346435547	6	Vol
-1.4762760400772095	26.292945861816406	5	argument
-18.34418487548828	-23.98322105407715	9	Quick
-30.41215705871582	1.6205205917358398	2	Adam
2.3408570289611816	-9.176921844482422	8	Minnesota
-5.657675743103027	-14.482102394104004	2	Chief
-40.27398681640625	5.724190711975098	2	Sam
5.095963954925537	17.47801399230957	7	chief
-38.604915618896484	-2.7979259490966797	2	Jason
-5.5957231521606445	7.2836198806762695	0	Father
-0.17538173496723175	-24.03435516357422	6	Sound
-5.2427077293396	7.987513542175293	0	Holy
28.633586883544922	-17.124414443969727	3	Linux
10.632912635803223	31.598947525024414	4	league
1.7441595792770386	-25.822410583496094	1	Speed
-40.524234771728516	-1.5244125127792358	2	Tony
10.396368980407715	-6.609259128570557	8	NFL
-16.278301239013672	-19.776226043701172	6	Official
9.169631958007812	29.1649169921875	5	sport
26.249238967895508	17.252574920654297	10	motor
-12.056999206542969	-7.634481430053711	8	Dallas
11.402281761169434	-20.353206634521484	9	Volume
24.205297470092773	26.73558807373047	10	gear
-1.1576029062271118	17.674596786499023	0	god
21.409467697143555	-18.410402297973633	1	Repair
26.30923843383789	-12.191014289855957	1	Battery
-41.30473709106445	2.4487550258636475	2	Eric
17.35805320739746	26.38538932800293	5	minor
27.36776351928711	23.29768943786621	10	engineering
-13.965606689453125	-21.94277000427246	6	Max
23.771438598632812	-9.895094871520996	8	Tickets
5.8053507804870605	-25.929187774658203	1	Construction
5.752800941467285	-22.17165756225586	1	Metal
-40.298423767089844	-2.8843915462493896	2	Alex
8.901549339294434	25.302444458007812	4	victory
-7.2754316329956055	32.59806442260742	5	fellow
-19.34764862060547	-23.56539535522461	9	Questions
-11.445011138916016	-6.080265522003174	8	Diego
1.7172623872756958	-25.125749588012695	1	Machine
-2.846713066101074	37.916961669921875	10	capable
26.86798858642578	-13.06646728515625	3	Samsung
8.024773597717285	9.832090377807617	5	king
-2.33577561378479	26.586986541748047	5	hundred
-9.069214820861816	35.770362854003906	5	heads
9.92491626739502	15.745294570922852	7	illegal
-33.87016296386719	1.3409862518310547	2	Stephen
-11.854368209838867	36.66072463989258	5	Thus
-7.30983829498291	30.90973663330078	5	bear
24.113723754882812	-18.231552124023438	3	Wireless
-8.190142631530762	35.207672119140625	5	passing
-3.286956787109375	27.949155807495117	10	duty
8.871757507324219	15.552614212036133	7	criminal
-17.203527450561523	-22.895708084106445	9	Started
9.017082214355469	16.04865264892578	7	officers
-39.24243927001953	-3.3145577907562256	2	Nick
2.3318214416503906	27.874691009521484	7	facing
1.2911385297775269	30.149919509887695	4	kick
26.95249366760254	23.888126373291016	10	manual
-19.782451629638672	-22.302839279174805	9	Notes
3.9497129917144775	-10.922370910644531	8	Youth
-7.786767959594727	37.09271240234375	5	ultimate
-13.097185134887695	-17.135215759277344	6	Dead
11.886772155761719	13.148436546325684	7	weapons
-11.131356239318848	34.196903228759766	7	believed
-10.310168266296387	-5.668125629425049	8	Philadelphia
15.079014778137207	20.38286590576172	4	scored
-11.349160194396973	37.43916320800781	5	referred
-21.46221351623535	-19.613082885742188	9	Return
-7.007156848907471	36.01005172729492	5	decent
0.31965523958206177	29.962303161621094	5	crew
13.972114562988281	25.95279312133789	4	draft
14.327118873596191	22.662614822387695	4	baseball
-18.34330940246582	-20.27233123779297	6	Cool
27.55894660949707	13.387453079223633	10	circuit
26.42243003845215	-16.298892974853516	3	SEO
-0.21903087198734283	39.403804779052734	10	upgrade
14.617932319641113	21.24222183227539	4	basketball
17.38119125366211	26.958406448364258	5	pro
-28.04862403869629	-6.937551021575928	2	Don
7.950223445892334	-7.573389530181885	8	Basketball
16.8492488861084	-21.957239151000977	1	Gas
2.86515736579895	-17.748220443725586	9	Retrieved
-37.64024353027344	-4.715142726898193	2	Howard
28.68608856201172	16.7544002532959	10	printing
-21.666152954101562	-19.621063232421875	9	Future
23.348012924194336	10.750484466552734	5	van
1.6080365180969238	-19.051734924316406	9	Pass
25.378944396972656	-13.00507926940918	6	Xbox
1.9947504997253418	23.295852661132812	7	killing
-3.524339199066162	-16.041807174682617	6	Camp
-43.385623931884766	6.352240085601807	2	Allen
-34.92029571533203	-4.847132682800293	2	Patrick
16.59650993347168	-16.585290908813477	6	Guitar
-20.34939956665039	-17.79534912109375	9	Major
20.427757263183594	20.206689834594727	5	racing
22.57053565979004	11.90528678894043	5	bass
5.296813011169434	-7.539784908294678	8	Bowl
-38.464115142822266	-1.1144626140594482	2	Andy
-35.17341232299805	-4.971048355102539	2	Anthony
28.338672637939453	13.709789276123047	10	engines
6.780527591705322	-24.667280197143555	1	Premium
-4.818752765655518	37.626914978027344	10	proven
28.467090606689453	18.37574005126953	10	convert
28.170446395874023	18.02371597290039	10	root
-6.06169319152832	-27.52604103088379	9	Technical
15.680303573608398	-22.16593360900879	1	Motor
-9.969351768493652	-6.598600387573242	8	Detroit
4.3781938552856445	-15.537357330322266	9	Navy
-18.173513412475586	-9.536426544189453	6	Prince
-31.926570892333984	-4.319341659545898	2	Ron
-2.908146619796753	-22.010242462158203	6	Iron
19.61358642578125	21.220603942871094	5	yard
10.5811767578125	4.845335006713867	0	Him
7.462780952453613	14.634151458740234	7	army
-3.479767084121704	37.904991149902344	10	superior
-43.52703857421875	4.544449806213379	2	Gary
-2.4810848236083984	23.447818756103516	5	tradition
-0.3160032033920288	28.75058937072754	5	grand
28.024019241333008	-17.693025588989258	3	Java
8.352864265441895	14.833861351013184	7	prison
3.026265859603882	34.2216682434082	10	scheme
7.993497371673584	-20.59937286376953	1	Sport
28.552902221679688	17.586410522460938	5	gaming
13.041858673095703	13.12858772277832	7	arrested
-7.926272869110107	33.424678802490234	5	favor
-6.353597164154053	-9.456315994262695	8	Junior
-19.352880477905273	-16.721691131591797	1	Lincoln
5.7096357345581055	21.105361938476562	5	era
7.072628498077393	-14.88351058959961	6	Wars
2.4990363121032715	-16.14061164855957	9	Defense
1.179639458656311	-16.929569244384766	9	Military
0.9383874535560608	-19.274599075317383	6	Fish
5.589591979980469	27.860511779785156	4	guard
26.971317291259766	18.310657501220703	10	assembly
-24.669069290161133	-4.484143257141113	2	Matthew
14.03396224975586	23.14720344543457	4	tournament
-31.900667190551758	2.3491857051849365	2	Simon
11.121733665466309	15.137250900268555	7	intelligence
30.034950256347656	22.47071647644043	3	developers
6.199567794799805	4.221013069152832	0	Roman
6.972581386566162	-30.960800170898438	3	Applications
4.48833703994751	-24.2205753326416	1	Gear
-0.4209294617176056	39.40590286254883	10	setup
20.011459350585938	-17.62682342529297	1	Honda
5.955718517303467	14.49914264678955	7	enemy
6.3533124923706055	-8.161152839660645	8	Baseball
-36.74993896484375	0.8801941275596619	2	Bruce
-27.971601486206055	-8.841438293457031	2	Justin
19.04705810546875	-22.668766021728516	1	Driver
10.305034637451172	-6.976907730102539	8	NBA
-0.8747014999389648	27.808807373046875	5	dude
1.2579469680786133	-9.5374755859375	8	Manchester
5.656104564666748	-31.291961669921875	3	Users
14.94966983795166	-23.825511932373047	1	Industrial
24.843124389648438	-9.904409408569336	6	del
-32.64085006713867	-4.135843753814697	2	Rick
16.980297088623047	16.779109954833984	4	injuries
26.183605194091797	-16.323575973510742	3	GPS
-35.68479537963867	1.3778363466262817	2	Alan
-5.578444957733154	32.32118225097656	7	strike
-6.872900009155273	-16.264055252075195	6	Bear
-15.656333923339844	-23.36576271057129	9	replies
26.516557693481445	23.235332489013672	10	conversion
-22.11035919189453	-14.84138298034668	6	Ten
8.789724349975586	14.008612632751465	7	soldiers
-32.579917907714844	-7.796135902404785	2	Wayne
15.455282211303711	-19.647640228271484	1	Racing
25.18545150756836	-12.086618423461914	1	Canon
27.71100425720215	-14.032464981079102	3	Intel
-6.514254093170166	-16.697429656982422	6	Battle
-38.8012580871582	-0.2648017108440399	2	Jay
-24.431909561157227	-12.428231239318848	2	Guy
19.37418556213379	-22.544490814208984	1	Chrome
19.9012508392334	-17.85757827758789	1	BMW
19.85141372680664	13.161783218383789	2	actor
4.6909942626953125	1.4177336692810059	2	Sir
28.507932662963867	12.101709365844727	10	batteries
-7.511747360229492	-23.608760833740234	6	Ultimate
14.65766716003418	19.044143676757812	4	offense
-24.132843017578125	-16.604267120361328	6	Six
13.556746482849121	5.842036724090576	0	Jews
0.7997159361839294	28.94304084777832	5	boss
5.854377746582031	30.69274139404297	7	personnel
29.24700355529785	19.031497955322266	10	backup
-4.98027229309082	6.6210551261901855	0	Son
-41.582489013671875	3.227945566177368	2	Rob
-36.57868194580078	-0.7910961508750916	2	Jon
-42.77571487426758	4.508497714996338	2	Larry
5.850188732147217	-19.5848445892334	6	Lot
14.857666015625	18.394287109375	4	offensive
-5.647452354431152	35.104705810546875	5	passes
-10.675116539001465	-6.280908107757568	8	Baltimore
12.489054679870605	-6.998351573944092	8	MLS
10.29852294921875	23.18550682067871	4	injured
-42.92484664916992	1.6312973499298096	2	Greg
-8.183206558227539	-25.762802124023438	1	Universal
3.6779894828796387	31.87353515625	4	versus
29.048208236694336	24.68879508972168	10	enterprise
7.542022228240967	-6.900760650634766	8	Championship
1.7893201112747192	-16.031494140625	9	Prime
2.653919219970703	-12.724630355834961	9	Score
-11.949705123901367	-8.309152603149414	8	Cleveland
25.359251022338867	21.682035446166992	10	dealer
5.424836158752441	-31.631298065185547	3	App
10.437033653259277	13.370711326599121	7	troops
7.233179092407227	11.99899673461914	7	nations
17.726970672607422	-19.669706344604492	1	Toyota
-17.991273880004883	-8.609588623046875	2	Captain
10.39789867401123	6.413512229919434	0	Christians
8.207961082458496	-16.543365478515625	6	Jazz
7.598698616027832	20.653959274291992	5	hunting
4.551720142364502	17.533300399780273	7	appointed
-30.544689178466797	-7.8817057609558105	2	Johnny
5.056164741516113	-12.944982528686523	6	Blues
-9.242298126220703	-15.130332946777344	2	Miles
8.381254196166992	29.42776107788086	4	pitch
-10.266459465026855	-23.64922332763672	6	Running
5.886412620544434	4.1040167808532715	0	Rome
8.568731307983398	19.05394172668457	7	guns
-12.002164840698242	-18.86162567138672	6	Dragon
-3.536689043045044	-17.183086395263672	9	Oxford
-5.370415687561035	-17.206933975219727	6	Empire
-39.076480865478516	3.760956287384033	2	Phil
-11.005040168762207	35.84031295776367	5	wise
-13.126860618591309	-20.530363082885742	6	Roll
-31.252967834472656	-7.601318359375	2	Jimmy
-40.10857391357422	3.059238910675049	2	Jerry
0.6421140432357788	27.96156120300293	5	prime
7.285887718200684	-29.47933006286621	1	Tool
6.589138984680176	-27.814315795898438	1	Manual
27.26084327697754	-15.360832214355469	3	IBM
13.598830223083496	5.289884090423584	0	sin
-12.101689338684082	-5.63013219833374	8	Jose
17.16187286376953	-16.561017990112305	6	Fishing
-29.337493896484375	-2.9036645889282227	2	Christopher
27.534618377685547	27.490989685058594	10	translation
-35.81903839111328	-4.96368932723999	2	Sean
1.4566413164138794	-21.11186981201172	9	Points
28.1917781829834	27.017160415649414	10	logic
22.274383544921875	10.483454704284668	6	feat
-40.168312072753906	-6.863766670227051	2	Billy
3.9780001640319824	30.446626663208008	5	rank
-37.25022506713867	-6.400370121002197	2	Josh
28.930770874023438	13.15561580657959	10	printer
-33.60826110839844	2.235121726989746	2	Jonathan
23.15625762939453	-11.061142921447754	6	Remix
-14.933551788330078	-16.726497650146484	6	Brothers
-8.226881980895996	30.729320526123047	5	hero
28.7502384185791	-12.639907836914062	3	SQL
-3.0293824672698975	-7.76825475692749	8	Kings
-38.290870666503906	0.8897429704666138	2	Ken
8.729438781738281	-18.154571533203125	6	Trail
7.792941093444824	22.130922317504883	5	rush
-12.561895370483398	-5.673771858215332	8	Antonio
-3.9327614307403564	25.369644165039062	5	evolution
-33.87578582763672	8.643301963806152	9	Given
-12.081738471984863	-6.9954142570495605	8	Orlando
0.8378075957298279	31.570520401000977	5	finest
7.850576877593994	-27.798728942871094	3	Build
3.3331501483917236	23.169530868530273	7	opposition
-2.941295862197876	26.886079788208008	5	blind
-39.629600524902344	1.2970540523529053	2	Gordon
-19.602447509765625	-23.773517608642578	9	Introduction
5.888551712036133	0.17655593156814575	2	Governor
8.276383399963379	-25.680896759033203	9	Traffic
-34.693397521972656	0.5478621125221252	2	Steven
-33.46885299682617	-8.714827537536621	2	Franklin
17.826187133789062	-24.312471389770508	1	Electronics
29.93431854248047	23.37091636657715	3	developer
-9.915771484375	-6.062277793884277	8	Pittsburgh
-6.055084228515625	-18.77469253540039	9	Authority
23.725173950195312	-15.399797439575195	6	Wii
-10.879094123840332	-20.620372772216797	6	Cold
-39.38142013549805	0.5674555897712708	2	Russell
-7.554109573364258	6.103768825531006	2	Luke
-20.644245147705078	-14.724987983703613	6	Nation
-8.10519027709961	-10.240843772888184	8	Players
23.663179397583008	-8.363265037536621	5	acres
4.315603256225586	-15.77694034576416	9	Reserve
27.279287338256836	-14.758275985717773	3	Cisco
14.786425590515137	10.209715843200684	7	minister
-24.690040588378906	-11.73599624633789	2	Rich
15.50035572052002	18.881107330322266	4	defensive
29.939794540405273	17.961795806884766	10	controller
-42.98332214355469	3.47273588180542	2	Craig
-3.1836748123168945	25.870243072509766	5	principle
-40.01555252075195	0.7840800285339355	2	Terry
-41.013423919677734	4.299860000610352	2	Roger
16.758901596069336	-25.377056121826172	9	Engineer
2.2261874675750732	-25.10807991027832	1	Solid
6.859887599945068	-18.09690284729004	6	Bass
-2.571254014968872	39.809810638427734	10	enabled
-43.804771423339844	4.0156450271606445	2	Keith
28.60729217529297	19.964906692504883	10	chip
12.723308563232422	6.225451946258545	0	Islam
-15.340951919555664	-7.233442306518555	2	Duke
0.8784837126731873	-21.81498146057129	9	Statistics
23.592872619628906	23.276582717895508	10	gate
12.645201683044434	-7.332692623138428	8	Nike
2.8277204036712646	-31.075326919555664	3	Cloud
-1.7347391843795776	39.74579620361328	10	demo
-17.91773223876953	-8.04184341430664	2	Dick
8.354278564453125	-22.8597354888916	6	Galaxy
-32.19701385498047	-3.2916908264160156	2	Ian
21.70804214477539	22.902141571044922	5	formation
-10.189241409301758	-17.818445205688477	9	Against
11.896452903747559	15.03148078918457	7	fraud
11.423844337463379	-30.72134017944336	3	Remote
-38.40223693847656	4.3929853439331055	2	Aaron
5.2930378913879395	-0.3118104040622711	2	Chairman
-41.27434539794922	5.438697814941406	2	Fred
26.40702247619629	12.163068771362305	10	receiver
12.498170852661133	15.298916816711426	7	ban
-1.9263120889663696	32.50537109375	5	retired
5.314756870269775	0.4917528033256531	2	Mayor
25.53598976135254	19.81431770324707	10	pipe
14.138144493103027	18.024799346923828	4	penalty
23.505216598510742	-15.593585014343262	6	Nintendo
-10.470100402832031	-23.950824737548828	6	Extra
-0.9930160045623779	-10.339186668395996	8	Premier
-18.07567596435547	-17.087871551513672	6	Tiger
-11.947460174560547	-21.43638038635254	6	Stand
8.552375793457031	-7.0634074211120605	8	Stadium
-29.483110427856445	-4.958522319793701	2	Arthur
-18.69350242614746	-18.38524627685547	6	Eagle
-12.436628341674805	-7.958550930023193	8	Buffalo
-40.27396011352539	2.04614520072937	2	Barry
21.711288452148438	12.664876937866211	5	jazz
7.630173683166504	7.3678059577941895	0	holy
-36.278038024902344	-5.304342269897461	2	Brad
10.891241073608398	-21.964784622192383	9	Per
2.7581348419189453	-19.722095489501953	9	Rank
6.844987869262695	-17.04486083984375	6	Shot
-8.099242210388184	-19.308635711669922	9	Guard
-4.218567371368408	-15.219572067260742	6	Mario
25.19445037841797	18.782838821411133	10	dealers
1.639992117881775	-22.03447723388672	9	Trading
-9.339359283447266	-25.105993270874023	1	Heavy
5.2080769538879395	-8.576355934143066	8	Soccer
-20.214017868041992	-21.352529525756836	9	Answer
12.692438125610352	24.874765396118164	4	scoring
14.72651195526123	-21.414154052734375	1	Dodge
6.5428667068481445	13.078886985778809	7	enemies
15.533753395080566	-22.93708610534668	1	Fuel
-41.926570892333984	-0.22642360627651215	2	Marshall
13.342541694641113	-23.86882781982422	1	Truck
9.232205390930176	-18.465412139892578	1	Upper
8.542420387268066	-30.287540435791016	3	Hardware
0.3647997975349426	20.711668014526367	7	destruction
17.753904342651367	21.68145751953125	4	franchise
-13.416231155395508	-18.185348510742188	6	Revolution
-11.411595344543457	37.08727264404297	5	refers
24.302570343017578	-3.588852643966675	0	unto
-17.055896759033203	-21.083770751953125	9	Leader
-10.504877090454102	-7.196844100952148	8	Tampa
27.22920799255371	14.791472434997559	10	durable
26.024883270263672	-9.652831077575684	5	que
-9.190518379211426	-22.771812438964844	6	Jump
-5.026357650756836	-16.575210571289062	6	Brother
7.0814642906188965	18.66509437561035	7	commit
14.367910385131836	22.107831954956055	4	championship
6.80672025680542	15.170178413391113	7	violent
29.2353458404541	20.928861618041992	10	console
25.820770263671875	16.64781379699707	10	trucks
11.803321838378906	-9.287960052490234	8	Indians
10.604490280151367	-6.460848331451416	8	NCAA
-30.623876571655273	-5.731815814971924	2	Albert
20.955224990844727	-16.73537826538086	1	Chevrolet
26.64833641052246	14.789210319519043	10	conditioning
-39.933223724365234	-3.337261915206909	2	Roy
-26.98581314086914	-7.563204765319824	2	Carl
11.82226848602295	23.74603843688965	4	champion
2.64408802986145	-20.771503448486328	6	Hat
22.47995948791504	-19.008512496948242	1	Portable
12.515357971191406	27.628952026367188	4	bench
27.423194885253906	-17.97005844116211	3	JavaScript
5.948480606079102	-28.529708862304688	1	Maintenance
-6.948902606964111	-27.516324996948242	9	Problem
8.070311546325684	20.78276252746582	5	wing
1.5615229606628418	18.86040496826172	5	passage
6.713071346282959	-18.716676712036133	6	Die
18.824432373046875	16.564067840576172	5	gambling
-34.24000549316406	-7.2162322998046875	2	Murray
10.174405097961426	13.613652229309082	7	crimes
-9.696394920349121	-20.453401565551758	6	Arms
-21.685070037841797	-13.280046463012695	8	Columbus
-5.98508882522583	-24.412874221801758	1	Driving
19.219579696655273	23.981422424316406	5	musicians
-44.08161544799805	4.453812122344971	2	Dennis
6.691312789916992	31.88832664489746	4	stats
-26.456157684326172	-5.441811561584473	2	Francis
-2.1754417419433594	18.479114532470703	0	glory
-19.322053909301758	-23.165729522705078	9	Answers
3.562915325164795	25.260963439941406	7	supporters
-23.31398582458496	-9.92663860321045	2	Jefferson
10.86965560913086	-10.872818946838379	5	Scottish
14.945490837097168	21.926164627075195	4	hockey
-25.194915771484375	-8.672150611877441	2	Marc
-31.21672248840332	-3.292546510696411	2	Donald
5.6059346199035645	25.64682388305664	4	defeat
-31.130388259887695	-3.7672767639160156	2	Walter
2.359374523162842	32.6606330871582	5	ton
-1.1263034343719482	20.443077087402344	5	followers
7.972411155700684	16.401819229125977	7	arrest
7.714015960693359	-26.19692039489746	9	Transfer
-7.74407958984375	-11.214832305908203	8	Match
6.964913845062256	19.307666778564453	7	possession
25.722339630126953	26.810718536376953	10	engineer
5.957422256469727	-7.942063808441162	8	Tournament
4.2869062423706055	-19.449874877929688	9	Theory
0.7472614049911499	-23.621036529541016	6	Motion
-2.6397056579589844	-18.1319637298584	9	Rule
25.726953506469727	15.705379486083984	10	suspension
-2.1738128662109375	29.210664749145508	5	mate
12.95165729522705	24.146610260009766	4	coaches
22.788551330566406	21.967405319213867	5	drum
20.19028663635254	-19.196577072143555	1	Laser
0.9246158003807068	-25.43301010131836	1	Duty
2.6458945274353027	34.11131286621094	10	converted
26.0854434967041	-9.614058494567871	6	des
28.057462692260742	-15.0781831741333	3	XML
27.84762191772461	21.49216079711914	10	electronics
-34.212501525878906	-2.702970266342163	2	Chuck
-43.8281364440918	7.383842945098877	2	Robinson
6.7475080490112305	16.53663444519043	7	fought
27.863210678100586	-13.029378890991211	3	CPU
13.20594596862793	6.597982406616211	7	Muslims
9.90065860748291	-31.49712371826172	3	Developer
-11.030481338500977	35.28301239013672	5	worthy
-24.731557846069336	-4.429858207702637	2	Jacob
-32.10437774658203	-2.8463571071624756	2	Neil
-7.384975433349609	5.749492168426514	2	Bishop
10.9821138381958	-16.827905654907227	6	Shirt
-4.479669094085693	25.803190231323242	5	composed
-26.864295959472656	-4.775723934173584	2	Philip
-3.0537822246551514	-22.327465057373047	6	Gun
28.6732120513916	26.696687698364258	10	execution
-40.4688720703125	-0.1869392693042755	2	Pete
-41.81196212768555	1.716431736946106	2	Doug
22.969844818115234	14.122135162353516	5	con
5.014707565307617	20.415590286254883	5	epic
23.267850875854492	23.222925186157227	10	seal
7.7784013748168945	13.367238998413086	7	wars
-7.675482273101807	5.937114238739014	2	Samuel
-2.065251588821411	25.90690040588379	5	reward
-41.12436294555664	-3.2450149059295654	2	Danny
-14.811592102050781	-18.178691864013672	6	Late
-19.66545295715332	-20.918128967285156	9	Strong
-37.508113861083984	-7.500556468963623	2	Brandon
7.469109058380127	28.540666580200195	4	tackle
26.42411231994629	-8.968621253967285	10	mph
5.853126525878906	0.6014546155929565	2	chairman
-17.74532699584961	-14.396721839904785	6	Ghost
-4.251477241516113	33.4859733581543	4	beating
8.901517868041992	-25.596391677856445	9	Transport
-40.06755447387695	-5.216891765594482	2	Bobby
-2.445603609085083	26.30716323852539	5	mere
27.43460464477539	22.774456024169922	10	engineers
8.135049819946289	-17.560808181762695	6	Beer
-14.337760925292969	-18.44784164428711	6	Hero
7.816971778869629	-23.67780876159668	6	Pocket
3.315286636352539	-19.285770416259766	9	Trial
9.62496280670166	-6.99513578414917	8	Sox
30.43729591369629	20.24615478515625	3	computing
2.9771313667297363	-6.4043121337890625	8	Giants
11.666620254516602	-6.457726955413818	8	NHL
20.257274627685547	23.245685577392578	5	par
-2.7268614768981934	33.00288391113281	4	veteran
12.691478729248047	5.516617298126221	0	temple
12.659070014953613	-21.779722213745117	1	Hire
27.338314056396484	-13.437726020812988	3	RAM
1.6455024480819702	-8.966270446777344	8	Liverpool
20.2442684173584	21.905120849609375	5	pound
-42.144168853759766	3.187223196029663	2	Jeremy
-43.55008316040039	7.066219806671143	2	Morris
-11.383101463317871	-8.089487075805664	8	Oakland
-11.0310697555542	-7.629228115081787	8	Cincinnati
4.838613986968994	-24.876876831054688	1	Garage
3.615583896636963	-21.841684341430664	9	Joint
-33.541465759277344	-8.1862154006958	2	Stanley
7.0568084716796875	-7.678424835205078	8	Hockey
13.576096534729004	12.789421081542969	7	governor
-40.422725677490234	4.595972061157227	2	Ted
-0.5186596512794495	-22.047086715698242	9	Economy
-15.391971588134766	-19.189804077148438	6	Beat
-2.4434380531311035	24.91281509399414	5	revolution
-7.580150604248047	-11.96058464050293	6	Fans
27.05272674560547	13.708740234375	10	blade
17.593074798583984	20.437149047851562	4	betting
-6.731839179992676	-9.412540435791016	8	Champion
9.857730865478516	5.885223865509033	0	Christianity
-14.323311805725098	-7.232175350189209	8	Penn
25.754051208496094	18.790966033935547	10	contractor
20.088476181030273	24.671689987182617	5	tho
-1.9813876152038574	-23.230443954467773	1	Cap
20.790002822875977	-23.209245681762695	6	Gaming
-3.9803874492645264	-17.986976623535156	9	Count
27.91684341430664	-18.565139770507812	3	API
-11.662331581115723	-17.53508186340332	6	Fight
15.746506690979004	-24.006105422973633	1	Manufacturing
24.156761169433594	9.447014808654785	5	pour
-6.171893119812012	29.70331382751465	5	united
-7.885346412658691	27.417526245117188	0	praise
14.644183158874512	11.580251693725586	7	terrorist
6.779356956481934	-23.367908477783203	6	Button
13.142807006835938	-24.715070724487305	1	Automotive
26.2592830657959	14.088086128234863	10	contractors
16.45961570739746	9.869099617004395	7	province
3.5810139179229736	27.60907554626465	5	elite
3.323035717010498	-23.94402313232422	6	Logo
-2.2403554916381836	-7.75493860244751	8	Saints
11.104008674621582	5.8542094230651855	0	Jerusalem
-23.729995727539062	-14.187374114990234	6	Wolf
0.9398536682128906	-20.5562801361084	6	Brain
2.502887010574341	32.00125503540039	5	premier
23.52888298034668	8.890013694763184	7	bin
19.61847686767578	-18.147987365722656	1	Nissan
-40.38076400756836	-4.720364093780518	2	Jake
13.031672477722168	-20.926790237426758	1	Circuit
27.753679275512695	15.642354011535645	10	lightweight
10.917280197143555	-9.920367240905762	8	Barcelona
-4.239371299743652	23.572179794311523	5	commentary
-7.134652137756348	38.00984191894531	7	cited
-39.707908630371094	-2.8169307708740234	2	Randy
11.86571979522705	-27.389848709106445	9	Documents
7.859328269958496	23.438961029052734	4	rally
27.250911712646484	-17.228862762451172	3	NET
-37.468936920166016	-7.188403606414795	2	Kyle
7.425024509429932	-14.115804672241211	6	Batman
-16.58856964111328	-18.409439086914062	6	Legend
-9.187527656555176	29.77899932861328	5	tribute
2.4470133781433105	35.345420837402344	10	charging
25.402873992919922	19.863100051879883	10	tire
-0.37645310163497925	-9.189142227172852	8	Montreal
-6.653913974761963	37.12983322143555	5	legacy
11.842682838439941	-27.467365264892578	9	Intelligence
-16.30710792541504	-14.655376434326172	6	Evil
24.018037796020508	-10.971976280212402	6	der
-8.889836311340332	-7.27691125869751	8	Milwaukee
-0.9203829765319824	30.30099105834961	5	legend
0.7940643429756165	-10.340822219848633	8	Arena
11.620426177978516	14.050687789916992	7	corruption
7.63027286529541	8.548150062561035	0	kingdom
-0.5752934813499451	17.442550659179688	0	sacrifice
-5.8715081214904785	6.768629550933838	0	Pope
28.136524200439453	-16.213407516479492	3	plugin
4.989104270935059	30.029600143432617	5	blocked
8.297198295593262	28.285423278808594	4	prospects
-40.03694534301758	-5.958937168121338	2	Tommy
10.940730094909668	-9.461703300476074	4	SEC
14.916828155517578	-23.088041305541992	1	Pressure
10.329190254211426	-15.993682861328125	6	Comedy
9.636034965515137	23.8774471282959	4	captain
27.62956428527832	-17.2966365814209	3	iOS
8.42673110961914	26.193832397460938	4	squad
-23.58880043029785	-14.496606826782227	6	Rush
-27.110700607299805	-7.116695880889893	2	Ralph
-42.50202560424805	6.172342777252197	2	Harrison
24.204011917114258	-3.462479591369629	0	thou
24.68977165222168	20.11223793029785	10	rod
-7.532127380371094	-25.669828414916992	1	Built
-5.302501201629639	38.411991119384766	10	replacing
-0.7347033023834229	26.876001358032227	5	idiot
27.80608367919922	26.018817901611328	10	commands
-13.995681762695312	-21.751361846923828	1	Rod
-7.832458019256592	29.859798431396484	5	genius
2.3826098442077637	-6.511287212371826	8	Eagles
19.57889175415039	-19.37037467956543	1	Contractors
-7.783536911010742	-11.608668327331543	8	Ticket
11.538925170898438	21.571138381958008	4	defeated
24.39413070678711	-3.763547420501709	0	Allah
27.741830825805664	-16.5222225189209	3	Firefox
2.1762421131134033	-6.868747711181641	8	Bears
-18.16876792907715	-13.928555488586426	6	Devil
7.306790351867676	25.605514526367188	4	opponents
2.7903518676757812	25.692054748535156	7	ruled
2.0729360580444336	-11.317139625549316	8	Draft
-0.5635802149772644	30.5861873626709	5	legendary
20.66680908203125	-18.43315887451172	1	Heating
5.9757866859436035	28.905044555664062	4	suspended
13.459283828735352	27.76630973815918	4	starter
7.858522415161133	-25.162979125976562	1	Printing
-10.549848556518555	35.942787170410156	5	regarded
-13.912649154663086	-18.496519088745117	6	Lion
20.1483154296875	18.919095993041992	10	rotation
28.54136848449707	16.102157592773438	10	header
3.4404749870300293	32.30878448486328	10	saves
17.568269729614258	18.143259048461914	4	jersey
-42.422088623046875	4.1399688720703125	2	Bryan
24.22945785522461	13.666533470153809	5	brass
10.430587768554688	-30.120868682861328	3	Error
22.46597671508789	10.566926956176758	6	remix
6.617931842803955	28.02281379699707	4	prospect
-13.695526123046875	-5.299045085906982	2	Juan
10.284428596496582	4.187982082366943	0	Gospel
9.427447319030762	-31.39104461669922	3	Programming
6.8883891105651855	12.297284126281738	7	punishment
21.411203384399414	13.45052719116211	5	blues
3.7438759803771973	-6.327367305755615	8	Tigers
-23.07851791381836	-13.995048522949219	6	Rocky
26.34065055847168	-11.017062187194824	1	Yamaha
-15.004892349243164	-6.734921455383301	2	Carlos
1.8933379650115967	22.908872604370117	7	soldier
-8.073285102844238	35.768123626708984	5	buddy
3.2799389362335205	-6.73151969909668	8	Rangers
-40.03642654418945	-6.098886489868164	2	Eddie
18.601247787475586	21.239213943481445	4	bat
8.999626159667969	9.95402717590332	5	sword
-40.03274154663086	5.220467567443848	2	Oliver
-7.3563923835754395	31.51371192932129	5	bears
17.399503707885742	16.121931076049805	4	deficit
-10.085298538208008	-10.675012588500977	8	Highlights
13.31160831451416	-21.92295265197754	1	Doors
20.802988052368164	13.585234642028809	5	drums
-9.19170093536377	32.82957458496094	5	fool
5.756277084350586	-6.5309739112854	8	ESPN
15.780040740966797	9.96722412109375	7	racist
9.203498840332031	10.002649307250977	5	sheep
-8.873147010803223	-23.592267990112305	6	Evolution
9.217288970947266	6.99441385269165	0	verse
9.845465660095215	-7.361242771148682	8	Yankees
-32.486995697021484	2.2337496280670166	2	Joel
-18.03560447692871	-23.97892189025879	9	Advance
9.171931266784668	30.399580001831055	4	lineup
4.345427989959717	-27.200361251831055	9	Command
-12.979413986206055	-19.405155181884766	6	Giant
-0.8386958837509155	23.556495666503906	5	jokes
-5.163179874420166	-14.939724922180176	2	Gene
-5.612991809844971	23.40179443359375	5	creator
11.580714225769043	-15.588968276977539	6	Orchestra
24.246061325073242	22.855676651000977	10	restoration
-13.970290184020996	-19.31171417236328	6	Flying
4.229506492614746	23.701793670654297	7	tactics
9.616856575012207	-6.429689407348633	8	MLB
-7.303762435913086	-21.59827995300293	9	Signs
21.191858291625977	22.95536231994629	5	coin
13.793692588806152	10.888202667236328	7	Iraqi
-14.23781681060791	-20.439607620239258	6	Crew
6.769900321960449	14.562867164611816	7	terror
-28.477794647216797	-6.3061981201171875	2	Vincent
4.659389019012451	25.501441955566406	7	fights
-32.7628288269043	-6.902884006500244	2	Victor
20.681900024414062	25.37472152709961	5	sir
7.313502311706543	-7.9220685958862305	8	Athletic
7.162402153015137	23.330171585083008	7	veterans
1.6168544292449951	-23.086313247680664	9	Essential
-2.787187099456787	-19.527223587036133	9	Numbers
-23.90517807006836	-11.017884254455566	2	Clay
12.365421295166016	11.448479652404785	7	spokesman
1.698393702507019	-6.886819839477539	8	Champions
10.678821563720703	26.5487117767334	4	recruiting
-38.384315490722656	3.2808470726013184	2	Nathan
26.829069137573242	-19.0742244720459	3	SMS
-9.186174392700195	-5.560316562652588	8	Lions
17.72281265258789	-19.698225021362305	1	Audi
0.6210161447525024	-19.70512580871582	6	Raw
10.693799018859863	-14.399116516113281	6	Marvel
-0.4737139642238617	28.973268508911133	5	pit
-6.3482279777526855	7.461209774017334	0	Abraham
16.085105895996094	21.477794647216797	4	stadium
4.819598197937012	26.595184326171875	4	beaten
21.040939331054688	-17.85725975036621	1	Charger
-24.88212013244629	-13.797368049621582	2	Gates
-18.376422882080078	-17.403648376464844	6	Bull
11.497507095336914	-30.757781982421875	3	Install
-11.854888916015625	-19.674245834350586	6	Rise
1.8609397411346436	26.61819839477539	5	march
23.48461151123047	-12.736047744750977	9	contribs
26.630781173706055	19.991003036499023	10	automotive
-8.351686477661133	34.933597564697266	4	backs
21.334518432617188	23.584314346313477	5	cheat
-34.133419036865234	-8.77621078491211	2	Troy
13.64454174041748	15.067299842834473	7	fighter
-0.09702038019895554	25.659883499145508	5	heroes
15.3253173828125	-20.898183822631836	1	Chrysler
17.883214950561523	-21.034799575805664	1	Conditioning
-12.269628524780273	-17.7308292388916	6	Heroes
19.527185440063477	24.41340446472168	5	rap
6.500082969665527	-21.309940338134766	6	Drum
-6.399990081787109	23.12291145324707	5	podcast
10.559326171875	17.733116149902344	7	mayor
9.592793464660645	31.830015182495117	4	roster
8.868767738342285	8.12005615234375	0	priest
-39.380088806152344	2.172894239425659	2	Colin
-24.4531192779541	-11.28724479675293	2	Newton
8.629387855529785	7.525587558746338	0	gods
16.201534271240234	-20.568016052246094	1	Jeep
-10.831652641296387	-16.706762313842773	6	Greatest
-8.34731674194336	-10.619808197021484	8	Stats
10.374412536621094	16.53644561767578	7	camps
4.628416061401367	19.403461456298828	5	musician
8.444806098937988	-19.22797966003418	1	Maple
-17.221994400024414	-14.263919830322266	6	Fear
-20.1827335357666	-19.554006576538086	6	Spot
26.451658248901367	-11.442347526550293	1	Nikon
-9.610845565795898	-17.97735595703125	9	Leaders
10.569550514221191	-22.107839584350586	9	Bid
23.013607025146484	-8.3124418258667	7	Singh
-41.764163970947266	6.2212347984313965	2	Harvey
7.781211853027344	7.551286697387695	0	eternal
-41.868892669677734	-2.855525255203247	2	Derek
28.12994956970215	-11.54966926574707	10	router
24.021751403808594	11.881850242614746	2	analyst
28.003313064575195	12.348455429077148	10	diesel
-18.71936798095703	-9.152932167053223	2	Uncle
-1.7305679321289062	18.21165657043457	0	faithful
12.907838821411133	10.967909812927246	7	CIA
-0.7159624099731445	1.139082670211792	0	Creator
13.333150863647461	25.949270248413086	4	traded
7.246795177459717	-17.17740821838379	6	Pub
14.015680313110352	20.45577049255371	4	playoffs
2.255758285522461	28.91815948486328	5	predicted
25.80862045288086	-8.02716064453125	4	innings
3.0508503913879395	-17.27089500427246	9	Commons
-0.6349316239356995	23.247007369995117	5	loyal
9.691617965698242	-28.197978973388672	3	Digg
19.66518211364746	20.722570419311523	5	riders
-41.39105987548828	0.44230830669403076	2	Wallace
2.00518798828125	-20.463809967041016	6	Podcast
-19.478364944458008	-20.54444694519043	9	Forward
16.301639556884766	-18.952234268188477	1	Formula
-0.7204605340957642	1.1942310333251953	0	Genesis
24.616281509399414	-6.820430755615234	4	quarterback
11.318303108215332	5.174782752990723	0	GOD
-18.865758895874023	-24.643108367919922	6	Demo
28.790462493896484	27.46147918701172	10	execute
9.648730278015137	6.9610676765441895	0	gospel
-33.297359466552734	-6.845468521118164	2	Lucas
28.8178653717041	-12.283979415893555	3	MySQL
14.662623405456543	11.586599349975586	7	terrorists
-33.64265060424805	-5.710024356842041	2	Marcus
-29.37928581237793	-6.227700233459473	2	Leo
19.68924903869629	23.154829025268555	5	pub
1.923823356628418	-7.7066240310668945	8	Pirates
-5.840890884399414	7.732505798339844	0	Moses
-9.395837783813477	-23.25347137451172	6	Stick
-8.897882461547852	-9.81827163696289	8	Teams
10.614716529846191	4.775994300842285	0	Testament
13.605481147766113	12.36962604522705	7	convicted
24.658828735351562	-8.874321937561035	8	UFC
5.440016746520996	23.290925979614258	7	defence
-2.584404945373535	-18.548038482666016	9	Encyclopedia
-7.4729204177856445	-18.330142974853516	9	Forces
7.6960930824279785	-14.101120948791504	6	Beatles
-32.90913009643555	-0.5401843786239624	2	Leonard
24.623111724853516	-4.131109237670898	0	LORD
23.072111129760742	23.45673370361328	10	tunnel
24.188512802124023	-15.007726669311523	6	PlayStation
-0.013386456295847893	20.328580856323242	5	liberty
5.395769119262695	0.18991272151470184	2	Sheriff
10.240291595458984	-31.13145637512207	3	Computing
-29.80567169189453	-2.559309959411621	2	Jeffrey
17.47327423095703	-20.8411865234375	1	Tire
-9.70447826385498	-7.0561113357543945	8	Auburn
3.5978782176971436	-30.676816940307617	3	Gateway
25.574499130249023	23.41629981994629	10	correction
-11.348613739013672	-22.24422264099121	6	Sonic
10.75456714630127	-30.739681243896484	3	Devices
-33.95532989501953	-1.2233288288116455	2	Arnold
-9.628103256225586	-25.862279891967773	1	Dealer
6.000340938568115	-22.034690856933594	1	Blade
9.775927543640137	-25.45846939086914	9	Engineers
-3.830129861831665	31.9782772064209	4	defending
-0.7010395526885986	-20.798049926757812	9	Orders
24.321901321411133	10.215466499328613	5	gameplay
-25.4796142578125	-4.176422595977783	2	Joshua
-6.133611679077148	33.866031646728516	5	chase
13.46495532989502	26.685894012451172	4	rankings
7.997208595275879	10.541267395019531	5	ignorant
18.160030364990234	-19.685420989990234	1	Chevy
19.250730514526367	-23.192087173461914	1	Instruments
20.097745895385742	20.375152587890625	5	helmet
-25.285860061645508	-7.468062877655029	2	Karl
28.205352783203125	-11.149105072021484	10	kernel
-23.418685913085938	-16.859663009643555	6	Might
9.682391166687012	-24.89672088623047	9	Aviation
-3.1170947551727295	-16.424121856689453	9	Minor
-0.23774945735931396	-17.182035446166992	9	Laws
7.599045276641846	-18.51388931274414	6	Hunting