x	y	cluster	word
-10.849380493164062	-7.731723785400391	1	he
-3.050873279571533	-9.976330757141113	6	his
17.419029235839844	-6.822270393371582	3	her
-2.4210212230682373	-8.54919719696045	3	she
-2.6553258895874023	-8.846579551696777	1	him
21.596343994140625	-5.2546281814575195	3	girl
34.82405090332031	0.5330362915992737	3	son
16.79541778564453	-5.624442100524902	3	boy
34.01204299926758	-2.6963202953338623	3	female
20.670963287353516	-5.414731979370117	3	brother
35.991851806640625	0.4794173240661621	3	male
16.68703269958496	-5.7488532066345215	3	sister
37.32701110839844	-0.03241350129246712	3	asian
25.93692970275879	-8.6082124710083	3	american
33.381309509277344	-2.285897731781006	3	french
34.78807067871094	-1.9818356037139893	3	chinese
36.634647369384766	-0.4139793813228607	3	japanese
35.18780517578125	-1.1145442724227905	3	german
-3.4871137142181396	-8.050005912780762	3	hers
27.672466278076172	-8.792726516723633	3	canadian
34.573402404785156	-1.6695128679275513	3	italian
32.344234466552734	-2.9076616764068604	3	british
26.053791046142578	-8.765813827514648	3	european
36.69285583496094	0.4919005036354065	3	thai
36.062442779541016	-0.324901282787323	3	korean
32.296295166015625	-2.982362985610962	3	australian
-4.570651054382324	26.06665802001953	9	The
-40.86351776123047	20.732181549072266	1	one
-42.3328742980957	16.82797622680664	1	like
-39.845462799072266	17.65309715270996	1	would
-9.106847763061523	26.260351181030273	9	This
-35.18314743041992	17.980409622192383	6	time
-40.159507751464844	16.347639083862305	1	get
-34.335693359375	13.256484031677246	10	also
-1.0138715505599976	23.637981414794922	9	You
-28.79480743408203	7.518024921417236	10	new
-28.1600399017334	-5.211794853210449	1	people
-31.153522491455078	17.440982818603516	6	first
9.34255599975586	-9.379769325256348	6	said
-39.78508758544922	14.519997596740723	1	make
-40.45273208618164	8.498774528503418	1	good
-43.86154556274414	12.98095703125	1	know
-37.0688591003418	18.812143325805664	1	see
-32.55986404418945	-3.0110676288604736	10	may
-40.15160369873047	17.480758666992188	1	could
-33.37177276611328	-2.750176429748535	10	use
2.9775335788726807	22.444217681884766	9	And
-41.15664291381836	20.20100975036621	1	way
6.994620323181152	24.315168380737305	0	New
-40.93239212036133	20.56999397277832	1	well
-32.78748321533203	2.6882998943328857	7	work
-25.66965103149414	4.270277976989746	6	two
-44.4997444152832	6.768528938293457	1	think
-40.69843673706055	16.386207580566406	1	much
-13.739181518554688	-2.30893611907959	6	years
-36.18195724487305	4.697847843170166	1	many
-31.486942291259766	16.069812774658203	6	back
1.3955802917480469	25.74850082397461	9	For
-38.61689376831055	12.555916786193848	1	need
-15.522181510925293	0.11727616935968399	6	year
-41.349544525146484	19.285430908203125	1	even
-44.578392028808594	7.251311779022217	1	really
-41.216064453125	11.933415412902832	1	want
-27.4724063873291	2.1129603385925293	1	great
-20.51291275024414	4.494538307189941	6	day
-37.91339874267578	8.847735404968262	1	right
-34.855003356933594	9.203064918518066	1	best
-33.404014587402344	15.925025939941406	1	made
27.921926498413086	14.37462329864502	9	views
-9.203266143798828	23.06065559387207	1	But
-36.081520080566406	9.21738052368164	1	find
-36.486873626708984	15.86068344116211	1	take
-2.36190128326416	3.6861860752105713	5	information
-32.601234436035156	-1.8408440351486206	10	used
-5.530100345611572	-7.021134853363037	3	love
-11.866686820983887	-11.500115394592285	3	home
-28.574907302856445	16.882749557495117	6	last
-6.81686544418335	25.724590301513672	9	What
-39.14500045776367	18.774045944213867	1	going
-18.503868103027344	-12.544963836669922	7	help
-39.623966217041016	18.454200744628906	1	still
16.305435180664062	-11.915518760681152	5	free
-9.916516304016113	25.870779037475586	9	There
2.133456230163574	25.310747146606445	9	All
17.768238067626953	33.775169372558594	2	May
-9.247227668762207	23.282386779785156	9	They
-13.55157470703125	-8.956056594848633	3	life
-18.858295440673828	-0.7730913162231445	6	around
-10.90913200378418	-12.580841064453125	7	world
-25.199785232543945	-2.5445680618286133	1	little
-40.92102813720703	4.701826572418213	1	look
-43.815185546875	9.203368186950684	1	say
-22.639726638793945	3.514873504638672	1	got
-1.7760075330734253	-23.053632736206055	7	business
-3.2387948036193848	24.263059616088867	9	That
-31.81700897216797	12.05318546295166	10	part
-28.27849769592285	1.0790538787841797	1	long
-39.931846618652344	13.463305473327637	1	better
-34.44589614868164	6.816963195800781	6	every
15.718876838684082	23.75347328186035	8	Home
8.55643081665039	0.6625798940658569	6	ago
-42.580970764160156	7.114528179168701	1	things
19.991104125976562	29.420230865478516	2	Posted
-44.29250717163086	7.996143817901611	1	something
33.11640548706055	-5.711507320404053	6	game
4.959700584411621	23.082666397094727	9	With
-20.472518920898438	-19.6492977142334	10	available
-44.9029426574707	9.51618766784668	1	never
-14.4976224899292	-19.453083038330078	10	using
-33.671165466308594	17.367250442504883	1	place
-38.95234298706055	9.464526176452637	1	come
1.7712936401367188	-1.016409993171692	5	site
17.536705017089844	-13.515961647033691	5	online
-34.88801193237305	17.624181747436523	6	another
10.70287799835205	-20.287656784057617	10	system
-29.560855865478516	9.046616554260254	1	found
-0.20673051476478577	24.252193450927734	9	How
-7.765349864959717	25.58102035522461	9	When
1.1222705841064453	-8.197253227233887	6	days
-35.93425750732422	2.368635416030884	10	without
-42.61323547363281	11.920782089233398	1	always
-36.253360748291016	1.372774362564087	10	different
-30.63148307800293	16.93168067932129	6	next
-28.465011596679688	6.434625148773193	10	set
-32.753883361816406	-0.7181388139724731	1	must
-19.205699920654297	3.7033157348632812	6	since
-10.614462852478027	-19.35552215576172	10	high
13.269107818603516	-2.269421339035034	5	video
-41.75811767578125	17.45589256286621	1	sure
-28.730539321899414	0.0853341743350029	1	lot
13.679309844970703	21.981964111328125	9	Your
2.833909511566162	25.890369415283203	8	More
-20.834575653076172	-16.320589065551758	10	number
12.914093971252441	-20.162723541259766	7	service
-25.109310150146484	4.31710147857666	6	three
-23.579120635986328	-15.500502586364746	10	including
-39.88056945800781	12.00992202758789	1	give
-5.572369575500488	-6.006335735321045	3	She
-16.2446346282959	-4.935549736022949	6	show
-31.75061798095703	16.745105743408203	6	end
13.817745208740234	-8.546199798583984	3	family
-27.38089942932129	2.5527374744415283	1	looking
-43.71525192260742	12.399953842163086	1	thing
-2.247036933898926	-2.505831480026245	5	name
-4.5714898109436035	25.720407485961914	9	One
-5.6780195236206055	1.1809935569763184	5	post
-40.58772277832031	14.621807098388672	1	might
-29.638694763183594	15.637371063232422	6	today
-16.542160034179688	1.380649447441101	6	week
-5.696767807006836	-8.596510887145996	3	old
-40.026031494140625	18.731224060058594	1	put
35.04710006713867	13.295049667358398	3	reblogged
-6.747167110443115	1.551469087600708	5	read
-1.6729140281677246	-22.990528106689453	7	company
3.877289056777954	-26.88468360900879	4	money
-20.592323303222656	-13.832615852355957	10	top
-14.898467063903809	-7.862643718719482	1	big
11.818839073181152	-3.017195701599121	5	book
-7.088553428649902	-17.991792678833008	7	area
-28.830326080322266	7.399389743804932	10	full
1.4753389358520508	1.3957598209381104	5	page
-38.501564025878906	6.024118423461914	1	keep
-23.762460708618164	2.305729866027832	1	away
-16.309696197509766	-14.714274406433105	10	small
-16.464021682739258	-7.912748336791992	1	feel
-3.6496663093566895	-21.289804458618164	7	support
-16.880605697631836	-13.894341468811035	1	real
-17.7496280670166	-1.6794748306274414	6	times
-9.511003494262695	-2.5021119117736816	1	says
13.760641098022461	-10.024691581726074	7	school
17.836103439331055	-8.232819557189941	6	play
-4.050431251525879	-10.494024276733398	6	left
10.222127914428711	-13.553327560424805	6	team
31.284954071044922	-8.976696014404297	10	water
-34.9130744934082	5.898326873779297	1	point
32.78388214111328	-13.717167854309082	5	data
23.910947799682617	-7.018912315368652	3	music
2.7700600624084473	24.278404235839844	9	Our
-44.05315399169922	10.541970252990723	1	ever
17.76491355895996	23.183961868286133	8	News
-16.641155242919922	-1.683335542678833	6	second
-38.24677658081055	13.155044555664062	1	able
-20.121286392211914	-16.725786209106445	10	order
26.30249786376953	-6.881015777587891	3	children
-22.70639419555664	-16.10479736328125	10	within
16.998382568359375	18.097747802734375	0	City
-0.771040141582489	25.462419509887695	9	Now
-40.621402740478516	18.140743255615234	1	though
-25.662572860717773	2.380181074142456	6	start
15.741316795349121	17.768985748291016	0	American
4.402669906616211	-9.633965492248535	6	months
16.182613372802734	-20.32818031311035	7	services
-8.500720977783203	-15.887876510620117	7	experience
30.12168312072754	-9.237279891967773	4	car
28.075523376464844	16.916011810302734	0	University
-13.913156509399414	-17.291271209716797	10	case
-37.21474838256836	13.003724098205566	1	making
-27.28641128540039	0.0029932325705885887	1	getting
18.10133934020996	35.129146575927734	2	March
-39.64066696166992	9.405632019042969	1	done
10.184510231018066	-16.765024185180664	7	state
-25.171417236328125	-16.530900955200195	10	provide
-30.409589767456055	2.506113052368164	1	course
-3.2493789196014404	2.6820106506347656	5	list
19.06050682067871	34.990055084228516	2	June
-33.663970947265625	-0.2719665467739105	10	change
-7.329328536987305	-18.063926696777344	7	local
-41.652587890625	14.665740966796875	1	enough
2.4009010791778564	-8.779696464538574	6	night
-15.85305118560791	-8.15797233581543	1	hard
24.542837142944336	22.962553024291992	8	Free
-5.1214375495910645	-13.84970760345459	1	person
17.65544891357422	34.86217498779297	2	April
-42.203956604003906	5.895840167999268	1	let
-2.974015474319458	-15.243975639343262	10	line
3.6242825984954834	26.8740177154541	9	From
-1.5646387338638306	2.61281681060791	5	website
-33.29875564575195	5.33402681350708	1	least
6.405396938323975	-9.341338157653809	3	live
21.80875015258789	-16.06926727294922	10	power
-24.057720184326172	-5.258261680603027	1	try
-34.52632522583008	-2.6641862392425537	7	important
-31.509355545043945	2.8763277530670166	7	working
-32.5628547668457	-5.958261489868164	4	less
10.822917938232422	-22.084375381469727	10	quality
8.721691131591797	-15.208885192871094	7	group
-2.169884204864502	-19.602924346923828	7	care
-37.493438720703125	7.907150745391846	1	makes
-44.74860382080078	11.494075775146484	1	thought
-1.0627416372299194	-15.121309280395508	10	side
-13.096689224243164	-12.859413146972656	1	call
19.398744583129883	17.536327362060547	0	United
36.03205871582031	-9.951679229736328	4	per
20.207542419433594	-8.96094799041748	3	room
-41.90534973144531	14.155381202697754	1	actually
-6.385374069213867	23.984046936035156	9	These
15.36850357055664	-16.78571128845215	7	program
-8.305203437805176	-17.784082412719727	7	public
8.254109382629395	22.842025756835938	0	John
23.04206085205078	-19.952377319335938	4	products
17.65928840637207	34.30082321166992	2	January
-28.75165557861328	9.844154357910156	10	following
-3.431920051574707	-19.039220809936523	7	job
-37.204166412353516	16.99812126159668	1	yet
-16.522829055786133	-5.005236625671387	6	called
4.628872871398926	-25.02657699584961	4	buy
22.500431060791016	-2.225616216659546	6	hours
-36.40853500366211	17.586668014526367	1	already
24.628602981567383	-21.159425735473633	4	price
19.29010772705078	34.55459976196289	2	July
-15.716325759887695	-18.297515869140625	10	easy
23.53512954711914	-14.849989891052246	10	design
-38.56327819824219	17.726247787475586	1	far
11.723194122314453	22.010513305664062	8	World
-1.1999096870422363	-1.5309756994247437	5	please
21.872318267822266	17.151897430419922	0	State
32.15631103515625	14.097555160522461	9	THE
-22.561826705932617	-17.13796043395996	10	include
-17.225587844848633	-12.229854583740234	1	problem
-12.770050048828125	-13.655673027038574	10	open
19.83120346069336	-19.02865982055664	7	health
24.8756046295166	-9.70928955078125	3	food
-23.770343780517578	-16.004985809326172	10	based
-18.726503372192383	1.741750955581665	6	went
24.3104305267334	-9.928565979003906	10	body
29.655807495117188	15.861845970153809	0	County
-5.561570167541504	-10.893854141235352	3	house
9.614123344421387	-19.593732833862305	10	process
-34.427005767822266	1.947050929069519	7	needs
-6.957691669464111	-5.57487154006958	3	story
20.88287925720215	17.479001998901367	0	York
2.3243753910064697	-1.068928837776184	5	search
-10.031230926513672	-20.77845573425293	10	large
18.558629989624023	35.21754455566406	2	February
-0.9320232272148132	24.706899642944336	9	Not
-28.81572723388672	2.08720064163208	1	together
-22.152542114257812	5.5088372230529785	6	came
-8.479639053344727	-8.268869400024414	1	bit
-2.5098628997802734	25.628440856933594	9	After
-25.16556739807129	-4.114700794219971	1	someone
-15.445579528808594	-3.2925307750701904	6	run
-6.098865032196045	26.338159561157227	9	Here
-37.2081184387207	11.870893478393555	1	others
18.63562774658203	34.4212532043457	2	October
-43.1678466796875	6.013126850128174	1	anything
-29.3671817779541	-5.022278308868408	1	often
-38.82884979248047	14.974370002746582	1	fact
13.219175338745117	-0.6791768670082092	5	blog
-35.26639175415039	1.261925220489502	10	means
-15.882105827331543	-21.239784240722656	4	offer
-9.107638359069824	-14.004983901977539	7	country
10.179840087890625	-20.220239639282227	10	control
18.26755714416504	34.3404426574707	2	November
-7.8337531089782715	-5.843246936798096	3	friends
0.10337330400943756	-0.9727602601051331	5	view
-25.352590560913086	-9.471552848815918	1	become
18.753643035888672	33.71622085571289	2	September
-35.92025375366211	12.634407043457031	10	possible
-30.533397674560547	3.7733681201934814	6	several
-29.56548500061035	4.509428024291992	10	along
-25.954538345336914	-2.2077131271362305	1	bad
6.346312522888184	-25.930255889892578	4	market
13.162991523742676	-11.131158828735352	3	city
-2.356107473373413	-7.255326271057129	1	fun
-42.78693771362305	8.161375045776367	1	believe
18.33370018005371	33.52099609375	2	December
-7.176435947418213	-7.848057746887207	1	nice
-23.47083854675293	-3.7614850997924805	1	pretty
0.44835254549980164	3.328674793243408	5	Please
2.6583755016326904	-22.27486228942871	10	product
19.219802856445312	33.97264099121094	2	August
-32.7071418762207	16.06565284729004	1	seen
11.309964179992676	24.818721771240234	9	Day
3.0098354816436768	-1.039481520652771	5	web
-13.79255485534668	-19.587583541870117	10	form
-20.586755752563477	3.0338335037231445	6	took
0.7042348980903625	-21.39890480041504	10	results
13.646260261535645	24.01429557800293	8	View
-7.10138463973999	26.411136627197266	9	Just
22.832984924316406	-2.0910050868988037	6	points
33.615169525146484	-10.581389427185059	7	students
35.004276275634766	1.785517692565918	6	games
26.72869873046875	17.443784713745117	0	Center
-30.677574157714844	17.86637306213379	6	past
-17.867258071899414	1.4702723026275635	6	started
26.1066951751709	17.313650131225586	0	School
-42.405235290527344	4.678199768066406	1	tell
-2.1375598907470703	-20.917417526245117	10	level
23.462499618530273	20.726713180541992	8	Business
-0.582680344581604	-0.09808911383152008	5	news
12.562310218811035	25.137454986572266	8	Comments
19.264179229736328	-19.62562370300293	7	government
-41.691871643066406	12.676376342773438	1	kind
24.931509017944336	-13.619890213012695	7	members
-35.33295440673828	11.108728408813477	1	comes
-4.451347351074219	-10.505579948425293	6	head
20.116012573242188	-10.036700248718262	10	light
25.82682228088379	23.480382919311523	8	Price
-27.408872604370117	8.374849319458008	5	check
-20.82724952697754	-6.973923206329346	1	hand
23.92005157470703	-2.8038954734802246	6	minutes
18.365812301635742	17.61146354675293	0	North
-25.012149810791016	-1.1465500593185425	1	hope
22.550716400146484	17.81537628173828	0	National
3.8180718421936035	-18.361541748046875	10	type
-36.944419860839844	5.9799723625183105	1	whole
-45.54512405395508	8.01053524017334	1	probably
33.76571273803711	-13.083308219909668	5	software
31.423187255859375	-5.842027187347412	6	season
-41.286582946777344	8.757427215576172	1	everything
9.041969299316406	2.5995473861694336	9	Thanks
-37.160400390625	13.848550796508789	10	either
2.5126898288726807	26.716598510742188	8	Read
-33.99671173095703	12.51347827911377	10	example
-15.162022590637207	-1.8880292177200317	6	four
11.424040794372559	-17.235326766967773	7	community
-27.529510498046875	-1.0023503303527832	1	trying
24.250646591186523	22.626373291015625	8	Video
-22.309782028198242	-11.078780174255371	10	special
1.5606133937835693	0.3936491310596466	5	review
-41.4143180847168	6.588696002960205	1	anyone
36.657012939453125	-9.69720458984375	4	million
-41.312294006347656	7.810229301452637	1	idea
19.09449577331543	17.11480712890625	0	States
12.214273452758789	-20.712411880493164	10	access
6.155951976776123	2.082718849182129	5	posted
-18.1599063873291	-3.9293107986450195	10	added
16.28754425048828	-13.861845016479492	5	contact
-15.142446517944336	-18.911813735961914	10	add
26.092761993408203	-6.478311538696289	3	men
-35.61562728881836	13.874368667602539	10	given
-35.098060607910156	14.114519119262695	10	However
-43.8024787902832	10.164935111999512	1	everyone
19.926485061645508	23.19738006591797	8	Search
9.70058536529541	-24.98847770690918	4	value
9.528390884399414	25.847450256347656	9	Last
34.346282958984375	-7.512825965881348	5	phone
-43.46067428588867	6.542410850524902	1	quite
16.746929168701172	1.6718412637710571	5	email
20.929630279541016	18.475717544555664	0	House
-42.92334747314453	14.28400993347168	1	nothing
-21.14921760559082	-10.280789375305176	10	known
2.4550211429595947	-7.761202812194824	6	early
12.341485977172852	-11.06401252746582	0	near
33.94410705566406	3.4465978145599365	5	download
-24.235536575317383	-15.427541732788086	10	current
0.12052581459283829	27.106273651123047	9	First
4.202000617980957	-27.005529403686523	4	pay
12.026325225830078	23.264453887939453	8	Best
-20.789796829223633	3.99562406539917	6	later
16.563013076782227	-18.236663818359375	7	research
-41.91738510131836	7.75642728805542	1	mind
-14.453139305114746	-11.342885971069336	1	question
-12.870274543762207	-20.05227279663086	7	personal
2.056685209274292	26.089534759521484	9	See
9.303289413452148	-15.806788444519043	7	project
16.6912841796875	-7.007493019104004	3	young
-9.897771835327148	-17.78541374206543	7	plan
-3.5834298133850098	-9.88749885559082	1	told
0.18202324211597443	-23.23269271850586	10	offers
-34.41682052612305	7.52522611618042	1	almost
14.66954231262207	-19.558795928955078	7	development
34.26001739501953	-0.4410425126552582	3	movie
28.37920570373535	21.229145050048828	8	Internet
-7.39385461807251	25.17975425720215	9	Some
32.93532180786133	2.4060144424438477	9	TRUE
-1.9124581813812256	1.970943808555603	5	link
-14.909310340881348	0.8311548829078674	6	month
5.988907337188721	23.78282928466797	9	Great
5.19205379486084	25.880855560302734	8	About
15.5638427734375	-0.8964993953704834	10	version
-2.182612657546997	1.2248622179031372	5	article
8.898897171020508	-12.579227447509766	6	event
-13.094240188598633	-20.71622657775879	10	create
-40.32007598876953	7.7852020263671875	1	mean
-32.15656280517578	1.54030442237854	7	future
28.170604705810547	-11.314324378967285	10	size
18.143278121948242	18.05534553527832	0	West
-33.21749496459961	6.666919708251953	6	taking
11.57869815826416	-3.981222152709961	1	words
-5.206849098205566	-9.835123062133789	1	face
-2.67187762260437	-14.84792423248291	10	single
6.20736026763916	-19.88166618347168	10	features
15.292742729187012	22.176462173461914	9	Time
-28.734363555908203	4.491784572601318	1	close
23.669208526611328	-5.763974666595459	3	beautiful
-12.242267608642578	-6.702502250671387	1	looks
13.11494255065918	0.8596718907356262	5	via
-10.119171142578125	-14.028204917907715	7	history
19.22736930847168	22.268583297729492	8	Tags
-2.4567489624023438	-1.6242924928665161	5	reading
21.707292556762695	-2.0535330772399902	6	series
15.175642013549805	17.845949172973633	0	America
-10.355443000793457	-15.009997367858887	7	across
35.02690887451172	4.176342487335205	5	file
5.233774185180664	-27.289079666137695	4	cost
-43.206764221191406	7.473519325256348	1	seems
-41.92317199707031	6.725316047668457	1	else
-2.146529197692871	24.65235710144043	9	Why
-1.2975643873214722	-0.14880196750164032	5	visit
-21.01012420654297	-7.883070468902588	6	short
33.265380859375	-0.6808529496192932	3	song
-0.16112779080867767	-14.965678215026855	10	front
-21.82834243774414	-11.318913459777832	10	works
24.158403396606445	17.34073257446289	0	Park
-44.473472595214844	10.633536338806152	1	wanted
11.471358299255371	-14.328303337097168	10	class
27.270841598510742	19.561002731323242	8	Services
26.713281631469727	-14.146627426147461	7	law
-31.843076705932617	17.94800567626953	6	coming
-36.74600601196289	3.1390035152435303	10	whether
37.239112854003906	0.45731428265571594	3	sex
-12.757491111755371	-17.325172424316406	5	share
26.09197425842285	22.083786010742188	8	Online
-3.6459147930145264	-19.90932846069336	7	problems
-15.098732948303223	-9.137520790100098	1	perfect
3.6945765018463135	24.7276554107666	9	Get
1.3570191860198975	-8.209868431091309	6	weeks
22.954360961914062	-0.21288073062896729	9	His
35.9411735534668	1.9533377885818481	3	film
22.04440689086914	20.681581497192383	8	Service
5.528960704803467	-26.46536636352539	4	low
34.07744216918945	14.18185043334961	8	Windows
-30.903934478759766	16.54901123046875	6	taken
27.622339248657227	18.798494338989258	8	Health
26.67429542541504	28.675678253173828	2	Reply
-40.63062286376953	15.288993835449219	1	reason
-3.194045066833496	2.4887373447418213	5	details
-31.367843627929688	15.624380111694336	1	soon
21.25973892211914	-7.700282573699951	3	party
-21.358823776245117	-15.227826118469238	10	complete
23.583446502685547	-8.535247802734375	3	child
26.35552978515625	18.133577346801758	0	International
17.07746696472168	-21.259403228759766	7	companies
-0.9956914782524109	-3.2849862575531006	5	questions
34.50122833251953	-7.932987689971924	10	card
8.353899002075195	-20.977294921875	10	range
-0.13881747424602509	0.029958659783005714	5	report
36.32321548461914	-12.471623420715332	4	sale
-39.13303756713867	14.108983039855957	1	rather
28.880615234375	-14.37240982055664	4	property
5.366909503936768	1.4126578569412231	5	comments
12.156390190124512	25.235767364501953	8	Post
14.006699562072754	20.64133071899414	9	Love
23.474332809448242	-6.3941144943237305	3	hot
36.924835205078125	2.8001348972320557	3	hotel
14.828913688659668	23.055431365966797	8	Top
-8.148870468139648	-5.639699935913086	3	friend
-13.201478958129883	-14.736307144165039	10	issue
-2.6085774898529053	23.96223258972168	9	Well
-29.324838638305664	-3.6062958240509033	1	understand
-18.313190460205078	-16.13529396057129	10	due
-15.534740447998047	-12.709105491638184	1	learn
22.14168930053711	-7.190745830535889	3	heart
19.007694244384766	-14.793907165527344	5	computer
9.553313255310059	-14.792277336120605	7	office
25.287059783935547	20.573257446289062	8	Music
16.070087432861328	-7.185060977935791	3	kids
20.65791130065918	22.96917724609375	8	Web
-14.659550666809082	-6.962817192077637	1	stop
-38.00352096557617	14.407529830932617	1	especially
24.92578887939453	14.333291053771973	8	English
18.830041885375977	-6.659211158752441	3	watch
20.626243591308594	32.134727478027344	2	Friday
0.049292776733636856	-23.459989547729492	10	provides
-16.094226837158203	-18.5488338470459	10	simple
22.847028732299805	-8.15001392364502	3	art
-10.17525577545166	-16.245361328125	7	major
-4.189095497131348	-20.823143005371094	7	issues
-9.726602554321289	26.116548538208008	9	Also
17.79449462890625	-19.340545654296875	7	management
-29.286033630371094	2.660867691040039	1	move
19.583433151245117	0.3745419681072235	5	content
25.35360336303711	-14.814042091369629	7	training
9.825607299804688	-16.834985733032227	7	building
-8.258748054504395	-4.204857349395752	1	asked
30.83102035522461	14.443748474121094	0	miles
23.84912109375	-19.529661178588867	4	credit
-22.712684631347656	1.9520500898361206	6	couple
14.193052291870117	-20.34609031677246	7	industry
26.54766273498535	29.486080169677734	2	Date
-1.7137317657470703	-13.291871070861816	10	original
14.54422378540039	24.32575798034668	8	Page
19.28987693786621	-8.14908504486084	3	age
30.802894592285156	-9.009530067443848	10	air
31.878461837768555	13.062613487243652	9	AND
-16.009119033813477	-1.4136301279067993	6	five
5.026754856109619	2.589769124984741	5	date
0.8093925714492798	24.754791259765625	9	Good
-20.90831184387207	-19.42865753173828	10	includes
5.0359296798706055	24.73181915283203	8	Other
28.676559448242188	16.185352325439453	0	Street
12.288678169250488	-16.442100524902344	7	study
-24.337501525878906	3.1566171646118164	6	half
17.166240692138672	-17.514150619506836	7	social
-27.652076721191406	6.433090686798096	10	shows
8.354436874389648	-18.53902816772461	10	space
15.057257652282715	-0.17817018926143646	5	photos
-31.66156768798828	11.177665710449219	10	present
-23.567235946655273	-2.221731185913086	1	happy
-38.39482498168945	5.655302047729492	1	matter
-36.59192657470703	7.30111026763916	1	turn
-35.8576774597168	3.161311388015747	10	needed
8.171491622924805	22.824562072753906	0	David
-4.902444362640381	-9.241495132446289	1	gets
16.245275497436523	-0.734503984451294	5	image
20.918359756469727	-16.25479507446289	10	performance
18.471073150634766	-15.286482810974121	7	media
-4.456028938293457	23.176029205322266	9	Then
25.541141510009766	-10.91627311706543	7	human
-39.30623245239258	11.967796325683594	1	simply
-10.942862510681152	-9.396978378295898	1	stay
0.3301163911819458	-13.778548240661621	6	running
-32.54037857055664	-6.0030951499938965	1	deal
14.385472297668457	-8.47774887084961	3	living
19.304344177246094	-10.351592063903809	10	style
26.753767013549805	15.783366203308105	0	London
-23.865859985351562	-16.45159912109375	10	provided
-25.4682674407959	-5.159696578979492	1	ask
-21.178098678588867	-14.449663162231445	10	main
-6.762812614440918	-8.816044807434082	1	enjoy
24.839813232421875	-1.055440902709961	7	member
33.11760711669922	-9.622220993041992	7	energy
-14.756378173828125	-21.732946395874023	10	required
-36.94601821899414	15.190852165222168	1	bring
1.3501862287521362	24.225603103637695	9	Most
27.64606475830078	22.399856567382812	8	Download
23.843082427978516	-15.951348304748535	7	technology
-21.817787170410156	-11.309733390808105	10	upon
4.018582820892334	22.507781982421875	9	Are
18.102432250976562	-7.935770034790039	6	playing
1.3887385129928589	-14.969625473022461	10	action
23.678848266601562	23.696306228637695	8	Add
25.522357940673828	-19.60481071472168	4	rate
24.474367141723633	16.871545791625977	0	San
15.714210510253906	3.968970537185669	5	Google
4.345126152038574	1.605587363243103	5	comment
-21.592479705810547	2.256687879562378	6	saw
35.56294631958008	-10.762391090393066	4	insurance
21.037281036376953	-10.276886940002441	1	sound
17.815074920654297	1.21751868724823	5	code
-28.078083038330078	3.5612001419067383	1	takes
-22.754024505615234	-1.4555081129074097	1	talk
34.84376525878906	13.604180335998535	0	Hotel
21.692724227905273	-13.453170776367188	10	test
-8.490696907043457	25.40607452392578	9	While
20.994632720947266	31.4599666595459	2	Sunday
-3.591459035873413	-21.13669204711914	10	key
-24.441247940063477	-4.83058500289917	1	stuff
-31.613506317138672	-3.221245765686035	1	cannot
-38.674896240234375	16.53404998779297	1	however
-22.169790267944336	-18.09181022644043	7	related
23.81418228149414	-2.963243246078491	6	win
21.270536422729492	31.44158172607422	2	Saturday
18.273780822753906	23.111927032470703	8	Review
6.409553527832031	25.72287368774414	8	Click
12.85123062133789	22.90848159790039	8	Find
22.82050895690918	16.495956420898438	0	California
-22.364131927490234	-16.297048568725586	10	various
-9.101945877075195	-15.662336349487305	7	among
-17.433921813964844	-10.863951683044434	10	usually
-11.590615272521973	-12.631600379943848	7	meet
29.46331214904785	-10.983094215393066	10	parts
-4.650965690612793	-7.733851432800293	1	guys
-27.128087997436523	4.463798522949219	6	behind
-3.4137394428253174	-4.499029159545898	1	word
-32.68366241455078	-4.571528434753418	10	result
5.803905010223389	-27.248016357421875	4	amount
16.827505111694336	-12.192323684692383	4	store
14.376116752624512	-18.364103317260742	7	areas
8.621829986572266	-16.839183807373047	10	position
0.3562891483306885	-12.904191017150879	6	return
10.245720863342285	-15.697860717773438	7	field
-25.169292449951172	-14.478553771972656	7	interest
-2.8880112171173096	-7.969387531280518	1	guy
17.8249454498291	-1.7789661884307861	5	books
14.769749641418457	-15.235480308532715	7	events
3.244699716567993	-10.60122013092041	6	hit
-34.649234771728516	4.803641319274902	1	longer
0.8562395572662354	22.47469711303711	9	Yes
-26.36944007873535	0.6415971517562866	1	leave
12.312491416931152	21.2213134765625	9	Big
22.68720054626465	-19.349332809448242	10	items
24.829647064208984	-18.983062744140625	4	total
-45.337615966796875	10.36633014678955	1	remember
36.79133224487305	-9.910175323486328	4	percent
36.548362731933594	-11.559123992919922	4	prices
-25.99225616455078	-3.480419397354126	1	wrong
1.2748725414276123	-1.4070104360580444	5	address
-13.681382179260254	-4.577700614929199	6	lost
11.814778327941895	-1.4142800569534302	5	message
-34.88816833496094	15.990694999694824	1	rest
25.870243072509766	-10.569000244140625	10	natural
-5.55811882019043	-4.783124923706055	3	picture
-4.899374485015869	-14.097115516662598	1	cause
-25.991918563842773	-12.325631141662598	7	general
-33.9351806640625	16.829925537109375	1	goes
-13.501482963562012	-14.100528717041016	10	created
-6.674577713012695	-5.675100803375244	3	favorite
22.94696044921875	-12.64670181274414	10	drive
-18.720674514770508	-10.47308349609375	10	clear
-24.566041946411133	-9.603650093078613	1	outside
2.406881093978882	0.6620518565177917	5	click
15.670453071594238	22.637392044067383	8	Part
29.570837020874023	-10.452472686767578	10	paper
13.402692794799805	23.739578247070312	8	Information
10.865010261535645	22.82029914855957	9	Life
36.394779205322266	3.0739622116088867	10	shall
2.80810546875	-6.815713405609131	6	held
-15.35013484954834	-9.432137489318848	10	inside
22.761850357055664	15.118575096130371	0	located
25.2213134765625	23.831754684448242	8	Buy
12.73477840423584	-17.69306182861328	7	private
30.519546508789062	-14.237189292907715	7	systems
-25.201356887817383	9.115830421447754	7	currently
4.5246100425720215	-8.919693946838379	6	morning
30.061643600463867	-11.073640823364258	10	model
-33.86601257324219	12.364083290100098	10	similar
18.509328842163086	0.9541308283805847	5	user
17.056119918823242	18.788848876953125	0	USA
-45.360164642333984	8.546622276306152	1	maybe
7.161898136138916	-19.20110511779785	10	designed
16.130657196044922	-17.906003952026367	7	professional
-11.191040992736816	-5.8095479011535645	1	heard
23.266597747802734	31.100074768066406	2	Jan
18.764036178588867	-0.5887875556945801	5	internet
-1.2160652875900269	-3.5964584350585938	5	writing
-8.565855026245117	-14.91364574432373	6	lead
-10.134615898132324	-6.223791599273682	1	hear
31.441577911376953	-12.982895851135254	7	security
19.590839385986328	-14.185117721557617	10	application
-34.7877082824707	-1.8047899007797241	10	certain
3.451601505279541	-17.354591369628906	10	cover
27.0609130859375	-13.823433876037598	7	rights
11.07947826385498	-16.031335830688477	7	staff
22.342544555664062	19.84808349609375	8	Group
11.252657890319824	23.385208129882812	8	Full
30.45408058166504	-7.594447135925293	6	period
3.569793224334717	-20.91257667541504	5	account
9.94397258758545	-25.61013412475586	4	sales
1.94740629196167	23.368772506713867	9	Can
-15.788932800292969	-2.1348965167999268	6	third
28.825557708740234	17.039491653442383	0	College
12.977962493896484	-3.5153393745422363	3	pictures
-16.554141998291016	-15.35529613494873	10	common
-31.52789306640625	10.45814037322998	10	addition
31.725330352783203	16.58074188232422	8	Sale
17.674068450927734	17.716571807861328	0	Washington
-13.680418968200684	-14.824743270874023	10	subject
9.230850219726562	-12.138717651367188	6	record
-33.28663635253906	4.991872310638428	1	likely
-24.221843719482422	-1.1936683654785156	1	saying
20.94322395324707	32.29437255859375	2	Monday
18.548715591430664	-0.21681424975395203	5	sites
36.639801025390625	1.0859825611114502	3	hair
-2.0555384159088135	-1.1732689142227173	5	written
-13.374154090881348	-18.5896053314209	10	changes
8.757387161254883	22.89927101135254	0	James
4.381900787353516	-20.29079246520996	10	source
-6.19402551651001	-1.696175456047058	6	received
-31.128799438476562	1.9136407375335693	7	continue
-21.534442901611328	-1.009425163269043	1	ready
14.439348220825195	-0.8641127347946167	5	photo
10.09339714050293	-24.563255310058594	4	customers
-28.78929901123047	-4.072002410888672	1	sense
-23.593019485473633	-6.363226413726807	1	interesting
-25.115463256835938	8.812387466430664	6	recent
25.37495994567871	19.16594123840332	0	Art
-15.489503860473633	-3.8483645915985107	6	forward
33.48250961303711	-8.280715942382812	10	weight
-20.098777770996094	-14.18803882598877	10	popular
15.120433807373047	2.3144283294677734	5	reviews
8.4939603805542	1.8062433004379272	1	wrote
-34.755821228027344	2.707874059677124	1	ways
-4.177460670471191	2.4435439109802246	5	latest
37.51781463623047	3.2196266651153564	4	oil
-35.56065368652344	6.587772846221924	1	instead
32.486751556396484	-6.86515998840332	6	players
32.61874771118164	15.233308792114258	0	Road
-1.004192590713501	-16.434104919433594	1	cut
-7.903123378753662	-14.771727561950684	7	strong
19.010597229003906	0.6686112880706787	5	users
19.35108184814453	-7.707747936248779	3	death
16.611875534057617	20.46187400817871	8	General
-24.484743118286133	8.558813095092773	6	recently
1.799889087677002	-19.053207397460938	4	save
-7.524346351623535	-3.2839243412017822	1	thanks
1.976367473602295	-7.778407573699951	6	late
32.11294174194336	-13.010270118713379	7	network
21.297439575195312	-8.705056190490723	3	red
16.36006736755371	-18.890562057495117	7	education
17.810815811157227	-20.690980911254883	7	financial
-6.1479620933532715	-7.7504448890686035	1	cool
-22.585145950317383	-15.056801795959473	10	included
30.798593521118164	-10.739850044250488	10	treatment
9.056436538696289	2.7098073959350586	9	Thank
-12.013108253479004	-21.15668296813965	10	unique
8.806048393249512	22.378047943115234	0	Paul
-1.3140703439712524	-2.5138051509857178	5	send
-2.5332250595092773	-3.4269635677337646	5	write
34.48902893066406	-10.366453170776367	7	jobs
25.64220428466797	-5.250948905944824	3	baby
-27.693809509277344	-3.415893077850342	1	seem
26.39992332458496	21.22698211669922	8	Power
33.0401611328125	-6.657126426696777	6	player
17.151905059814453	22.448793411254883	8	Show
15.674810409545898	-13.233488082885742	10	section
21.472400665283203	20.318065643310547	8	Company
29.496593475341797	19.47479248046875	8	Photo
1.1328121423721313	23.204824447631836	9	Like
-15.894588470458984	-17.291357040405273	10	choose
-26.882225036621094	-2.183411121368408	1	thinking
-6.564819812774658	-7.821232318878174	1	amazing
-34.722373962402344	0.6481444835662842	10	choice
-11.925207138061523	-15.661605834960938	10	according
24.117332458496094	30.821638107299805	2	Feb
19.5286808013916	13.226120948791504	9	Christmas
25.68448829650879	-13.409884452819824	7	travel
19.90937614440918	20.067840576171875	8	Blue
-41.05141067504883	4.278255939483643	1	wish
-1.461306095123291	24.201078414916992	9	Let
0.45997077226638794	25.687416076660156	9	People
7.5780863761901855	23.128005981445312	0	Michael
2.910203456878662	27.43036651611328	9	Today
26.885467529296875	14.387085914611816	8	China
-20.286306381225586	-7.4692277908325195	1	fine
13.996891975402832	-14.116948127746582	7	center
-33.5433464050293	-3.6834070682525635	10	allow
-22.886611938476562	0.029738586395978928	1	wait
7.023016929626465	-26.304697036743164	4	increase
-27.16450309753418	0.9669666886329651	1	chance
2.53670072555542	-11.6129150390625	6	final
3.3317904472351074	22.329936981201172	9	Who
-23.85774803161621	-6.528731822967529	1	answer
22.875202178955078	-3.585728645324707	6	played
0.24409805238246918	-17.658483505249023	10	fast
24.445035934448242	-5.097875118255615	1	likes
-19.031902313232422	-17.608572006225586	4	worth
22.66292953491211	17.172359466552734	0	Department
18.52267837524414	-18.52800750732422	7	programs
21.585620880126953	32.11071014404297	2	Thursday
9.70677661895752	-6.961431503295898	10	release
22.92867088317871	19.924734115600586	8	Office
2.279695510864258	-17.170915603637695	10	box
22.611167907714844	-14.638687133789062	10	material
36.070045471191406	-10.589306831359863	4	tax
15.486868858337402	-14.338674545288086	10	location
-13.901528358459473	-23.09769630432129	10	specific
-39.36724853515625	7.077600955963135	1	ones
7.548129081726074	-11.905706405639648	7	meeting
12.229864120483398	-9.899330139160156	3	town
-31.06891441345215	0.540067732334137	10	entire
-13.146318435668945	-22.63798713684082	10	individual
21.83988380432129	31.543180465698242	2	Tuesday
19.76542091369629	-6.534013748168945	3	eyes
24.502595901489258	16.475631713867188	0	Texas
23.96719741821289	21.32768440246582	8	Real
26.14613914489746	-5.132591247558594	3	girls
8.919925689697266	-14.498902320861816	10	board
21.961679458618164	31.785690307617188	2	Wednesday
-37.16173553466797	2.3115110397338867	10	particular
6.422959327697754	-26.73680877685547	4	higher
31.17555809020996	15.600212097167969	8	Air
-5.447127819061279	-13.618691444396973	1	huge
25.43012237548828	-15.572443962097168	7	medical
-10.943570137023926	-17.717403411865234	7	term
21.212928771972656	18.753616333007812	0	Club
6.141873836517334	22.835247039794922	9	Two
0.7189209461212158	-21.40845489501953	10	receive
32.59418487548828	-13.035335540771484	7	marketing
-28.865041732788086	2.877265214920044	1	hold
17.225929260253906	0.5462521910667419	5	text
23.505321502685547	22.13319969177246	8	Book
-9.681476593017578	-7.156218528747559	1	tried
22.032350540161133	-11.312727928161621	10	table
3.668567419052124	-9.204593658447266	6	summer
-22.082429885864258	3.595423460006714	6	gave
9.019702911376953	-18.683778762817383	7	build
-24.009119033813477	-6.926956653594971	1	follow
-16.15749740600586	-17.976058959960938	10	easily
23.724395751953125	15.682336807250977	0	Canada
25.542753219604492	-18.007381439208984	4	loss
27.660255432128906	20.382076263427734	8	Design
19.51544761657715	20.62535285949707	0	Family
-14.260666847229004	-3.2240235805511475	6	worked
17.401809692382812	23.446916580200195	8	Report
23.499876022338867	22.750843048095703	8	Blog
35.559234619140625	-9.198652267456055	4	cheap
-14.271746635437012	-11.089349746704102	1	agree
35.22612380981445	4.617762088775635	5	files
10.231670379638672	-10.723908424377441	6	road
2.058722972869873	-22.323450088500977	10	options
26.422426223754883	22.446735382080078	8	Reviews
-15.277336120605469	-21.81948471069336	10	additional
6.2530741691589355	-18.703859329223633	10	wide
31.308815002441406	13.897982597351074	8	India
7.900513172149658	-20.641077041625977	10	standard
-0.21525970101356506	23.574565887451172	9	Have
1.8650002479553223	27.05927085876465	9	Next
-26.12946128845215	-11.160053253173828	7	opportunity
-22.86217498779297	4.924070835113525	6	decided
-16.659223556518555	-12.270757675170898	10	step
12.150866508483887	-15.574021339416504	7	role
-6.513077259063721	-11.201107025146484	3	lives
16.933380126953125	1.2372167110443115	5	pages
11.36189079284668	-16.941349029541016	7	national
6.785434722900391	-16.630022048950195	1	ideas
16.601139068603516	-7.690579891204834	3	parents
-25.74864959716797	-14.774253845214844	10	terms
15.814316749572754	-12.345192909240723	10	collection
27.140155792236328	19.739730834960938	8	Management
15.388167381286621	-18.10629653930664	7	international
31.115509033203125	-11.721662521362305	10	method
-2.3410120010375977	-14.032574653625488	10	piece
-6.417505264282227	24.52950096130371	9	Many
12.633772850036621	-15.403385162353516	7	practice
11.173605918884277	-2.4145610332489014	5	title
37.130184173583984	1.8681622743606567	10	skin
13.167917251586914	22.222631454467773	9	Use
-14.816766738891602	-1.8622548580169678	6	six
27.13728904724121	18.603994369506836	0	Research
13.934760093688965	-20.001646041870117	7	policy
24.6348934173584	-6.830949783325195	3	door
25.453536987304688	29.821672439575195	2	Mar
4.873559474945068	-25.657550811767578	4	purchase
22.392778396606445	-9.420077323913574	3	green
20.736425399780273	-5.3916096687316895	3	wife
2.412055730819702	-0.4173808991909027	5	links
33.08595657348633	14.16696834564209	8	DVD
-32.79103088378906	0.09411516040563583	10	gives
-14.28947639465332	-17.41067123413086	10	excellent
25.52759552001953	21.661832809448242	8	Contact
-5.094126224517822	-21.33661651611328	7	knowledge
24.46534538269043	-19.759254455566406	4	stock
29.02945327758789	-13.215447425842285	10	production
-26.407047271728516	-7.5604166984558105	1	interested
25.618144989013672	-6.799833297729492	3	war
-17.08284568786621	-11.211506843566895	1	quickly
33.30644989013672	15.137795448303223	8	Phone
21.220203399658203	-17.997346878051758	7	risk
29.017086029052734	16.374313354492188	0	Beach
-27.470813751220703	-4.035642623901367	1	sometimes
16.494680404663086	-0.34851065278053284	5	images
-8.899642944335938	25.121095657348633	9	Even
27.179845809936523	20.993743896484375	8	System
-10.291461944580078	-15.415283203125	7	throughout
-0.17166383564472198	-13.697488784790039	10	track
13.611639976501465	-1.9995166063308716	5	videos
-19.583660125732422	4.403563499450684	6	starting
-37.06427764892578	12.351774215698242	1	giving
6.671199321746826	-26.702226638793945	4	lower
25.79561424255371	-14.792908668518066	7	groups
-9.54041862487793	-7.672316074371338	1	looked
25.214632034301758	-19.034027099609375	4	average
-25.73310089111328	-0.5527070164680481	1	talking
24.09177017211914	-4.146737575531006	6	shot
-0.2588129937648773	-18.461017608642578	10	effect
-6.70673942565918	-7.118408203125	1	wonderful
-17.227432250976562	-10.171853065490723	1	completely
-9.59748649597168	-8.652811050415039	1	hands
27.7209415435791	-5.267005920410156	3	dog
-25.477197647094727	-0.2994040250778198	1	moment
17.437572479248047	-18.133750915527344	7	activities
-6.934630393981934	-2.113154411315918	6	sent
-22.757774353027344	-2.909940481185913	1	knew
24.836523056030273	30.10904312133789	2	Apr
13.378692626953125	-12.815140724182129	7	land
30.8789119720459	17.134746551513672	8	Game
25.89482307434082	29.991941452026367	2	Jun
4.418894290924072	26.13677215576172	9	Back
-25.681163787841797	-11.10485553741455	7	involved
13.530839920043945	25.68682289123535	8	Comment
33.0943603515625	-4.550720691680908	3	band
-29.355905532836914	-4.8581109046936035	1	difficult
-22.224233627319336	4.7110114097595215	6	finally
-2.588071823120117	2.2259364128112793	5	info
-19.546491622924805	-12.417011260986328	7	success
4.548731327056885	25.12035369873047	8	Check
13.35069751739502	-13.802212715148926	10	built
-10.085481643676758	-8.034514427185059	1	felt
17.107751846313477	-1.6615493297576904	10	screen
28.29073715209961	16.204509735107422	0	Lake
25.944011688232422	-14.025430679321289	7	student
-0.09744583070278168	-16.798006057739258	10	fit
20.708776473999023	-10.398791313171387	10	clean
-23.5322322845459	-1.3753403425216675	1	wants
25.611772537231445	30.488157272338867	2	Oct
33.62796401977539	1.9845157861709595	9	album
20.528444290161133	-8.03544807434082	3	fire
9.319086074829102	-10.532917976379395	6	hour
32.014339447021484	-11.563830375671387	7	language
24.618194580078125	30.667741775512695	2	Dec
-8.695422172546387	-21.20052146911621	7	potential
35.46249771118164	3.7311861515045166	10	device
24.245471954345703	18.734657287597656	0	Board
15.411383628845215	3.7623212337493896	5	Facebook
-34.5028190612793	3.2623281478881836	1	attention
10.757965087890625	-24.1379337310791	4	customer
19.97069549560547	23.77294921875	8	Product
30.214855194091797	-13.31186580657959	10	equipment
32.4821891784668	-5.097523212432861	3	feet
23.487821578979492	16.575092315673828	0	Florida
22.923139572143555	22.64020347595215	8	Live
15.563759803771973	19.19355583190918	0	King
11.825186729431152	-0.399547815322876	5	posts
-6.096947193145752	-21.60538101196289	10	ability
31.613676071166992	16.288503646850586	8	Car
-18.86505699157715	-0.42287275195121765	6	fall
-1.6432498693466187	-17.436410903930664	10	extra
12.226415634155273	-11.027118682861328	6	former
15.900445938110352	21.893613815307617	8	Year
24.844087600708008	21.637514114379883	8	Media
-12.386053085327148	-21.583858489990234	10	variety
34.039554595947266	-3.273545503616333	3	bed
20.86163902282715	-16.59237289428711	10	cases
-8.458131790161133	26.516921997070312	9	Since
-27.111740112304688	-15.052569389343262	10	necessary
0.28200066089630127	24.870817184448242	9	Will
-44.3779296875	4.43667459487915	1	guess
-13.584074974060059	-21.590612411499023	10	allows
-22.573383331298828	5.2697858810424805	6	turned
25.17945671081543	30.643600463867188	2	Nov
-10.761137962341309	-16.778850555419922	7	plans
14.075965881347656	3.3207921981811523	5	published
34.699256896972656	-3.5732829570770264	3	blood
-9.158270835876465	-16.730484008789062	7	leading
33.102603912353516	-8.760882377624512	10	effects
-11.088358879089355	-21.761215209960938	10	types
3.0765035152435303	-15.070574760437012	10	response
9.266092300415039	-25.811962127685547	4	costs
2.9032657146453857	-7.557765483856201	6	began
-26.039522171020508	-11.7224760055542	7	focus
-13.037425994873047	-2.786550521850586	6	became
-36.950408935546875	10.973180770874023	1	consider
21.933177947998047	-17.4354305267334	10	levels
13.637754440307617	-16.54640007019043	7	learning
22.013254165649414	-13.04981517791748	10	daily
-26.717397689819336	-1.3661435842514038	1	happen
13.133414268493652	-21.482833862304688	7	resources
31.90477752685547	13.539764404296875	8	Apple
3.9580366611480713	23.34011459350586	9	Make
2.990276575088501	-8.528521537780762	6	weekend
-40.5006103515625	10.632122993469238	1	exactly
35.776145935058594	1.1962063312530518	3	wedding
1.6019952297210693	24.899389266967773	9	Only
29.7099552154541	-13.589040756225586	7	growth
-27.418516159057617	8.287272453308105	5	note
-5.4422287940979	25.807329177856445	9	Where
-1.8777751922607422	-12.48691463470459	10	feature
4.174961090087891	-26.264869689941406	4	sell
-32.72697830200195	18.112693786621094	6	brought
-1.0740593671798706	-15.433000564575195	10	ground
29.271148681640625	-11.246403694152832	10	speed
8.211447715759277	-19.557096481323242	10	base
7.859633445739746	-10.03434944152832	6	trip
-3.456523895263672	-17.80889129638672	7	decision
33.589969635009766	15.385760307312012	8	Software
26.390766143798828	28.182432174682617	2	Sun
34.19047546386719	-4.5546770095825195	3	pain
-11.902135848999023	-18.6712703704834	10	plus