x	y	cluster	word
-1.5010110139846802	1.408001184463501	6	jamaican
8.791645050048828	-8.538811683654785	5	nigerian
7.675180435180664	-8.538214683532715	5	ethiopian
7.842871189117432	-8.073089599609375	5	haitian
-1.136378288269043	-21.47107696533203	5	kenyan
-2.028981924057007	0.7946249842643738	5	african-american
-2.332379102706909	1.411474347114563	5	congolese
-0.41768476366996765	-34.9112663269043	4	African
14.08220100402832	-6.668280601501465	5	HIV
-15.863771438598633	-10.496273040771484	9	Baptist
9.147464752197266	8.860146522521973	8	Census
2.6269843578338623	-6.982316970825195	1	Sri
-10.02604866027832	-13.898595809936523	9	Gospel
-18.740772247314453	-11.132144927978516	9	Prayer
4.81508207321167	13.330061912536621	8	Announces
-14.36770248413086	-19.14811134338379	2	Abraham
-1.4379308223724365	9.758609771728516	6	Hip
-1.5718885660171509	13.570037841796875	7	Drum
47.15924072265625	13.672239303588867	0	GOD
-14.058584213256836	-18.927480697631836	2	Moses
-1.0037461519241333	-41.45774459838867	4	Kenya
25.60753631591797	-4.507913589477539	2	LORD
-10.121235847473145	18.592466354370117	6	Hop
-1.8842475414276123	-36.995723724365234	4	Haiti
-12.84009075164795	-9.00849723815918	9	Parish
-13.639263153076172	-9.801063537597656	9	Worship
34.44776916503906	-5.078990936279297	6	agosorry
0.7522544860839844	-37.910221099853516	4	Nigeria
-11.281749725341797	4.636659145355225	8	Population
-18.955875396728516	-11.52457046508789	9	Pastor
-18.44931411743164	8.587044715881348	8	Announcements
-31.708450317382812	-10.924418449401855	3	Isaac
34.64928436279297	6.507319450378418	0	COUNTY
29.36490249633789	-0.3932000994682312	8	Nay
-16.424318313598633	-10.398441314697266	9	Methodist
-6.912476539611816	-39.20460891723633	4	Jamaica
-5.514857769012451	13.536059379577637	7	Bands
-3.5498592853546143	-39.25498962402344	4	Peru
30.17966651916504	12.459806442260742	10	MISSED
-24.046737670898438	9.131890296936035	8	Tweets
-18.258258819580078	-11.664152145385742	9	Spiritual
-6.686933517456055	-18.22443199157715	2	Prophet
10.420114517211914	14.130803108215332	3	LSU
2.382510185241699	-8.855997085571289	1	Hindu
3.1866331100463867	13.789408683776855	8	Estimated
-8.729340553283691	4.646221160888672	8	Appeals
2.1643435955047607	-37.29899597167969	4	Nepal
2.0284523963928223	-37.72932052612305	4	Bangladesh
-16.6227970123291	-11.114847183227539	9	Churches
10.517247200012207	14.785235404968262	3	Panthers
-7.32419490814209	-16.842384338378906	2	blessings
34.23398971557617	-3.355186700820923	8	fromServlet
-8.632831573486328	-17.29741859436035	2	believers
28.94114875793457	1.259381890296936	7	Toner
-18.553869247436523	10.06539249420166	8	Launches
0.6231792569160461	-39.45620346069336	4	Sudan
-9.490283012390137	-15.53597640991211	9	congregation
35.2559928894043	-4.455191135406494	0	EVINRUDE
24.9307861328125	1.866920828819275	7	notesLoading
26.393993377685547	1.972023367881775	7	Rugs
-25.255102157592773	5.04759407043457	8	Officials
-26.627086639404297	-2.456448793411255	6	photostream
-9.244197845458984	-13.575163841247559	9	Biblical
-28.920007705688477	-10.856672286987305	6	Bless
-23.764129638671875	2.7593421936035156	8	Founder
-0.2121717482805252	-39.982303619384766	4	Zimbabwe
-12.815356254577637	4.155062198638916	8	Elections
-24.368614196777344	5.984163761138916	8	Challenges
-26.37422752380371	4.366944789886475	8	Volunteers
-6.96397590637207	13.120439529418945	7	Rotary
-4.743960380554199	-19.572216033935547	2	Isaiah
-13.228802680969238	-8.831400871276855	9	Choir
-27.08049201965332	-9.677635192871094	9	Unity
32.56417465209961	-1.4640315771102905	7	commentLoad
39.45460891723633	12.394002914428711	0	WOMEN
21.13591194152832	7.781564235687256	7	Cables
11.829068183898926	13.079778671264648	3	Colts
-1.4632081985473633	-42.44365310668945	4	Uganda
-3.3280458450317383	-42.340599060058594	4	Ghana
-15.236946105957031	4.134604454040527	8	Hunger
-27.881969451904297	-11.505242347717285	9	Praise
9.292256355285645	-22.240398406982422	2	prophet
30.053558349609375	12.50677490234375	10	REBOUND
14.06969928741455	5.2058844566345215	3	distanced
-24.542041778564453	9.725069999694824	8	Reads
-27.630508422851562	-0.8284351229667664	6	Roots
-1.3062632083892822	8.663670539855957	6	Beyonce
6.684841632843018	13.393692016601562	3	Citysearch
-0.2865983545780182	-39.06944274902344	4	Cambodia
-2.1211161613464355	-35.04238510131836	4	Dominican
30.535579681396484	0.4210928976535797	7	SATA
10.609147071838379	-10.893911361694336	5	trafficking
-15.314746856689453	-10.47742748260498	9	Presbyterian
24.765010833740234	3.068842649459839	7	Bandwidth
-32.378360748291016	5.030574798583984	3	Observer
5.252691745758057	-10.728354454040527	1	Hussein
7.552364349365234	12.03370475769043	8	TrackBack
0.47499534487724304	-40.033119201660156	4	Ethiopia
-31.509145736694336	8.267066955566406	8	Transition
-24.27060890197754	-9.808289527893066	9	Sanctuary
-6.978801250457764	14.346588134765625	3	Ensemble
11.83618450164795	-3.697204113006592	6	nigga
-1.7528657913208008	-40.48415756225586	4	Congo
-30.031286239624023	-11.860116958618164	2	Amen
-7.568706512451172	-17.221784591674805	2	prayed
-7.387733459472656	2.435516834259033	5	LGBT
-14.021079063415527	-18.688507080078125	2	Jeremiah
27.74538230895996	0.178307443857193	3	touchdowns
-11.242863655090332	-17.79390525817871	2	Messiah
-14.475956916809082	4.569587707519531	8	Tribal
-25.06925392150879	11.868294715881348	7	Pulse
-6.6902618408203125	15.647320747375488	7	Drums
30.57499122619629	12.64008903503418	10	JUMPER
16.428699493408203	-10.08248233795166	1	Kerala
-10.64548397064209	-0.4920920133590698	8	Followers
0.11657445132732391	-8.134943008422852	1	Gandhi
-8.140926361083984	7.061288356781006	8	Trustees
32.20884704589844	1.644387125968933	0	HOUSING
-0.4557023346424103	-7.516534328460693	1	Ahmed
-29.242515563964844	-12.204167366027832	9	Pray
-0.41097915172576904	-8.333518028259277	1	Mohammed
-21.57432746887207	-4.606071949005127	1	Omar
-2.496767997741699	-39.806976318359375	4	Guinea
-23.175323486328125	5.781601428985596	8	Advocacy
23.120088577270508	4.833098888397217	7	ATI
-17.125877380371094	-11.029065132141113	9	Ministries
-26.228084564208984	-0.857151985168457	6	Tribe
-3.9121296405792236	-4.557961940765381	1	Dev
-24.097064971923828	3.747354745864868	8	Bloggers
-9.821611404418945	-17.965030670166016	2	preach
-31.97906494140625	-0.8172875046730042	3	Baton
-17.372079849243164	2.155721664428711	8	Poverty
31.521154403686523	13.5650634765625	10	DEF
3.586369276046753	15.519283294677734	7	Monitors
-15.202383041381836	11.373662948608398	3	Superintendent
43.02800750732422	17.753616333007812	0	SECTION
-11.73415470123291	-23.657394409179688	5	sworn
-11.143393516540527	4.150805950164795	8	Governance
-7.134739875793457	10.008939743041992	6	Arrested
-16.282556533813477	-10.789961814880371	9	Episcopal
-5.318274974822998	-38.99161148071289	4	Salvador
24.678752899169922	-4.813531875610352	2	Corinthians
-8.40869140625	-19.769136428833008	2	sacrifices
1.3819611072540283	-21.044788360595703	5	displaced
-30.13292694091797	-3.2407190799713135	6	Harlem
-3.26825213432312	-41.36893081665039	4	Guatemala
-21.99818992614746	-12.166629791259766	2	Zion
-27.455291748046875	4.44011926651001	8	Outreach
47.64381408691406	21.382946014404297	0	UNDER
26.14360237121582	3.6690173149108887	7	IDE
9.06507396697998	10.38874626159668	8	Abusive
8.591414451599121	8.291958808898926	8	Abortion
-0.3008420467376709	-40.92877197265625	4	Tanzania
-12.032732009887695	-1.7542001008987427	9	Burial
-19.8913631439209	-11.391974449157715	9	Covenant
1.2167720794677734	-36.63240051269531	4	Somalia
47.94993209838867	16.903505325317383	0	BEEN
4.040134906768799	12.06103229522705	8	Schedules
-12.194241523742676	4.566718578338623	8	Judicial
0.05288300663232803	-37.177059173583984	4	Burma
26.042028427124023	-1.3876287937164307	1	crore
33.67850112915039	-3.633606433868408	8	MouseWait
-0.3217586278915405	-19.699743270874023	5	empower
1.339331865310669	-19.19470977783203	5	injustice
31.679126739501953	13.61135482788086	10	PTR
14.90011978149414	8.9876708984375	7	Fedora
-10.558701515197754	-10.25561237335205	9	Archbishop
-27.707487106323242	-3.137550115585327	6	Marley
-9.616222381591797	-19.636938095092773	2	elders
-38.409400939941406	-7.079949855804443	3	Quincy
-24.54792594909668	-11.581192970275879	3	Bethlehem
-9.278541564941406	13.391757011413574	3	Clemson
-10.88378620147705	6.305261611938477	8	Newsletters
48.84474563598633	23.6920223236084	0	REPORT
10.456826210021973	-21.578662872314453	2	prophets
-13.208030700683594	-10.153535842895508	9	Theology
-1.186586618423462	-32.93560028076172	4	Indigenous
-18.217525482177734	6.822157859802246	8	Statements
44.14985275268555	20.04935646057129	0	POSTED
1.291725993156433	-20.326906204223633	5	abuses
-26.525724411010742	5.916868686676025	8	Transformation
2.910156488418579	-21.80667495727539	5	refugee
35.876285552978516	8.87994384765625	0	GEAR
0.5013660192489624	-6.851452827453613	1	Bengal
32.578678131103516	13.752385139465332	10	BLOCK
1.1613433361053467	-8.65439510345459	1	Krishna
-11.606709480285645	-18.548389434814453	2	Exodus
-10.036598205566406	11.575235366821289	3	Plantation
1.2837492227554321	-37.413360595703125	4	Myanmar
6.178369998931885	-15.783278465270996	5	oppression
-1.8637505769729614	5.729526996612549	6	Tebow
29.796178817749023	0.13143157958984375	7	Radeon
-15.590821266174316	12.037969589233398	3	Rutgers
-1.0867959260940552	-38.64070129394531	4	Yemen
30.43781852722168	12.964396476745605	10	FOUL
-0.9386481642723083	15.598251342773438	8	Generated
16.279802322387695	-10.53759765625	1	IANS
47.650115966796875	23.920169830322266	0	OFFICIAL
35.100162506103516	-5.866886615753174	7	friendWas
-16.48206901550293	9.363576889038086	8	Vendors
-34.6016845703125	6.926123142242432	8	Speaks
-9.871743202209473	13.904160499572754	3	UNC
13.08265495300293	-5.226788520812988	5	rhythms
-7.354106426239014	-39.673038482666016	4	Trinidad
-30.26541519165039	1.4678592681884766	3	YMCA
3.180608034133911	15.305806159973145	7	Extensions
-4.325956344604492	-39.1822395324707	4	Belize
23.471221923828125	3.837209939956665	8	Logout
50.01627731323242	24.479860305786133	0	TIMES
-0.3792860209941864	-35.471893310546875	4	Nigerian
-33.106658935546875	8.192204475402832	8	Continues
27.47922706604004	1.8738807439804077	7	Pendants
-31.709606170654297	-11.972149848937988	2	Elijah
39.58208084106445	15.312971115112305	0	HAND
11.67182445526123	-20.604660034179688	2	baptized
-19.1552677154541	12.671788215637207	8	Musicians
42.36652374267578	18.46763801574707	0	SUPPORT
-15.384821891784668	15.298890113830566	3	Grainger
-4.58392858505249	14.81383991241455	7	Stat
5.089881420135498	11.952685356140137	8	Repository
26.480571746826172	2.902548313140869	7	Conditioner
0.6353969573974609	-32.21382141113281	4	NGOs
-33.114776611328125	5.221740245819092	8	Peoples
45.75221252441406	22.680635452270508	0	EVEN
-13.845197677612305	11.913677215576172	3	Obituary
-1.0809324979782104	13.173970222473145	7	Mic
-33.58125305175781	7.811142444610596	8	Brings
-25.870756149291992	-11.422247886657715	9	Reverend
-23.55113410949707	10.75355052947998	8	Targets
35.9214973449707	9.672587394714355	0	AMAZON
-14.372929573059082	16.423383712768555	7	Mud
8.863417625427246	-4.10326623916626	6	yall
33.77217483520508	-4.072547912597656	8	Amdt
15.013903617858887	11.475190162658691	7	Dia
47.64036560058594	23.127836227416992	0	MEDIA
13.235394477844238	-7.723747253417969	5	malaria
9.336764335632324	-20.444028854370117	2	spiritually
-10.203770637512207	-16.882699966430664	2	Scriptures
1.0739651918411255	-17.285449981689453	5	needy
49.46234130859375	22.840702056884766	0	CHANGE
-10.537651062011719	-23.322914123535156	5	condemn
-11.732426643371582	-10.942363739013672	9	Anglican
-19.107587814331055	4.649248123168945	8	Equality
-17.058008193969727	1.6555397510528564	8	Opposition
9.49137020111084	-10.721694946289062	5	inequality
-27.318172454833984	-10.651848793029785	9	Souls
-13.873767852783203	-9.260851860046387	9	Spirituality
11.985902786254883	13.20416259765625	3	Bengals
-2.4908676147460938	-40.52350616455078	4	Bolivia
50.27421188354492	22.58470916748047	0	SAY
47.38675308227539	22.06926918029785	0	LOCAL
5.294744968414307	1.8045543432235718	4	UNESCO
6.8182597160339355	-11.884912490844727	5	riots
33.97440719604492	6.633919715881348	0	MODELS
-11.87093734741211	-2.002077341079712	9	Singers
35.66615676879883	-5.58538293838501	1	clippingsPosted
10.956055641174316	11.564160346984863	3	Phi
-1.8179328441619873	6.9651198387146	6	Dem
-2.741671323776245	-40.4419059753418	4	Honduras
-32.66600036621094	-9.597232818603516	3	Alma
-6.248147487640381	5.241143703460693	8	NSA
11.375170707702637	-19.887805938720703	2	Qur
-17.71280288696289	5.427806377410889	8	Voters
-1.373758316040039	-38.24262619018555	4	Tunisia
24.86408805847168	-4.993069648742676	2	shalt
-30.861181259155273	-6.2364983558654785	6	Nah
-9.976921081542969	-24.68891143798828	5	youths
8.268415451049805	-12.139488220214844	5	instability
-32.788230895996094	7.548213005065918	8	Hosts
-41.25616455078125	-9.00017261505127	3	Hubbard
-13.904010772705078	-10.356097221374512	9	Seminary
40.84807586669922	16.885814666748047	0	BOARD
1.6532726287841797	-21.72590446472168	5	villagers
-30.834896087646484	-11.607874870300293	2	Jonah
16.265804290771484	9.967208862304688	7	Percussion
-14.71756362915039	8.128108024597168	8	Pipeline
-10.722786903381348	-23.808210372924805	5	empowered
0.9317141771316528	-21.85797691345215	5	Africans
6.287957668304443	14.88874340057373	8	Drilling
-34.53959274291992	-0.7562634944915771	3	Decatur
-2.988011360168457	1.7353315353393555	5	MSM
33.779212951660156	5.775272846221924	0	CABLE
15.136885643005371	7.601905822753906	7	APIs
11.562809944152832	9.694485664367676	3	Obituaries
-3.09967041015625	-36.79648971557617	4	NGO
7.130036354064941	-18.17450523376465	2	womb
-8.175686836242676	-15.843579292297363	2	preacher
51.53367614746094	24.796459197998047	0	HOPE
-12.223184585571289	-18.888273239135742	2	Almighty
9.417686462402344	-9.708863258361816	5	unconstitutional
-19.37257194519043	-12.66627311706543	9	Blessings
7.453780174255371	-19.9606990814209	2	Judah
16.900348663330078	9.019486427307129	7	Diaper
29.525634765625	2.190232753753662	6	flied
-1.3749289512634277	-9.723078727722168	1	Lama
-0.910550057888031	-40.420082092285156	4	Rwanda
13.697511672973633	7.037999153137207	8	Amendments
4.8754425048828125	10.944174766540527	8	Enrollment
-4.149796009063721	15.862963676452637	7	Widget
7.236025810241699	-12.106064796447754	5	killings
13.013874053955078	-9.266809463500977	5	militants
-12.037473678588867	-26.50931167602539	5	troubling
-31.017444610595703	5.1609392166137695	8	Referring
-23.285512924194336	9.703679084777832	8	Joins
-24.669857025146484	4.65310001373291	8	Petition
21.996212005615234	3.959801435470581	8	Adsense
-20.042768478393555	-11.818288803100586	9	LDS
-27.35738182067871	-1.781480312347412	6	Curse
-15.537741661071777	-25.107606887817383	9	Liberation
-9.008021354675293	-16.752403259277344	2	preached
13.151071548461914	9.415855407714844	8	Dividend
8.29834270477295	-21.82384490966797	2	Jehovah
33.67675018310547	7.562484264373779	0	ITUNES
-11.444717407226562	-25.8985595703125	5	plight
8.033923149108887	-22.225969314575195	2	scriptures
-11.192008972167969	7.057600498199463	8	Polls
33.50837326049805	6.258925914764404	0	ASSEMBLY
-12.266637802124023	17.76686668395996	6	Gal
30.165313720703125	12.919454574584961	10	LAYUP
-33.12924575805664	2.1588659286499023	3	MSU
-8.772941589355469	-14.606770515441895	9	pastors
-0.8086225390434265	-6.641513824462891	1	Sharma
43.53468704223633	16.29268455505371	0	EDUCATION
17.99396514892578	-9.395258903503418	1	Rajasthan
-20.432119369506836	7.4864325523376465	8	Fundraising
48.34113311767578	22.71409034729004	0	PROJECT
42.7999153137207	15.159099578857422	0	NOTICE
37.40659713745117	11.78604793548584	0	COLLEGE
-21.1431827545166	3.4095935821533203	8	Scholars
44.60859680175781	18.76932144165039	0	BILL
49.84004592895508	21.570327758789062	0	GOING
5.310967445373535	1.9805541038513184	4	PNG
-0.4927457869052887	-19.998157501220703	5	empowering
0.29560622572898865	15.435242652893066	7	Node
39.67747497558594	15.225104331970215	0	BAND
-31.355728149414062	-0.215742290019989	3	Freeport
46.43344497680664	17.23894500732422	0	CHILDREN
2.2343645095825195	-8.093775749206543	1	Sheikh
22.49241065979004	4.585644245147705	7	Longitude
-34.64506912231445	-9.976902961730957	6	Bro
-22.492786407470703	-3.1648905277252197	6	Mara
14.170538902282715	14.630897521972656	6	Foul
42.66327667236328	16.25775718688965	0	COMMUNITY
20.557415008544922	7.956226825714111	7	Amplifier
30.180633544921875	0.8821568489074707	7	ListPrice
-2.9554548263549805	-8.385795593261719	1	Baba
-10.97832202911377	-19.877668380737305	2	rejoice
34.02464294433594	-4.455502986907959	7	InManage
-25.355756759643555	5.3427534103393555	8	Interim
-35.6026496887207	-2.407736301422119	3	Fayetteville
-19.054058074951172	4.849031448364258	8	Accountability
-6.070725917816162	4.6862030029296875	8	FEMA
21.507049560546875	5.623302936553955	7	Barcode
37.076969146728516	11.515301704406738	0	UNIVERSITY
-35.68739700317383	-8.570876121520996	6	Theo
17.95740509033203	6.521935939788818	7	Phys
48.55929183959961	17.67219352722168	0	WHICH
-2.2620623111724854	-38.67081069946289	4	Mali
-33.40833282470703	0.14322508871555328	3	Middletown
-7.024055480957031	-39.43025588989258	4	Barbados
37.468990325927734	10.108630180358887	0	SECURITY
-34.599491119384766	-12.027206420898438	3	Bethel
-10.60039234161377	15.687963485717773	6	Dez
-9.248322486877441	5.230484962463379	8	Entrepreneurship
-15.692541122436523	11.508997917175293	3	Newtown
-8.105826377868652	7.562571048736572	8	Trustee
-7.0046067237854	10.976546287536621	6	Mardi
-36.11338424682617	3.5914719104766846	6	Dig
-37.01374816894531	-4.793951034545898	3	Putnam
2.1910855770111084	-15.042811393737793	5	uplifting
-4.916337966918945	5.472982883453369	8	Discrimination
-17.981609344482422	9.272823333740234	8	Receives
-27.280786514282227	-1.5635712146759033	6	Voodoo
-4.958860874176025	-18.935413360595703	2	Cor
8.547319412231445	-13.720601081848145	5	poorest
2.393160104751587	11.940542221069336	7	Cement
-1.151055932044983	-7.730562210083008	1	Mohamed
-23.20897102355957	10.877504348754883	8	Introduces
5.444495677947998	-12.602093696594238	5	militant
-12.990474700927734	-18.04883575439453	2	Apostle
-6.8047003746032715	-40.03461837768555	4	Leone
-0.5050692558288574	-20.453454971313477	5	empowerment
14.408321380615234	-5.648672580718994	5	vulnerabilities
40.252960205078125	13.287739753723145	0	COURT
38.30995559692383	13.503761291503906	0	WOOD
-24.23492431640625	-1.2060520648956299	3	Ulysses
16.801666259765625	-9.919576644897461	1	Gujarat
11.796427726745605	6.404414653778076	6	PostReport
-13.230330467224121	-19.215009689331055	2	Behold
-26.722410202026367	-1.344344139099121	6	Mob
12.093801498413086	-19.95438575744629	2	Proverbs
-22.17116928100586	15.653243064880371	6	Boogie
24.73969078063965	4.674022674560547	8	Whois
-9.08520221710205	-15.732161521911621	2	ordained
9.746164321899414	-11.593643188476562	5	dictator
37.569664001464844	10.65870189666748	0	NATURAL
-23.224538803100586	4.299648284912109	8	Protest
-25.471220016479492	7.551352500915527	8	Scheduled
-3.3355298042297363	-15.11140251159668	2	Sinai
0.0750764012336731	-34.874656677246094	4	Ethiopian
-18.15431785583496	2.192348003387451	8	Corruption
-3.833677291870117	-6.302979469299316	1	Patel
22.62896156311035	2.0039663314819336	6	ViolationRe
24.642333984375	-4.754715919494629	2	NIV
-16.9241943359375	12.464814186096191	3	Grange
-1.992516279220581	-7.806253433227539	1	Abdullah
-3.5524938106536865	-6.674365997314453	1	Raj
7.6532301902771	-6.194150447845459	6	Mayan
11.412556648254395	13.50789737701416	3	Hornets
-9.577797889709473	6.19693660736084	8	Charitable
-2.896008253097534	-38.931182861328125	4	Madagascar
3.0227763652801514	-20.930219650268555	5	unrest
-31.018091201782227	-10.045912742614746	9	Emmanuel
-7.344539642333984	7.499062538146973	3	Regents
-15.872849464416504	-26.091407775878906	8	Amnesty
8.026542663574219	-15.268702507019043	5	Egyptians
32.121856689453125	0.5058687925338745	0	CYLINDER
-31.287065505981445	8.196288108825684	8	Addresses
15.012115478515625	9.871294975280762	7	Highs
-26.239797592163086	-10.046697616577148	9	Awakening
-0.5050034523010254	15.261194229125977	7	Synthesis
-3.3173065185546875	-40.863548278808594	4	Nicaragua
-18.418039321899414	-12.64445972442627	9	Sermon
-3.0831077098846436	-34.22456741333008	4	Antigua
32.61030960083008	-1.512824535369873	7	CompareCompare
-3.995058059692383	-7.156855583190918	1	Hassan
9.841409683227539	-4.5322136878967285	6	reggae
-15.297369956970215	13.91364860534668	8	Bail
-22.111764907836914	15.645248413085938	6	Cha
-11.572368621826172	5.968194961547852	8	Entrepreneurs
-0.15298593044281006	-36.33675765991211	4	Nairobi
12.952705383300781	9.862258911132812	8	Inspections
-4.719720363616943	-6.713990211486816	1	Malik
-22.248703002929688	-1.3879241943359375	3	Rebels
-20.668968200683594	4.307180881500244	8	Charities
25.386491775512695	3.0197348594665527	7	Backpacks
30.75188636779785	13.110660552978516	10	TURNOVR
-29.407289505004883	9.405949592590332	7	Circles
44.67728805541992	17.562463760375977	0	DANCE
-34.663719177246094	-2.6276772022247314	3	Jamestown
40.9521484375	11.833357810974121	0	SUCH
-41.15673065185547	-8.494502067565918	3	Glover
-36.3074836730957	-8.897557258605957	6	Desmond
-18.384231567382812	3.4528868198394775	8	DHS
-19.93057632446289	6.003848075866699	8	Partnerships
-15.531450271606445	-11.15549373626709	9	Evangelical
46.247135162353516	14.879284858703613	0	CHURCH
8.337995529174805	13.372713088989258	3	USGS
-34.51158905029297	-1.0016183853149414	3	Macon
-33.81937789916992	-9.234481811523438	3	Nathaniel
-35.68621826171875	-7.1993489265441895	3	Ida
35.406402587890625	8.438791275024414	0	HAIR
-11.835678100585938	-10.090177536010742	9	Theological
18.000246047973633	8.010663032531738	7	Blender
0.04246547073125839	-16.665302276611328	5	petitions
-15.003189086914062	5.4608683586120605	8	Districts
-6.504678726196289	13.33251953125	3	Marching
16.74634552001953	7.5300116539001465	7	Aloe
-3.3931047916412354	15.596604347229004	7	Wraps
33.76681137084961	5.894865036010742	0	REPLACEMENT
-37.273101806640625	-6.79882287979126	3	Paterson
29.563703536987305	1.2156530618667603	7	SCSI
20.33209228515625	6.147076606750488	7	Filtering
-2.120819091796875	-42.128299713134766	4	Zambia
-10.381243705749512	-1.0936686992645264	9	Consciousness
-25.484264373779297	3.7969181537628174	8	Homeless
-22.498746871948242	9.47230339050293	8	Performances
-21.602821350097656	13.521540641784668	3	Swamp
-14.309221267700195	4.792135715484619	8	Reconstruction
6.393731594085693	12.266979217529297	8	Trending
29.650672912597656	0.8236624598503113	7	DVI
27.77471351623535	1.6626744270324707	7	Lexmark
-19.254741668701172	9.43199634552002	8	Reveals
-35.85779571533203	-3.6649088859558105	3	Tallahassee
-19.28354263305664	9.499917030334473	8	Announce
-16.180484771728516	7.6608967781066895	8	Counselor
2.9786417484283447	11.27427864074707	8	Inclusive
-39.391273498535156	-8.473925590515137	3	Marcia
-3.9922635555267334	-33.57342529296875	6	Jamaican
12.494226455688477	9.632049560546875	8	Commits
-13.150938034057617	-21.648662567138672	2	proclaim
-11.373541831970215	-23.392505645751953	5	affirmed
-39.82556915283203	-6.61538028717041	3	Calhoun
-8.81369400024414	5.846593856811523	8	Ordinance
-11.472021102905273	-10.319849014282227	9	Diocese
-17.60321044921875	13.897098541259766	6	Dancers
0.9238880276679993	16.311052322387695	7	Density
6.485729694366455	13.599617004394531	7	Sewer
-33.543304443359375	-10.752985954284668	3	Miriam
-33.40323257446289	-8.251203536987305	3	Emanuel
16.836200714111328	11.153765678405762	7	Tabletop
9.075724601745605	-7.475581645965576	5	redistributed
-36.23996353149414	4.14362096786499	6	Bump
15.106841087341309	8.029253005981445	7	PSD
-7.106502532958984	3.408869981765747	8	ACLU
-39.66139221191406	-9.039855003356934	3	Melinda
-1.0596803426742554	16.967796325683594	7	Connectivity
-11.769719123840332	7.454373836517334	8	Notices
7.1681108474731445	-10.637319564819336	5	Assad
45.20497512817383	19.328969955444336	0	VOTE
19.41074562072754	10.032732963562012	7	Connectors
-23.323999404907227	12.760482788085938	7	Runners
-4.020080089569092	11.167707443237305	7	ATS
10.157631874084473	15.062583923339844	3	Gators
41.57841873168945	16.75078010559082	0	CENTRAL
43.72718811035156	18.68848419189453	0	STAFF
-17.381088256835938	6.333982944488525	8	Educators
-0.8703831434249878	9.004944801330566	6	Reggae
-10.605867385864258	-20.71804428100586	2	faithfully
16.15485191345215	8.99912166595459	7	Kernel
-5.691467761993408	15.3162260055542	7	Hoop
-15.466943740844727	-25.263425827026367	8	Presidency
-1.6540220975875854	-35.28056335449219	4	Haitian
17.21131706237793	-9.270254135131836	1	BJP
21.872751235961914	7.2035417556762695	7	Amps
0.42884382605552673	9.012945175170898	6	Rum
0.8960321545600891	-32.89198684692383	5	Libyan
-24.271215438842773	6.148017883300781	8	Efforts
16.833772659301758	-10.695199966430664	1	Jaipur
11.694794654846191	-10.078816413879395	5	Islamist
-7.7579345703125	11.665192604064941	6	Volcano
-38.7933464050293	-6.160748481750488	3	Covington
-11.842423439025879	-18.61058235168457	2	Thee
-13.930086135864258	-24.818191528320312	5	inauguration
-4.745626926422119	-36.19733810424805	4	Durban
48.42456817626953	23.681055068969727	0	MISS
4.309427261352539	-8.270981788635254	1	Mosque
-8.589027404785156	10.567628860473633	3	Navajo
28.296350479125977	0.7302521467208862	7	Thanked
33.955570220947266	-3.434692859649658	8	amPosts
5.073722839355469	-16.367324829101562	5	burdens
-27.076587677001953	0.36035969853401184	3	Buried
-15.657346725463867	12.37020206451416	3	Broward
35.594459533691406	-6.06895637512207	7	reviewComment
47.602474212646484	22.62047004699707	0	TOWN
-16.565093994140625	17.581974029541016	7	Wishlist
-37.748592376708984	-5.751561164855957	3	Norwood
-3.8589882850646973	-14.69169807434082	5	procession
-23.534189224243164	-3.825641393661499	6	Nana
-10.405268669128418	7.82704496383667	8	Scam
-29.70008087158203	-11.823381423950195	2	Beloved
22.03826904296875	5.253795146942139	7	Seagate
-30.82889747619629	6.197265148162842	8	Supporters
21.0091552734375	7.294091701507568	7	Refill
-7.2851080894470215	-20.094820022583008	2	slain
24.815128326416016	5.700788497924805	7	LOB
-38.18726348876953	-7.898262977600098	3	Holloway
-12.046828269958496	-22.1446475982666	5	affirm
29.00792121887207	4.724265098571777	10	Substitution
10.975401878356934	14.500128746032715	3	Jaguars
-4.549668312072754	14.467032432556152	8	Charged
51.03200912475586	24.40621566772461	0	QUESTION
9.298362731933594	9.171174049377441	8	Theses
-1.690171718597412	10.832664489746094	6	Mixtape
6.179928302764893	-16.32473373413086	5	unjust
-31.261049270629883	7.4898223876953125	8	Respond
47.04718017578125	20.515872955322266	0	AROUND
50.5574836730957	22.469680786132812	0	THINGS
16.589265823364258	6.627925395965576	7	Lat
-1.2891557216644287	5.33926248550415	3	officiating
8.03087329864502	-12.817902565002441	5	dictatorship
-19.263473510742188	-12.082352638244629	9	Prayers
41.1542854309082	14.446258544921875	0	NETWORK
-0.08128509670495987	2.9240448474884033	6	Gong
26.515670776367188	1.32487952709198	7	chipset
4.688027858734131	10.934696197509766	8	Zoning
18.076454162597656	11.30807876586914	7	Clamp
6.676654815673828	-15.95671272277832	5	oppressed
-34.24538040161133	-2.3111746311187744	3	Seneca
-39.78807067871094	-7.527795314788818	3	Grayson
18.46000862121582	10.587532043457031	7	Enclosure
46.89606857299805	18.910171508789062	0	CHILD
45.047462463378906	20.290456771850586	0	MARY
-0.8634921908378601	-33.57931137084961	4	Colombian
43.88306427001953	18.217185974121094	0	EVENTS
-3.6985208988189697	-40.97335433959961	4	Angola
11.022660255432129	-21.209970474243164	2	repentance
5.040030002593994	-9.693358421325684	1	Mubarak
7.588057518005371	-14.946186065673828	5	famine
48.64087677001953	19.321603775024414	0	BEING
13.73922061920166	-6.315016746520996	5	tuberculosis
-22.527568817138672	2.733405590057373	8	Celebrations
-25.19518280029297	2.3896596431732178	8	Tragedy
0.760178804397583	9.234820365905762	6	Samba
-10.574277877807617	2.919847011566162	8	Secretariat
41.514442443847656	15.526426315307617	0	TECHNOLOGY
-10.581802368164062	15.05695629119873	3	Lon
-3.077146530151367	-6.358476161956787	1	Gupta
9.089561462402344	11.014802932739258	6	BET
-32.331756591796875	0.47832226753234863	3	Youngstown
7.179912090301514	-16.85812759399414	5	hateful
8.55777359008789	-10.422183990478516	5	materially
21.098865509033203	6.937211036682129	7	Moisture
1.5317765474319458	-31.960355758666992	4	Somali
-0.15247203409671783	10.770194053649902	7	Soc
21.87238311767578	6.817436218261719	7	Fittings
-14.44023609161377	13.592348098754883	8	Proceed
51.05373001098633	23.096101760864258	0	THING
47.76549530029297	17.691465377807617	0	THOSE
-25.90658950805664	5.367884635925293	8	Advancement
-3.6158607006073	16.364572525024414	7	Lifting
-1.0651518106460571	1.5153045654296875	6	drumming
5.564863681793213	-13.658801078796387	5	uprising
47.1030387878418	13.701016426086426	0	JESUS
-16.17243194580078	2.235081195831299	8	Journalists
8.102348327636719	11.515731811523438	8	Disqus
-15.359153747558594	15.90599250793457	3	Gator
-40.72943115234375	-8.949329376220703	6	Jody
16.136371612548828	8.383935928344727	7	Cleansing
-16.622600555419922	14.486778259277344	3	Tar
17.54305648803711	-9.684832572937012	1	Karnataka
37.9427375793457	10.070895195007324	0	APPLICATIONS
-13.726241111755371	16.503982543945312	7	Spinning
21.02928352355957	8.366631507873535	7	Adapters
-21.016294479370117	9.167329788208008	8	Celebrates
41.449615478515625	16.166366577148438	0	MOBILE
19.8961238861084	7.591680526733398	7	Brushes
23.32573890686035	5.335191249847412	7	ico
-11.7589111328125	6.131014347076416	8	Voter
-35.30731201171875	-8.195425033569336	6	Doe
47.4857177734375	21.683494567871094	0	FORM
-33.52493667602539	-7.1204400062561035	6	Kendrick
6.604269027709961	-9.28852653503418	5	condolences
-0.24213266372680664	17.788795471191406	8	Indicators
12.477611541748047	12.5836181640625	3	Pacers
-35.14509963989258	-1.724696159362793	3	Richland
-19.894237518310547	6.6702752113342285	8	Nonprofit
8.576339721679688	-9.589628219604492	5	transgender
-24.413694381713867	12.078317642211914	7	Transform
11.738190650939941	-3.779371976852417	6	niggas
-0.7098563313484192	10.053421974182129	6	Celebs
0.004543682560324669	-18.788864135742188	5	complexities
-32.984073638916016	-1.4578224420547485	3	Ithaca
-9.927889823913574	8.424442291259766	8	Signup
6.009870529174805	-10.883479118347168	5	Ahmadinejad
0.2767719626426697	12.956006050109863	7	Trumpet
-25.24398422241211	3.4536938667297363	8	Pledge
14.132253646850586	12.339567184448242	6	Okt
-4.8011274337768555	15.367940902709961	7	Blackout
-20.702600479125977	8.148303031921387	8	Roles
49.033203125	25.093950271606445	0	IDEA
34.69378662109375	-5.048823356628418	7	pickupas
-33.17805480957031	-10.744235038757324	3	Samson
1.855581521987915	15.573165893554688	7	Meters
-35.12664794921875	-3.140925645828247	3	Kalamazoo
-17.230958938598633	7.558496952056885	8	Educator
0.5741568207740784	-33.34138488769531	4	Darfur
6.30188512802124	-13.521814346313477	5	intimidation
-23.995939254760742	6.28898286819458	8	Initiatives
-20.468637466430664	13.478363037109375	3	Sedona
-20.707622528076172	13.897485733032227	7	Shaker
-15.238152503967285	9.314641952514648	8	Spill
-10.655874252319336	3.1527135372161865	8	Electoral
-1.3416632413864136	-10.033182144165039	1	Dalai
42.730743408203125	13.168221473693848	0	OBAMA
-2.802868604660034	15.200400352478027	7	Canopy
45.89915466308594	24.144071578979492	0	JONES
47.764617919921875	20.142261505126953	0	WOMAN
-16.178895950317383	18.54815101623535	7	Sku
4.069754123687744	15.719392776489258	7	ATA
41.79231643676758	12.887633323669434	0	RIGHTS
34.31380844116211	7.219954490661621	0	METHOD
-40.29645919799805	-7.577507495880127	3	McKinney
-0.2636089324951172	-7.2481231689453125	1	Salman
2.283522844314575	15.888591766357422	7	Torque
3.1202569007873535	-9.049030303955078	1	Imam
-26.24462127685547	8.1371431350708	8	Relevance
-8.643983840942383	-13.804301261901855	9	congregations
-32.21308517456055	-11.679144859313965	2	Micah
20.250316619873047	11.243321418762207	7	Schematic
42.466758728027344	17.259136199951172	0	DEVELOPMENT
-31.81611442565918	-6.953244209289551	6	Gosh
49.093502044677734	21.508182525634766	0	PUT
-31.723400115966797	-2.6736350059509277	3	Uptown
-8.196104049682617	-18.60271453857422	2	disciple
14.343301773071289	-5.2717204093933105	5	pregnancies
-27.92523765563965	-11.159414291381836	9	Blessing
-33.87653732299805	-4.6282148361206055	3	Corbett
38.754005432128906	12.077067375183105	0	ANNUAL
42.99004364013672	13.947354316711426	0	PRESIDENT
-4.10884952545166	-34.659759521484375	4	Peruvian
13.8369779586792	14.565730094909668	3	fumble
-3.4865455627441406	-33.52359390258789	6	Rican
-41.86371612548828	-10.088451385498047	8	Chosen
39.556636810302734	13.0630521774292	0	DISTRICT
-35.647666931152344	5.258059501647949	6	Kicks
-4.374159336090088	9.561199188232422	6	TMZ
10.057929039001465	-4.223074436187744	6	rappers
-3.7288901805877686	-5.521724700927734	1	Sen
-3.542114734649658	11.60473346710205	7	IPS
-2.323176622390747	-42.21704864501953	4	Malawi
41.815895080566406	15.881629943847656	0	DEPARTMENT
-1.942104458808899	8.946456909179688	6	Tha
51.54758071899414	23.454105377197266	0	COMING
-0.19769251346588135	-32.46393585205078	4	UNICEF
8.678349494934082	-22.203872680664062	2	repent
-3.342928409576416	-38.231571197509766	4	Mauritius
10.289857864379883	-19.988496780395508	2	fullness
-1.1318283081054688	15.928792953491211	8	Notifications
-25.999204635620117	9.664124488830566	8	Attempt
33.08919143676758	5.786909103393555	0	TRIM
-18.08251190185547	16.3455867767334	7	Surge
8.491036415100098	-4.386953830718994	6	choreography
-41.71931838989258	-8.635930061340332	3	Dyer
8.68934440612793	-12.272900581359863	5	starvation
49.96800994873047	23.071605682373047	0	TELL
-31.188762664794922	1.275319218635559	3	Monmouth
2.685290813446045	-19.7518367767334	5	insecurity
40.562232971191406	16.422887802124023	0	BUILDING
-9.818020820617676	16.14570426940918	6	Bale
-10.838255882263184	14.42929744720459	3	FSU
16.51690101623535	-10.182112693786621	1	Nadu
36.70491409301758	10.630192756652832	0	AVENUE
-39.13505172729492	-7.165736198425293	3	Woodruff
15.639595985412598	10.80194091796875	7	Wig
5.91401481628418	13.586873054504395	7	Giveaways
3.051180601119995	-14.307282447814941	2	heals
25.857454299926758	-4.326751708984375	2	saith
-8.078316688537598	-13.571011543273926	9	Mormons
7.953272819519043	10.832662582397461	8	PRNewswire
-8.006339073181152	-14.480195999145508	9	sermons
-1.66043221950531	12.569009780883789	6	Beanie
0.5718322992324829	3.1312508583068848	6	Wat
-35.6641845703125	-9.39523983001709	6	Donnie
-4.989173412322998	-19.267887115478516	2	Ezekiel
1.5920981168746948	-16.050323486328125	5	heartbreaking
10.934694290161133	14.259699821472168	3	Bobcats
9.402764320373535	-21.290241241455078	2	holiness
-30.503082275390625	0.21243257820606232	3	Joplin
-4.180586338043213	11.129398345947266	7	KiB
-17.437406539916992	4.033775806427002	8	Transparency
-8.112345695495605	8.092878341674805	8	Deed
7.773211479187012	-19.54378318786621	2	Pharaoh
5.85534143447876	12.351726531982422	8	Startups
-11.309657096862793	-0.6773494482040405	8	Texts
27.31696128845215	1.3603754043579102	7	bool
-3.4185309410095215	-7.610520839691162	1	Ibrahim
2.957728147506714	11.423836708068848	8	Transitional
-12.111883163452148	-26.409971237182617	5	firsthand
24.35859489440918	3.5857129096984863	8	Therapeutics
-36.841392517089844	-9.764774322509766	6	Dwayne
0.722102701663971	-20.825611114501953	5	livelihood
-9.539894104003906	-22.198274612426758	5	afflicted
13.724233627319336	-5.625377655029297	5	mosquitoes
-3.4424266815185547	0.6159424781799316	5	commenters
-26.274944305419922	10.434569358825684	7	Explosion
-10.416152954101562	5.372245788574219	8	Mediation
42.75143814086914	15.613496780395508	0	CONFERENCE
45.11600112915039	19.1771183013916	0	RACE
-21.697202682495117	8.975164413452148	8	Fundraiser
-11.646161079406738	-2.7777466773986816	9	Shrine
-35.46382141113281	-8.695907592773438	6	Ari
46.19938659667969	18.815109252929688	0	HUMAN
-4.803603172302246	-36.405941009521484	4	Lagos
16.24608039855957	10.665491104125977	7	Scrub
37.930267333984375	10.955109596252441	0	CORPORATION
-10.390366554260254	-22.406248092651367	5	grieving
2.373577356338501	-18.041757583618164	5	overthrow
46.667171478271484	17.63070297241211	0	AGAINST
14.452231407165527	-5.023162364959717	5	warts
0.15710465610027313	-20.9011287689209	5	orphans
-18.293743133544922	7.849924564361572	8	Newswire
12.563140869140625	12.026049613952637	6	postsre
-1.367405891418457	-39.721004486083984	4	Botswana
-6.3917741775512695	1.32889723777771	5	Huckabee
-6.251503944396973	-18.844921112060547	2	Isa
-31.674795150756836	6.130346298217773	8	Struggle
3.09751558303833	-15.589365005493164	5	negativity
13.478363037109375	9.724915504455566	8	Identifier
-19.854705810546875	-12.575225830078125	9	Prophecy
-1.344022512435913	13.739317893981934	7	Loops
-12.58447551727295	8.552315711975098	8	Neighborhoods
-25.126083374023438	9.422874450683594	8	Comm
-2.717822313308716	-9.292715072631836	1	Shiva
9.791120529174805	-22.0945987701416	2	Yahweh
34.9937744140625	-4.560884952545166	7	UsersView
-36.161590576171875	3.5516092777252197	6	Mojo
-33.31645202636719	-8.65030574798584	3	Horace
34.457313537597656	-4.140922546386719	7	Plussize
-10.175315856933594	16.987117767333984	6	Tiki
-4.124432563781738	-14.40479850769043	5	sect
-0.8695122003555298	-41.89366149902344	4	Mozambique
-17.20272445678711	13.503997802734375	3	Bayou
34.68333435058594	-3.8161871433258057	7	profileSend
47.272315979003906	18.09648895263672	0	PERSON
49.89537811279297	20.20545196533203	0	PEACE
-34.222625732421875	-8.048816680908203	3	Ayers
-0.9900190234184265	-8.936077117919922	1	Sai
22.522502899169922	3.1873605251312256	6	Unverified
14.619080543518066	7.042455196380615	8	AdSense
-15.831470489501953	19.009536743164062	7	Mfr
-23.01299476623535	14.244760513305664	6	Gorilla
45.992042541503906	24.02378273010254	0	JACKSON
-4.382308483123779	10.112773895263672	6	agoby
32.16200256347656	0.5534019470214844	0	STEERING
-10.394301414489746	18.212528228759766	6	Wiz
-32.54371643066406	-2.0844273567199707	3	Overland
-4.661544322967529	4.533006191253662	8	Monsanto
-30.214391708374023	8.700149536132812	8	Blueprint
7.658750534057617	-13.069405555725098	5	repression
7.721423149108887	-10.24005126953125	5	Marxist
-28.52487564086914	10.256178855895996	7	Thru
-8.59399127960205	11.073573112487793	3	Kauai
-8.453571319580078	5.536843299865723	8	Assessing
-18.601850509643555	2.028224229812622	8	Tsunami
-5.572139739990234	-36.69121551513672	4	Aruba
28.050369262695312	-0.3351771831512451	6	cumin
-26.539262771606445	7.082428932189941	8	PTA
48.47528076171875	21.630022048950195	0	STAY
-12.710138320922852	15.50501823425293	7	Duplicate
-16.503259658813477	5.177725315093994	8	Memorandum
-30.34182357788086	7.842190265655518	8	Discusses
-22.416549682617188	14.028204917907715	6	Grown
20.6522216796875	6.3570146560668945	7	Configuring
-35.827877044677734	-2.8472371101379395	3	Evansville
-13.203763008117676	-24.320667266845703	5	alleges
15.2120361328125	11.167552947998047	7	Sandal
50.379676818847656	23.783363342285156	0	TALK
-5.3493971824646	-40.23897171020508	4	Kenyan
45.07625961303711	16.901521682739258	0	TRY
-21.533878326416016	-2.6124467849731445	6	Domingo
-33.572242736816406	-1.4522169828414917	3	Shreveport
-41.262996673583984	-7.911055564880371	3	Stephenson
9.28984546661377	-21.36661148071289	2	sinner
39.90045166015625	14.100390434265137	0	FLORIDA
-9.771738052368164	-21.523597717285156	5	awaken
-12.084486961364746	-26.776464462280273	5	fearing
5.495721340179443	-15.873801231384277	5	hardships
-24.325313568115234	11.938401222229004	7	Balancing
-33.00845718383789	-2.711547374725342	3	Dorado
23.090351104736328	6.009020805358887	7	icns
-18.34994888305664	5.0309576988220215	8	Caucus
-1.7852637767791748	-39.53940200805664	4	Papua
-7.150564193725586	4.8857951164245605	8	HHS
23.161767959594727	3.145956039428711	3	HughesNet
-10.901715278625488	7.313092231750488	8	Nominations
15.086040496826172	-4.960680961608887	5	eruption
-40.403663635253906	-8.108538627624512	3	Stokes
-2.92885684967041	-42.601585388183594	4	Liberia
-4.104000091552734	-6.744987487792969	1	Ravi
-0.5279572010040283	-19.19393539428711	5	orphan
-1.5803558826446533	-19.653568267822266	5	allegation
-1.6680132150650024	16.659194946289062	7	Offset
-26.75554847717285	-8.628514289855957	8	Testimony
-2.2646594047546387	-41.330867767333984	4	Cameroon
-27.6763858795166	-2.5629634857177734	6	Momma
-23.221426010131836	-9.777654647827148	9	Wesleyan
40.28163146972656	15.066516876220703	0	RECORDS
-21.72305679321289	-3.022303581237793	6	Paz
41.02601623535156	17.758359909057617	0	PERFORMANCE
1.9240798950195312	16.207334518432617	7	Buffer
-8.211339950561523	3.127237558364868	8	Slavery
-30.125324249267578	6.358244895935059	8	Advocates
34.797367095947266	7.590155124664307	0	TRUCK
-9.845372200012207	11.564478874206543	3	Audubon
3.636878728866577	-13.647073745727539	5	healer
10.247535705566406	8.435967445373535	9	Marriages
-9.723724365234375	18.16897201538086	6	Diddy
-33.98220443725586	7.085268020629883	8	Tells
51.21465301513672	25.394784927368164	0	TRUTH
-14.138862609863281	15.144108772277832	6	Motley
-13.814641952514648	6.3373942375183105	8	Reserves
3.2161624431610107	-9.253228187561035	1	Hindus
-9.65652084350586	18.04686737060547	6	Rhymes
35.65509033203125	-5.297081470489502	4	IconDownload
39.402992248535156	14.336420059204102	0	ITEMS
17.053672790527344	-10.505354881286621	1	Ahmedabad
32.16237258911133	-0.5607173442840576	7	MIE
-36.31560516357422	-4.773118495941162	3	Peabody
-35.58614730834961	-7.259729385375977	3	Edna
45.28942108154297	17.829082489013672	0	GAY
-30.897411346435547	-12.753061294555664	5	commend
27.142749786376953	0.26404252648353577	3	interceptions
15.634747505187988	5.770597457885742	6	Hum
-33.55720138549805	-4.606341361999512	3	Grover
-24.164138793945312	-9.954306602478027	9	Ascension
-12.757834434509277	-24.33245086669922	5	whereabouts
15.447771072387695	-4.5892157554626465	5	tornadoes
-31.439735412597656	-0.41501936316490173	3	Beaufort
-24.90852165222168	6.494563579559326	8	Seeks
-27.052318572998047	-3.3647444248199463	6	Dang
28.585195541381836	1.7306125164031982	7	Holster
6.619462490081787	-13.11197280883789	5	undocumented
-18.904464721679688	7.015318870544434	8	Intent
-12.998820304870605	15.874210357666016	7	Strain
-22.564115524291992	-2.5884294509887695	3	Arroyo
10.033596992492676	14.642793655395508	3	Vols
9.319353103637695	-9.177372932434082	5	jobless
23.8323917388916	4.72153902053833	7	CDMA
-1.5135257244110107	8.9161376953125	6	Nas
-30.877737045288086	7.964950084686279	8	Involved
-34.40492248535156	-1.8428831100463867	3	Shawnee
-12.969430923461914	7.222109317779541	8	SBA
19.64463233947754	11.393416404724121	7	Blowout
-23.488040924072266	12.944706916809082	7	Slope
-31.875167846679688	8.265499114990234	8	Effort
-39.04829025268555	-8.875377655029297	6	Knowles
-1.2998077869415283	-6.8357319831848145	1	Raja
16.977800369262695	11.140740394592285	7	Fixture
-0.5346012115478516	-17.639934539794922	5	candidacy
-24.665626525878906	1.4903112649917603	8	Tribes
6.026668071746826	-14.910358428955078	5	oppressive
-7.650793552398682	-16.50086212158203	2	prophetic
-23.34307098388672	-11.82900619506836	3	Canaan
50.40989303588867	25.162353515625	0	NONE
-19.654441833496094	-10.450745582580566	9	Missionary
42.02658462524414	14.896759033203125	0	POLICY
10.381199836730957	-8.035387992858887	5	Benghazi
-13.21501636505127	15.177671432495117	7	Nightly
-31.358388900756836	0.7781884074211121	3	Seminole
32.69772720336914	-1.6860744953155518	7	geoFeed
17.85218048095703	9.128984451293945	7	Cubic
25.808103561401367	4.784274578094482	7	OMC
-36.69990539550781	-8.523322105407715	3	Gayle
38.51118087768555	13.931106567382812	0	SOLID
-34.82483673095703	7.154002666473389	8	Promises
26.75520133972168	2.6041419506073	7	Humidity
-32.86357116699219	-0.5173048973083496	3	Brookfield
-33.115211486816406	2.0689408779144287	3	ASU
-39.54612350463867	-7.030036926269531	3	Aiken
7.8718581199646	10.465868949890137	8	STEM
-8.851122856140137	-20.666975021362305	2	weep
-36.892799377441406	-6.0014824867248535	3	Ripley
-11.907404899597168	-23.863222122192383	5	saddened
-22.351306915283203	13.730334281921387	6	Puppet
36.30089569091797	9.483762741088867	0	LOSS
25.422941207885742	-1.980614185333252	1	Ibn
-15.943702697753906	15.447892189025879	3	Hoops
-29.860641479492188	-11.197897911071777	2	Nazareth
5.120100975036621	10.29536247253418	8	Commencement
-6.698985576629639	14.76495361328125	7	Wicker
-20.762252807617188	-3.876645088195801	1	Dar
-10.506612777709961	-1.5698121786117554	9	Atheist
-8.427285194396973	-20.02017593383789	2	perish
-5.313097953796387	-15.026241302490234	2	rites
31.986570358276367	1.1545318365097046	0	COMPONENTS
-4.260622501373291	16.900033950805664	7	Rotation
-2.0926105976104736	-6.608731269836426	1	Rao
-1.6718677282333374	-41.029232025146484	4	Senegal
48.48814392089844	19.640073776245117	0	SAID
10.754829406738281	-19.05763816833496	2	circumcision
-14.005370140075684	15.1265287399292	8	Misses
14.570901870727539	8.401206970214844	8	Crude
10.764551162719727	-20.69061279296875	2	Israelites
-17.526390075683594	16.33148956298828	7	Sweep
32.141605377197266	4.955130577087402	0	INVENTION
40.755611419677734	15.651074409484863	0	CONSTRUCTION
17.500032424926758	10.257044792175293	7	Peripherals
-13.280842781066895	-10.324715614318848	9	Congregation
48.4322509765625	21.90465545654297	0	STAND
-36.20875930786133	2.4413421154022217	6	Shady
-1.945359706878662	-17.198043823242188	5	worldview
-9.441808700561523	-21.16238021850586	2	mourn
2.0690805912017822	-20.88595962524414	5	impoverished
0.035707417875528336	-18.570621490478516	5	deepen
51.090389251708984	23.83839988708496	0	SURE
-37.07542037963867	-10.147252082824707	3	Terrell
-32.596343994140625	0.4947204291820526	3	Darlington
39.17485427856445	10.506717681884766	0	SHALL
8.6630220413208	-20.993927001953125	2	priesthood
-26.786331176757812	-10.62153434753418	9	Miracles
-35.82401657104492	-10.766395568847656	3	Darius
-10.947458267211914	-17.690074920654297	2	Saviour
46.63644027709961	18.04496192932129	0	FEEL
0.12584301829338074	16.240779876708984	7	Attachments
18.764772415161133	6.92366886138916	7	Balm
-3.043121099472046	-10.128741264343262	1	Dharma
10.780149459838867	8.644241333007812	9	Genealogical
-13.087240219116211	1.457425832748413	6	Winfrey
-8.385713577270508	-20.450546264648438	2	deceived
12.469338417053223	-21.250444412231445	9	Eucharist
10.88339900970459	11.408407211303711	3	Kappa
-0.024304255843162537	-38.09586715698242	4	Niger
40.801971435546875	13.713845252990723	0	MEETING
0.1761094629764557	15.752696990966797	7	Quantities
-6.218265533447266	-39.44508743286133	4	Tobago
-23.662683486938477	-3.8762025833129883	6	Mal
-36.7429313659668	-5.181890487670898	3	Somerville
-8.033910751342773	5.37348747253418	8	Oversight
11.346914291381836	-10.236845970153809	5	Kurdish
20.196895599365234	7.294778823852539	7	Heaters
-18.465486526489258	10.006183624267578	8	Expands
-33.615116119384766	7.492242813110352	8	Becomes
-18.757837295532227	18.427675247192383	6	ATL
1.8304096460342407	-18.398954391479492	5	strife
-9.907984733581543	7.897861480712891	8	Emails
-15.00996208190918	14.134352684020996	7	MSA
-3.2530112266540527	-8.535082817077637	1	Rama
0.9932385087013245	-6.619584083557129	1	Kathmandu
-2.9756369590759277	16.147130966186523	7	Engineered
18.55461311340332	7.728801727294922	7	Slippers
-24.341882705688477	1.9859120845794678	8	Prosperity
-41.60205841064453	-9.99793529510498	9	Deacon
40.356964111328125	11.92243480682373	0	KNOWN
-29.314035415649414	6.291803359985352	8	Addressing
5.294399261474609	-15.438837051391602	5	contradictions
-18.920236587524414	6.5259785652160645	8	Donor
-6.018232822418213	13.029688835144043	7	Pantry
-3.850982666015625	-13.64856243133545	1	devotees
8.341808319091797	-10.392572402954102	5	mediator