x	y	cluster	word
-13.31274127960205	-7.085901737213135	0	he
13.896531105041504	-5.445034980773926	0	her
5.245614051818848	-4.831068992614746	0	she
5.259088039398193	-4.8722333908081055	0	him
20.15601921081543	-5.903924942016602	4	girl
30.7414493560791	2.4096016883850098	0	son
21.716257095336914	-1.8964591026306152	0	daughter
11.024510383605957	-6.187490463256836	0	boy
19.063575744628906	-3.181157112121582	0	brother
11.499558448791504	-5.448493003845215	0	sister
40.72290802001953	-3.5655112266540527	10	asian
41.92759323120117	-6.687117576599121	10	american
40.736717224121094	-5.763406276702881	10	french
40.493019104003906	-3.178133964538574	10	indian
41.516082763671875	-4.889091491699219	10	chinese
41.26261901855469	-3.960214138031006	10	japanese
40.37116622924805	-4.946575164794922	10	german
-8.503835678100586	-12.959579467773438	0	hers
41.12135314941406	-6.647801399230957	10	canadian
40.9507942199707	-5.046505928039551	10	italian
41.7016487121582	-5.810639381408691	10	british
41.79691696166992	-6.833863258361816	10	european
39.979583740234375	-4.046304702758789	10	thai
40.7125129699707	-4.291615962982178	10	korean
41.280738830566406	-5.90911340713501	10	australian
39.971858978271484	-3.045571804046631	10	filipino
39.79948806762695	-3.5212879180908203	10	indonesian
-7.519962310791016	21.1671199798584	2	The
-40.19068908691406	18.340280532836914	0	one
-40.763580322265625	14.586503982543945	0	like
-38.244632720947266	15.523399353027344	0	would
-13.049407005310059	20.71405601501465	2	This
-33.7630500793457	17.019702911376953	6	time
-39.646156311035156	14.533622741699219	0	get
-33.99095916748047	12.860136985778809	5	also
-2.1364173889160156	20.49698257446289	2	You
-24.820709228515625	8.080582618713379	6	new
-29.034648895263672	16.40259552001953	6	first
5.344115257263184	1.3319921493530273	0	said
-38.410743713378906	11.276561737060547	0	make
-38.34320831298828	7.629466533660889	0	good
-41.95423126220703	9.740334510803223	0	know
-36.148075103759766	17.50337791442871	0	see
-31.339078903198242	-9.406911849975586	5	may
-38.38746643066406	15.256378173828125	0	could
-32.4422721862793	-7.5787034034729	5	use
3.9641852378845215	21.252351760864258	2	And
-40.366756439208984	17.802574157714844	0	way
3.4093689918518066	23.9489803314209	8	New
-40.32958221435547	18.240386962890625	0	well
-32.31944274902344	-1.8146257400512695	7	work
-23.984130859375	4.367445945739746	6	two
-41.94273376464844	4.216381072998047	0	think
-39.80914306640625	13.251428604125977	0	much
-10.441119194030762	0.10048065334558487	6	years
-34.3975830078125	-0.11234213411808014	0	many
-29.492319107055664	14.749381065368652	4	back
0.18311387300491333	22.52937126159668	2	For
-36.44594192504883	10.565707206726074	0	need
-8.55131721496582	2.152008056640625	6	year
-40.20085906982422	16.79570960998535	0	even
-41.573978424072266	5.066676616668701	0	really
-38.93531036376953	9.40646743774414	0	want
-29.255008697509766	2.36116886138916	0	great
-18.960580825805664	7.47799825668335	6	day
-34.11479949951172	5.880492210388184	4	right
-34.34318542480469	1.7970285415649414	4	best
-31.38542938232422	15.54723072052002	0	made
28.030561447143555	13.938224792480469	2	views
-15.023703575134277	15.97630500793457	0	But
-34.95331954956055	3.0743820667266846	0	find
-34.54189682006836	14.66593074798584	0	take
-3.9229018688201904	-8.759848594665527	1	information
-32.646610260009766	-6.648149013519287	5	used
-9.56920051574707	-11.810151100158691	0	love
-18.809860229492188	-12.498065948486328	4	home
-25.527549743652344	15.650620460510254	6	last
-10.368070602416992	20.268339157104492	2	What
-37.80474853515625	16.77964973449707	0	going
-23.46710968017578	-11.249774932861328	7	help
-38.106632232666016	16.417160034179688	0	still
11.134879112243652	-11.675442695617676	1	free
-13.953522682189941	20.532133102416992	0	There
0.595671534538269	22.05546760559082	2	All
12.21566390991211	36.42967224121094	9	May
-14.743585586547852	17.14190673828125	0	They
-14.794220924377441	-11.364686965942383	0	life
-20.27071762084961	0.9314138293266296	4	around
-15.667471885681152	-12.644848823547363	4	world
-24.401683807373047	-2.5450305938720703	0	little
-36.474483489990234	3.2887823581695557	0	look
-43.03032684326172	5.297603130340576	0	say
-21.260305404663086	5.355368137359619	0	got
3.598893642425537	-24.139286041259766	7	business
-4.38524055480957	20.988893508911133	2	That
-31.0775203704834	16.757930755615234	6	part
-27.535463333129883	3.4654812812805176	4	long
-38.36760330200195	10.557138442993164	0	better
-31.138294219970703	6.829878807067871	4	every
15.116482734680176	20.094682693481445	2	Home
3.9211151599884033	2.577763319015503	6	ago
-38.712093353271484	4.211356163024902	0	things
12.9320707321167	24.606809616088867	2	Posted
-41.001033782958984	5.674563407897949	0	something
28.480012893676758	-1.7383997440338135	6	game
5.206955909729004	21.287334442138672	2	With
-4.5031256675720215	-7.549892902374268	5	available
-41.78702926635742	6.462528705596924	0	never
-14.595563888549805	-18.5955753326416	5	using
-32.11739730834961	16.82099151611328	4	place
-33.3802604675293	7.212087154388428	0	come
2.2417163848876953	-11.358333587646484	1	site
13.774116516113281	-13.00299072265625	1	online
-33.482826232910156	16.660846710205078	6	another
-24.31340789794922	9.541559219360352	6	found
-1.370845913887024	20.902076721191406	2	How
-11.42864990234375	20.124561309814453	2	When
-3.996427297592163	1.1951696872711182	6	days
-34.69017791748047	-2.9996376037597656	5	without
-40.00713348388672	9.537247657775879	0	always
-34.949893951416016	-3.6345770359039307	5	different
-28.01323699951172	16.183387756347656	6	next
-24.507307052612305	6.705968856811523	4	set
-31.35256576538086	-5.485384941101074	5	must
-17.695459365844727	7.698622703552246	6	since
-13.361039161682129	-15.278512954711914	5	high
11.959136009216309	-10.4786958694458	1	video
-40.26819610595703	15.363699913024902	0	sure
-29.377470016479492	0.931227445602417	0	lot
12.222014427185059	18.607648849487305	2	Your
0.7981137633323669	23.169221878051758	2	More
-22.33406639099121	-14.400981903076172	5	number
13.318327903747559	-22.774368286132812	7	service
-18.01670265197754	3.3561086654663086	6	three
-25.595870971679688	-14.861001014709473	5	including
-37.51817321777344	8.794095039367676	0	give
-5.965569496154785	-2.201918125152588	0	She
-14.729979515075684	0.3044436275959015	6	show
-29.65448570251465	15.576175689697266	6	end
8.395906448364258	-18.011215209960938	0	family
-28.873685836791992	2.5191195011138916	0	looking
-41.70768356323242	10.385138511657715	0	thing
-1.902374029159546	-11.218937873840332	1	name
-7.7002973556518555	20.92921257019043	2	One
-3.055946111679077	-4.757008075714111	1	post
-38.698585510253906	12.720208168029785	0	might
-26.82662010192871	16.125078201293945	6	today
-6.947502136230469	2.769749402999878	6	week
-8.693790435791016	-10.623479843139648	4	old
-38.7554931640625	16.814668655395508	0	put
34.73979568481445	11.009333610534668	4	reblogged
-22.054555892944336	-6.469690322875977	1	read
3.6566460132598877	-23.75459861755371	7	company
-2.932265520095825	-19.51141357421875	7	money
-20.133743286132812	-12.139692306518555	4	top
-18.75117301940918	-6.425983428955078	4	big
9.791755676269531	-10.321646690368652	1	book
-6.181290626525879	-23.542892456054688	4	area
-25.150907516479492	8.045108795166016	4	full
1.8193506002426147	-9.262682914733887	1	page
-36.408355712890625	4.539923667907715	0	keep
-21.13500213623047	1.672658085823059	4	away
-14.221250534057617	-13.802882194519043	4	small
-15.553868293762207	-8.473036766052246	0	feel
0.6712784171104431	-22.563331604003906	7	support
-16.486515045166016	-12.331949234008789	0	real
-14.85601806640625	1.034510850906372	6	times
-7.4040093421936035	-2.5967915058135986	0	says
11.454499244689941	-18.9609432220459	7	school
12.315625190734863	-4.120209693908691	6	play
9.507312774658203	-21.054309844970703	7	team
26.88640785217285	-4.979146957397461	4	water
-32.60558319091797	3.020552635192871	0	point
29.128843307495117	-12.170343399047852	5	data
19.825916290283203	-8.480353355407715	6	music
1.6545729637145996	21.296728134155273	2	Our
-43.331668853759766	7.316331386566162	0	ever
15.308989524841309	22.0561466217041	2	News
-14.115795135498047	1.415613055229187	6	second
-35.95967483520508	10.75415325164795	0	able
-21.70293426513672	-14.634947776794434	5	order
18.240440368652344	22.84913444519043	8	City
-2.5196497440338135	22.135631561279297	2	Now
-39.10264587402344	15.932524681091309	0	though
-23.821941375732422	5.389902591705322	6	start
2.69435977935791	1.6793564558029175	6	months
16.569128036499023	-24.189979553222656	7	services
-10.365737915039062	-21.699235916137695	7	experience
26.299257278442383	-5.576309680938721	4	car
29.50821304321289	18.526229858398438	8	University
-37.46174621582031	10.159647941589355	0	making
-28.26143455505371	0.9619693756103516	0	getting
9.958975791931152	35.60283660888672	9	March
-35.18169021606445	7.579464912414551	0	done
-24.69367790222168	-17.030744552612305	7	provide
-30.8981876373291	-2.403324842453003	7	course
-3.0428524017333984	-7.779144287109375	1	list
11.239629745483398	35.81406021118164	9	June
-33.12175369262695	-4.945693492889404	5	change
-6.402998924255371	-22.57737159729004	7	local
-40.34467315673828	12.066601753234863	0	enough
-2.8568599224090576	1.8675048351287842	6	night
-18.12053108215332	-7.11552095413208	0	hard
22.58208656311035	14.734257698059082	2	Free
-6.316885471343994	-17.785354614257812	0	person
10.309027671813965	36.07032775878906	9	April
-38.07609939575195	3.8723177909851074	0	let
-7.599587440490723	-16.100435256958008	4	line
1.3390731811523438	24.441492080688477	2	From
0.22924095392227173	-9.575353622436523	1	website
-31.647628784179688	2.9815104007720947	0	least
1.5287381410598755	-1.9145209789276123	6	live
21.455036163330078	-18.29951286315918	5	power
-23.533626556396484	-4.456481456756592	0	try
-29.738000869750977	-8.959650039672852	5	important
-31.455703735351562	-2.018522024154663	7	working
-28.821245193481445	-7.225100994110107	5	less
16.66368865966797	-18.913578033447266	5	quality
7.674160480499268	-19.802217483520508	6	group
2.618445873260498	-21.79120445251465	7	care
-35.41240310668945	4.457000255584717	0	makes
-42.38834762573242	8.448927879333496	0	thought
-5.557050704956055	-15.553947448730469	4	side
-7.60330867767334	-6.6315717697143555	0	call
20.0886287689209	21.66185760498047	8	United
31.50275421142578	-4.330294132232666	5	per
15.126079559326172	-6.653779029846191	4	room
-40.53461456298828	11.160843849182129	0	actually
-10.200422286987305	18.267213821411133	5	These
15.467307090759277	-23.109468460083008	7	program
-7.491841793060303	-22.14326286315918	7	public
22.88941192626953	-16.159542083740234	5	products
10.561574935913086	35.433677673339844	9	January
-21.902523040771484	10.497761726379395	5	following
-3.645153760910034	-20.023426055908203	7	job
-36.2486457824707	16.282894134521484	0	yet
-14.035244941711426	-0.5242968201637268	6	called
9.751849174499512	-12.399702072143555	4	buy
17.427379608154297	-1.14336359500885	6	hours
-34.98075866699219	16.574920654296875	0	already
22.189285278320312	-12.219799041748047	5	price
11.56800365447998	35.41334533691406	9	July
-14.926128387451172	-16.32275390625	4	easy
23.17771339416504	-16.30937385559082	7	design
-36.91083526611328	15.859686851501465	0	far
10.25428295135498	21.71513557434082	2	World
-0.953352153301239	-10.438530921936035	1	please
31.57529067993164	12.176568984985352	2	THE
-23.95981216430664	-15.351561546325684	5	include
-16.401691436767578	-14.56763744354248	5	problem
-12.179104804992676	-3.3948657512664795	4	open
24.78025245666504	-17.885284423828125	7	health
18.744176864624023	-7.6283159255981445	4	food
-25.16595458984375	-15.385751724243164	5	based
-17.828672409057617	5.5155205726623535	6	went
-7.018683433532715	-14.233154296875	4	house
-33.51913833618164	-2.2818832397460938	7	needs
-8.910910606384277	-8.260895729064941	0	story
3.132110118865967	-11.726956367492676	1	search
-4.888372898101807	-18.121936798095703	4	large
10.847480773925781	36.117061614990234	9	February
-2.3538777828216553	21.66111183166504	2	Not
-26.650585174560547	3.900662422180176	4	together
-25.915794372558594	12.949199676513672	6	came
-12.068342208862305	-8.814059257507324	0	bit
-5.444540977478027	21.614437103271484	2	After
-25.434547424316406	-4.1290693283081055	0	someone
-9.640771865844727	20.81888198852539	2	Here
-34.97047805786133	9.182011604309082	0	others
10.930036544799805	35.11921310424805	9	October
-40.15465545654297	4.097475051879883	0	anything
-29.345836639404297	-7.314941883087158	5	often
-37.870365142822266	13.06514835357666	0	fact
15.89211654663086	-11.499717712402344	1	blog
-34.1871223449707	-4.001632213592529	5	means
-11.517931938171387	-20.36846160888672	7	offer
18.103580474853516	-19.12746810913086	5	control
9.979516983032227	34.99551010131836	9	November
-9.873881340026855	-8.169343948364258	0	friends
0.6014167666435242	-11.337061882019043	1	view
-25.698562622070312	-8.923901557922363	0	become
10.300578117370605	34.6607780456543	9	September
-34.828094482421875	11.323433876037598	5	possible
-24.54528045654297	3.2565293312072754	6	several
-26.271696090698242	5.481464862823486	4	along
-26.1169376373291	-2.2485146522521973	0	bad
4.174986362457275	-21.749622344970703	7	market
12.060941696166992	-17.82136344909668	4	city
-7.6653265953063965	-12.361586570739746	0	fun
-39.56962585449219	2.3410797119140625	0	believe
10.896397590637207	34.680660247802734	9	December
-10.039641380310059	-11.130010604858398	4	nice
-23.989229202270508	-2.5899722576141357	0	pretty
1.9507900476455688	18.744565963745117	1	Please
2.321268081665039	-17.610624313354492	5	product
11.573953628540039	34.921817779541016	9	August
-30.637069702148438	15.15487289428711	0	seen
9.631354331970215	23.724462509155273	2	Day
3.478057861328125	-11.758769035339355	1	web
-14.028909683227539	-18.502233505249023	5	form
-18.705108642578125	6.289474964141846	6	took
0.19054514169692993	-13.488128662109375	5	results
11.796042442321777	22.525243759155273	2	View
-10.643674850463867	20.977359771728516	2	Just
31.609142303466797	-5.973085403442383	7	students
31.016523361206055	1.4329137802124023	6	games
28.99036407470703	19.36492156982422	8	Center
-27.780237197875977	15.139196395874023	6	past
-17.20026206970215	5.738620758056641	6	started
27.137054443359375	19.05080795288086	8	School
-40.8365592956543	2.783881902694702	0	tell
0.14442579448223114	-21.48185920715332	5	level
24.190834045410156	21.93513298034668	8	Business
0.5676335096359253	-7.9260783195495605	1	news
10.991853713989258	24.12358856201172	2	Comments
-39.012271881103516	10.409151077270508	0	kind
25.050521850585938	15.265395164489746	2	Price
-23.409709930419922	8.712848663330078	1	check
-21.388280868530273	-3.1285789012908936	4	hand
20.157236099243164	-1.0236581563949585	6	minutes
19.33217430114746	21.96047019958496	8	North
-25.588037490844727	-0.07524988800287247	0	hope
0.442581444978714	-18.61362648010254	5	type
-33.6336784362793	4.411853790283203	0	whole
-41.00149917602539	6.562167167663574	0	probably
32.001075744628906	-7.781543254852295	7	software
25.626527786254883	-1.2179489135742188	6	season
-37.215240478515625	5.684432029724121	0	everything
7.321476459503174	8.247599601745605	2	Thanks
-36.08070373535156	12.368075370788574	5	either
-0.11528196930885315	23.819673538208008	2	Read
-33.14492416381836	11.473989486694336	5	example
-11.926838874816895	1.4082579612731934	6	four
-38.611534118652344	2.784860849380493	0	trying
23.014799118041992	15.612460136413574	2	Video
-23.77489471435547	-8.33879280090332	5	special
3.249314069747925	-9.25663948059082	1	review
-39.078338623046875	6.00604772567749	0	anyone
-38.34393310546875	6.01300048828125	0	idea
19.92526626586914	21.051450729370117	8	States
12.161539077758789	-23.881484985351562	7	access
5.4196624755859375	6.917313098907471	1	posted
-15.692081451416016	1.4724364280700684	6	added
14.04495906829834	-15.26983642578125	1	contact
-4.2652177810668945	-10.730284690856934	1	add
-34.457027435302734	12.602651596069336	5	given
-34.10042190551758	12.675353050231934	5	However
-42.3269157409668	7.557244300842285	0	everyone
15.342145919799805	18.26556968688965	2	Search
18.693307876586914	-19.19258689880371	5	value
6.001097202301025	25.41645622253418	2	Last
30.340097427368164	-3.434457540512085	1	phone
-39.307899475097656	3.887655735015869	0	quite
19.462764739990234	-11.440478324890137	1	email
21.997966766357422	20.268115997314453	8	House
-41.3218879699707	11.363619804382324	0	nothing
-14.247241973876953	-1.0788763761520386	5	known
11.706339836120605	-17.01786994934082	4	near
31.706653594970703	0.43719029426574707	1	download
-25.294208526611328	-14.637702941894531	5	current
-1.9907655715942383	24.398469924926758	2	First
-3.3458962440490723	-19.90285301208496	7	pay
9.474969863891602	20.53158187866211	2	Best
-19.320621490478516	7.399998188018799	6	later
16.588340759277344	-22.988712310791016	7	research
-38.04647445678711	4.693733215332031	0	mind
-9.323967933654785	-5.435073375701904	0	question
-11.547419548034668	-19.48509407043457	7	personal
0.04860717058181763	22.873043060302734	2	See
8.42348861694336	-22.0777530670166	7	project
12.194940567016602	-6.7397260665893555	0	young
-7.423570156097412	-21.40943145751953	7	plan
-1.0776118040084839	-0.9743166565895081	0	told
2.0276973247528076	-24.694194793701172	7	offers
-31.840679168701172	7.330687999725342	0	almost
14.917298316955566	-23.975109100341797	7	development
30.476512908935547	0.13046692311763763	6	movie
26.107276916503906	13.070375442504883	1	Internet
-11.044085502624512	19.605709075927734	2	Some
-15.57964038848877	-9.855626106262207	0	true
-1.8240939378738403	-7.26764440536499	1	link
-5.753041744232178	2.366046667098999	6	month
2.1919121742248535	22.894580841064453	2	Great
4.065932273864746	22.776309967041016	2	About
16.674970626831055	-11.561580657958984	1	version
-2.1087028980255127	-6.229255199432373	1	article
4.150792121887207	0.26590481400489807	6	event
-12.066815376281738	-19.553138732910156	5	create
-38.593101501464844	6.812312126159668	0	mean
-31.29230308532715	-3.049502372741699	7	future
23.95346450805664	-9.637994766235352	4	size
-29.92263412475586	6.172476291656494	0	taking
9.089146614074707	-11.251357078552246	0	words
-7.062122344970703	-13.832884788513184	4	face
-7.583401679992676	-15.946974754333496	4	single
13.251678466796875	21.457427978515625	2	Time
-26.576900482177734	5.508804798126221	4	close
21.54405975341797	-4.2154083251953125	4	beautiful
-15.981220245361328	-5.428916931152344	0	looks
8.130471229553223	5.79086971282959	1	via
14.138409614562988	17.727127075195312	2	Tags
-1.6321837902069092	-9.380265235900879	1	reading
16.096837997436523	-1.879737138748169	6	series
-18.575870513916016	-13.44356632232666	4	across
33.78738021850586	2.6063902378082275	1	file
0.6339946389198303	-21.399364471435547	5	cost
-40.09011459350586	5.037422180175781	0	seems
-39.19993209838867	5.320708751678467	0	else
-3.567002534866333	21.526992797851562	2	Why
0.13777117431163788	-6.99055814743042	1	visit
-20.02913475036621	-3.3166773319244385	4	short
29.611833572387695	-0.12521182000637054	6	song
-4.788042068481445	-15.341638565063477	4	front
-24.201446533203125	-9.240175247192383	0	works
25.489572525024414	19.571760177612305	8	Park
22.74726676940918	19.953371047973633	8	High
-43.01374053955078	7.631331443786621	0	wanted
8.716314315795898	-18.745384216308594	5	class
28.267972946166992	20.01188087463379	8	Services
26.779659271240234	-17.1633358001709	7	law
-28.725719451904297	16.80470848083496	6	coming
-36.046085357666016	-1.4266881942749023	5	whether
38.93117904663086	-2.5997016429901123	10	sex
-6.823606967926025	-6.620832443237305	7	share
25.1256103515625	15.953749656677246	2	Online
-1.0163289308547974	-20.97509002685547	5	problems
-17.214435577392578	-8.082928657531738	4	perfect
2.4877331256866455	20.78050994873047	2	Get
-3.921766996383667	1.6565290689468384	6	weeks
31.75458335876465	2.741302967071533	6	film
22.91724395751953	21.768991470336914	8	Service
0.7350484728813171	-19.38344383239746	5	low
33.78498840332031	11.527832984924316	2	Windows
-28.19756507873535	15.629648208618164	6	taken
28.17736053466797	18.63737678527832	8	Health
32.893680572509766	17.23557472229004	2	Reply
-39.087371826171875	12.864985466003418	0	reason
-3.2652456760406494	-7.3086347579956055	1	details
-28.622777938842773	14.85588264465332	0	soon
16.50857162475586	-4.282517910003662	4	party
-22.355554580688477	-13.72005558013916	5	complete
17.514883041381836	-7.011419773101807	4	child
26.80504608154297	19.690439224243164	8	International
16.72954559326172	-22.6229190826416	7	companies
-0.709333062171936	-12.506431579589844	1	questions
30.610382080078125	-2.953549861907959	1	card
3.6122219562530518	-20.078466415405273	5	range
0.3724552392959595	-6.691701889038086	1	report
26.70168113708496	-7.336359977722168	4	sale
-37.81135177612305	12.088582038879395	0	rather
27.243574142456055	-13.219077110290527	7	property
6.090097904205322	5.698896884918213	1	comments
10.529258728027344	24.039833068847656	2	Post
11.765104293823242	20.004911422729492	2	Love
20.243610382080078	-6.042740345001221	4	hot
32.0056266784668	3.9972758293151855	4	hotel
13.205646514892578	19.578107833862305	2	Top
-10.048497200012207	-7.601139545440674	0	friend
-5.212810516357422	-5.519164562225342	5	issue
-4.161245346069336	20.832551956176758	0	Well
-29.327518463134766	-5.0602850914001465	0	understand
-14.07090950012207	2.9092559814453125	5	due
-16.44430923461914	-13.021013259887695	0	learn
17.800277709960938	-5.482824325561523	4	heart
20.29041290283203	-16.229625701904297	7	computer
8.1124849319458	-20.792171478271484	7	office
24.27791404724121	16.486351013183594	2	Music
12.142827987670898	-6.717123985290527	0	kids
17.071693420410156	16.710254669189453	1	Web
-16.09027099609375	-6.078985691070557	0	stop
-37.04172897338867	12.036638259887695	0	especially
24.17756462097168	11.206365585327148	2	English
12.492304801940918	-7.856842041015625	0	watch
10.902715682983398	32.90735626220703	9	Friday
1.88638436794281	-24.752182006835938	7	provides
-15.193150520324707	-16.64723777770996	5	simple
18.364904403686523	-8.246478080749512	4	art
-8.963648796081543	-21.85118865966797	7	major
-13.75516128540039	20.643264770507812	2	Also
17.769926071166992	-24.251136779785156	7	management
-26.313650131225586	4.3375935554504395	4	move
18.67059326171875	-15.28853702545166	1	content
25.112293243408203	-18.637353897094727	7	training
5.303013801574707	-21.43016242980957	7	building
-7.795226097106934	-4.099838733673096	0	asked
22.503084182739258	-17.138275146484375	7	credit
-21.91981315612793	4.261847496032715	6	couple
14.334248542785645	-23.577157974243164	7	industry
33.005027770996094	16.943586349487305	2	Date
-2.5829432010650635	-12.14238452911377	1	original
12.699857711791992	22.85504913330078	2	Page
13.907644271850586	-3.6403138637542725	6	age
26.116065979003906	-5.4250335693359375	4	air
31.10331153869629	11.088888168334961	2	AND
-12.359272956848145	1.7127952575683594	6	five
3.891313076019287	5.024723529815674	1	date
-1.0446139574050903	23.044546127319336	2	Good
2.73996639251709	21.91468048095703	2	Other
29.551685333251953	16.72943115234375	8	Street
12.712315559387207	-21.77651596069336	7	study
-22.501127243041992	4.175748348236084	6	half
-23.531648635864258	7.443139553070068	6	shows
5.090841293334961	-19.216875076293945	4	space
17.21546745300293	-10.903432846069336	1	photos
-24.100332260131836	-1.1638927459716797	0	happy
-36.07093048095703	0.85135418176651	0	matter
-33.34961700439453	6.065201759338379	4	turn
-34.91339111328125	-2.2230777740478516	5	needed
7.1637396812438965	22.710430145263672	2	David
-7.974983215332031	-11.327019691467285	0	gets
18.322778701782227	-13.012621879577637	1	image
20.624046325683594	-19.87285041809082	5	performance
-14.671889305114746	14.73291015625	0	Then
-36.82039260864258	9.037701606750488	0	simply
-12.9981689453125	-4.716709613800049	4	stay
-24.58574867248535	-8.42180061340332	0	deal
9.983574867248535	-12.874123573303223	4	style
25.97624969482422	18.40318489074707	8	London
-25.801435470581055	-15.317687034606934	5	provided
-24.451169967651367	-4.855319023132324	0	ask
-21.550559997558594	-13.396327018737793	4	main
-10.786617279052734	-10.029297828674316	0	enjoy
30.183881759643555	-6.076021671295166	5	energy
-12.880159378051758	-21.26268196105957	5	required
-34.894187927246094	14.552458763122559	0	bring
-0.3689174950122833	21.272693634033203	2	Most
24.549518585205078	14.270140647888184	2	Download
24.565282821655273	-16.011545181274414	7	technology
4.689148426055908	20.76712989807129	2	Are
12.577080726623535	-4.05843448638916	6	playing
-2.2024662494659424	-16.806222915649414	5	action
21.793508529663086	15.051078796386719	2	Add
24.967567443847656	-11.75372314453125	5	rate
25.11871910095215	19.042959213256836	8	San
17.89873695373535	15.586957931518555	1	Google
5.145648002624512	5.389673233032227	1	comment
-19.853891372680664	5.120121002197266	6	saw
31.316354751586914	-6.7668609619140625	7	insurance
16.497520446777344	-7.098738670349121	0	sound
20.187580108642578	-12.417642593383789	1	code
-25.327739715576172	4.897072792053223	4	takes
-23.621578216552734	-0.24613910913467407	0	talk
34.777069091796875	11.689910888671875	8	Hotel
22.090774536132812	-12.971233367919922	5	test
-12.18667221069336	19.66618537902832	2	While
11.226849555969238	32.20286560058594	9	Sunday
-0.9837197065353394	-21.85526466369629	5	key
-24.01508140563965	-3.7870941162109375	0	stuff
-30.315818786621094	-7.171469211578369	5	cannot
-36.521270751953125	13.95544719696045	5	however
-22.951080322265625	-16.149099349975586	5	related
20.002670288085938	-1.4027596712112427	6	win
11.460233688354492	32.213714599609375	9	Saturday
15.832860946655273	20.72063446044922	2	Review
3.4390318393707275	19.502119064331055	2	Click
10.345717430114746	18.95245933532715	2	Find
23.788484573364258	19.420175552368164	8	California
-23.868011474609375	-14.50020980834961	5	various
-17.509153366088867	-10.468099594116211	5	usually
-12.069117546081543	-2.389756202697754	7	meet
25.567529678344727	-8.848465919494629	4	parts
-9.478950500488281	-12.321187019348145	0	guys
-27.34971809387207	5.29942512512207	4	behind
-5.786421775817871	-11.395190238952637	0	word
-31.128747940063477	-9.874268531799316	5	result
0.13594868779182434	-20.599010467529297	5	amount
12.730074882507324	-11.922431945800781	4	store
17.947227478027344	-21.87915802001953	7	areas
4.811435222625732	-20.816164016723633	5	position
-2.072103977203369	-15.062800407409668	6	return
-23.97461700439453	-12.471322059631348	7	interest
-9.120121955871582	-13.056798934936523	0	guy
19.853090286254883	-9.496960639953613	1	books
15.550280570983887	-1.6841598749160767	6	events
0.3293478488922119	-0.6038753390312195	6	hit
-32.778011322021484	1.138210415840149	0	longer
-1.3231791257858276	19.713396072387695	2	Yes
-26.79190444946289	2.748486280441284	0	leave
10.987287521362305	20.610803604125977	2	Big
17.365558624267578	-13.50220775604248	1	items
23.51156234741211	-12.075671195983887	5	total
-43.704986572265625	6.247216701507568	0	remember
31.441682815551758	-4.550948619842529	5	prices
-26.28102684020996	-2.8345396518707275	0	wrong
1.651061773300171	-12.551695823669434	1	address
-12.221019744873047	-5.0473480224609375	6	lost
7.656641006469727	5.104003429412842	1	message
-32.95009994506836	14.732826232910156	4	rest
-6.681938648223877	-10.28754997253418	1	picture
-6.519779682159424	-17.793399810791016	5	cause
-27.05951499938965	-12.549795150756836	5	general
-32.13185119628906	15.808541297912598	0	goes
-8.894760131835938	-8.719705581665039	6	favorite
-20.799543380737305	0.12485639750957489	4	outside
3.5631959438323975	-10.055521965026855	1	click
13.831907272338867	20.896318435668945	2	Part
26.00572967529297	-8.21956729888916	4	paper
16.24378776550293	23.968135833740234	8	Information
9.15600299835205	21.998859405517578	2	Life
32.912109375	4.1884446144104	5	shall
-3.7265002727508545	2.9537384510040283	6	held
-17.266212463378906	-8.39182186126709	4	inside
22.035602569580078	11.697039604187012	8	located
23.23270606994629	15.111039161682129	2	Buy
13.121435165405273	-21.226980209350586	7	private
26.105789184570312	-14.76795768737793	7	systems
-20.01244354248047	10.76130199432373	7	currently
-1.424094319343567	2.208804130554199	6	morning
27.106754302978516	-9.67900562286377	5	model
-33.176998138427734	11.518797874450684	5	similar
19.389877319335938	-14.073002815246582	1	user
17.538326263427734	22.08759307861328	8	USA
-42.79612350463867	6.35027551651001	0	maybe
4.160499572753906	-20.69568634033203	5	designed
16.174867630004883	-21.521175384521484	7	professional
-11.848319053649902	-6.240598678588867	0	heard
20.911334991455078	33.31857681274414	3	Jan
21.04306983947754	-14.807791709899902	1	internet
-1.070289969444275	-12.45047378540039	1	writing
-11.560819625854492	-7.4070258140563965	0	hear
27.678377151489258	-12.4644136428833	7	security
18.759714126586914	-16.88076400756836	5	application
-30.698938369750977	-8.069276809692383	5	certain
5.711729049682617	-16.253156661987305	4	cover
9.525555610656738	-22.08070182800293	7	staff
22.462160110473633	21.45733070373535	8	Group
5.892353534698486	20.600725173950195	2	Full
24.544857025146484	-7.161034107208252	6	period
3.4176650047302246	-15.982985496520996	1	account
13.338777542114258	-22.04654312133789	7	sales
0.8942318558692932	20.64670181274414	2	Can
-13.208050727844238	1.1970890760421753	6	third
29.474618911743164	17.710378646850586	8	College
11.168041229248047	-10.862227439880371	1	pictures
-17.561969757080078	-16.795108795166016	5	common
-36.440338134765625	-3.605581521987915	5	addition
31.58098793029785	14.5232515335083	2	Sale
18.77442741394043	22.189022064208984	8	Washington
-5.127307891845703	-5.92924165725708	5	subject
4.615384578704834	-0.37133827805519104	6	record
-32.03685760498047	0.9295845627784729	5	likely
-24.704015731811523	-0.2663141191005707	0	saying
11.128084182739258	33.127235412597656	9	Monday
20.960399627685547	-14.640103340148926	1	sites
-1.1673038005828857	-8.913232803344727	1	written
-14.074783325195312	-20.577110290527344	5	changes
7.6872735023498535	22.818164825439453	2	James
2.5287322998046875	-15.655597686767578	5	source
-29.795156478881836	-2.2817795276641846	7	continue
-22.470516204833984	2.747429847717285	4	ready
16.11956214904785	-10.751360893249512	1	photo
14.810141563415527	-22.14781951904297	7	customers
-28.869173049926758	-5.344704627990723	0	sense
-23.29836082458496	-5.473844528198242	0	interesting
-20.47709846496582	10.033405303955078	6	recent
24.99354362487793	17.488191604614258	8	Art
-14.279153823852539	-3.017974615097046	0	forward
29.422365188598633	-4.254276752471924	5	weight
-20.08041000366211	-12.49892807006836	6	popular
17.85890007019043	-10.929912567138672	1	reviews
6.375967502593994	7.715511798858643	0	wrote
-33.94157791137695	-1.8484550714492798	0	ways
-3.8094842433929443	-6.578490257263184	1	latest
-35.14003372192383	5.877438545227051	0	instead
28.116016387939453	-2.8188657760620117	6	players
21.0981502532959	20.824644088745117	8	East
33.69464874267578	13.361920356750488	8	Road
-6.006992340087891	-14.940922737121582	4	cut
-14.248394966125488	-12.249369621276855	4	strong
19.151012420654297	-14.443009376525879	1	users
17.161041259765625	22.505521774291992	8	General
-19.72236442565918	9.754923820495605	6	recently
5.382456302642822	-16.654312133789062	4	save
-7.348698616027832	-4.519746780395508	0	thanks
-4.282415866851807	1.9783859252929688	6	late
28.426433563232422	-11.92066478729248	7	network
-9.386678695678711	-10.994918823242188	4	cool
26.537593841552734	-11.96509075164795	5	treatment
7.386388778686523	8.397293090820312	2	Thank
-1.2333016395568848	-11.242809295654297	1	send
-2.944556951522827	-10.813055038452148	0	write
32.486297607421875	-5.953657150268555	7	jobs
22.657333374023438	-3.7169909477233887	4	baby
-27.86070442199707	-4.550205707550049	0	seem
26.24765968322754	16.501562118530273	2	Power
28.672712326049805	-2.794625997543335	6	player
14.74101734161377	21.5718936920166	2	Show
12.564446449279785	-14.284028053283691	1	section
21.806795120239258	21.91802215576172	8	Company
27.719806671142578	15.073549270629883	2	Photo
-0.1470838338136673	20.41974449157715	2	Like
-16.153242111206055	-16.513065338134766	5	choose
-27.359485626220703	-1.691799283027649	0	thinking
-9.475481033325195	-10.382711410522461	0	amazing
-33.67371368408203	-3.671279191970825	5	choice
21.383378982543945	33.907230377197266	3	Feb
17.99193000793457	13.902154922485352	2	Christmas
25.751853942871094	-16.9709415435791	7	travel
-36.49292755126953	2.6805262565612793	0	wish
-2.900543689727783	20.951141357421875	2	Let
-0.7120524644851685	22.378625869750977	2	People
0.6649214029312134	25.052093505859375	2	Today
26.64057731628418	12.119040489196777	8	China
-20.79193687438965	-4.346081256866455	4	fine
12.658668518066406	-17.839338302612305	4	center
-29.497081756591797	-9.844029426574707	5	allow
-20.594900131225586	4.018745422363281	0	wait
-26.918676376342773	2.4318926334381104	0	chance
0.12014561146497726	0.13664311170578003	6	final
4.116308689117432	21.29096221923828	2	Who
-23.149213790893555	-6.164895057678223	0	answer
18.588537216186523	-1.200150728225708	6	played
-3.542249917984009	-17.4984130859375	4	fast
21.355972290039062	-2.7531015872955322	0	likes
-14.737703323364258	-9.936959266662598	0	worth
24.386682510375977	20.86052703857422	8	Department
18.96360206604004	-23.38414764404297	7	programs
11.65998363494873	33.113616943359375	9	Thursday
4.199086666107178	1.0295655727386475	6	release
23.42091941833496	21.060319900512695	8	Office
-4.225351333618164	-13.548626899719238	4	box
22.804935455322266	-14.723424911499023	5	material
13.679372787475586	-15.9143648147583	4	location
-22.391733169555664	-18.210132598876953	5	specific
-36.931419372558594	6.697610378265381	0	ones
1.0156235694885254	1.705456256866455	6	meeting
-24.419504165649414	2.3835432529449463	4	entire
11.83016300201416	32.605403900146484	9	Tuesday
15.541081428527832	-5.936755180358887	4	eyes
25.251388549804688	18.616865158081055	8	Texas
23.741416931152344	16.991077423095703	2	Real
20.777111053466797	-5.956967353820801	4	girls
11.916948318481445	32.802574157714844	9	Wednesday
-36.4565544128418	-1.9548401832580566	5	particular
30.74175453186035	14.116643905639648	8	Air
-11.693351745605469	-11.310616493225098	4	huge
24.732913970947266	-17.96204948425293	7	medical
-12.568554878234863	-17.451797485351562	5	term
21.766801834106445	20.45330810546875	8	Club
5.351346015930176	21.864334106445312	2	Two
31.068710327148438	-8.160090446472168	7	marketing
-25.579998016357422	4.047686576843262	4	hold
19.346330642700195	-12.441010475158691	1	text
-11.86426830291748	-7.647837162017822	0	tried
17.140546798706055	-8.150845527648926	4	table
-1.3369629383087158	0.9270786643028259	6	summer
-20.365026473999023	5.967181205749512	0	gave
5.499119281768799	-19.47551155090332	7	build
-23.688072204589844	-7.133573532104492	0	follow
-15.402459144592285	-16.363889694213867	4	easily
23.05638313293457	18.766170501708984	8	Canada
24.428049087524414	-11.659122467041016	5	loss
27.0969295501709	16.669706344604492	2	Design
17.10698890686035	20.530559539794922	2	Family
-12.043063163757324	-0.893096387386322	6	worked
14.922248840332031	22.556411743164062	2	Report
22.637073516845703	16.402572631835938	2	Blog
30.801977157592773	-1.7988650798797607	4	cheap
-9.49428939819336	-5.3464789390563965	0	agree
33.8129997253418	3.31913161277771	1	files
8.553207397460938	-17.575098037719727	4	road
-1.3102387189865112	-22.26041603088379	5	options
25.647401809692383	15.396703720092773	2	Reviews
-13.2277250289917	-21.062021255493164	5	additional
-1.120833396911621	-18.646686553955078	4	wide
30.472270965576172	12.896258354187012	8	India
2.5316953659057617	-19.19028663635254	5	standard
-1.4772889614105225	21.599637985229492	2	Have
-0.2006603330373764	24.554563522338867	2	Next
-26.19824981689453	-10.632761001586914	7	opportunity
-26.374385833740234	12.68504524230957	0	decided
-15.737690925598145	-14.436796188354492	5	step
11.257031440734863	-21.43024253845215	7	role
19.215511322021484	-11.583077430725098	1	pages
5.5228271484375	-17.550426483154297	7	ideas
13.922418594360352	-4.797417163848877	0	parents
-27.13670539855957	-13.162576675415039	5	terms
12.187073707580566	-12.989646911621094	1	collection
27.91973304748535	20.198894500732422	8	Management
13.264244079589844	-20.05543327331543	7	international
29.146608352661133	-13.506903648376465	5	method
-5.6398115158081055	-13.360716819763184	4	piece
-10.232523918151855	18.781583786010742	2	Many
11.753490447998047	-21.418411254882812	7	practice
9.035789489746094	-9.700169563293457	1	title
32.615657806396484	3.0188355445861816	4	skin
10.81656551361084	18.351280212402344	2	Use
-11.650776863098145	1.3104937076568604	6	six
27.986751556396484	19.439510345458984	8	Research
14.003005981445312	-22.94087028503418	7	policy
22.874652862548828	-5.131101608276367	4	door
21.850738525390625	32.584720611572266	3	Mar
3.518015146255493	-16.84505271911621	5	purchase
18.95408058166504	-3.304788589477539	0	wife
2.9112236499786377	-10.973786354064941	1	links
32.71527862548828	11.622414588928223	2	DVD
-32.496315002441406	-4.205406188964844	0	gives
-15.304271697998047	-14.747048377990723	4	excellent
25.273452758789062	16.369529724121094	2	Contact
-1.343611478805542	-24.10573959350586	7	knowledge
25.480606079101562	-12.342084884643555	5	production
-26.13370704650879	-7.059569358825684	0	interested
-16.77883529663086	-10.517790794372559	4	quickly
33.08729553222656	12.938470840454102	2	Phone
19.59122085571289	-19.965381622314453	5	risk
29.820980072021484	15.967411041259766	8	Beach
-27.75742530822754	-4.842120170593262	0	sometimes
18.52215003967285	-12.21810245513916	1	images
-12.69720458984375	19.49094009399414	0	Even
-2.2739267349243164	-15.121407508850098	6	track
12.158035278320312	-10.37523078918457	1	videos
-18.376327514648438	8.015985488891602	6	starting
-35.410701751708984	8.38677978515625	0	giving
2.516313314437866	-20.039531707763672	5	lower
-12.400938034057617	-8.066239356994629	0	looked
23.978952407836914	-11.773221015930176	5	average
-27.35206413269043	-0.5732793211936951	0	talking
20.42913246154785	-2.121910810470581	4	shot
-10.165746688842773	-9.381349563598633	0	wonderful
-16.824581146240234	-9.942821502685547	0	completely
-12.321660995483398	-10.152530670166016	4	hands
24.334739685058594	-3.679776668548584	4	dog
-26.76633071899414	1.4718761444091797	0	moment
17.68891143798828	-22.931503295898438	7	activities
-4.652289390563965	-4.423853874206543	1	sent
-25.056514739990234	-0.9576083421707153	0	knew
21.437274932861328	32.824832916259766	3	Apr
30.071123123168945	14.797351837158203	2	Game
22.2636661529541	32.63580322265625	3	Jun
2.800422191619873	23.40926170349121	2	Back
-25.573572158813477	-11.060219764709473	7	involved
11.690195083618164	24.304962158203125	2	Comment
28.522676467895508	-1.5988004207611084	6	band
-29.154781341552734	-6.660162448883057	0	difficult
-25.73582649230957	12.456494331359863	6	finally
-1.9955520629882812	-7.448235511779785	1	info
-24.223745346069336	-11.930540084838867	7	success
2.2741880416870117	19.958372116088867	2	Check
13.157798767089844	-16.972993850708008	4	built
-13.106656074523926	-7.810951232910156	0	felt
22.111154556274414	-10.024069786071777	4	screen
29.98310661315918	16.73256492614746	8	Lake
26.133514404296875	-17.742631912231445	7	student
-4.49368953704834	-17.21073341369629	4	fit
15.516144752502441	-7.154320240020752	4	clean
-23.568815231323242	-0.5827318429946899	0	wants
22.36510467529297	33.75801086425781	3	Oct
30.34972381591797	2.154093027114868	6	album
16.088533401489258	-4.855337142944336	4	fire
4.274237155914307	-0.9863450527191162	6	hour
27.51698112487793	-9.647115707397461	7	language
21.47605323791504	33.40088653564453	3	Dec
-11.159872055053711	-22.013071060180664	5	potential
33.99201202392578	1.409898042678833	5	device
17.598657608032227	15.619745254516602	1	Facebook
-33.90436553955078	-0.6845536231994629	0	attention
16.560407638549805	-20.240365982055664	7	customer
15.984482765197754	18.681629180908203	2	Product
26.77985954284668	-13.855563163757324	7	equipment
27.203882217407227	-3.656376838684082	4	feet
21.90991973876953	16.735464096069336	2	Live
12.430986404418945	20.48185920715332	2	King
7.399917125701904	5.602256774902344	1	posts
12.854548454284668	-5.972833156585693	0	mother
-2.1598565578460693	-23.96609878540039	5	ability
31.50140380859375	13.859664916992188	2	Car
-17.19062614440918	4.490207195281982	6	fall
-5.75613260269165	-17.31501579284668	4	extra
13.850754737854004	21.436498641967773	2	Year
-12.768526077270508	-18.90418243408203	5	variety
29.740032196044922	-1.3966988325119019	4	bed
19.87908363342285	-19.257951736450195	5	cases
-12.226195335388184	21.193038940429688	2	Since
-29.00005531311035	-10.983481407165527	5	necessary
-1.3979495763778687	22.496774673461914	2	Will
-42.647674560546875	3.3169476985931396	0	guess
-12.504170417785645	-19.985355377197266	5	allows
-26.313438415527344	12.195746421813965	6	turned
21.94622039794922	33.32198715209961	3	Nov
-8.368682861328125	-21.717565536499023	7	plans
16.33358383178711	15.37779426574707	1	published
-7.977999687194824	-22.82736587524414	7	leading
29.504091262817383	-4.868374824523926	5	effects
-2.7762725353240967	-22.717382431030273	5	types
1.2876944541931152	-14.874515533447266	5	response
18.873674392700195	-20.696399688720703	5	costs
-2.5782620906829834	0.9410452246665955	6	began
-26.260725021362305	-11.171701431274414	7	focus
-10.518791198730469	-0.15521323680877686	6	became
-34.566402435302734	9.813529014587402	5	consider
20.97801971435547	-19.024520874023438	5	levels
15.091886520385742	-20.518600463867188	7	learning
16.754297256469727	-3.7397217750549316	5	daily
-26.976909637451172	0.573052167892456	0	happen
12.923670768737793	-24.851600646972656	7	resources
31.69758415222168	11.363468170166016	2	Apple
3.50836443901062	20.478675842285156	2	Make
-2.6156885623931885	2.176327705383301	6	weekend
-39.5110969543457	8.547894477844238	0	exactly
31.606477737426758	2.120757818222046	4	wedding
0.19346623122692108	21.753578186035156	2	Only
-23.263938903808594	8.71221923828125	1	note
-8.671822547912598	20.79463768005371	2	Where
-3.0369949340820312	-12.13339614868164	1	feature
-2.872739791870117	-18.266353607177734	4	sell
-29.906740188598633	16.920398712158203	6	brought
-5.6480512619018555	-15.735559463500977	4	ground
24.94155502319336	-9.678502082824707	5	speed
2.6661128997802734	-0.05187128856778145	6	trip
-5.5057477951049805	-20.79425811767578	5	decision
32.528770446777344	12.846824645996094	2	Software
32.854366302490234	17.635372161865234	2	Sun
28.998573303222656	-3.9425418376922607	5	pain
-11.850737571716309	-15.632102012634277	4	plus
17.613367080688477	-20.962814331054688	7	environment
17.398998260498047	23.033098220825195	8	Public
32.895416259765625	15.340720176696777	2	Posts
11.426227569580078	20.54964256286621	2	Man
4.110011577606201	1.562069296836853	6	released
29.12937355041504	15.340023040771484	2	Party
30.636474609375	-7.4584736824035645	7	skills
6.464689254760742	-22.752552032470703	5	effective
24.899211883544922	-6.865139961242676	6	court
24.12442398071289	-19.97389793395996	7	career
27.22958755493164	-17.498958587646484	7	college
22.959476470947266	-8.807719230651855	0	character
29.175308227539062	-2.8657751083374023	0	voice
23.637914657592773	-15.14599609375	5	solution
-2.12038516998291	-18.735004425048828	4	safe
-37.17890167236328	12.95702838897705	0	although
7.426730155944824	22.628559112548828	2	Mark
21.98698616027832	33.96961975097656	3	Aug
29.125083923339844	18.08570098876953	8	Association
31.599348068237305	-2.6008942127227783	1	digital
32.29448699951172	-3.7853145599365234	4	police
25.172941207885742	21.246152877807617	8	Education
14.710188865661621	-5.866156101226807	4	walk
-22.952678680419922	3.901132822036743	4	break
-24.530498504638672	-14.018119812011719	5	directly
1.2344245910644531	-1.3863335847854614	4	round
17.155292510986328	-13.312496185302734	1	item
-32.328453063964844	-6.4357218742370605	5	difference
-7.665272235870361	-7.1219048500061035	4	sign
-1.9838271141052246	-21.99427032470703	5	option
23.489791870117188	-16.123214721679688	7	tools
15.173086166381836	-22.624267578125	7	projects
-20.28782844543457	0.04356812313199043	4	moving
27.864919662475586	-10.559328079223633	7	mobile
-25.33576202392578	2.359715700149536	4	places
24.45359992980957	-14.184279441833496	5	function
-14.563056945800781	-11.90981674194336	0	situation
22.693031311035156	33.383819580078125	3	Sep
4.2037034034729	-16.650264739990234	5	numbers
-39.24720001220703	3.3832790851593018	0	definitely
-24.591686248779297	-17.697891235351562	7	providing
11.40915584564209	-10.034428596496582	1	stories
-21.605775833129883	-2.3006298542022705	4	stand
19.975709915161133	19.382673263549805	8	Europe
-5.691162109375	-20.823970794677734	7	paid
-21.80483055114746	9.89643669128418	6	previous
18.3280029296875	-13.389469146728516	1	display
5.935447692871094	-5.000687122344971	0	feeling
29.978437423706055	4.000463008880615	2	French
24.096527099609375	-5.303791046142578	4	floor
16.912939071655273	-8.12421703338623	4	gift
27.996788024902344	17.869922637939453	8	Law
33.215415954589844	12.514896392822266	2	Size
16.30348014831543	-21.3458194732666	7	legal
10.188029289245605	-14.146233558654785	4	modern
12.480423927307129	20.714000701904297	2	Star
-16.699256896972656	-4.596088886260986	0	pick
30.155895233154297	-2.384244203567505	4	camera
24.022293090820312	15.279431343078613	2	Watch
12.862595558166504	-13.21681022644043	7	guide
-44.240379333496094	3.9607043266296387	0	yes
23.390493392944336	-3.516815423965454	0	eat
32.800453186035156	9.65072250366211	2	lyrics
32.45387649536133	11.223027229309082	2	Microsoft
26.456571578979492	-13.760845184326172	7	safety
22.69161033630371	32.92000961303711	3	Jul
16.913816452026367	-5.940792560577393	4	pass
33.07587432861328	2.8481364250183105	5	engine
31.912212371826172	-6.046353816986084	7	estate
22.957958221435547	-20.060840606689453	7	goal
-30.12917709350586	14.09766674041748	0	gone
13.574612617492676	22.211387634277344	2	Source
29.04393768310547	16.295644760131836	8	Sports
-21.101192474365234	-4.095574378967285	4	lots
-26.68260955810547	-13.284895896911621	5	limited
24.12369155883789	11.320965766906738	8	British
21.999866485595703	19.170515060424805	8	England
-0.9840789437294006	-19.38084602355957	5	nature
20.711702346801758	-1.9412840604782104	6	fans
-16.10040283203125	4.054406642913818	5	expected
-8.78421401977539	-11.632766723632812	0	awesome
14.98292064666748	19.4588680267334	2	List
-2.827643394470215	-0.17973704636096954	6	spent
-38.01746368408203	1.6894243955612183	0	certainly
14.258804321289062	19.529735565185547	2	Name
-3.5261361598968506	-5.580801486968994	1	entry