x	y	cluster	word
17.304622650146484	-25.825864791870117	5	asian
18.76069450378418	-22.0825252532959	5	indian
13.71318244934082	-23.887454986572266	5	chinese
16.24873924255371	-25.238468170166016	5	japanese
13.743816375732422	-23.989543914794922	5	thai
14.092242240905762	-24.54812240600586	5	korean
16.188995361328125	-24.273202896118164	5	filipino
19.044200897216797	-21.826805114746094	5	pakistani
14.45044231414795	-24.017019271850586	5	indonesian
5.08222770690918	13.941864013671875	8	School
22.78502082824707	-24.176067352294922	5	sex
9.612544059753418	-31.083642959594727	5	hot
24.42674446105957	0.6375387907028198	8	Road
10.725241661071777	-31.77219009399414	5	girls
19.595779418945312	3.9618167877197266	9	Phone
13.650626182556152	7.815039157867432	6	Jun
-2.0133049488067627	-8.082015991210938	0	Hot
-26.59869956970215	1.8913822174072266	6	Photos
0.33659425377845764	30.034162521362305	1	Chinese
12.99538516998291	36.14750671386719	3	Indian
6.726611137390137	0.6973547339439392	0	Movie
3.61956787109375	15.135644912719727	8	Market
15.659189224243164	-27.04190444946289	5	cute
-33.578956604003906	6.875294208526611	6	Lee
-23.758419036865234	1.7451577186584473	6	Send
7.067119121551514	24.914371490478516	1	Japanese
-30.7600154876709	-7.53646993637085	0	Girl
10.48478889465332	-25.699796676635742	5	dance
2.2078535556793213	-5.767213821411133	0	Girls
8.61902141571045	8.278090476989746	9	Job
6.666598320007324	-4.110290050506592	0	Sex
18.06709098815918	-27.342008590698242	5	sexy
-1.2035017013549805	-9.146002769470215	0	Videos
-23.878337860107422	12.94040584564209	8	Main
-20.018211364746094	15.011346817016602	8	Garden
7.809656620025635	-2.7138843536376953	0	Movies
9.86403751373291	-32.52900314331055	5	pics
-5.877172946929932	7.414464473724365	9	Updated
5.363633632659912	15.125863075256348	8	Address
-1.471189022064209	29.492734909057617	1	Asian
7.435696601867676	12.783052444458008	9	Students
2.0827221870422363	33.217437744140625	1	Asia
-22.8018741607666	-1.0765031576156616	6	Song
-16.317880630493164	10.561861038208008	6	Dance
25.915895462036133	-3.3535473346710205	9	Vote
-5.14057731628418	-5.081777572631836	7	Beauty
12.836037635803223	15.984823226928711	8	Restaurant
-10.702248573303223	18.738500595092773	8	Village
27.829063415527344	-4.271988391876221	9	PDT
6.818904876708984	-4.359724044799805	0	Teen
9.2769775390625	-32.96977233886719	5	pic
22.612916946411133	5.332047939300537	7	Jewelry
-26.749521255493164	0.8906713128089905	6	Stories
-33.11191940307617	7.564498424530029	6	Kim
12.808990478515625	-29.938331604003906	5	haha
-30.863740921020508	1.0382083654403687	6	Moon
7.245426654815674	-33.00656509399414	5	wanna
11.008597373962402	1.928354263305664	0	Dating
24.600948333740234	-2.2700514793395996	9	Java
5.827085971832275	-4.9848408699035645	0	Sexy
-12.031651496887207	-13.109360694885254	2	Fish
2.460442066192627	29.689693450927734	1	Korea
-1.8646095991134644	3.2357382774353027	6	Fan
-2.4908175468444824	-23.77103614807129	2	rice
17.214279174804688	11.97406005859375	7	Industrial
8.585493087768555	-28.967632293701172	5	dancing
-15.374580383300781	4.792568683624268	9	Net
2.869802474975586	13.305635452270508	8	Floor
0.6686681509017944	31.8776912689209	1	Kong
-8.41952896118164	-19.556760787963867	2	Chicken
1.601337194442749	33.357120513916016	1	Singapore
27.082006454467773	-4.547547817230225	9	Nokia
-9.979645729064941	-2.793203115463257	7	Flowers
-15.463759422302246	-4.155536651611328	4	Son
0.895787239074707	31.533655166625977	1	Hong
-42.16299819946289	-6.975696563720703	6	Say
-20.070331573486328	1.045803427696228	6	Hide
-41.77899169921875	-9.874917984008789	6	Dear
15.598044395446777	-12.814704895019531	4	pray
23.789308547973633	-19.287109375	5	massage
-27.025876998901367	8.740625381469727	6	Dragon
7.647777080535889	-4.189347743988037	0	Porn
-2.5266189575195312	6.4767866134643555	6	Songs
9.743245124816895	-20.579113006591797	5	upload
-8.81771183013916	-6.5445027351379395	7	Flower
-45.790645599365234	-8.141693115234375	6	Friend
16.60020637512207	-12.534375190734863	4	worship
0.6491991877555847	29.24209213256836	1	Korean
-19.14977264404297	9.120664596557617	8	Temple
50.763580322265625	-5.440178394317627	10	VIDEO
-13.370798110961914	-14.356220245361328	2	Rice
7.443909645080566	7.5642805099487305	6	Marriage
-13.144706726074219	5.745790004730225	9	Teacher
-4.0425310134887695	2.719383478164673	9	Chat
16.56366539001465	38.002723693847656	3	Delhi
-34.23271179199219	4.03634786605835	6	Tiger
-11.593888282775879	17.12777328491211	8	Cafe
2.2651467323303223	31.610116958618164	1	Thailand
8.929197311401367	-18.494691848754883	6	permalink
-5.6816229820251465	7.386951923370361	9	Rank
-0.7966156601905823	30.445756912231445	1	Thai
4.600286960601807	1.936938762664795	0	Models
-3.0102295875549316	13.08375358581543	7	Designs
-20.01015853881836	0.13713514804840088	6	uploaded
15.838024139404297	9.178903579711914	8	Yoga
2.548689842224121	9.326838493347168	9	Testing
3.4803900718688965	29.985153198242188	1	Philippines
29.07622718811035	-6.9763503074646	9	Yea
19.06978416442871	-20.769681930541992	5	actress
21.35673713684082	-13.949373245239258	5	yoga
-9.200307846069336	18.504711151123047	8	Gardens
21.78765869140625	-23.126981735229492	5	anime
2.6899254322052	27.902135848999023	1	Tokyo
-21.044862747192383	3.762415885925293	9	Sample
17.416954040527344	-27.964435577392578	5	xxx
-39.81548309326172	1.8569966554641724	8	Opening
-17.992473602294922	4.844249248504639	9	Contest
-23.413721084594727	13.111807823181152	8	Branch
4.640019416809082	13.308526039123535	8	Concert
-45.232521057128906	-9.946513175964355	6	Soon
-27.73833656311035	1.2619930505752563	6	Than
3.2537972927093506	-5.906906604766846	0	Cute
0.02480182982981205	-23.762849807739258	2	paste
-29.569957733154297	1.0151243209838867	6	Rain
11.206658363342285	15.931166648864746	8	Plaza
19.147672653198242	-22.750732421875	5	rape
2.556744337081909	-4.126121520996094	0	Wife
20.019010543823242	-10.365103721618652	4	temple
4.36503791809082	28.78694725036621	1	Beijing
28.223060607910156	-5.909193515777588	9	Exam
-8.683748245239258	17.024442672729492	8	Lounge
6.010042667388916	29.211658477783203	1	Indonesia
51.97469711303711	-4.265440940856934	10	LIVE
4.404477119445801	31.37859535217285	1	Malaysia
21.123939514160156	3.941739797592163	0	Massage
1.064703345298767	2.008262872695923	7	Tube
-25.67938995361328	-0.09683220833539963	6	Been
0.825089156627655	-8.393033981323242	0	Pics
-8.412408828735352	18.795703887939453	8	Mall
18.390378952026367	4.932516574859619	0	Breast
4.740452766418457	14.845968246459961	8	Facilities
7.239778518676758	-36.394412994384766	5	OMG
17.902515411376953	-11.808145523071289	4	prayers
15.624706268310547	35.89315414428711	3	Sri
-41.17133331298828	-6.56923770904541	6	Wish
27.439123153686523	-10.734197616577148	4	thou
9.87426471710205	-30.354698181152344	5	hottest
26.871837615966797	-10.486430168151855	4	Allah
-30.775907516479492	-2.3962607383728027	6	Dancing
-12.419612884521484	-13.065436363220215	2	Lunch
-8.878125190734863	16.03873634338379	8	Shops
22.57640266418457	3.851879119873047	7	Dresses
15.883038520812988	34.98711013793945	3	Khan
-9.372958183288574	8.565643310546875	9	Teachers
-31.90460968017578	-7.830277919769287	0	Guys
-5.493583679199219	3.3788695335388184	6	Ringtone
8.632147789001465	-32.77454376220703	5	bang
9.325011253356934	11.051017761230469	9	Publication
-16.744783401489258	17.14176368713379	8	noon
-44.8147087097168	-8.199875831604004	6	Lucky
-4.350146293640137	3.9173684120178223	9	Abuse
10.92131519317627	10.631440162658691	9	Forecast
-9.433293342590332	11.435938835144043	9	Classes
-30.5087890625	-1.0553652048110962	6	Hidden
-16.84918212890625	-5.4308085441589355	4	Prayer
0.30938607454299927	32.561668395996094	1	Taiwan
17.290246963500977	37.619102478027344	3	Mumbai
3.0594258308410645	-34.024349212646484	5	touching
-25.026273727416992	3.012270450592041	9	Lessons
27.288328170776367	-10.767539024353027	4	thy
12.724408149719238	1.7828762531280518	0	Anime
-11.67856216430664	9.059245109558105	9	Trends
7.141958713531494	-3.1383936405181885	0	Teens
18.230695724487305	-25.847431182861328	5	kissing
-32.475807189941406	-3.22339129447937	6	Lovely
-38.492122650146484	-7.047156810760498	6	Nathan
10.050576210021973	7.520655155181885	9	SMS
0.1872023344039917	-8.587224006652832	0	Naked
0.3444337844848633	12.755510330200195	7	Drum
1.7862964868545532	-25.48443031311035	2	eaten
-9.272722244262695	13.00831413269043	8	Complex
7.306912422180176	-3.756711483001709	0	Nude
-6.780350685119629	2.1210856437683105	6	Idol
-10.95474624633789	6.994426250457764	9	Stats
1.7539372444152832	30.63831901550293	1	Shanghai
18.35349464416504	36.242584228515625	3	Singh
-10.033392906188965	6.7581377029418945	9	Admin
2.747694492340088	3.2520053386688232	7	Tape
45.88678741455078	-8.747072219848633	4	GOD
45.27845001220703	-3.704941511154175	10	CITY
0.05305621773004532	-3.5866785049438477	0	Bang
28.44173812866211	-9.609923362731934	4	LORD
-2.8346357345581055	-4.361870288848877	0	Feet
-2.571542739868164	-24.497840881347656	2	fried
12.524176597595215	14.359212875366211	8	Nearby
53.29071807861328	-5.097909450531006	10	HOT
-12.068259239196777	5.650562286376953	6	Drama
13.065779685974121	-3.768747329711914	0	Cum
-8.384415626525879	17.168691635131836	8	Zoo
-4.544154167175293	8.90063190460205	9	Tutorial
18.813262939453125	6.866201877593994	7	Instruments
-24.565399169921875	4.647591590881348	9	Growing
-10.589787483215332	5.302849292755127	9	Votes
-26.21572494506836	8.878644943237305	8	Wing
-44.900970458984375	-6.397893905639648	6	Famous
5.3603997230529785	-32.510597229003906	5	hurts
-1.9142961502075195	22.17527198791504	1	Tan
5.882724761962891	7.301788330078125	4	Worship
-22.591815948486328	15.717369079589844	8	Southeast
-2.887640953063965	15.005109786987305	7	Silk
0.9385514855384827	13.841049194335938	7	Crafts
11.74959945678711	10.66588306427002	9	Slideshow
20.921428680419922	6.173910617828369	7	Bridal
-18.781021118164062	1.0064094066619873	6	Youtube
-2.9679207801818848	-23.517040252685547	2	coconut
8.00107192993164	-34.10137176513672	5	thumbs
5.228662014007568	-33.519351959228516	5	yea
4.142584323883057	-36.0573844909668	5	Haha
0.6432589292526245	-4.055662631988525	0	Cam
7.305004119873047	7.598496437072754	9	Messenger
18.705158233642578	11.694231033325195	7	Components
-32.11665344238281	-4.662369251251221	6	Megan
-28.20466423034668	-3.804011344909668	6	Mama
-43.21939468383789	-5.695272922515869	6	Watching
-12.14631462097168	-15.236251831054688	2	Soup
5.683562755584717	8.179584503173828	4	Healing
-29.73678207397461	1.264344334602356	6	Warrior
-34.9106559753418	1.2289341688156128	6	Monkey
-18.20020294189453	12.426185607910156	8	Parade
5.611242294311523	0.5443008542060852	0	Sexual
18.797306060791016	-20.172821044921875	5	scandal
12.982661247253418	-27.98744773864746	5	ppl
-35.22174072265625	1.2309144735336304	6	Bee
18.625930786132812	-26.392282485961914	5	bikini
-1.845649242401123	13.996822357177734	7	Pad
-7.655101299285889	11.065018653869629	6	Warriors
1.6713873147964478	14.19737434387207	7	Plants
29.06184959411621	-6.285382270812988	9	doi
24.32225227355957	-1.0905570983886719	6	Suzuki
15.408120155334473	-12.965353012084961	4	praying
0.8986940979957581	9.283587455749512	9	Techniques
-5.303666114807129	6.024646282196045	9	Messages
7.060993671417236	-31.62845802307129	5	bro
23.97355842590332	-19.634572982788086	5	manga
1.3692960739135742	-25.34855079650879	2	yummy
6.524130344390869	28.564966201782227	1	Bali
-40.482200622558594	-7.452403545379639	6	Kay
15.911761283874512	-18.61488151550293	1	martial
13.941777229309082	-29.110105514526367	5	omg
2.723158597946167	26.655799865722656	1	Wang
-11.119476318359375	13.624555587768555	6	Lotus
14.921717643737793	2.846763849258423	6	Wallpapers
1.9230902194976807	32.66257095336914	1	Bangkok
-10.921542167663574	4.864619255065918	9	Blogger
-7.39413595199585	-19.87613296508789	2	Beef
14.335710525512695	35.87251281738281	3	Lanka
1.832221508026123	15.312626838684082	8	Tropical
-6.3716325759887695	8.130205154418945	9	Sec
12.322271347045898	-30.258098602294922	5	hahaha
-30.225805282592773	2.729895830154419	6	Fortune
-3.050992727279663	-6.671260833740234	0	Wet
-3.382685422897339	-24.059215545654297	2	spicy
44.48288345336914	-3.2272789478302	10	INC
29.50925064086914	-7.357071399688721	9	Nay
42.23252487182617	-4.069037437438965	10	SERVICE
-4.989114284515381	19.17912483215332	1	Hawaiian
-26.566648483276367	-2.7573366165161133	6	Daughter
-4.519124507904053	-4.978718280792236	7	Tattoo
-1.8116278648376465	-4.313589096069336	0	Cartoon
-19.7757568359375	13.71130084991455	8	Mesa
-4.569389820098877	-23.769044876098633	2	shrimp
-39.69974136352539	-6.103824615478516	6	Luck
1.2591301202774048	8.224214553833008	9	Themes
-11.185443878173828	-8.100776672363281	7	Butterfly
22.308837890625	4.695132255554199	7	Gloves
-30.17570686340332	-7.376795291900635	0	Clips
16.854732513427734	-28.661773681640625	5	vids
-0.6496666669845581	-4.431772708892822	6	Mommy
53.58190155029297	-3.1331231594085693	10	PART
-22.776477813720703	2.8216702938079834	9	Result
-13.111974716186523	-0.5610674023628235	6	Maya
-3.2257447242736816	-2.667567729949951	7	Clothes
-15.036323547363281	12.423376083374023	8	Performing
-12.620803833007812	-0.5592622756958008	6	Katrina
-12.552597999572754	17.347148895263672	8	Farmers
-10.271676063537598	10.233234405517578	9	Secondary
-39.918312072753906	-10.936059951782227	4	Nor
-9.045064926147461	18.51076316833496	8	Terrace
43.87397384643555	-4.406790733337402	10	SCHOOL
-45.35265350341797	-7.340607643127441	6	Catch
15.801107406616211	-20.735212326049805	5	dancers
12.401415824890137	14.818097114562988	8	Pavilion
20.918109893798828	8.21076774597168	7	Makeup
-8.790722846984863	5.257793426513672	9	Upload
-24.54327392578125	4.969905376434326	9	Sub
-8.759563446044922	-3.2139534950256348	9	Grow
-43.70205307006836	-12.133525848388672	5	Hmm
-17.43509864807129	3.5828428268432617	9	Tweets
9.76021957397461	-3.5890440940856934	0	Horny
-16.796213150024414	11.135391235351562	8	Gym
-16.85767936706543	-5.432565689086914	4	Spiritual
-1.3171062469482422	23.261442184448242	1	Min
-10.344290733337402	-4.50405216217041	7	Seed
-1.859788179397583	27.664417266845703	1	Chi
-7.887772083282471	2.0590553283691406	6	Ninja
8.769262313842773	29.05402946472168	4	Buddha
-12.89525318145752	1.1643143892288208	6	tweet
-14.370659828186035	6.554463863372803	6	Talks
19.513761520385742	-11.51210880279541	4	teachings
39.54872131347656	-4.210526943206787	10	LOS
1.4737261533737183	28.440940856933594	1	Mai
-26.97412109375	-0.7556670308113098	6	Singer
2.6263065338134766	13.23643970489502	8	Nursery
17.800844192504883	-11.079140663146973	4	Prophet
24.108558654785156	-22.236223220825195	5	hentai
-6.739790439605713	-5.587315559387207	7	Fairy
49.810264587402344	-2.358090400695801	10	HOUSE
-39.36322784423828	-8.092179298400879	6	Jen
-30.258405685424805	4.672234535217285	9	Thousands
25.098495483398438	-22.30674934387207	5	shemale
1.2005351781845093	3.0319573879241943	7	Leg
12.426596641540527	-29.47633171081543	5	sooo
15.767518997192383	34.02615737915039	3	Hindu
46.93286895751953	-4.376010894775391	10	SITE
-0.8373648524284363	14.568798065185547	7	Supplier
9.43552303314209	10.139628410339355	9	Estimated
-23.06087303161621	-6.780027389526367	4	Solomon
15.716885566711426	37.18386459350586	3	Bangalore
0.018764521926641464	12.021356582641602	7	Mask
23.09172248840332	4.6160078048706055	7	Beads
-23.14545440673828	-6.3310866355896	4	Sacred
-3.5807013511657715	-23.124738693237305	2	spices
6.8420329093933105	-32.750728607177734	5	hehe
25.00742530822754	-17.22110366821289	6	Naruto
0.16620700061321259	27.69890594482422	1	Chen
-23.6276912689209	-7.641281604766846	4	Gods
20.952035903930664	-9.188084602355957	1	Buddhist
3.0896897315979004	-3.7713210582733154	0	Moms
14.426414489746094	35.390289306640625	3	Nepal
-28.36922264099121	-1.8667069673538208	6	Ana
-15.825979232788086	6.781983852386475	9	Visits
-12.41048812866211	13.772568702697754	1	Zen
-6.615584850311279	13.17611312866211	7	Mat
14.20306396484375	35.901100158691406	3	Bangladesh
19.210874557495117	36.09480285644531	3	Tamil
17.280315399169922	-12.11281681060791	4	blessings
17.40472412109375	34.65251541137695	3	Bollywood
11.448921203613281	-25.34545135498047	5	dancer
12.333338737487793	-25.761394500732422	5	tattoos
-44.2947883605957	-11.698132514953613	6	Honestly
40.51358413696289	-5.268731117248535	10	ROAD
-12.737455368041992	8.546188354492188	9	Launches
-26.949787139892578	6.970494270324707	6	Jungle
21.38970947265625	-20.906064987182617	5	dat
27.487417221069336	-10.169443130493164	4	hath
-38.260318756103516	-6.6394476890563965	6	Kris
0.020312495529651642	6.623083591461182	6	Ringtones
-42.450599670410156	-10.132462501525879	6	Tara
16.77965545654297	34.65925598144531	3	Pakistani
-14.08158016204834	4.4514546394348145	9	Powerful
14.212949752807617	2.877715587615967	6	Actress
41.50864028930664	-5.590387344360352	10	COVER
18.2547664642334	34.92192840576172	3	Hindi
28.65166664123535	-4.610218048095703	6	notesLoading
9.626729011535645	-18.397560119628906	9	widget
21.51418685913086	6.685782432556152	7	Costumes
-9.939787864685059	9.320307731628418	9	Officials
8.211578369140625	12.663590431213379	9	Admission
3.1506271362304688	24.223968505859375	1	Ban
13.419905662536621	-19.370161056518555	1	bamboo
2.317962169647217	22.86029815673828	6	Mae
-39.44441223144531	-7.304101467132568	6	Went
-30.433137893676758	-4.645577430725098	6	Wanna
-36.09926223754883	-5.485527038574219	6	Sad
-7.007424354553223	-19.379417419433594	2	Stir
-14.480232238769531	-13.972336769104004	2	Curry
40.888092041015625	-3.529519557952881	10	SAN
7.833634853363037	-30.969324111938477	5	hubby
-15.550497055053711	13.20647144317627	8	Venue
14.36133098602295	-28.198328018188477	5	soo
-20.477252960205078	0.2581526041030884	6	photostream
50.185951232910156	-5.333308219909668	10	WATCH
-31.166086196899414	-0.2459516078233719	6	Tale
-23.744766235351562	-2.703882932662964	6	Sing
-15.096434593200684	-13.634535789489746	2	Ginger
-23.91558265686035	-6.712823867797852	4	Wisdom
-34.32634735107422	-1.4305500984191895	2	Spice
14.257562637329102	-27.51911735534668	5	wat
-15.040618896484375	-3.561004161834717	6	Sin
-27.56285858154297	7.040312767028809	7	Snake
11.301501274108887	-3.4899280071258545	0	Fucked
-3.459588050842285	-24.60507583618164	2	veggies
4.942920207977295	-34.7178840637207	5	dunno
39.8321647644043	-4.068702697753906	10	ANGELES
-19.428327560424805	-3.6760168075561523	4	Guru
3.149783134460449	-5.488601207733154	0	Tight
20.18224334716797	-21.126907348632812	5	plz
3.190152883529663	33.09294128417969	1	Manila
-23.998104095458984	-8.042557716369629	4	Bless
9.468223571777344	-30.028751373291016	5	gal
-2.7561540603637695	-1.920325517654419	7	Dolls
-35.50249481201172	-7.932343482971191	6	Logged
-17.69073486328125	3.424314498901367	9	Posting
0.14336277544498444	29.616697311401367	1	Vietnamese
17.132110595703125	7.193626403808594	7	Herbal
11.73206901550293	6.661821365356445	9	Wordpress
-11.483753204345703	2.042592763900757	9	embed
8.724632263183594	-17.58867835998535	6	Hobbyist
9.426963806152344	-20.86956214904785	5	uploading
-34.70197677612305	4.961684703826904	6	Jade
-3.5089902877807617	26.316143035888672	1	Oriental
-15.518946647644043	-0.3278917670249939	6	Cyrus
22.03374481201172	-24.87543487548828	5	sluts
14.54411792755127	7.106391906738281	6	Kobe
-25.6193790435791	-0.8494534492492676	6	Avatar
-16.335403442382812	1.4261155128479004	6	Photobucket
-32.17970275878906	-1.1966018676757812	6	Kick
-43.94609069824219	-12.001385688781738	5	Hmmm
45.9639778137207	-6.9294633865356445	10	HER
2.959362268447876	-32.8128776550293	4	sincerely
2.4479520320892334	8.767909049987793	9	Tutorials
-14.165159225463867	12.479758262634277	8	Ceremony
21.646615982055664	-18.26622200012207	5	char
42.34969711303711	-4.737222194671631	10	STREET
8.322833061218262	-24.087543487548828	4	sung
-25.386524200439453	5.822251319885254	6	Boom
30.864240646362305	-8.045136451721191	10	Outboard
0.6631317734718323	-5.616876125335693	0	Caught
3.916857957839966	-5.038078784942627	0	Bikini
8.012269020080566	-31.79134750366211	5	mama
-10.743263244628906	19.406795501708984	8	Honolulu
21.294416427612305	-24.035730361938477	5	vagina
12.30894947052002	3.512108564376831	6	Manga
9.790380477905273	-25.819339752197266	5	dances
21.687793731689453	7.627420425415039	7	Lip
19.394126892089844	8.862359046936035	7	Treatments
-36.77207946777344	3.319183349609375	8	Triangle
1.497383952140808	8.03075885772705	9	Modeling
-24.189788818359375	7.29161262512207	6	Friendship
30.908023834228516	-8.142810821533203	6	commentLoad
3.710970878601074	3.609830141067505	7	Skirt
-35.73683166503906	3.309932231903076	7	Elephant
17.20610237121582	-27.311307907104492	5	booty
-7.987578392028809	-6.562870502471924	7	Hanging
-0.4508751630783081	27.806257247924805	1	Yang
-6.125783920288086	10.78530502319336	8	Winds
-6.552259922027588	18.71645736694336	8	Maui
47.18937301635742	-6.29487419128418	10	SHE
3.1039257049560547	29.62699317932129	1	Philippine
11.222030639648438	8.436534881591797	9	Editing
12.161663055419922	7.011082649230957	9	Plugin
15.148934364318848	-28.39494514465332	5	shes
17.735105514526367	11.493824005126953	7	Machinery
2.350780963897705	-0.6565284132957458	6	Miley
16.313779830932617	35.913963317871094	3	Kumar
-7.745401859283447	-19.736968994140625	2	Pork
8.39582347869873	-31.459918975830078	5	jerk
49.04582595825195	-4.84702730178833	10	HAPPY
-2.3801167011260986	9.012747764587402	6	Karaoke
1.4130535125732422	23.855627059936523	1	Martial
16.792531967163086	36.91988754272461	3	Chennai
-9.13241958618164	-12.929180145263672	2	Homemade
-42.80280685424805	-8.457005500793457	6	Cynthia
6.003383636474609	8.079341888427734	4	Meditation
-37.14152526855469	-5.050395488739014	6	Corey
-8.540614128112793	-14.768406867980957	2	Seeds
9.030731201171875	-31.79066276550293	5	mommy
-32.1439208984375	10.092755317687988	1	Lin
-24.141843795776367	-7.139945030212402	4	Praise
20.867820739746094	-12.39891529083252	4	prophet
-8.76659107208252	-18.221391677856445	2	Vegetable
-3.31785249710083	14.673346519470215	7	Handmade
-16.059967041015625	0.6533612608909607	6	Fav
-10.81304931640625	-5.895260810852051	7	Bamboo
-12.540176391601562	9.283974647521973	9	Classroom
-33.21637725830078	9.775829315185547	1	Chan
-26.77042579650879	-1.3740136623382568	6	Lonely
-7.631460189819336	-4.769629955291748	7	Belly
-34.508663177490234	5.065779685974121	6	Hang
20.57172966003418	7.227057933807373	7	Sewing
-23.724876403808594	8.85083293914795	6	Thousand
0.5731993317604065	-8.10734748840332	0	Naughty
-28.565269470214844	-0.1979399174451828	6	Mothers
9.502633094787598	-1.4372586011886597	0	Lingerie
43.44256591796875	-4.0015549659729	10	PARK
12.643278121948242	-25.6366024017334	5	maid
-31.286067962646484	0.4777328670024872	6	Singing
51.49323272705078	-5.488261699676514	10	PHOTOS
0.4213833808898926	-3.226337432861328	0	Celebrities
-15.447653770446777	-4.295742511749268	4	Goddess
-40.885658264160156	-8.894890785217285	6	Truly
-34.58924102783203	2.2500650882720947	7	Turtle
6.278276443481445	-33.892826080322266	5	fav
-9.763858795166016	-16.196395874023438	2	Coconut
14.424607276916504	8.153295516967773	8	Kia
12.256089210510254	-27.47481346130371	5	pls
24.0417537689209	-2.4766359329223633	9	Joomla
-1.247973084449768	-24.329566955566406	2	curry
22.75083351135254	-11.448884963989258	4	temples
10.889986991882324	5.825345993041992	9	Picasa
3.086399793624878	-33.75923538208008	5	beg
-16.28570556640625	16.368722915649414	8	Saturdays
-28.553834915161133	-1.6680678129196167	6	Irene
-44.34499740600586	-5.189760684967041	6	Lover
12.16723346710205	13.249458312988281	8	Citysearch
3.7456305027008057	30.863033294677734	1	Cambodia
-36.4146614074707	2.7388510704040527	8	Crane
-31.517427444458008	-7.414566516876221	0	Chick
42.97040557861328	-5.0552897453308105	10	WATER
18.898229598999023	10.284937858581543	7	Jewellery
-9.692062377929688	-7.384810447692871	7	Spare
1.1851816177368164	-34.37748718261719	5	stall
51.56338882446289	-3.4519031047821045	10	INFO
11.869698524475098	-24.35814094543457	5	raped
-4.045161724090576	-23.626455307006836	2	noodles
9.886015892028809	-19.466337203979492	5	txt
22.262399673461914	-24.53896713256836	5	porno
-30.534122467041016	4.64296817779541	9	Hundreds
-16.338449478149414	4.798765659332275	9	Channels
-25.731578826904297	1.8846137523651123	6	Ending
0.027113748714327812	-24.505823135375977	2	fry
2.540602922439575	30.599231719970703	1	Indonesian
-27.64895248413086	4.345044136047363	9	Opens
20.383459091186523	-24.013105392456055	5	thumbnail
-8.51623821258545	-15.370443344116211	2	Cakes
-7.60001802444458	3.841824531555176	6	Instagram
3.2975356578826904	1.9039841890335083	0	Uniform
16.910114288330078	-26.802114486694336	5	pee
-0.4455430209636688	-24.634511947631836	2	sushi
-1.990522027015686	6.421595096588135	6	Poems
21.026952743530273	-8.709197044372559	1	Tibetan
10.19156551361084	6.447848796844482	9	Array
24.862077713012695	-21.619564056396484	5	incest
11.339229583740234	5.824078559875488	9	Orkut
0.3161291480064392	27.314380645751953	1	Liu
-32.243865966796875	10.21980094909668	1	Wong
-11.663037300109863	-15.936043739318848	2	Fried
6.113022327423096	-31.032960891723633	5	coz
19.30443572998047	7.937518119812012	7	Strings
12.717432022094727	2.683138370513916	6	Kardashian
-12.690047264099121	11.265161514282227	8	Stations
-7.646425724029541	-18.638734817504883	2	Vegetarian
44.42979049682617	-5.37091588973999	10	PARTY
47.136619567871094	-5.666024208068848	10	SONG
-19.718976974487305	9.287787437438965	8	Sanctuary
18.72857666015625	8.700369834899902	7	Protector
23.090288162231445	-18.79526138305664	5	diapers
-34.59088134765625	-3.810931921005249	6	Lay
-43.675575256347656	-8.068532943725586	6	Kimberly
-42.65089797973633	-4.835570812225342	6	Oops
14.913311004638672	35.142974853515625	3	Shah
18.533639907836914	-24.24065399169922	5	sensual
13.31603717803955	-29.15468406677246	5	luv
17.063276290893555	-20.016239166259766	5	dan
-34.447776794433594	3.8255510330200195	6	Panda
-44.8438720703125	-11.59179973602295	6	Yup
-31.22669219970703	-3.0016748905181885	6	Wicked
7.269999027252197	28.93617057800293	1	Tibet
4.293601036071777	-4.020525932312012	0	Pregnant
21.048566818237305	9.798742294311523	7	Knee
17.806365966796875	-12.351739883422852	4	prayed
10.508068084716797	4.851715087890625	6	Liked
-15.983060836791992	1.779849648475647	6	Commented
1.5153331756591797	2.7154383659362793	7	Toe
-39.53496551513672	-1.8711581230163574	9	Moves
13.813423156738281	13.636213302612305	8	Florist
-0.08948420733213425	2.9073596000671387	7	Prom
-1.4898682832717896	11.701600074768066	7	Lantern
47.59901809692383	-7.260753154754639	10	MOVIE
-39.13525390625	3.7452869415283203	8	Orchard
5.472485542297363	14.385977745056152	8	Entrance
43.814510345458984	-5.310626983642578	10	MODEL
2.6163277626037598	-25.94332504272461	5	craving
20.98972511291504	-9.24609661102295	1	Buddhism
-6.9272050857543945	13.169029235839844	7	Tribal
-24.02847671508789	4.663295269012451	9	Pulse
-32.10207748413086	2.782106399536133	8	Gathering
-20.05153465270996	13.003920555114746	8	Laguna
-12.44284439086914	16.79864501953125	8	Fiesta
-28.13623809814453	0.7645045518875122	6	Losing
-3.2081446647644043	11.657356262207031	7	Drums
-10.198707580566406	-15.896123886108398	2	Cuisine
-40.06755828857422	-6.54505729675293	6	Bye
8.774937629699707	-19.302045822143555	5	ver
1.0082461833953857	33.27582550048828	1	Seoul
1.3547701835632324	-5.5944695472717285	0	Drunk
-15.631743431091309	16.56486701965332	8	Fridays
-7.9791717529296875	-19.07698631286621	2	Seafood
-32.81016540527344	10.365935325622559	1	Chang
-16.06052589416504	5.045938968658447	9	Feeds
-23.190183639526367	4.3827714920043945	9	Vendor
1.0308516025543213	28.566789627075195	1	Filipino
-36.81999969482422	-0.46374770998954773	6	Tune
2.1352438926696777	2.7985377311706543	7	Toilet
17.673641204833984	36.41613006591797	3	Kerala
-4.931450366973877	6.222346305847168	9	Followers
15.260846138000488	34.752628326416016	3	Gandhi
4.341005802154541	-35.22372817993164	5	hmm
-44.25701141357422	-7.684789657592773	6	Kat
48.39883041381836	-7.756582736968994	10	SEX
-24.578636169433594	-8.009811401367188	4	Pray
8.621061325073242	-26.156850814819336	5	idol
18.042861938476562	-12.275328636169434	4	scripture
-13.487116813659668	0.3276054263114929	6	Manny
19.986278533935547	5.473113536834717	7	Heater
14.342538833618164	8.160788536071777	6	Sharks
12.831217765808105	-3.7785685062408447	0	Shemale
11.227702140808105	2.088120937347412	0	Personals
-23.215599060058594	7.672662258148193	6	Tribe
-39.77132034301758	1.0070011615753174	8	Alley
2.5054495334625244	-34.813289642333984	5	tempting
3.3559961318969727	-2.866117477416992	0	Mistress
7.155025005340576	-24.765031814575195	5	guru
46.619449615478516	-5.986603736877441	10	THESE
25.77609634399414	-21.762033462524414	5	clit
18.51078224182129	8.668638229370117	7	Bearing
36.36170196533203	-5.258790493011475	10	ENGINE
-1.652092695236206	16.32404327392578	7	pcs
43.82843780517578	-3.311508893966675	10	PRODUCTS
-5.328202247619629	18.508363723754883	8	Buffet
8.550525665283203	-3.555452346801758	0	Boobs
5.135436534881592	26.718278884887695	1	Zhang
0.10039117932319641	-7.993472576141357	0	Girlfriend
-17.888612747192383	13.181032180786133	8	Mansion
-22.695789337158203	10.644461631774902	8	Lima
1.338761806488037	25.23914337158203	1	Dynasty
-0.16402587294578552	27.321378707885742	1	Han
-10.054617881774902	-5.466306209564209	7	Combination
-34.95294952392578	-4.554229259490967	6	Karma
23.54352378845215	-23.01482391357422	5	tranny
38.362159729003906	-4.648525714874268	10	AVE
-7.384217739105225	4.065249919891357	6	Inappropriate
11.696645736694336	-26.598573684692383	5	lee
-24.74776268005371	3.6269631385803223	9	Promote
22.64269256591797	-23.064979553222656	5	nipple
27.8189640045166	-5.2439494132995605	9	jQuery
-33.541263580322266	-2.2341549396514893	6	Jasmine
-17.004308700561523	14.176091194152832	8	Tacoma
-0.5964321494102478	6.33721923828125	6	Arrested
-42.79066467285156	-9.975401878356934	6	Sheila
-3.898965358734131	10.22640609741211	9	Weapon
19.50813865661621	36.99238967895508	3	Pradesh
-22.421056747436523	6.38518762588501	6	Won
-32.017608642578125	-7.999810218811035	0	Pic
-8.568078994750977	7.733492851257324	6	Jail
-2.9689273834228516	-6.413975715637207	0	Legs
16.539356231689453	-12.134379386901855	4	sacrifices
-11.097003936767578	7.976922035217285	9	Reported
7.466098308563232	12.736311912536621	9	Examination
23.146087646484375	-19.22702980041504	5	tummy
41.15602111816406	-4.386074066162109	10	BEACH
48.87814712524414	-2.786630153656006	10	SUN
-27.143625259399414	2.9070847034454346	9	Finds
-3.254063129425049	12.77459716796875	7	Stands
2.3473427295684814	-0.5989931225776672	6	Lohan
-21.476160049438477	13.315165519714355	8	Glendale
20.366676330566406	7.7737956047058105	7	Shaft
-28.00523567199707	7.413759708404541	6	Coco
3.05562686920166	-34.328468322753906	5	spoil
49.4979133605957	-3.212068796157837	10	FIRE
10.431642532348633	-25.071088790893555	5	karaoke
46.07392883300781	-2.352667808532715	10	FOOD
-4.912725925445557	-6.812173843383789	7	Exotic
-8.346264839172363	-2.9710702896118164	7	Feeding
-42.94742202758789	-6.919867038726807	6	Leah
-22.584012985229492	13.637279510498047	8	Woodland
49.90873718261719	-4.297475337982178	10	GOT
-23.996713638305664	-7.636516571044922	4	Shall
-7.642395973205566	15.479473114013672	8	Tent
5.074928283691406	9.479233741760254	8	Burial
48.75648498535156	-3.9096338748931885	10	JOB
-7.448167324066162	-20.415437698364258	2	Shrimp
50.75213623046875	-6.313421726226807	10	GIRL
17.05600929260254	-22.42084503173828	5	sew
10.90368938446045	9.943342208862305	9	Schedules
-14.820898056030273	4.723891258239746	9	Popularity
12.593976974487305	5.6920599937438965	9	Avg
-36.16469955444336	3.556612491607666	8	Flora
19.964630126953125	-17.91238784790039	5	slider
-9.620563507080078	4.950554370880127	9	Illegal
4.692788600921631	30.285297393798828	1	Burma
18.687644958496094	37.012393951416016	3	Punjab
16.98614501953125	37.230831146240234	3	Hyderabad
-18.249990463256836	0.9215619564056396	6	Watched
-1.8909581899642944	14.325648307800293	7	Packing
2.652010917663574	32.18119430541992	1	Malaysian
-25.767946243286133	4.3101301193237305	9	Preparing
-39.28267288208008	2.925597906112671	8	Clifton
-30.8283634185791	-5.4696550369262695	0	Thumbs
48.36540222167969	-5.649134635925293	10	LYRICS
-11.13479232788086	19.117328643798828	8	Hyatt
2.556516408920288	24.984603881835938	1	Eng
-9.331993103027344	-4.3844757080078125	7	Jar
-19.901952743530273	4.353842735290527	9	Swap
-10.3267183303833	-12.62427043914795	2	Nuts
48.9555549621582	-6.901678562164307	10	VIDEOS
45.883888244628906	-3.7490127086639404	10	AREA
-25.16900062561035	10.761707305908203	8	Hut
-5.393534183502197	-1.9146665334701538	7	Rope
20.471586227416992	-11.403131484985352	4	rituals
5.658590316772461	10.752567291259766	9	Grades
-31.516761779785156	10.188085556030273	1	Kai
46.53559875488281	-6.83806848526001	10	DONT
14.776246070861816	-20.11020851135254	6	resign
16.79128646850586	-18.778377532958984	1	tsunami
0.8126599192619324	-24.639673233032227	2	sweets
20.293394088745117	9.331771850585938	7	Knitting
-2.5506234169006348	8.745620727539062	6	Tornado
-35.70220184326172	1.7499899864196777	7	Blossom
5.836852550506592	-32.50104904174805	5	pun
-13.372989654541016	16.860021591186523	8	Subway
-39.15358352661133	2.6403331756591797	8	Mansfield
-42.119842529296875	-9.040401458740234	6	Gee
52.88157653808594	-4.061684608459473	10	UPDATED
-0.35212284326553345	2.7749955654144287	7	Locker
-37.37440490722656	-6.979228973388672	6	Kudos
-0.18788112699985504	6.930639743804932	6	Rumors
-17.905630111694336	14.387784957885742	8	Palo
-41.284610748291016	-3.477459192276001	9	Continued
49.59047317504883	-5.510459899902344	10	POSTED
-13.218575477600098	0.7381536960601807	6	tweeted
-13.312461853027344	-13.890806198120117	2	Mango
-6.646292686462402	10.319113731384277	6	Hundred
45.690555572509766	-5.272388458251953	10	BODY
6.909633636474609	25.9202880859375	1	Kyoto
-39.20245361328125	0.60434889793396	8	Hale
-35.928043365478516	-7.781494617462158	6	Agreed
-33.820003509521484	-0.4809708595275879	6	Sticky
0.9773442149162292	24.77854347229004	1	Ping
0.5054409503936768	7.851113319396973	9	Contests
1.5919924974441528	-6.575969696044922	0	Erotic
10.610553741455078	15.84294319152832	8	Courtyard
11.443330764770508	15.031999588012695	8	Auditorium
38.91395568847656	-5.0166730880737305	10	GEAR
20.354740142822266	-17.922975540161133	5	wrapper
-8.647058486938477	8.594472885131836	9	Victims
-24.13251304626465	9.386038780212402	8	Hay
-43.49826431274414	-8.782672882080078	6	Melody
-3.6524598598480225	27.71591567993164	1	Tai
15.070931434631348	10.404340744018555	1	Lung
39.50065612792969	-5.085965633392334	10	BLOCK
20.86217498779297	-24.655033111572266	5	thong
19.92336082458496	-20.306325912475586	5	sms
53.91619110107422	-3.0164635181427	10	STORY
15.374862670898438	34.05519485473633	3	Krishna
-12.016602516174316	3.2461044788360596	9	Unable
-2.0521888732910156	21.733455657958984	7	Ethnic
17.67582893371582	10.823534965515137	7	Chemicals
5.76499080657959	-34.111122131347656	5	gosh
-38.86272430419922	-7.100227355957031	6	Lydia
8.663078308105469	-24.882888793945312	5	multiply
29.429813385009766	-6.506247043609619	9	FLV
-9.376432418823242	-14.881454467773438	2	Sesame
-21.09371566772461	13.524186134338379	8	Lakewood
-36.37291717529297	0.11121431738138199	6	Shields
5.316020488739014	30.599882125854492	1	Myanmar
15.750716209411621	6.091150760650635	9	PCB
-3.439683675765991	-5.648149013519287	0	Maid
19.830291748046875	9.695175170898438	7	Tissue
29.670948028564453	-5.071666240692139	9	JUN
-17.780746459960938	11.243178367614746	8	Playground
-9.719289779663086	16.773075103759766	8	Banquet
48.46757125854492	-6.881608963012695	10	GIRLS
20.694433212280273	-18.844758987426758	5	msg
-10.825604438781738	-14.257725715637207	2	Taco
-30.446487426757812	0.35311201214790344	6	Magical
6.796205997467041	-24.263622283935547	4	vows
-44.55693435668945	-5.040751934051514	6	Hungry
-10.391204833984375	-15.329038619995117	2	Sushi
8.294631004333496	10.092074394226074	9	Batch
-10.981222152709961	-17.00163459777832	2	Spicy
36.050899505615234	-5.3094706535339355	10	PUMP
23.902297973632812	-18.4547061920166	5	bleach
-8.76534366607666	-18.600955963134766	2	Vegetables
18.471694946289062	35.80125427246094	3	IANS
-9.767452239990234	-7.383571624755859	7	Creations
51.505367279052734	-4.409914016723633	10	OFFICIAL
-12.042088508605957	10.160248756408691	9	Vendors
-6.3682684898376465	-6.22199821472168	6	Sailor
-17.202577590942383	15.066429138183594	8	YMCA
-29.38719367980957	0.0649309828877449	6	Breath
-15.887279510498047	-0.21572230756282806	6	Selena
-22.263702392578125	12.584547996520996	8	Noon
21.89798927307129	-0.08234215527772903	6	Que
21.024295806884766	-10.778306007385254	4	monks
-42.53871536254883	-8.533987045288086	6	Janice
-24.03008460998535	13.668557167053223	8	Fremont
52.721710205078125	-2.6626267433166504	10	TIMES
-1.111504316329956	9.861496925354004	6	Rockets
12.833489418029785	9.988784790039062	6	Nets
-28.153690338134766	3.831657886505127	9	Continues
-42.9228401184082	-5.801872730255127	6	Dare
28.905975341796875	-3.3432114124298096	7	Pendants
45.221012115478516	-5.396199703216553	10	HAND
-9.72700309753418	-14.509703636169434	2	Fruits
-30.548686981201172	3.791872978210449	6	Geo
-20.642223358154297	7.107072353363037	6	Samurai
20.554569244384766	8.819897651672363	7	Belts
7.338646411895752	-36.17655944824219	5	LMAO
-38.708595275878906	3.1575093269348145	8	Evergreen
-11.157706260681152	8.680235862731934	9	Timing
10.171340942382812	8.395195007324219	9	Notification
6.44079065322876	-3.19596791267395	0	Bondage
22.674354553222656	-19.398147583007812	5	mas
21.51331329345703	-11.804673194885254	4	Quran
10.468411445617676	-0.6721932888031006	0	Latex
-15.22647476196289	16.422340393066406	8	Tuesdays
-10.168436050415039	-6.744711875915527	7	Floating
-4.553899765014648	9.348920822143555	9	Enhancement
-0.3655896484851837	-8.382747650146484	0	Suck
3.5762574672698975	29.046964645385742	1	Phuket
0.15608051419258118	-6.10923957824707	0	Hottest
-30.95168113708496	-3.6727683544158936	6	Scary
3.392578601837158	-36.22714614868164	5	hmmm
-2.1664321422576904	26.42950439453125	1	Mandarin
-28.822769165039062	-1.6900687217712402	6	Gil
3.92716908454895	31.390230178833008	1	Jakarta
41.423675537109375	-5.169288158416748	10	PARTS
21.91129493713379	-12.272690773010254	4	fasting
15.662200927734375	-19.707775115966797	5	weaving
-31.6619930267334	-1.6444063186645508	6	Dancer
23.62181282043457	-16.552967071533203	1	yen
-12.663627624511719	-13.983997344970703	2	Crab
4.310680389404297	10.036940574645996	6	Mic
-39.450965881347656	-1.8125636577606201	9	Brings
4.223036766052246	11.479752540588379	8	Preschool
20.750734329223633	-19.60338020324707	5	abt
-9.347380638122559	-5.323626518249512	7	Sticks
48.110618591308594	-2.6570708751678467	10	SEA
22.429244995117188	5.883395671844482	7	Bracelets
41.594642639160156	-4.413414478302002	10	PHONE
28.442174911499023	-3.407166004180908	7	Bearings
13.455778121948242	-20.295856475830078	8	stalls
-28.31321907043457	1.4409630298614502	6	Deadly
-38.79913330078125	-5.559910774230957	6	Rae
-37.59012222290039	-5.957176208496094	6	Kara
-14.94565486907959	6.144257068634033	9	Positions
-44.28514862060547	-10.401869773864746	6	Lately
-24.93047332763672	-7.006134033203125	4	Heavenly
-38.22612380981445	0.6127456426620483	8	Mystic
7.050850868225098	-33.825565338134766	5	bum
51.43511199951172	-6.111154556274414	10	GALLERY
-8.14117431640625	-5.2838850021362305	7	Mud
12.582862854003906	10.123306274414062	9	Chem
17.434741973876953	-20.323902130126953	5	lang
16.5579776763916	7.6216044425964355	7	Dia
7.181392192840576	-24.358768463134766	4	mantra
22.83620262145996	-8.605289459228516	4	Reiki
8.295933723449707	-25.172977447509766	5	karma
17.07677459716797	-11.25378704071045	4	Scriptures
19.46976661682129	-12.554899215698242	4	Thy
47.771575927734375	-4.381935119628906	10	WEBSITE
51.4949836730957	-2.263641357421875	10	SHOP
21.801284790039062	8.291389465332031	7	Pouch
14.55412483215332	33.576961517333984	3	Abdul
25.716835021972656	-19.055858612060547	5	hindi
28.63430404663086	-5.022782802581787	9	MOV
50.269935607910156	-3.169102907180786	10	CHANGE
12.041139602661133	-3.5082614421844482	0	Sucking
-6.928920269012451	-18.611860275268555	2	Herbs
-26.707143783569336	2.5046768188476562	6	Debut
5.402799606323242	-31.894906997680664	5	slack
1.9184712171554565	3.2670235633850098	7	Tubes
7.507544040679932	-18.183979034423828	5	flv
1.802954912185669	23.5672607421875	1	Karate
25.7237606048584	-2.9714772701263428	9	Exams
17.845727920532227	-19.980220794677734	5	ang
-3.5449182987213135	27.127410888671875	1	Kung
-21.787702560424805	7.101926326751709	6	Sim
-22.53257942199707	9.044894218444824	6	Reyes
-41.076332092285156	-4.014007568359375	9	Learned
0.4926416873931885	-2.1943368911743164	0	Rape
-0.7029493451118469	-24.139562606811523	2	mango
-19.324848175048828	2.303070545196533	9	Embed
-0.15143245458602905	6.980997562408447	6	Missed
50.50067901611328	-3.7569780349731445	10	SAY
-14.244693756103516	-13.690741539001465	2	Yum
-36.455955505371094	-8.686769485473633	6	Huh
0.14959926903247833	14.904348373413086	7	Textile
2.217815637588501	-6.190106391906738	0	Booty
6.54899787902832	-31.065471649169922	5	hav
-21.976030349731445	10.298502922058105	8	Marcos
9.77015495300293	-25.317045211791992	5	sting
12.212258338928223	9.718181610107422	9	Earthquake
37.209747314453125	-5.152811527252197	10	MODELS
16.13715362548828	36.82674789428711	3	Pune
16.102642059326172	37.45425796508789	3	Kolkata
24.028919219970703	-17.51198959350586	5	dia
-3.0332939624786377	7.074583053588867	6	Singers
-15.85234260559082	16.08785057067871	8	Thursdays
-6.471299648284912	3.038844347000122	6	Guilty
15.252778053283691	9.496959686279297	1	Phi
7.02951192855835	-32.05718994140625	5	sis
12.745707511901855	13.46281623840332	8	Salons
-31.664955139160156	1.9412009716033936	8	Alma
-45.2060661315918	-6.276324272155762	6	Crush
11.911080360412598	-3.156634569168091	0	Panties
6.6852030754089355	26.15529441833496	1	Koh
22.251718521118164	-12.103327751159668	4	Qur
27.671541213989258	-10.387653350830078	4	shalt
-41.81357955932617	-7.040731430053711	6	Telling
13.354812622070312	8.659687042236328	6	Suns
21.55169677734375	-20.4362850189209	5	dun
-36.533782958984375	-9.092175483703613	6	Nah
-3.660008668899536	-24.153934478759766	2	cucumber
-41.852115631103516	-5.8153557777404785	6	Tried
23.65978240966797	-12.732972145080566	4	astrology
-25.734146118164062	8.023557662963867	7	Treasures
24.257495880126953	-20.76473045349121	5	underage
-36.86032485961914	-8.416991233825684	6	blogged
-28.177682876586914	4.2285895347595215	9	Hosts
14.33700180053711	-26.0441951751709	5	cutest
-1.930582880973816	9.35457706451416	6	Maxim
-37.69347381591797	3.560779571533203	8	Mart
-15.512368202209473	16.32472801208496	8	Wednesdays
-11.427495956420898	8.025263786315918	9	Incident
44.442989349365234	-4.259697914123535	10	BOARD
8.444687843322754	30.09694480895996	1	villagers
20.282848358154297	5.19861364364624	7	Percussion
-2.944687604904175	-23.01923942565918	2	nutritious
-7.695253849029541	10.08848762512207	9	Kindergarten
24.30284881591797	-2.6990716457366943	9	APIs
-9.916204452514648	7.284549236297607	9	Expected
-24.003097534179688	-1.614151954650879	6	Poem
-7.767858505249023	-1.9394594430923462	7	Skins
11.078055381774902	9.528221130371094	9	Tuition
2.523346424102783	-3.6494905948638916	0	Wives
25.46367073059082	-21.39740753173828	5	preteen
1.1856316328048706	26.289674758911133	1	Feng
-16.553220748901367	-5.1751861572265625	4	Blessings
21.252880096435547	7.896496772766113	7	Diaper
-41.85446548461914	-6.488885402679443	6	Told
-4.631417751312256	5.9953508377075195	9	Answered
21.516462326049805	5.811435699462891	7	Gown
-6.949476718902588	-5.884884357452393	7	Mermaid
8.06258487701416	29.331052780151367	1	Lama
21.812698364257812	5.489562511444092	7	Wrist
51.70687484741211	-2.7477245330810547	10	MAIN
22.35910987854004	0.2842976152896881	6	Bleach
-4.947141647338867	7.952709197998047	9	Widget
-29.213459014892578	4.194584846496582	9	Mentor
-26.11197853088379	17.336345672607422	3	Bombay
-18.869741439819336	13.690855979919434	8	Stamford
-3.4433298110961914	-22.396331787109375	2	teas
16.413192749023438	-20.25857925415039	5	kite
5.851256370544434	29.111419677734375	1	Kuala
-40.145721435546875	-10.53552532196045	6	Alas
0.04353754594922066	-1.566779613494873	6	Jokes
52.383575439453125	-3.401266098022461	10	JUNE
26.618654251098633	-2.9712376594543457	9	Tutors
-3.1823410987854004	13.340298652648926	7	Needle
25.055200576782227	-3.043713092803955	9	Adsense
13.64914321899414	34.73572540283203	3	Tata
-22.169296264648438	9.3546142578125	6	Ramon
-24.27082061767578	-1.7715787887573242	6	Curse
-8.1099214553833	-4.204531192779541	6	Tender
-24.634681701660156	9.429240226745605	8	Hatch
15.232598304748535	10.366049766540527	1	Acupuncture
12.002155303955078	3.127891778945923	6	Cougars
11.197755813598633	-0.3343380391597748	0	Penis
19.80948829650879	-12.246377944946289	4	Jehovah
-11.416571617126465	13.562810897827148	6	Lunar
-36.99625015258789	-4.217733383178711	6	Underwood
11.63586711883545	15.641083717346191	8	Sheraton
-4.5291666984558105	-24.265796661376953	2	tofu
-1.1290395259857178	13.908363342285156	7	Stationery
-39.266292572021484	2.0556087493896484	8	Sherwood
13.417587280273438	-3.7908051013946533	0	Nipples
-8.581459045410156	-14.214934349060059	2	Paste
-3.8703932762145996	-4.3908915519714355	7	Tattoos
18.521455764770508	-11.768712997436523	4	scriptures
0.7013271450996399	33.20112228393555	1	Taipei
-1.606834888458252	2.365898370742798	6	Makeover
12.843121528625488	33.757568359375	3	INDIA
-6.94446325302124	6.872542858123779	9	Polls
1.238408088684082	-4.8411102294921875	0	Boyfriend
-5.779322147369385	-3.4612879753112793	6	Gal
-22.452442169189453	8.639249801635742	6	Ada
-22.754962921142578	7.549135208129883	6	Gemini
-6.4224982261657715	-20.62635612487793	2	Soy
14.038920402526855	36.53269958496094	3	Sharma
23.894311904907227	-16.14607048034668	2	pulses
19.62624168395996	36.809669494628906	3	Rajasthan
11.570093154907227	-24.67239761352539	5	actresses
8.468254089355469	-18.429399490356445	9	ext
50.44864273071289	-2.68816876411438	10	PROJECT
-19.110729217529297	2.1593029499053955	9	Newbie
-21.522483825683594	12.140398979187012	8	Wakefield
-7.811389923095703	9.1565523147583	6	Survivors
40.415260314941406	-4.716058731079102	10	COLLEGE
-7.5947418212890625	2.658754348754883	6	Furious
3.3795924186706543	28.6939697265625	1	Hanoi
-40.67812728881836	-10.155463218688965	6	Sigh
27.035802841186523	-3.549760580062866	9	Semiconductor
9.643122673034668	9.191574096679688	9	Node
-41.41111755371094	-8.110529899597168	6	Eddy
45.02674865722656	-4.826828479766846	10	BAND
-35.963653564453125	-0.07484381645917892	6	Keeper
11.373826026916504	7.615670680999756	9	Messaging
-14.432823181152344	14.943516731262207	8	Neptune