x	y	effect_size
-25.244300842285156	-9.400351524353027	-0.9436776053935017
-26.07488250732422	-8.729784965515137	-0.909747301891705
-27.722057342529297	-5.889718532562256	0.9153951446270396
-28.98211669921875	-6.271544456481934	0.9474233427087736
-25.70060920715332	-7.791861057281494	-0.8676827019373664
-2.7580482959747314	0.7538547515869141	-1.0906370785568849
-41.308162689208984	35.290931701660156	-0.7810838331605816
-42.73551940917969	31.994556427001953	-0.0934490189071389
-12.931838035583496	15.746006965637207	1.2673310100852366
-9.619576454162598	13.29829216003418	1.3973058491821384
-5.508373737335205	0.3887765407562256	-1.0705437549571164
-10.101491928100586	16.22348403930664	1.2729943858506405
-14.157505989074707	19.007986068725586	-1.0281331971544103
-10.645086288452148	13.908159255981445	1.4502622423853324
-9.878318786621094	9.225275993347168	-0.7521257816284517
-3.3769428730010986	2.032449960708618	-0.9349339362490572
-9.892513275146484	9.441715240478516	0.8788133898558387
-45.03144836425781	28.082687377929688	-1.0083606911942264
-27.98602867126465	30.15785789489746	-0.3804719633571328
-26.63436508178711	23.104219436645508	-0.6772409243431381
-24.573076248168945	26.53033447265625	-0.4647427353153429
-23.485424041748047	31.500215530395508	-0.6303299238927983
-31.150707244873047	30.79983901977539	0.1782536651679085
-27.842933654785156	29.258394241333008	-0.6010357240533873
-26.064008712768555	25.32425308227539	-0.0321064579469611
-27.462684631347656	-5.173320293426514	1.0761915838938283
-33.28047561645508	25.915056228637695	-0.378910440703554
-21.476154327392578	31.892568588256836	-0.5235608117743265
-23.194412231445312	26.43258285522461	-0.6606238050222386
-20.280622482299805	27.642309188842773	0.4761880930645811
-31.752544403076172	37.12287521362305	-0.302896221741749
-27.24593162536621	31.03213882446289	-0.6983812647261063
-29.20304298400879	31.77404022216797	-0.4521226919551337
-32.27390670776367	25.31085777282715	-0.4140194102692276
-27.602737426757812	37.8950080871582	-0.2953475234144098
-27.457067489624023	33.21342468261719	-0.3188588539566475
-23.603683471679688	28.411325454711914	-0.2558135682322002
-32.82078170776367	29.463481903076172	0.0423317726140446
-23.000810623168945	32.804954528808594	-0.686094979745693
-27.881898880004883	28.007532119750977	-0.1466677780837604
-30.8032169342041	37.94734573364258	0.3260567536557902
-27.510560989379883	37.65813064575195	-0.0467702602262491
-26.575960159301758	36.332176208496094	-0.3662841247057066
-32.600914001464844	34.40652847290039	-0.9987852019144104
-32.03731918334961	37.1342658996582	-0.2841135501089907
-31.02585220336914	33.559879302978516	-0.1530278159585041
-31.239042282104492	-11.475386619567871	-0.7640026237124727
-10.533361434936523	-9.241561889648438	-0.9060505120335268
2.508699417114258	-33.34244155883789	-0.5968065329937555
-6.108240127563477	-29.880884170532227	-1.0701689718176974
-31.836959838867188	-15.041388511657715	-0.7204223625691552
-28.751876831054688	9.048957824707031	-0.4938488839408693
20.254947662353516	-29.326202392578125	-0.2453651601035894
-18.3479061126709	-31.205320358276367	-0.6785788981182479
-29.147605895996094	-9.904669761657715	-0.5478713614680225
-13.578213691711426	-11.12847900390625	-0.5379311377794186
-1.5712308883666992	-2.0233101844787598	-0.4293319425807568
-9.341147422790527	-5.944385528564453	-0.8738528087938802
15.385222434997559	-11.168585777282715	-0.8484839701845249
9.894564628601074	-10.683706283569336	-0.6837831328734245
-5.760739326477051	-37.64423370361328	-0.7341304221843881
32.42745590209961	-15.93092155456543	-0.4412849645429714
15.681559562683105	-15.38264274597168	-0.7814351556849037
-36.84018325805664	-0.6588597893714905	-0.8634471322984281
-3.756422519683838	-30.097627639770508	-1.0601990397045915
19.959308624267578	-7.0274481773376465	-0.3903605264902774
-32.04270553588867	-22.670886993408203	-1.1432026469384282
-5.56108283996582	6.341910362243652	-0.8845983141681918
-13.835667610168457	-11.068805694580078	-0.6693600574021187
1.212917685508728	-10.505992889404297	-0.79918609402538
18.61693572998047	50.00212860107422	-0.3607418882255476
-16.47180938720703	-13.683095932006836	-0.8134928691945978
30.70684814453125	-21.685596466064453	-0.580952593616654
-19.89639663696289	-11.464958190917969	-0.8424710002029011
-22.63622283935547	7.128615379333496	-0.8079570277666728
-20.342824935913086	-12.287283897399902	-0.8080734160389947
38.451473236083984	-30.903095245361328	-1.089002362707426
-27.757307052612305	-18.15015983581543	-0.9778416684644804
27.944765090942383	-39.368186950683594	-0.3765075517888358
-23.436315536499023	6.939446926116943	-0.6395439711626238
-20.490543365478516	-28.285924911499023	-0.6256222702684582
-2.815540313720703	-15.246275901794434	-1.1341726086140584
27.811561584472656	-35.675445556640625	-0.7097047678905171
-19.814411163330078	0.7049994468688965	-0.8289118533382653
-22.542680740356445	13.658943176269531	-0.6506008341464605
2.3357577323913574	-4.809137344360352	-0.9388633739813452
-14.517125129699707	-7.352555274963379	-0.6598234635415311
9.067830085754395	-10.756306648254395	-0.853501451924685
38.06132888793945	4.968255043029785	-0.5311723763792262
-30.80470848083496	-20.489763259887695	-1.2877027115841408
27.046770095825195	-6.757250785827637	-0.6386104656205891
14.963068008422852	-28.684228897094727	-1.1561572573571806
29.766460418701172	6.717353343963623	0.2178518118545831
19.023727416992188	-7.4676008224487305	-0.3994980785497471
47.05900573730469	16.71413803100586	0.0249948129088028
-3.4389054775238037	12.05590534210205	-0.2737869642848257
-7.458762168884277	-16.933734893798828	-0.5080598294021116
-26.112943649291992	-14.016358375549316	-0.7547480512625708
11.468843460083008	-25.68903160095215	-1.2612267004975928
23.14420509338379	-4.850191116333008	-0.0213449364572711
-10.546195030212402	-21.728525161743164	-0.7062113626118384
-7.545439720153809	2.4776089191436768	-0.295307035657321
-33.879173278808594	-16.45272445678711	-0.0167872878256343
-16.752981185913086	-26.976585388183594	-0.915523595113952
-36.984371185302734	-0.47425565123558044	-0.2103436615430339
-29.42554473876953	-12.180179595947266	-0.5958955615560465
26.988351821899414	17.417770385742188	-0.5385756727434762
-25.274721145629883	-27.727720260620117	-0.7495717296820715
-1.464113473892212	7.694499492645264	-0.5177633834595122
-20.971397399902344	-2.8385441303253174	-0.0135756286774955
25.20369529724121	-23.253278732299805	-0.461352990880594
14.491220474243164	-10.862859725952148	-0.9173901606671434
21.899078369140625	-29.689838409423828	-0.3613817776959328
1.8627732992172241	26.820425033569336	-0.2003118061946741
-31.414714813232422	-15.615381240844727	-0.7665572063919269
-15.456194877624512	9.673990249633789	-0.1024715263886732
-24.69110679626465	-1.7946436405181885	-0.8371678474602112
-15.6661376953125	-7.406998634338379	-0.6846841305577052
-15.158013343811035	-26.055431365966797	-0.666316123659835
-3.5751445293426514	12.142365455627441	-0.2315767546986376
-9.025053977966309	-13.901881217956543	-1.1142650690922455
23.068893432617188	11.04240608215332	-0.008464203572051
12.902580261230469	4.345098972320557	-0.0717610677043966
-17.21684455871582	-22.001117706298828	-0.1270530646508653
16.63682746887207	29.723684310913086	0.4791617496996865
-28.12477684020996	-20.871049880981445	-0.7769095551041297
10.677583694458008	-35.35018539428711	-0.1143882462433184
-12.715267181396484	-25.33700942993164	-0.137879715602558
20.17781639099121	-7.820458889007568	-0.6494172395109044
14.945680618286133	9.604336738586426	-0.2405622614296246
6.144266128540039	-23.938505172729492	-0.752088323965508
13.879203796386719	12.88625717163086	-0.5649191731395625
16.423274993896484	15.482110977172852	-0.2343764594993878
-19.464340209960938	-17.414276123046875	-0.5450761872723229
42.46800994873047	27.575910568237305	-0.0598841793262403
26.495132446289062	-6.471973419189453	-0.7002903633715424
-25.04615592956543	-14.156575202941895	-0.805606795391588
-25.774385452270508	-15.195837020874023	-0.7646315091196457
-22.147008895874023	14.314756393432617	0.0701165260628638
-20.156309127807617	-23.530487060546875	-0.6419361940454072
-12.885590553283691	-25.860260009765625	-0.5017264785362779
-18.539419174194336	-15.91957950592041	-0.6302134033796088
-5.894890785217285	-19.756511688232422	-0.5014994324863058
20.262798309326172	-14.973039627075195	-0.4443702452868416
26.216020584106445	-40.783992767333984	-0.6979408547675888
-25.185165405273438	-19.3286075592041	-0.7376995446299569
-16.148672103881836	-3.7110230922698975	-0.5212215714298338
7.012948036193848	13.161065101623535	-0.5096237373764034
-0.10766610503196716	-18.67146110534668	-0.774826328950065
-12.445398330688477	38.02318572998047	-1.0845048774403674
-28.34688377380371	-10.281696319580078	-0.4460304774869845
-21.179718017578125	-7.8074798583984375	-0.920151559550847
-18.646156311035156	-9.352981567382812	-0.6223049826234855
7.927615165710449	49.66610336303711	-0.8056759696941117
-32.87343978881836	-35.38945007324219	-0.5545608961983909
-18.149412155151367	-43.67203140258789	-0.6356585696046646
18.353431701660156	-34.70146560668945	0.6074459709579497
-29.37619972229004	-6.630925178527832	0.8442479017094271
0.19750277698040009	16.43632698059082	-0.3575198945313941
2.9505503177642822	-21.65481185913086	-0.6258855150272533
-5.305259704589844	15.032552719116211	0.3026799388881931
24.840513229370117	-23.672903060913086	-0.6295393831082376
22.6087589263916	10.803631782531738	-0.4664712848983948
5.752479553222656	7.603548526763916	-0.774052312050208
-10.870916366577148	-9.255526542663574	-1.0868030820951902
12.036535263061523	6.604830265045166	-0.3270690052762866
-3.836886405944824	-29.108051300048828	-0.9603674089226016
-13.479937553405762	-18.17525291442871	-0.7265398683953823
-31.802940368652344	13.152925491333008	0.3257506000616912
-11.94599723815918	-13.216588020324707	-0.9036482201788572
19.46605682373047	-15.140219688415527	-0.7482916665581786
7.689795017242432	-2.024585247039795	-0.3714633029264762
32.934654235839844	-9.399965286254883	0.1324725446467591
3.9361958503723145	27.354738235473633	-0.0535677410006925
-1.9427672624588013	26.043222427368164	-0.7303488433956139
-12.126047134399414	-5.088549613952637	-0.6759920961630043
-18.841812133789062	1.307174801826477	-1.0879744948485623
5.827676296234131	17.395662307739258	-0.4532197452426566
19.6151123046875	13.804464340209961	0.8416933225511469
-21.629297256469727	-36.64969253540039	-0.2278483784909513
11.20406436920166	12.07457447052002	-0.0973853374699409
14.794683456420898	-20.910314559936523	-0.5937072994096397
-7.829659938812256	-12.874504089355469	-0.094805337241935
-20.961217880249023	-2.501469373703003	-0.1442750749429359
29.621662139892578	-27.515668869018555	-0.2745743866805415
23.379426956176758	-5.248991966247559	0.2299479510115753
-1.9664143323898315	-13.639618873596191	-0.9379053536996176
-29.04631805419922	8.600106239318848	-0.5233312351381628
15.256404876708984	-11.634796142578125	-0.6781489649224414
9.485138893127441	26.19661521911621	0.0530786074855155
19.25194549560547	31.548078536987305	-0.5169204586151744
1.9458198547363281	-4.660443305969238	-0.4445935737746027
14.657610893249512	30.893949508666992	-0.5769579205049014
36.7119140625	34.18479537963867	0.7642671187877019
-16.17209243774414	24.7174015045166	-0.5382695455441068
-25.194843292236328	14.431281089782715	0.7077629055317026
6.56882381439209	23.081501007080078	-0.0437220528685473
-27.804916381835938	-10.936005592346191	-0.7362777005919122
-12.9974365234375	-24.449480056762695	-0.2035485933242249
1.7920202016830444	8.854043960571289	-0.5703773370468586
-30.381153106689453	-33.97148895263672	-0.582218124042256
8.03001880645752	-39.0509147644043	-0.8126577020857803
45.948577880859375	-12.977818489074707	-0.5038468000252303
-10.647295951843262	18.509130477905273	0.1127242778758356
-25.709354400634766	-30.32295036315918	-0.7865386557203901
-5.577420711517334	19.597177505493164	-0.5299507582161604
-15.157633781433105	-18.17513084411621	-0.6967840015739101
-24.548059463500977	-23.642318725585938	-0.7178586499669122
9.793601989746094	-20.088838577270508	-0.5895273653618961
-27.019025802612305	22.4422550201416	-0.6959522090998256
-31.78386878967285	4.085758686065674	-0.9153070901576646
6.934791088104248	49.333526611328125	-1.161238413890303
31.52822494506836	-1.842414140701294	0.7793031893088206
3.8891918659210205	31.900386810302734	-0.0249248211796718
-23.103015899658203	19.86939239501953	-0.3717445997323427
30.811073303222656	22.455984115600586	-0.3557127531487806
10.691588401794434	-10.891043663024902	-0.7375621414543656
19.809995651245117	-28.79016876220703	-0.5749453121852898
-34.09196853637695	1.5008835792541504	-0.7858005063247322
7.600832939147949	-10.963309288024902	-0.3142095367930865
-2.7598953247070312	8.61296272277832	-0.97376439270173
-37.24068832397461	18.42315101623535	-0.7102865598074922
15.387924194335938	-33.783512115478516	-0.1646446756361853
12.103168487548828	27.365947723388672	-0.3909485459027713
9.953927993774414	8.303674697875977	0.0837007523900664
-41.231048583984375	2.005239725112915	0.8597275796052445
40.87687301635742	-6.985550880432129	-0.5269065312805693
17.91530418395996	12.342042922973633	0.3278440291119704
-10.904419898986816	-33.2136116027832	0.0009356101970342
-23.986629486083984	9.096963882446289	-0.1132701422770431
-9.934137344360352	-42.85783004760742	-0.6013972378184864
-7.583406448364258	2.496394634246826	-0.2413581285583594
-2.277803897857666	-3.453383684158325	-0.0785777856094715
-36.54136657714844	2.811302661895752	0.9032495274687022
16.48373031616211	-40.26581573486328	-0.6420894818654135
-13.785755157470703	40.755096435546875	0.3728545075468955
-27.505245208740234	-15.354815483093262	-0.7446210069951513
13.510395050048828	14.011682510375977	-0.3667997821360389
-21.035192489624023	-5.43179178237915	0.1814963975038158
1.059862732887268	3.7041525840759277	-0.7565928502782987
-1.6131774187088013	37.106014251708984	-0.263231292449568
30.607868194580078	-4.677475929260254	-1.0545425790108458
0.32149165868759155	-42.33981704711914	-0.7616800282045502
19.443092346191406	50.790103912353516	-0.8344439260700697
-20.594684600830078	-6.324562072753906	0.2747578918587068
-7.701763153076172	25.609573364257812	-0.4337265597158511
35.29578399658203	27.55330467224121	0.5734621792286133
6.260411262512207	34.45143127441406	0.7437420389190802
9.984689712524414	-10.142802238464355	-0.5972727924410599
31.181734085083008	-22.08797836303711	-0.3890599900591928
-17.550830841064453	13.404644966125488	-0.550406171535302
24.747663497924805	-9.947875022888184	0.0721094765754521
-24.632518768310547	20.175050735473633	-1.036276723159996
-27.4233455657959	-18.22176170349121	-0.8637262467564405
23.49430274963379	23.42635154724121	0.4742724215339662
-3.1141257286071777	-15.442960739135742	-0.9368054603251232
-31.947912216186523	-14.267144203186035	-0.7060662459607798
17.685867309570312	24.995620727539062	-0.2427949751612921
-8.579498291015625	-1.171654224395752	-0.556917238203938
-43.66773986816406	-2.9421470165252686	-1.6051636388552386
6.95324182510376	42.35258865356445	-0.4627947875613941
-43.89443588256836	-0.4126569926738739	-0.9988038384181428
7.601916313171387	-29.265827178955078	-0.1958423460037367
16.107181549072266	50.184940338134766	-0.2957378769765202
-11.037810325622559	-21.357248306274414	-0.8706436090092184
24.499849319458008	-9.98751449584961	-0.7065754541900753
10.448646545410156	-5.6129536628723145	-0.6289603745353675
-31.9091854095459	8.764469146728516	-0.4075007506139335
-12.119564056396484	-20.12453269958496	-0.8161282266885507
-4.36545991897583	25.584760665893555	-0.5398305757827682
-40.926979064941406	3.397465705871582	0.9934827813779388
-12.408431053161621	-38.54265594482422	-0.6762728711677264
29.7706298828125	36.47768020629883	0.8861387378614188
-7.5832037925720215	-12.435903549194336	-0.5776531367520101
-1.3471243381500244	7.946357727050781	-0.6159361770187338
13.32642650604248	-43.922210693359375	-0.4822485645073989
-36.81464385986328	18.274093627929688	-0.8996358515636594
-31.759845733642578	-11.210978507995605	-0.6088583699262002
-17.736215591430664	-45.28807830810547	0.1023778981585802
21.570497512817383	3.590528726577759	-0.1842550194419601
4.955046653747559	-19.227981567382812	-0.6994212568677406
8.834662437438965	31.95387077331543	-0.0676575060707611
9.023157119750977	30.293550491333008	0.3248830193335363
-10.205009460449219	13.042601585388184	1.4146198251935316
15.547100067138672	5.510740756988525	-1.1831539042073205
11.035141944885254	-26.055213928222656	-0.9882843848345226
11.177078247070312	20.4789981842041	-0.763490684205008
-38.50178527832031	19.418901443481445	-0.5126148570787716
25.304655075073242	23.709957122802734	0.3872515900024562
11.237189292907715	41.15324020385742	-0.5504865726344733
27.441267013549805	-39.318382263183594	-0.3284145356821281
4.663054466247559	10.4683256149292	0.2221396135323979
-20.298986434936523	10.140339851379395	-0.3714955111944582
26.796546936035156	-2.8002288341522217	-0.3176481553925051
-18.08000373840332	0.5751278400421143	0.0646108549821381
-45.875335693359375	1.5271350145339966	-0.5990738538487353
-32.07147216796875	-18.79619598388672	-0.4649073349787738
-29.827966690063477	-28.941125869750977	-0.6702374689992903
7.032016277313232	-24.527830123901367	-0.707786181295157
6.401125907897949	-4.866652011871338	-0.1722619977956112
-28.05313491821289	-22.732521057128906	-0.7103736224410212
-16.463607788085938	-21.954763412475586	-0.3810048587688363
28.352018356323242	44.43223190307617	-0.7832731582962081
-33.20450210571289	-15.365372657775879	-0.3455025552957296
-19.050168991088867	-18.009628295898438	-0.3868388844045384
-40.4069709777832	8.501582145690918	0.8793567899542797
-17.51458740234375	-24.383625030517578	-0.3858261499619146
-10.746597290039062	-26.49274253845215	-0.3552846529101421
3.614043712615967	7.603271007537842	-0.8625667178727634
6.995102882385254	-0.943077802658081	-0.7897749816266754
-13.229524612426758	0.11784040182828903	-0.8292788649305566
44.738067626953125	-13.871750831604004	-0.1072262309908642
24.3881893157959	28.030019760131836	0.16553941074603
18.740888595581055	39.614044189453125	-0.058108395487764
-43.36845779418945	9.106433868408203	-0.1303648432605273
32.73026657104492	11.794361114501953	0.0666941184629737
38.215538024902344	4.236468315124512	0.1815886552664433
19.447738647460938	-27.16729164123535	-0.4871127334810083
-40.59212112426758	7.075483322143555	0.5601932399411825
-2.8168582916259766	-28.206844329833984	-1.0409314120819178
-20.280160903930664	-13.699987411499023	-0.5169323743102017
-41.32421875	35.284297943115234	-0.7148452830516997
-28.792062759399414	-28.06502342224121	-0.8931400089058401
-7.068818092346191	-37.46502685546875	-0.6454409734164692
-5.262838840484619	33.369747161865234	-0.5573764546285773
-5.232585906982422	19.49384117126465	-0.5171256930964662
7.698750972747803	-14.937235832214355	-0.4695774631833586
29.16905403137207	-20.46474838256836	-0.7565225135004684
-46.8787727355957	8.500868797302246	0.3972800546831631
-5.121557712554932	-39.63909149169922	-0.5713439186050894
-4.875499248504639	-41.44182205200195	0.7219226036402205
13.315381050109863	-43.97574234008789	-0.250422477780256
7.206390857696533	42.764671325683594	-0.3829220300394337
-40.85414123535156	5.535849094390869	-0.8235833029129461
16.831396102905273	-15.925997734069824	-0.579097356932661
-22.638647079467773	13.190285682678223	-0.6487498597992372
13.698854446411133	14.83906078338623	-0.3154377259829683
5.366995334625244	5.703848361968994	-0.355940560737331
15.211124420166016	-28.144580841064453	-1.2483854979947988
15.043230056762695	-0.49736711382865906	-0.4822000953663535
38.35688018798828	3.7436890602111816	-0.2025698088629289
-14.338187217712402	-35.572113037109375	-0.8748269720401388
-16.163311004638672	24.721961975097656	-0.6030573788652622
2.158320426940918	40.26123809814453	0.0060435709563138
17.101728439331055	29.960668563842773	0.3538460106146011
6.340641498565674	37.32034683227539	-0.5756981641393187
-10.817983627319336	-14.938371658325195	-0.824800269803768
9.73017692565918	-20.903345108032227	-0.5468340281228903
9.099907875061035	26.108049392700195	-0.0399508573913514
-42.696678161621094	-15.871367454528809	-0.6681686743048627
18.26202964782715	-11.395925521850586	-0.5674797169565189
-1.077763319015503	20.464496612548828	0.7850766371416728
1.7623001337051392	26.307209014892578	-0.4863852416983079
2.106265068054199	8.622350692749023	-0.4509015842751144
10.94977855682373	-0.1857258677482605	-0.6373610435819655
-0.6913217902183533	11.269112586975098	-0.0086480496935588
8.445170402526855	2.4261090755462646	-0.8134293802451499
15.51321792602539	43.93888854980469	-0.1282516879474087
6.933014869689941	-24.95059585571289	-0.5232557587844601
42.50001525878906	10.391790390014648	-0.5553300682350428
-14.32818603515625	39.349056243896484	-0.0666835084120932
-5.411502361297607	26.718957901000977	-0.2704180851232036
35.81917953491211	-3.869173049926758	-0.3688755304389534
50.2236213684082	7.572090148925781	-0.9224033976917788
-29.006038665771484	3.4966845512390137	-0.6345192844251109
-43.108272552490234	-15.998428344726562	-0.353443466767729
28.19498634338379	-20.3356990814209	-0.1071057663008751
-33.866458892822266	-5.180420398712158	-0.645081291022704
8.315652847290039	2.621932029724121	-0.4042257877492825
-21.455585479736328	-34.701847076416016	-0.5155312642867352
-5.015079498291016	-27.134069442749023	-0.8622391141552926
16.277849197387695	24.101337432861328	0.7720171010042143
-25.704042434692383	7.101309299468994	0.055910890674942
-16.760143280029297	-25.836198806762695	-0.4491320999586676
14.855680465698242	-49.385040283203125	-0.4869390411715087
-20.932315826416016	-21.45165252685547	-0.9672055172412842
33.33988571166992	-9.050889015197754	0.047332358422848
5.627279758453369	3.2468113899230957	-0.5155648774709977
-33.67332458496094	-35.93645477294922	-0.3859240146887816
9.374384880065918	17.419553756713867	0.90466289553292
30.914846420288086	-5.207505702972412	-0.9920572412512996
6.745199203491211	13.018508911132812	-0.642133035413928
-4.417791843414307	-10.07680892944336	-0.3523119342218011
42.7137336730957	-0.3167349696159363	0.1465500156735985
-16.327077865600586	-24.09925651550293	-0.5328100120918912
-28.174724578857422	1.9480952024459839	-0.8366858891752802
33.9951286315918	6.908633232116699	-0.0689784856698053
-37.12813949584961	17.463748931884766	-0.9268319978256848
10.10898494720459	-36.527339935302734	0.4007736465856069
12.838286399841309	5.116260528564453	-0.1672604752323384
-0.3508869707584381	-52.132408142089844	0.3599120452070104
43.451438903808594	-21.376798629760742	-0.731668492217837
0.5414192080497742	-51.80281066894531	0.0697449170210284
-2.8700153827667236	1.0618892908096313	-1.2167116978877244
17.42797088623047	-33.347618103027344	-0.1286292421224186
-25.032901763916016	-22.32221031188965	-0.8722153753606884
-16.284008026123047	-25.086833953857422	-0.4858077251653089
26.7877197265625	-2.727450132369995	-0.5061129105276057
-6.544589042663574	23.435152053833008	-0.1823946038902477
-6.861958980560303	-16.875307083129883	-0.5184237487485543
21.884126663208008	17.847599029541016	-0.647305336079206
-11.393387794494629	-32.928199768066406	-0.3181985935604948
21.751636505126953	-10.969632148742676	0.4518608198334918
25.5543270111084	23.411161422729492	-0.3220946142786434
-18.22397232055664	-23.752286911010742	-0.3179128698372632
33.57497787475586	-16.46489715576172	-0.7763532993368181
-2.3790407180786133	-22.823318481445312	-0.3041793436202877
-12.683806419372559	-30.171165466308594	-0.5378356943038949
48.11870193481445	-5.870829105377197	0.6439331302532122
-11.907764434814453	-18.02417755126953	-0.2831702476361636
-9.787837028503418	-6.381995677947998	-1.0117624808683954
-2.936711549758911	26.85350799560547	-0.4433204606538908
-14.184669494628906	-7.402423858642578	-0.9338093731991084
-3.8116161823272705	-22.02410888671875	-0.4071994412002992
24.7424259185791	34.49284362792969	0.4032104690516578
32.439754486083984	-22.29862403869629	-0.7354792601866834
21.940814971923828	-0.1974634826183319	-0.4934175337921513
-2.626779794692993	-5.6992034912109375	-0.2929406146777523
15.289389610290527	-15.283746719360352	-0.8487115953619867
19.43499183654785	25.93282127380371	-0.8792399792854925
-20.429685592651367	9.037718772888184	-0.7305318196503587
19.913867950439453	22.097318649291992	-0.8610722475720516
17.841482162475586	-11.319829940795898	-0.7070323442050033
44.44844055175781	-14.028849601745605	-0.3783050391317543
-12.459415435791016	-30.525754928588867	-0.8717022424232065
27.479398727416992	36.60629653930664	0.3677329202766677
3.8635857105255127	14.604474067687988	-0.6424223148133296
14.613569259643555	17.585277557373047	-0.1351159138204173
-21.040767669677734	-14.587362289428711	-0.70689381020584
-1.3327175378799438	-15.501659393310547	-0.4942334499089328
-12.44007396697998	42.344993591308594	-0.6904615417720382
-31.923484802246094	4.057081699371338	-0.7170485565990071
-20.870576858520508	0.8186542391777039	-0.9557687250907182
-28.44833755493164	-16.075056076049805	-0.8418849649718062
3.27658748626709	1.2767349481582642	0.5814089789888092
1.38872492313385	7.723964691162109	-0.7507171185442679
27.676862716674805	11.104296684265137	0.2854723389922083
11.45661735534668	-13.612813949584961	0.1425024497917105
-12.186505317687988	0.006983242928981781	-0.8925800546071135
-5.89240837097168	-20.878978729248047	-0.5516092140520992
-17.509443283081055	2.258812189102173	-0.4034776382350945
-44.719932556152344	-16.322328567504883	0.3879335970868522
16.411087036132812	-28.317623138427734	-1.094531532486021
21.203149795532227	7.62913703918457	-0.2932570491292259
38.60426712036133	10.817510604858398	0.3886416572012081
-5.674298286437988	-7.723613739013672	0.4233883814909061
8.388808250427246	5.62834358215332	0.3746993572532833
-28.924365997314453	9.800222396850586	-0.5520820580336308
4.652837753295898	-19.446104049682617	-0.4109885565184658
-4.099111557006836	-40.5907096862793	1.4427657675944774
25.560420989990234	-25.01841926574707	-0.3924880261174258
2.523545980453491	-0.11697772890329361	-0.7629128197165513
4.175693511962891	10.441557884216309	-0.4787256062338514
11.466239929199219	1.320602536201477	0.214856939329009
32.453330993652344	-9.876891136169434	0.4417740199648768
-1.5880653858184814	16.621522903442383	0.2045779933187309
-27.154802322387695	21.267148971557617	-0.5777631988562948
-27.43056869506836	-27.775022506713867	-0.609153017705451
32.88364791870117	18.146358489990234	-0.2192081425806203
-4.3316779136657715	24.300546646118164	0.011257152293693
26.488162994384766	-26.693038940429688	-0.1127159908324288
-21.657230377197266	-22.471193313598633	-0.999112810298665
-24.97274398803711	-16.505887985229492	-0.9319976062772428
37.758174896240234	-20.933303833007812	0.1058981494530929
-23.399951934814453	-2.1789228916168213	-0.923801682391154
5.623803615570068	21.9305419921875	0.1223753680346281
4.398704528808594	-8.69483757019043	-1.283861280338201
19.041284561157227	49.41090774536133	-0.7003344409898494
-42.73314666748047	32.00414276123047	-0.2314704413989386
-11.767312049865723	32.85871887207031	-0.2373180978065398
-16.397541046142578	-3.357538938522339	-0.2688041971146075
28.31133460998535	-36.340633392333984	-0.3588066674743163
11.156702995300293	26.67399024963379	0.5222706626984556
6.647402763366699	49.69240951538086	-1.1020604584279048
-13.796499252319336	36.4646110534668	-0.7524348853323568
6.670275688171387	-25.877323150634766	-1.019297854257554
-21.39205551147461	-20.261850357055664	-0.7246304457316433
10.162388801574707	21.240076065063477	0.5556718022054175
2.822556734085083	5.2822489738464355	0.0148726003180243
16.505271911621094	15.4821195602417	-0.2816907790046513
21.91014862060547	3.813775062561035	-0.2140333449728904
-19.28240203857422	-37.84845733642578	0.129106464781857
20.254287719726562	-30.216381072998047	-0.1939244415814635
-31.8195743560791	13.154407501220703	0.9861928532240792
-26.619813919067383	-9.028488159179688	-0.8448294333899705
3.854326009750366	14.611753463745117	-0.679161604418425
8.126486778259277	50.15130615234375	-0.9683459901920456
-18.88604736328125	-4.556545734405518	-0.3029379005680228
15.677606582641602	21.48971939086914	0.644677573204124
15.737996101379395	-29.013172149658203	-1.1112747404150811
8.535408020019531	32.14202880859375	-0.0526367277462769
20.008106231689453	-2.3131117820739746	-0.131780454551916
17.463607788085938	2.361273765563965	-0.3632749861927893
7.320542335510254	5.454845905303955	-0.25501396868846
-5.6661763191223145	-22.967308044433594	-0.9113109435962962
2.4886703491210938	18.752309799194336	0.6030974011929294
-20.58134651184082	-36.77592468261719	-0.4783950915698159
-11.49062728881836	18.934755325317383	0.4769187789361393
-20.083436965942383	30.248220443725586	-0.3401885621933315
3.6300227642059326	27.760812759399414	-0.145106860743823
22.04622459411621	-0.10173710435628891	-0.7182296086449448
3.859063148498535	33.60091018676758	0.3279263213517733
-13.905996322631836	3.657932996749878	-0.1668236528983555
33.17665481567383	2.244264602661133	-0.6051491340202798
-7.134365558624268	30.496124267578125	-0.6596104530503214
-22.133241653442383	-25.477020263671875	0.1744340426758586
25.979768753051758	25.152618408203125	0.435890336932655
10.864426612854004	-0.4271324574947357	-0.3029764485370652
11.475813865661621	6.380186080932617	-0.566371778212354
47.313602447509766	16.92853546142578	0.4480011613730263
-14.693330764770508	-3.3336565494537354	-0.4110741343508242
12.319268226623535	36.64143753051758	-0.079502038911245
-12.379203796386719	-5.21311616897583	-0.6314975147258112
32.69707107543945	11.784710884094238	0.0417105643166475
23.55786895751953	3.3304896354675293	0.4052324013644086
1.1606898307800293	-10.542832374572754	-0.5681091134676184
31.244949340820312	-16.370189666748047	-0.3572930116845667
-15.248213768005371	-14.081581115722656	-0.2280555193697166
31.701904296875	-14.276070594787598	-0.3025217896463201
46.007633209228516	15.746366500854492	-0.4432495644277253
14.736156463623047	23.43992805480957	0.7429900549902037
12.870041847229004	54.3657341003418	-0.2639226852934545
6.645870208740234	23.405763626098633	-0.4260918566170104
-10.422430992126465	18.47100257873535	0.0186645403833741
13.27131175994873	15.150992393493652	-0.4596129641582626
11.429917335510254	-19.36536979675293	-0.2004232648032338
-4.335278034210205	-11.40096664428711	-0.2396635951663618
-22.505393981933594	26.140438079833984	-0.6656716749676479
24.914583206176758	-20.609176635742188	-0.3152988055113759
-43.250423431396484	-30.66189193725586	0.7070684313544029
15.95202350616455	-34.88675308227539	-0.1132410712499331
-13.364627838134766	-36.938228607177734	-0.6026593172625421
35.32320022583008	40.421363830566406	-0.1349241888642832
-19.01249885559082	3.4217119216918945	-0.5310213603124476
22.995195388793945	3.7021484375	-0.0399625243730561
-18.374494552612305	-31.187728881835938	-0.7219368990156132
17.67622947692871	38.92388153076172	-0.1846363982180668
40.939144134521484	-8.618413925170898	-1.0276793316635788
18.02672576904297	10.200927734375	-0.0762664594464824
24.204069137573242	40.35909652709961	-1.0571909582732215
18.809818267822266	18.52496910095215	-0.5832411202512309
22.939918518066406	-2.0400285720825195	-0.4281220496441258
-28.484228134155273	2.424225091934204	-0.7637984248929574
3.2434513568878174	34.485389709472656	0.655858953107933
-7.453766345977783	11.968446731567383	0.1758352803678242
2.4266531467437744	28.92564582824707	0.0867377829127097
-25.88375473022461	12.565536499023438	0.0467858003335286
-7.32357120513916	-4.903194904327393	-0.533079216633703
11.11423110961914	12.458263397216797	-0.3810707309018479
-21.180055618286133	7.987764835357666	-0.1455094076906839
38.09109115600586	35.10542297363281	-0.4590865398170535
-32.65485382080078	-23.04513931274414	-0.9194762192992628
-34.551185607910156	-36.80541229248047	-0.3025996292759193
-25.714494705200195	12.829336166381836	0.0858279015003005
-5.556761741638184	-36.73825454711914	-0.9324472708403988
-18.282306671142578	-44.214317321777344	0.2559435938951282
-20.365764617919922	-16.638511657714844	-0.7808254996040089
-6.26432991027832	40.2972297668457	0.2887752126130586
23.41404151916504	35.33180618286133	-0.2427733600950607
-16.19986915588379	8.00379753112793	-0.1439153895689789
9.75102710723877	16.750852584838867	0.4362556375767483
-0.32535725831985474	16.510385513305664	-0.4766259755100571
22.618070602416992	14.165942192077637	0.0695229515198225
38.37229537963867	19.694225311279297	-0.3154425157293736
-11.700944900512695	-17.533899307250977	-0.4054666520649199
6.592630386352539	-15.90980052947998	0.3219262315447848
29.768064498901367	27.194202423095703	-0.2515340970024045
37.59162521362305	-10.139810562133789	-1.1130210839984909
28.008514404296875	-40.18242263793945	-0.1675936528030151
-44.336631774902344	-5.647552967071533	-1.4789811390559682
20.837589263916016	-29.486408233642578	-0.0624325935269966
37.75725555419922	17.886152267456055	0.2741219636693734
11.56832218170166	43.812381744384766	-0.3206167686157108
-5.08173942565918	47.73086166381836	-0.7640582701087463
-30.30879783630371	-22.5991268157959	-0.79946759553369
-2.880464792251587	-1.514633059501648	-0.639831012416235
-13.834750175476074	-36.2469596862793	-0.5719499311239256
14.10836410522461	-20.46897315979004	-0.2561527639334737
28.221546173095703	44.3046875	-0.8743071083660943
-10.18372631072998	28.682804107666016	-0.0501070618177962
28.406877517700195	17.40471076965332	-0.5787150979007125
10.165027618408203	24.022281646728516	0.1858974790950339
-21.858997344970703	25.031082153320312	-0.1499230505132062
15.817180633544922	-33.593563079833984	-0.2666577217726828
22.835174560546875	-2.346809148788452	-0.2228237022362122
-8.2473783493042	-4.547447681427002	-0.795704474382695
7.698692798614502	-15.259468078613281	-0.4988088933095318
15.512282371520996	43.94651794433594	0.0210486084115276
-1.0727128982543945	36.06842041015625	0.5472376839878554
27.554807662963867	-41.42348098754883	-0.3183468086689988
13.249863624572754	-30.571205139160156	-1.0646417640462924
-21.450931549072266	-8.8003568649292	-0.4953749667432057
48.143585205078125	-5.865706920623779	0.6523426593781487
6.325697422027588	27.86705207824707	0.1463521350518765
-28.12799644470215	-26.49338722229004	-0.804064460595079
-29.198680877685547	-13.357158660888672	-0.6833414506092494
19.332475662231445	32.39478302001953	-0.6488018914442543
20.993419647216797	45.11933898925781	-0.7786014976037243
1.0106945037841797	-51.71150207519531	-0.2310635620307709
-13.631007194519043	5.656599998474121	-0.5469973612322219
-40.57045364379883	-3.1283535957336426	-1.024619622132666
12.707493782043457	17.011690139770508	-0.072213385552103
4.295653343200684	3.7673628330230713	-0.5965278013270008
18.586488723754883	-18.704050064086914	-0.5648435487389365
1.7426691055297852	30.6564998626709	-0.1861935292192885
26.200042724609375	-14.551247596740723	-0.6783989162327122
13.760298728942871	23.761228561401367	-0.5007659456410507
15.673684120178223	-27.531631469726562	-1.1387379925212295
28.218111038208008	-11.199119567871094	-0.3026284258887735
12.192172050476074	36.82466506958008	-0.133519142898557
30.71654510498047	-3.1918880939483643	-0.4228062582499783
-26.931673049926758	-22.353532791137695	-0.8969998551906708
-43.908180236816406	-28.771650314331055	-0.0839871124016971
-6.2838215827941895	-2.4804952144622803	0.2394860366358773
22.97849464416504	12.306695938110352	0.5815481837123555
-3.0312414169311523	-30.966360092163086	-0.7426781774974122
-24.153804779052734	-22.62744903564453	-0.8466578648388864
1.775773525238037	-36.57548904418945	-0.6535924278166754
14.367825508117676	0.8706619143486023	-0.5449743900386201
-44.05214309692383	-29.132753372192383	-0.3974858686204289
43.555442810058594	-0.38193294405937195	-0.3170089847346761
50.60371398925781	-17.085372924804688	0.431484054778933
27.477428436279297	-6.984531879425049	-0.6164072677764657
-28.337875366210938	23.507553100585938	-0.3361916132131458
-18.901351928710938	-15.348746299743652	-0.6242308054279347
-27.019775390625	-30.709718704223633	-1.1452232762082577
-10.23791217803955	-26.03589630126953	-0.6037243438764653
38.166893005371094	-22.473920822143555	-0.7193162371116689
-15.423715591430664	10.437274932861328	-0.2794521257099442
-16.03559684753418	17.40334701538086	-1.1104220888188965
-27.944988250732422	-24.524690628051758	-1.289381290108378
21.082799911499023	7.62045955657959	0.1812312924387197
15.262276649475098	-0.4388558864593506	-0.4419293046550785
-19.062259674072266	-10.261526107788086	-0.811949216419943
-4.190095901489258	30.590415954589844	0.2013443941089093
19.718814849853516	13.90237045288086	0.2060405598527407
14.19994831085205	8.502273559570312	-0.264878412480588
38.69209671020508	-30.074504852294922	-0.2467447221342348
22.53961753845215	27.684288024902344	-0.5760615707757177
2.554318428039551	-40.53419876098633	-0.5757505770087147
-44.0644416809082	24.611406326293945	-0.8021383199367415
-16.124767303466797	17.551607131958008	-1.1842118968491069
6.361788272857666	17.028146743774414	-0.5920234736454975
27.645097732543945	11.1152982711792	-0.148379120199733
22.648479461669922	-16.731399536132812	-0.6209605640231991
-24.97920036315918	-1.8085289001464844	-0.4212429341756982
-33.78724670410156	-19.44457244873047	-1.0185295002884276
18.53934097290039	-22.34178352355957	0.2744840835925043
-20.216766357421875	1.941083312034607	-1.2079705310259106
24.12128257751465	10.925875663757324	0.2418592039957714
-17.618459701538086	-10.953350067138672	-1.0847124330609903
32.424015045166016	-19.45314598083496	-0.4469305812292942
-14.113754272460938	5.971919536590576	-0.647885154098892
-4.54823637008667	25.731027603149414	-0.8090342165916512
2.1097216606140137	-6.14358377456665	-0.5348819379120814
19.078662872314453	0.4416184425354004	0.20086103283152
-20.16143035888672	48.16764450073242	-0.2974162992963122
22.112314224243164	-12.302370071411133	-0.2873830907974631
13.605377197265625	-19.034154891967773	-0.3439952506140961
-6.009973526000977	-5.135707378387451	-0.5697312867452324
38.613807678222656	18.034543991088867	0.0087938984463009
17.38297462463379	2.7131505012512207	-0.4779483686974019
-36.87959289550781	-8.597644805908203	-1.3320327687389188
11.50403118133545	-26.37409210205078	-0.9796571370566276
11.432769775390625	-13.59517765045166	-0.138001058862569
5.413126468658447	-32.7995491027832	-0.0588344162928987
11.808692932128906	23.621747970581055	0.026014812098045
-11.9849853515625	27.802486419677734	0.0624436878561044
2.9837002754211426	-15.356582641601562	0.5596094281214853
-24.16526985168457	-31.182302474975586	-0.454844314835884
50.60224533081055	-17.08599090576172	0.2282962154154107
-16.18701171875	9.525458335876465	0.1910448134013754
10.19456958770752	10.691803932189941	0.4391383264468393
30.154315948486328	6.839566707611084	0.1163114974237312
26.83283233642578	18.167274475097656	-0.1177044217856543
18.632204055786133	-19.17327880859375	-0.5032120580735338
15.27683162689209	-23.15066146850586	-0.6677556481457959
-25.247419357299805	-30.46146583557129	-0.7847404528179466
15.785266876220703	7.605832099914551	-0.5152719587999267
10.78727912902832	-6.034120082855225	-0.7135590457396572
-2.409432888031006	-6.014373779296875	-0.0933568069308096
42.112754821777344	27.203189849853516	-0.11151006374688
-12.277881622314453	-18.92015838623047	-0.7223314250167189
-1.3690427541732788	-23.258609771728516	-0.9000476805761466
5.890673637390137	2.409566879272461	0.966977588639394
1.7409026622772217	-35.442955017089844	-0.4871573375806418
-0.28466516733169556	43.510467529296875	0.2028149749906992
-25.97321128845215	20.827898025512695	-0.562169569609332
-4.030990123748779	-27.848617553710938	-0.7528236465649749
30.08578872680664	35.77652359008789	0.1085175345136735
-1.53928542137146	-7.60046911239624	-0.2074292847628799
26.574277877807617	-16.094154357910156	-0.0957816802469186
-43.324058532714844	-1.948045253753662	-1.1255862098618312
14.85738468170166	17.56928062438965	-0.1408728008909249
15.425288200378418	-6.14467191696167	0.2781916069915678
-11.639697074890137	39.237762451171875	-0.6503077082595906
26.538232803344727	-16.03346061706543	-0.0671333480106039
6.79743766784668	29.31357765197754	0.4067792579587981
19.492206573486328	-5.460565090179443	0.3524276919736803
-0.4939509928226471	-19.008831024169922	-0.6993683231751748
7.752630710601807	9.551180839538574	0.1980804586745129
3.2274749279022217	-4.051714897155762	-0.8736827101394209
13.878567695617676	31.17965316772461	0.1518249645536205
35.66781234741211	28.073593139648438	0.4790215624069617
-22.212696075439453	-36.98745346069336	-0.2621100598936478
-27.280086517333984	8.426443099975586	0.0717729394277468
35.89530944824219	-1.7784377336502075	-0.3024724778529561
-6.989410400390625	31.171937942504883	-0.5415910208092847
-3.962885856628418	-31.27140998840332	-0.9669446970645856
-32.097869873046875	-34.88884353637695	-0.5188647850148711
-21.591941833496094	19.896093368530273	-0.1396170100608432
37.543861389160156	19.591259002685547	-0.3955178867108385
-9.803488731384277	-1.3142544031143188	-0.616535610366634
0.15751637518405914	-52.949432373046875	0.7126832343779977
-7.617538928985596	30.10063934326172	-0.72062355857839
-26.999109268188477	19.65092658996582	-0.3901271849907292
23.93062973022461	1.7898106575012207	-0.7962150543750576
3.389420986175537	11.86954402923584	-0.8688588721061237
-5.021968364715576	-26.866214752197266	-0.7835571405356696
15.883336067199707	-10.568380355834961	-0.909982855768066
-42.0818977355957	-28.878385543823242	-0.1721371060968921
14.35184097290039	12.302641868591309	-0.6295017970611749
43.18886184692383	10.635119438171387	0.7095210572122174
-29.369003295898438	18.965333938598633	-0.9884344479231748
14.661495208740234	-5.994612216949463	-0.1223320117663974
40.87827682495117	-6.706859111785889	-0.4351116241653787
-43.39372634887695	-3.789295196533203	-1.297369601124
-29.879371643066406	18.429567337036133	-1.3512786594369062
17.921621322631836	4.260733604431152	0.1182371440367345
21.790775299072266	-32.67741394042969	-0.1217685891151783
11.841086387634277	-22.209705352783203	-0.8311734769429564
1.6489490270614624	-18.137964248657227	-0.3643113204917214
39.11983871459961	19.069753646850586	-0.087035392185607
2.776989459991455	44.81086349487305	-0.1864327765228094
30.581008911132812	-26.94896125793457	-0.7651673380350988
0.48128777742385864	-40.234806060791016	-0.4278702334969406
-9.096545219421387	-18.216243743896484	-0.4200575792772856
35.341575622558594	40.43336486816406	-0.195499581671707
4.399104595184326	-8.711335182189941	-0.719048570351953
-2.5328633785247803	23.57692527770996	0.0008192704202192
-9.866301536560059	-2.083698272705078	-0.4334005886879951
42.964149475097656	0.7118495106697083	-0.0447003413051989
14.61456298828125	-7.2457356452941895	-0.5556971686509482
-5.68430233001709	6.273523807525635	-0.9030233456069716
-8.378083229064941	-16.80517578125	-0.1662829210415879
-47.91670608520508	27.61507225036621	0.5846439682616564
-0.2734180688858032	33.641239166259766	-0.3318258171398883
-22.27276611328125	-24.254762649536133	-1.0369756577250016
16.981159210205078	33.299041748046875	-0.2633824063017549
-44.280208587646484	-16.240007400512695	-0.5715037111483838
-6.240052223205566	38.99391174316406	-0.6666846998682162
21.109477996826172	-18.023170471191406	0.1351320421085478
-8.137133598327637	-41.82144546508789	-0.6692570146150085
-0.2533717155456543	43.53190994262695	0.5246065331654288
25.68365478515625	16.1773681640625	-0.0189190430479473
-36.877357482910156	-8.603658676147461	-1.3556450997528249
-9.095234870910645	-18.594417572021484	-0.427130506709005
16.271699905395508	-19.58435821533203	-0.7214844999204598
15.101521492004395	-49.31655502319336	-0.3287230535487481
-3.1122968196868896	-22.159912109375	-0.2979945910997655
16.061399459838867	18.135034561157227	0.6999750525330566
-44.04495620727539	24.445117950439453	-0.6100328462465204
9.378064155578613	27.756519317626953	0.6998920165437802
-0.9289788603782654	26.049440383911133	-0.2029077707213805
3.191418409347534	-12.692793846130371	-0.1581061238140339
-17.480792999267578	-44.95361328125	0.0126400129021224
22.396514892578125	36.4801025390625	0.1155525833661267
14.209979057312012	-49.455074310302734	-0.7062990305112724
-6.321717739105225	-8.391786575317383	-0.1415088623625219
-45.33616256713867	-4.021200656890869	-1.644186340351323
21.292030334472656	-13.32770824432373	-0.4257293358755074
15.17092227935791	-6.874633312225342	-0.0647575186951311
15.968584060668945	50.17290496826172	-0.3620053520697999
-12.773956298828125	19.653820037841797	-0.2392088705523126
26.74913215637207	-27.111726760864258	0.1630316790479558
-1.7601264715194702	37.44588088989258	-0.2983088356259573
16.989709854125977	33.229366302490234	-0.1696878438488073
0.7410639524459839	16.222156524658203	-0.2653378254899678
-14.261015892028809	9.335233688354492	0.2462711205008433
4.068861484527588	26.69129753112793	-0.3164999995484684
39.87013244628906	19.481414794921875	-0.6491792496413823
2.134418487548828	-33.157249450683594	-0.5476882507467106
39.64788818359375	-14.630631446838379	-0.4197299945628852
30.53400993347168	-22.359031677246094	-0.2407536099169553
-1.9500154256820679	-40.122894287109375	-0.6316235780637834
40.01810836791992	-14.563225746154785	-0.4526896650549352
-23.08543586730957	-18.940143585205078	-0.8110867082456814
-45.95547103881836	1.5708632469177246	-0.7451934955647684
-47.713680267333984	9.528923988342285	0.940565841086232
12.437925338745117	34.639034271240234	0.4193666379426258
-44.289398193359375	25.99852180480957	-0.5683197397119975
28.79935646057129	-34.47376251220703	0.7107526495290052
16.51004981994629	-40.38349914550781	-0.7131157484893151
-1.1024764776229858	-1.9066883325576782	-0.3684119147364907
-42.95146179199219	-6.661154747009277	-1.6104264965908408
-14.188939094543457	-18.077373504638672	-0.8053616357854149
-31.290712356567383	30.717634201049805	0.0472502933691735
-5.697293758392334	-38.468021392822266	-0.7260789343175295
6.317728042602539	37.17453384399414	-0.7691478734013163
14.096322059631348	-38.18579864501953	-0.5039278535058278
25.132970809936523	-20.153892517089844	0.151830052965455
-1.2791928052902222	-53.865325927734375	0.3754935297482561
1.3487645387649536	-27.583362579345703	-0.5255109666756955
2.379437208175659	-21.825748443603516	-0.143613015873467
-26.05034065246582	-12.93324089050293	-0.7270266517715179
20.631757736206055	-1.9071147441864014	0.0967342782966897
19.566375732421875	32.524009704589844	-0.6953933119075251
-6.8211188316345215	-23.963674545288086	-0.5890470952321772
3.900258779525757	-33.124595642089844	0.7540982355816138
-6.681816101074219	23.226442337036133	-0.252334055363859
-34.94956588745117	18.417264938354492	-0.1368664598026788
17.449735641479492	24.833267211914062	-0.125427745702858
-42.35021209716797	-31.000200271606445	0.5811984041150127
19.87725257873535	-22.772985458374023	-0.0006880843881705
12.832978248596191	54.39095687866211	-0.112249990090534
24.157690048217773	20.774267196655273	-0.1916918708495146
29.62099266052246	27.426530838012695	-0.5759214505088351
-1.13803231716156	29.10369873046875	-0.1178401228386328
15.610469818115234	8.324663162231445	0.2769478686262246
-3.058366537094116	-10.213042259216309	-0.0577998376069277
-9.755084991455078	-9.47078800201416	-1.4172587802537964
38.23513412475586	-22.449682235717773	-0.49635126040604
-4.082287788391113	19.164283752441406	-0.1407206208155559
-20.925060272216797	-35.13395309448242	-0.3348396262292227
-3.732175350189209	-6.581026077270508	-0.0615690054864645
-41.59162521362305	-29.590251922607422	0.5292312462935973
37.74724578857422	6.674485206604004	-0.0328792067651734
-28.983430862426758	21.84342384338379	-0.4983910321369629
-1.5923887491226196	-13.116576194763184	-1.0086388354829492
-13.047600746154785	15.58588695526123	1.2744620396562578
1.3605804443359375	22.273588180541992	-0.1626472032237273
-41.56008529663086	-30.677814483642578	-0.1080564754242133
-3.6606366634368896	-10.10665225982666	-0.160143074164633
-16.81131935119629	-4.937057971954346	-0.1489633715576729
38.33309555053711	35.269012451171875	-0.2041062208942887
-19.026351928710938	0.23342326283454895	-0.3558384928553828
-10.835538864135742	12.487407684326172	1.4959388631814514
9.950904846191406	32.35634231567383	-0.4045086050476048
24.92295265197754	7.301538467407227	-0.3304785292574477
9.557276725769043	36.3066291809082	-0.51226726649467
-16.77198600769043	-13.5523099899292	-0.7643357187404414
21.705591201782227	-32.517093658447266	-0.1908382331628371
-5.8648576736450195	33.41990280151367	-0.478965419817643
15.224000930786133	-22.818740844726562	-0.5984499880140531
18.873281478881836	8.926883697509766	0.2171366300916296
5.334713935852051	17.397754669189453	-0.5468434260209479
31.214235305786133	-4.581286430358887	-0.8760796417124314
0.1844337284564972	20.969947814941406	0.9100094916863642
-40.18950271606445	4.134157180786133	0.409033525027384
18.56814956665039	-34.14738082885742	0.3486200636180952
28.11794662475586	1.7677638530731201	-0.7292810549620694
8.012124061584473	-29.04464340209961	-0.6561038311369064
-12.387444496154785	-38.53927993774414	-0.0222469760347801
-33.70130157470703	26.116477966308594	-0.4794163060655315
-20.151500701904297	48.14997100830078	-0.6416064360821738
29.9926815032959	36.86534118652344	0.8822501709009296
-5.227163314819336	15.015962600708008	0.1113009877299178
19.01414680480957	50.903202056884766	-0.7133884658321215
33.182010650634766	2.250586986541748	-0.7819436496447851
6.8919291496276855	-0.8515517711639404	-0.897224805681049
-9.67533016204834	4.663330554962158	-0.2531972617502273
29.303537368774414	-17.30573272705078	-0.0806425006698968
32.90065002441406	18.173011779785156	-0.3236566749029365
-6.212123394012451	38.78750991821289	-0.6151670948168526
41.67510223388672	-14.33675479888916	0.1069414959012749
43.62834548950195	0.5541576147079468	-0.0104539549139077
-1.8374429941177368	-51.51862335205078	0.233894388756172
-16.568675994873047	0.3579763174057007	-0.8683611064506158
-23.750396728515625	31.202009201049805	-0.5865861619675881
-10.806557655334473	0.8653110265731812	-0.4953478345081613
-35.79051971435547	-14.864937782287598	-0.7015491182516416
-5.931085109710693	-19.262964248657227	-0.4273333636669805
1.3790086507797241	-27.634727478027344	-0.3997841786205509
38.66423416137695	-15.122200965881348	-0.5145317434747625
11.054009437561035	-18.03980255126953	0.467108248909574
20.8503360748291	31.084672927856445	0.1005683973111795
27.704254150390625	17.15790367126465	-0.6287097368379801
11.616189956665039	11.56966781616211	-0.31771683976135
-33.87316131591797	-5.096199035644531	-0.4777792008132633
34.035614013671875	6.914571285247803	-0.5108020631623214
-7.96276330947876	16.67295265197754	-0.1793061619813221
24.85188102722168	7.321405410766602	-0.8753172306078749
30.13531494140625	14.3115816116333	-0.0267039524597296
17.416534423828125	38.79115295410156	-0.1817888891650804
-20.360687255859375	30.173723220825195	-0.4289692805710757
-6.927086353302002	6.156359672546387	-0.0924583065275927
-15.243125915527344	11.720839500427246	0.4209374580749522
-21.278257369995117	-12.611781120300293	-0.909254210939752
23.950681686401367	40.394901275634766	-0.7161060056731551
6.488039016723633	8.24985408782959	-0.5710547515866193
37.985992431640625	12.394001007080078	1.1909327588470198
20.471363067626953	-6.977422714233398	-0.243335068360728
-34.970516204833984	-37.247493743896484	-0.3108070808911474
25.006467819213867	34.28995895385742	0.4224278559049612
0.7186986207962036	12.36706829071045	-0.4565045644778256
-5.785955905914307	8.84199047088623	0.3534223625292261
-32.91110610961914	0.08201439678668976	-0.8906366468910341
10.623963356018066	-5.024837493896484	-0.2967914118467399
-47.796878814697266	27.643661499023438	0.4810862432402636
-8.412328720092773	12.76611328125	1.133289495526839
-12.28315258026123	42.57984924316406	-1.2001092374993323
-13.038426399230957	28.158178329467773	0.5142602286205518
17.329713821411133	-34.941993713378906	0.02069973808768
-3.8111412525177	-38.20146179199219	-0.3258474419276079
43.48461151123047	-21.388818740844727	-0.6116043887590812
33.975120544433594	-14.731184959411621	0.9877685895906632
-3.337369680404663	31.253280639648438	-0.7822001027952293
10.469861030578613	42.51601791381836	-0.1197087008539299
1.565397024154663	-39.84574890136719	-0.3887099604957725
-1.9048826694488525	6.197640419006348	-0.613918990729312
-6.511569023132324	-23.726959228515625	-0.1409168980393388
21.8895263671875	17.8725643157959	-0.522761667385168
-12.333717346191406	5.887081623077393	-0.6022167991088774
-15.128606796264648	20.52962303161621	-0.1061599823062074
-10.716662406921387	-26.956912994384766	-0.1729137589110436
37.090919494628906	18.760528564453125	-0.3101458522597785
-20.616455078125	-28.34543228149414	-0.706953582151956
42.74251174926758	27.884971618652344	0.0338106752916134
-26.923892974853516	-28.119617462158203	-0.6913841471415499
26.671262741088867	42.639461517333984	-0.4699593743041362
7.732052326202393	13.4968843460083	-0.5011209024374024
9.312283515930176	-20.39507484436035	-0.827682704267375
18.88530158996582	-35.28553009033203	0.427427517327274
-18.93804359436035	-5.1195478439331055	0.4223532096580473
35.22494125366211	27.204843521118164	0.3930718720920984
25.179885864257812	-24.638437271118164	-0.6551201753691344
-11.628396987915039	-0.07333367317914963	-0.8450670750507788
28.23769760131836	-11.242006301879883	-0.7779821985959574
22.042551040649414	-16.898805618286133	-0.7231818455164756
16.463045120239258	-1.449305534362793	-0.6312142053300122
-3.037630796432495	-40.03969955444336	-0.1414809019584856
-20.132102966308594	-36.325950622558594	0.3210463234987366
0.3148235082626343	11.497675895690918	-0.3567682681096115
50.21699523925781	7.565718650817871	-1.019651004682796
-11.926261901855469	24.778615951538086	0.5145236660406136
-29.004112243652344	6.654698848724365	-0.5182494132911803
21.007221221923828	45.12202072143555	-0.0970056147323382
21.20254135131836	-13.545225143432617	-0.7575651323279438
32.70911407470703	-16.229736328125	-0.3965017877135162
-36.530399322509766	2.8661279678344727	-0.4337936387698719
23.726627349853516	27.695831298828125	-0.1367297369961951
16.519418716430664	29.104127883911133	-0.0899357637632947
-41.36332702636719	1.7048405408859253	-0.6307201069369287
38.367889404296875	-31.266300201416016	-1.1342998128367148
1.9054210186004639	-38.526634216308594	-0.6737898149879531
-24.10297393798828	-15.006418228149414	-0.8039699236094069
6.706249713897705	21.1281681060791	-0.6605480385338125
-48.468135833740234	10.679235458374023	0.0193674962746523
-10.172186851501465	-42.965301513671875	-0.0187554035456771
-3.668290853500366	-17.239700317382812	-0.2659739210547227
28.715028762817383	6.370151519775391	-0.6329233368676194
14.17980670928955	-2.1124722957611084	-0.8344936688766916
35.89543914794922	-4.053619861602783	-0.2852633241757403
28.06788444519043	1.8008545637130737	-1.2857658938523262
29.486343383789062	-27.845006942749023	0.0609182556630962
37.640140533447266	13.099126815795898	0.424167045155229
-12.922325134277344	34.63088607788086	-0.5204983873038962
2.1758205890655518	40.264644622802734	0.3018823134197594
8.209956169128418	-6.50010871887207	-0.6514415994216953
3.0413506031036377	-15.342761993408203	0.1973163191044417
27.918577194213867	-35.37427520751953	-0.4509535019370394
0.5822983384132385	1.8554590940475464	-0.7309091452818576
-40.38053894042969	8.656794548034668	-0.3047477125189555
6.459098815917969	19.218812942504883	-0.3366062807718885
-2.2752292156219482	5.0995001792907715	-0.2758422467168602
-31.922182083129883	8.763586044311523	-0.2517795517565836
-15.887733459472656	35.15965270996094	0.3002933696174638
-46.684139251708984	8.196758270263672	-0.2213833606475237
-1.3891466856002808	-28.023963928222656	-0.6901616008628194
29.340621948242188	30.7490291595459	0.4069756849340334
1.4970693588256836	22.475828170776367	-0.4421430307867322
11.20032787322998	15.671061515808105	0.3762181504207479
33.87850570678711	-20.134002685546875	0.89189555894747
2.7849466800689697	44.79498291015625	0.1530086411542967
7.0429558753967285	43.345191955566406	-0.3419218845000746
29.321266174316406	30.483144760131836	0.2537417071921816
42.39970779418945	6.908563613891602	0.3451540025190805
-25.1218204498291	22.591188430786133	-0.1010662782301408
0.8123761415481567	3.8691093921661377	-0.7103739437497915
4.265237808227539	21.602989196777344	-1.6819408177505524
12.649895668029785	6.807242393493652	-0.5116170398357714
-8.547746658325195	15.946206092834473	1.3722227645624532
8.043670654296875	-39.06183624267578	0.1559402363656693
3.994248867034912	31.76154136657715	-0.122283982386963
-38.04275131225586	9.186803817749023	0.5700693306369304
-2.2300336360931396	-51.272132873535156	0.2107348254851219
-11.339019775390625	-14.553882598876953	-0.6783227928734137
-23.660865783691406	6.3971357345581055	-0.8119612612215903
-5.080407619476318	47.748104095458984	-0.780793596954283
-14.595061302185059	2.649383783340454	0.1526400217901913
-11.962112426757812	21.775150299072266	-0.5592548485922644
30.843124389648438	22.442241668701172	-0.2670866318994488
-25.33827781677246	-19.336889266967773	-0.7646109754740256
28.232431411743164	-41.35549545288086	-0.4900001755553482
-7.0696282386779785	-30.372297286987305	-1.4501747908629166
25.799867630004883	-29.245359420776367	0.3810556447901221
14.04422378540039	-38.05655288696289	-0.4565255280400175
37.59642791748047	-10.1588716506958	-1.0596124496235324
-43.408363342285156	9.112481117248535	-0.6301119231418586
19.93560218811035	22.053056716918945	-0.8723138324947072