x	y	effect_size
24.781024932861328	2.836655855178833	0.1841165038823634
25.740936279296875	3.138521671295166	0.0579554636961133
27.9891300201416	5.377459526062012	-0.0472193595808063
29.092449188232422	4.695083141326904	0.1930087576516103
25.791587829589844	4.113127708435059	-0.0289615270265892
10.607794761657715	11.653611183166504	-0.0128524524710701
20.112876892089844	46.239131927490234	0.3712944065554607
17.095075607299805	47.97898864746094	0.3867530496701663
5.043089389801025	38.23460388183594	-0.1723083714855152
6.716483116149902	34.07966613769531	0.0963941727016181
23.416452407836914	5.083291530609131	-0.2290313538116873
3.8157663345336914	35.698158264160156	-0.2746758705467265
2.284898281097412	40.37015914916992	-0.4548669665660582
6.568095684051514	35.21796417236328	0.0415809000222713
8.742406845092773	39.221256256103516	-0.0562135515797103
11.094038009643555	12.984366416931152	-0.2214355887112169
8.670716285705566	39.03780746459961	-0.1054412935939846
49.5576171875	20.954185485839844	-0.2266405357725541
17.122982025146484	31.31536293029785	-0.7487811931731653
20.05713653564453	25.50993537902832	0.3103036463609349
16.773086547851562	26.42265510559082	0.394477399929403
12.952569007873535	29.01494789123535	-0.5654254765822929
18.888877868652344	33.75517654418945	-0.5290781379657743
17.618162155151367	30.590532302856445	-0.5674696362602674
18.422178268432617	26.409942626953125	0.4266678879764624
27.875341415405273	6.116870403289795	0.0996299939578523
24.113996505737305	31.372356414794922	0.5933435345342061
12.071931838989258	27.030345916748047	0.244659960322897
15.86596965789795	25.618131637573242	0.3795836242073038
13.533404350280762	23.23511505126953	0.7090598751960683
18.14598846435547	38.8853645324707	0.4299915080076232
16.05767822265625	31.440378189086914	-0.7438786187528442
16.66621208190918	33.3106689453125	-0.7682157004284763
23.787511825561523	30.30424690246582	0.3281963555525028
21.881685256958008	38.043582916259766	-0.5572964804416772
14.272195816040039	33.03158187866211	-0.5944660450025487
15.272031784057617	27.690954208374023	-0.5501131199346828
20.74051284790039	32.88975524902344	0.4014849456417859
11.738838195800781	28.696306228637695	-0.7735257131515852
18.579936981201172	29.81027603149414	0.0838843697702039
19.194395065307617	39.53866195678711	-0.3745772230944668
21.912046432495117	37.81122589111328	-0.0317265253809683
22.32393455505371	36.28522872924805	-0.5834818540959964
15.635045051574707	37.1906623840332	-0.4862207797136477
17.945064544677734	38.899166107177734	0.4196584287014083
16.4727725982666	35.63129806518555	-0.2854910192927083
25.375465393066406	-0.9491586685180664	0.2709433450244869
17.66184425354004	3.289752721786499	0.194198325836615
2.5491902828216553	-38.84809875488281	-0.0219988742658012
11.501459121704102	-28.10577392578125	0.1427553289907804
30.20496940612793	-3.135464906692505	0.0224251123611367
22.83497428894043	16.323762893676758	0.0267343720367215
-15.7136869430542	-31.48687744140625	0.2965212203389721
30.492416381835938	-20.15860366821289	0.0748846954460678
28.808860778808594	0.7223941087722778	0.03560502608454
16.940486907958984	0.009631136432290077	0.0471072125445252
11.925259590148926	9.168420791625977	-0.0640327983983606
8.549198150634766	0.6654873490333557	0.1976321283720025
-9.71975040435791	-13.537280082702637	0.0878623320668905
-4.049367904663086	-12.83874797821045	0.2205431922063708
14.913607597351074	-38.378822326660156	-0.0619460309303427
-28.616291046142578	-21.382667541503906	0.2500456208632285
-7.247992515563965	-16.367168426513672	0.0279991428345897
31.01133918762207	19.005887985229492	0.0180770544504797
9.325091361999512	-28.565868377685547	0.1383451254245129
-17.50735092163086	-14.442557334899902	-0.0980024662087035
32.90021896362305	-8.698479652404785	0.160554125190801
-3.2988131046295166	-6.719992637634277	0.22519740588793
17.1558837890625	0.0699840858578682	0.1024021133097224
3.911057233810425	-13.28206729888916	0.0276171242533852
-27.27049446105957	37.11907196044922	0.4575902080235443
21.46661949157715	0.9521817564964294	0.1152187773082947
-26.163225173950195	-16.41078758239746	-0.3137656936086801
17.90257453918457	-3.7512636184692383	0.2146349208791198
16.159645080566406	14.956968307495117	-0.0418477566714199
18.71499252319336	-4.087582588195801	0.1768347357579444
0.3541824221611023	-29.06696128845215	-0.1375019582882136
26.742446899414062	-7.44570779800415	0.2295430497243544
-4.121123313903809	-43.9846076965332	0.0211911379110588
16.93398094177246	15.244184494018555	-0.0047433996237041
25.328413009643555	-16.3846492767334	-0.0535379740340129
9.381084442138672	-19.683744430541992	-0.1110549318117112
-5.324357986450195	-40.75637435913086	-0.0056058547261702
31.229393005371094	-29.522823333740234	0.4743452088807027
19.611358642578125	11.619308471679688	-0.0260152431206341
-30.39836311340332	0.4266589283943176	0.2126400522153077
8.705705642700195	-7.88824987411499	-0.03148056233481
-3.3944647312164307	-12.31033706665039	0.1256880555569093
-36.68815994262695	-13.106671333312988	-0.0096770547859524
25.93876075744629	-11.460578918457031	0.2185541821934661
-11.673127174377441	-9.631001472473145	-0.1804619554083388
-21.223222732543945	-35.9422721862793	-0.1516831079660705
-8.253902435302734	7.113316535949707	-0.0330071752489942
-17.9233341217041	-15.416730880737305	0.0431090517036347
-29.181169509887695	13.434382438659668	-0.0873421688042369
2.1724512577056885	12.528658866882324	0.1212191844521045
10.994091033935547	-14.588146209716797	0.2605581681866047
24.62054443359375	-3.8615870475769043	0.1884186155949155
-14.55396842956543	-26.257997512817383	-0.0896943700134627
-16.974464416503906	-9.927471160888672	0.3056102080106692
16.681257247924805	-16.51555061340332	0.0228245836201893
3.9648189544677734	2.141043186187744	0.2674838055196595
31.97686004638672	-4.918405532836914	-0.259683367015374
23.38546371459961	-23.83890724182129	0.1641251207048553
31.184492111206055	19.12997817993164	-0.0377392547471586
27.242677688598633	-1.2873003482818604	0.1981819703308429
-6.719042778015137	20.01317024230957	0.0131223745196567
30.859683990478516	-13.574858665466309	0.1589654854147322
5.590507984161377	11.62238883972168	0.3814123480980332
36.64999008178711	-25.961071014404297	-0.3074129233281747
-23.62782859802246	-24.873802185058594	0.134553459875096
-8.859963417053223	-13.975057601928711	0.1357750197527796
-14.184840202331543	-30.793851852416992	0.1592837511626803
-15.798698425292969	23.550962448120117	-0.035635491689832
29.73255729675293	-3.68734073638916	0.0495057287421453
1.5400604009628296	-1.5180962085723877	-0.0135374478274887
34.530879974365234	-21.869382858276367	-0.1041659677852333
9.037055969238281	-8.822985649108887	-0.0602022945231644
22.230627059936523	-22.186904907226562	0.1219212118686171
2.2983953952789307	12.596598625183105	0.0757186464078772
9.112042427062988	-11.652774810791016	0.0088670892469515
-23.611989974975586	9.681447982788086	-0.326288273217819
-19.413501739501953	0.8369548916816711	0.0359377375159205
25.65593910217285	-20.067981719970703	-0.1535731673876577
-17.896427154541016	32.9700813293457	0.1676670493383897
28.401948928833008	-9.018452644348145	0.2901757086051365
-10.19259262084961	-36.65864181518555	-0.0574584353532317
20.086835861206055	-21.11960220336914	0.2199795229498373
-16.8756046295166	-14.903138160705566	-0.0187868056802238
-23.4497013092041	0.985572874546051	-0.1545482038617903
-0.9566179513931274	-16.0572509765625	0.1203912741037667
-5.0588274002075195	13.304536819458008	0.1799821609291887
-0.13362473249435425	14.900734901428223	0.1369940904628197
19.523191452026367	-8.244409561157227	-0.1375867730679275
-28.13815689086914	46.66460037231445	0.0961631016765302
-11.164572715759277	-9.281944274902344	-0.0273430385264449
23.90529441833496	-4.435100555419922	0.15829725959261
23.05191421508789	-3.6201627254486084	0.046722588409986
18.961641311645508	11.284601211547852	-0.0908392572686157
22.960397720336914	-17.109113693237305	0.2009901064531226
20.230865478515625	-21.686185836791992	0.2395832911541916
17.71156120300293	-7.602739334106445	-0.1104786391636661
8.106524467468262	-15.367378234863281	-0.0598771079935805
-13.722075462341309	-22.462106704711914	0.1284167455337702
-3.817673683166504	-46.047401428222656	0.5152513623930903
24.279922485351562	-9.068305969238281	0.0088007459268516
39.24872589111328	-18.709985733032227	-0.0998837545641863
3.5464863777160645	16.04697036743164	0.0606740204093237
5.865121364593506	-23.970319747924805	0.1922528229065913
-31.825326919555664	3.423788070678711	0.0296138629345776
27.963645935058594	0.851905345916748	-0.0220986471315707
41.818668365478516	-23.994298934936523	-0.082556031673215
15.933892250061035	-2.556917667388916	-0.0960329712440664
-46.2423210144043	23.198434829711914	0.0079266339723044
34.796791076660156	2.803311586380005	0.0906648157903423
27.339839935302734	-37.9227294921875	0.0480967263245199
-15.230809211730957	-36.9946174621582	0.1534795116050506
29.364761352539062	4.280508995056152	0.1360551438349645
-38.0247917175293	13.55119800567627	0.0727908217988953
3.4944138526916504	-18.330591201782227	0.1210480241303753
2.339089870452881	31.021812438964844	-0.2791540461963396
-23.765552520751953	-25.406295776367188	0.0505586727849681
-23.22153091430664	9.414064407348633	-0.5080480715093827
-2.54577898979187	6.462565898895264	0.0893868590582171
17.925582885742188	3.11147141456604	0.1579229034641082
-20.099302291870117	3.0100643634796143	0.1910251867856438
9.310914993286133	-27.590927124023438	0.2086479241340054
16.286941528320312	-12.132655143737793	0.154293729280679
26.24811553955078	11.569609642028809	0.1560411121398772
12.232421875	-10.158105850219727	0.0717480283946136
-13.849150657653809	-23.31464385986328	-0.1356875055894036
-8.166417121887207	2.1032652854919434	-0.3142389757075673
-42.90963363647461	-15.81942367553711	0.0998147753674596
-16.71082878112793	25.47841453552246	-0.0647583444648167
-15.230659484863281	11.742210388183594	-0.1159351089212691
6.9276885986328125	2.041778326034546	-0.019363455341362
31.0152587890625	-28.419822692871094	0.1507067529253006
-2.017369031906128	21.042984008789062	0.1383344080570631
-26.414405822753906	-1.9658600091934204	-0.0258768021415186
25.031980514526367	-28.730634689331055	-0.23369215549295
-5.693252086639404	10.77746868133545	0.1550021819519018
-5.035038471221924	-23.80602264404297	-0.2289121813969608
7.16753625869751	-11.492301940917969	0.3098958493537084
36.36906814575195	-25.94333267211914	0.0426909742139836
-19.511964797973633	-23.352279663085938	0.0803298742776853
-17.11421012878418	-10.309890747070312	0.3807251093248558
7.721202850341797	-19.18695831298828	-0.103503822910558
23.157155990600586	15.95869255065918	0.1097271109789898
-9.580538749694824	-13.094523429870605	0.0997436415555695
-12.490992546081543	18.880352020263672	0.017523415498406
-36.51652526855469	8.829752922058105	0.0339499672665622
-30.60149383544922	0.7533625960350037	0.2213140837955352
-19.75809669494629	34.97137451171875	-0.0406579485005179
-36.93012237548828	33.633216857910156	-0.0281099958042855
-32.98544692993164	-4.8362603187561035	-0.2783389179160107
21.013444900512695	9.334818840026855	-0.0264323576173045
0.26026907563209534	25.543243408203125	0.132398969268296
27.1876163482666	0.63425213098526	0.1251273343841201
20.1978816986084	-20.260656356811523	0.3014105357504187
2.4162662029266357	9.254352569580078	0.3588816148434215
20.463729858398438	-1.0163476467132568	0.1687137533918417
-30.797183990478516	-37.09403991699219	0.135346124224738
-41.10159683227539	-23.438297271728516	-0.0344620914153085
1.1988298892974854	36.84653091430664	-0.0686443352381801
33.14455795288086	-13.728790283203125	-0.2289152152078346
-2.038226366043091	30.67135238647461	0.2962523565578426
17.87437629699707	-11.737759590148926	0.2852134859510747
25.063016891479492	-13.697084426879883	0.2288890640565649
-9.155311584472656	-25.72582244873047	0.0743289445952858
21.04118537902832	25.45247459411621	0.2473919349244192
29.502811431884766	15.560161590576172	-0.2767686376825862
-46.3740234375	22.185285568237305	-0.0289973061650819
-30.08531379699707	-9.902606010437012	0.1911685106705635
-11.12271785736084	25.148151397705078	0.1828185655283208
-4.412759304046631	35.59455490112305	0.7438986098975601
-31.835132598876953	9.842214584350586	-0.0824413834527233
-4.441861629486084	-13.537209510803223	0.0644546093375686
-16.43214225769043	-31.4153995513916	0.1669058138510626
38.91007614135742	20.423248291015625	0.088351697819477
-2.1428799629211426	-11.535003662109375	-0.0129329889821099
6.792829990386963	10.57323932647705	0.1789045135292293
-6.545666694641113	49.718814849853516	-0.0799115258876992
-12.806455612182617	-35.8695182800293	-0.2104549804862428
-11.214110374450684	21.068805694580078	0.0219626671606364
-21.984256744384766	5.356536865234375	0.1893898290403047
35.00979995727539	20.28899574279785	-0.3898517763408998
-7.040310382843018	-8.980388641357422	-0.2465527247267588
-24.616350173950195	-1.3291224241256714	-0.0578635786832762
19.032623291015625	-27.37134552001953	-0.2539904383842531
17.140220642089844	17.287738800048828	0.4224326989510091
20.50501251220703	-38.59520721435547	0.1666142945032498
4.040188312530518	2.176077365875244	0.2734867544770323
11.495917320251465	7.7750749588012695	0.0893453101298935
39.5097770690918	22.60417366027832	-0.0890366442033251
-6.041875839233398	-33.4093017578125	0.0776201964137505
-33.93952941894531	1.7348722219467163	-0.0931025121737557
25.897859573364258	-4.754054069519043	0.2413676582812798
-3.8737480640411377	13.455377578735352	0.1794143692719803
39.392642974853516	-24.535144805908203	-0.124183064170144
3.0996572971343994	5.453244209289551	0.1757089594890634
-37.77325439453125	28.980289459228516	0.0289429568152281
-27.418956756591797	-10.714860916137695	-0.1451278123653304
10.629812240600586	-44.049617767333984	-0.0212146087441421
-27.786930084228516	38.08845520019531	0.2540657787976066
40.27442169189453	-23.914838790893555	-0.4143524829906886
-14.737991333007812	6.255373001098633	0.00408080246421
-16.531816482543945	43.81156921386719	0.4206252235815089
-11.845272064208984	23.072555541992188	-0.0235817321919819
-4.385833263397217	-12.52296257019043	0.2389576984569011
-26.58487892150879	-16.03923988342285	-0.0707362658651827
0.6431129574775696	-9.027691841125488	-0.118669023306513
-14.344499588012695	-12.325936317443848	0.1408659343712593
19.90619659423828	23.0248966217041	0.3657967479529586
26.465373992919922	-7.645762920379639	0.0893933357109262
-24.19437026977539	14.758685111999512	-0.2342497587931684
9.713239669799805	-19.593297958374023	0.1415364329855231
30.383691787719727	-2.3549883365631104	0.021972658006894
-35.734046936035156	18.722251892089844	-0.0839939758898346
7.560825347900391	5.325339317321777	0.2973531639064916
36.86625289916992	14.529996871948242	0.1033329613086939
-39.237430572509766	23.394521713256836	0.1887972544475329
37.726932525634766	16.9287166595459	0.1853229740662856
-0.8516940474510193	-23.021257400512695	-0.1790437559845271
-24.78423309326172	36.85341262817383	-0.0355320865465601
16.767868041992188	-15.966217041015625	-0.0610034570719671
-14.178302764892578	-12.45783519744873	0.0060188627128062
-11.358235359191895	-4.675543308258057	0.016037020727997
25.79385757446289	17.248462677001953	0.4370601924913715
16.28916358947754	-14.493562698364258	0.1807077672305698
-14.107017517089844	9.248749732971191	0.174023446320909
34.44680404663086	21.581707000732422	0.0596480507985491
18.43607521057129	-33.562286376953125	0.088344137057835
-31.9337215423584	25.268220901489258	0.115341709800993
6.683170795440674	-11.434203147888184	0.2062457853865159
5.4075608253479	11.495311737060547	0.363143209744316
-2.211367130279541	-34.6768913269043	-0.097907617216756
-6.1111016273498535	49.7130012512207	-0.0021034364300462
25.06537437438965	-0.5834153890609741	0.413584560527635
27.629831314086914	-39.514984130859375	0.040117514763124
-14.98741626739502	-2.0137789249420166	0.0119490562010675
2.227160930633545	-21.190895080566406	-0.1476489024696989
-21.841238021850586	24.647510528564453	-0.1629405223054692
-20.305870056152344	24.27196502685547	-0.3618459604685411
7.2193603515625	34.47722625732422	0.1111789560977782
-7.185509204864502	-4.401460647583008	-0.0550365703911241
-14.495908737182617	-26.75153923034668	0.2125254050839808
-12.17497730255127	14.186332702636719	-0.0659175851551575
-8.087669372558594	49.265052795410156	-0.1287178677505786
-24.30731201171875	16.908451080322266	-0.2131077753784503
-39.0287971496582	19.26570701599121	0.0750915824863918
-4.418951511383057	-44.31945037841797	-0.0173964332349786
-0.4525383412837982	8.074788093566895	-0.12398459871588
13.239579200744629	17.746004104614258	0.082031946845498
-13.7416353225708	-7.630377292633057	-0.1798090105847752
31.691171646118164	-27.609527587890625	0.1497300865076463
40.30514144897461	18.098466873168945	0.0499357277446573
29.180295944213867	-6.008423328399658	0.0013237280655367
28.674392700195312	-17.200044631958008	0.4615799972588618
-1.5893746614456177	-16.91250228881836	-0.0067251721984677
0.5318515300750732	44.27549362182617	-0.6773607729629547
28.983047485351562	-10.455615043640137	0.0288853666299469
26.174463272094727	-20.706037521362305	-0.0133544861970668
-46.17963790893555	0.9649431705474854	-0.1522627835084178
31.484926223754883	-3.680584192276001	-0.0148682615362264
19.457149505615234	-8.893950462341309	0.0220453267668409
33.797874450683594	26.396032333374023	-0.0603275834592242
23.795167922973633	-21.07372283935547	-0.0902546893296563
18.18768882751465	-22.345958709716797	-0.0042342514785989
-0.7879572510719299	5.3757781982421875	0.4186464435255583
-8.002483367919922	3.30843448638916	0.1474826604105724
7.855830669403076	-4.324340343475342	-0.2522269045096275
-39.64169692993164	-23.709903717041016	0.0799897002565272
-24.099523544311523	30.37390899658203	0.1679061102686726
-30.650793075561523	30.72425079345703	0.3043797077856645
35.7785758972168	28.532991409301758	0.3752206882589231
-3.5516955852508545	27.132610321044922	-0.0306126114472829
-37.25000762939453	-13.536277770996094	0.1902746384052414
-17.722959518432617	-30.475799560546875	0.0348055602717558
34.216400146484375	25.06235122680664	0.2638164615959583
8.209918022155762	-26.93876838684082	-0.1432123596946451
19.101364135742188	-5.317111015319824	0.0179483609464716
20.11431121826172	46.25556182861328	0.5753340461191099
28.978927612304688	-15.910867691040039	0.1278182898617013
15.734637260437012	-39.28030776977539	-0.1700371581960292
-19.626686096191406	28.36656379699707	0.1937745042768504
-2.3269596099853516	30.82248306274414	0.1850769726102813
7.593593120574951	-35.637481689453125	-0.2828330715210147
-24.887435913085938	-17.7429256439209	-0.178926370816998
34.79608917236328	31.91026496887207	0.8066573275138966
12.619182586669922	-37.601863861083984	-0.009925782785236
11.217984199523926	-38.105072021484375	-0.4450993797945554
-2.1894001960754395	-34.69305419921875	-0.0944907067441772
-39.648441314697266	23.51224136352539	0.1643822610630836
34.44112777709961	23.562543869018555	0.4802299503037076
-8.114250183105469	-17.272085189819336	-0.4492466589080499
19.95534896850586	11.994200706481934	-0.1171826489694814
-3.5279288291931152	14.22897720336914	0.2344845404217095
-2.6176764965057373	4.328014373779297	0.370429978733223
-22.123741149902344	-35.81808853149414	-0.2334139678537667
-12.376941680908203	1.4939641952514648	0.0554276149801311
-37.693016052246094	-13.75816535949707	0.1045203796717419
16.817325592041016	-30.60124397277832	-0.0234432107407642
-33.01074981689453	-4.827689170837402	-0.3340701027546993
-7.126326084136963	37.3207893371582	-0.0527354362722495
-17.573293685913086	33.36802673339844	0.2660178827966888
-7.413217544555664	26.515905380249023	0.2246660242674846
11.618083000183105	-11.796021461486816	0.0295635434456668
-9.775899887084961	-26.143436431884766	-0.1815552148706734
-12.370223999023438	18.718658447265625	-0.0229125598685415
42.29665756225586	-3.030148983001709	-0.2794352470106435
-12.378389358520508	-14.578431129455566	0.2060677001985212
-20.133365631103516	13.759005546569824	-0.0651891870624457
-15.415846824645996	23.31381607055664	0.145487824343464
2.2701408863067627	8.940235137939453	0.3267541702937257
-39.28045654296875	-5.041463851928711	0.1095159106705464
6.077957630157471	27.546728134155273	0.1073883781526843
-5.12411642074585	-0.7893726229667664	-0.1766560895394386
-6.163853168487549	42.73366165161133	0.1531277243901889
-1.3393075466156006	-17.244657516479492	-0.0175245132269559
-9.934638977050781	11.975217819213867	-0.2663634510549919
-34.40311050415039	3.0736002922058105	-0.0750619350554058
-15.249409675598145	8.427556037902832	0.0474073107897685
-24.90972900390625	-7.248801231384277	0.02430909320565
-51.31954574584961	-5.306933403015137	-0.4000476629639631
29.945594787597656	12.845741271972656	0.0181428224624384
42.2878303527832	-3.44608211517334	0.4163469535391008
-24.479629516601562	-18.603864669799805	-0.1078524670709579
16.668981552124023	20.746917724609375	0.4072724860856919
-5.132954120635986	-0.5002115368843079	0.0568331287984913
24.69921112060547	-26.87684440612793	-0.0946355712026891
10.137785911560059	-25.49921226501465	-0.0986179564379889
-35.4754753112793	20.31330680847168	-0.206495869499694
19.354244232177734	16.481441497802734	0.4627340987563285
23.623306274414062	-22.75043487548828	-0.0720946415109285
3.367774248123169	-51.77141189575195	0.3798336281904715
22.044654846191406	-13.503665924072266	-0.0677425806800128
-42.78558349609375	-16.32322883605957	0.1649550641428455
-3.3986260890960693	2.3544998168945312	0.371610295932683
35.115230560302734	3.6885645389556885	0.0738443341547879
7.031451225280762	6.423237323760986	0.1877699873668546
-27.3896484375	-11.31080436706543	-0.2255081045956727
3.882451295852661	15.965246200561523	0.0779834310116783
13.685050010681152	-6.462104797363281	0.0476756456428567
-42.948490142822266	-8.490693092346191	0.0820291697517097
24.94735336303711	-21.900508880615234	-0.0432771046148554
30.994163513183594	11.49738597869873	0.0157513443171934
-34.624332427978516	-9.715523719787598	-0.0350274517134282
-6.128586769104004	50.56794738769531	0.014072185146215
-28.405393600463867	-33.96397399902344	-0.0486450779915387
-19.776708602905273	1.4872710704803467	-0.1305526072396201
34.567344665527344	-41.238582611083984	-0.3320620322557855
-33.10768127441406	-30.95661163330078	0.3136686082518989
33.94414138793945	-41.92176818847656	-0.2429631813587036
10.716704368591309	11.97482967376709	0.1987568572796335
-14.33164119720459	-35.57121658325195	0.1659615617964548
25.100990295410156	-12.33476734161377	0.1155290576059472
24.5721378326416	-22.734922409057617	0.0107787271843114
-13.696672439575195	-7.5806097984313965	0.0116974030241493
-12.530046463012695	6.323575019836426	-0.0160689935087283
10.431173324584961	-14.550787925720215	0.3133209275914932
8.890448570251465	17.261899948120117	-0.2686852823930373
18.45014762878418	-27.400354385375977	-0.084566914548383
-16.413589477539062	-18.95010757446289	0.2040790759874484
-24.20499610900879	16.81169891357422	-0.0215002469623618
23.79595947265625	-20.068166732788086	-0.1506534537242819
-29.605756759643555	-22.215715408325195	0.2150847278454387
14.874004364013672	-19.74378776550293	0.0956812180326001
15.339794158935547	-25.862653732299805	-0.1717753076621591
-25.31406593322754	-41.13747787475586	0.0843442649381102
14.936434745788574	-12.892289161682129	0.0872965555131518
9.21378231048584	0.8273511528968811	0.2082347860574325
-15.641427040100098	10.585018157958984	-0.3449719139959345
8.648582458496094	-7.488729953765869	0.0551375972432906
13.334599494934082	-19.810914993286133	-0.0270896535402784
-29.571672439575195	18.297969818115234	0.3157907405713486
-27.76375961303711	-15.55474853515625	0.0276970922684531
-16.854774475097656	-5.198451519012451	0.2558383130365665
11.174492835998535	5.8309502601623535	-0.275815158381093
-6.913664817810059	-16.179344177246094	0.0255993272261394
-33.371177673339844	18.60284996032715	0.2241942477226317
13.745871543884277	16.797027587890625	-0.1750589603084461
-33.59192657470703	15.073003768920898	-0.3221075989695396
-12.010199546813965	-14.446380615234375	0.0317124151776815
-39.33433532714844	-23.756601333618164	-0.1585855126208776
15.716399192810059	-26.106887817382812	-0.0728331365811506
-31.4533634185791	23.13319969177246	-0.0246543573861627
1.4946670532226562	19.00556182861328	-0.096885463217041
-1.7977420091629028	16.426420211791992	-0.0082501003020022
20.222904205322266	-5.765793800354004	-0.0037821603586711
8.554051399230957	-21.077348709106445	-0.3608794263130898
-34.21213150024414	-0.09069681167602539	-0.0605766516935796
29.52016830444336	15.682518005371094	-0.3208078199222252
30.602798461914062	-30.208816528320312	0.5847916742328618
26.957340240478516	-5.183040618896484	0.0177907422111265
-1.6529401540756226	0.5722833871841431	0.3848070493921867
3.4983084201812744	8.893420219421387	0.4313527808546111
-43.3343391418457	11.287614822387695	0.4433493459460119
-16.967300415039062	-43.212459564208984	-0.0209919025753315
8.849223136901855	-3.8715171813964844	0.1326304401814048
6.94218111038208	-15.667922019958496	-0.2097774838364982
-2.6812210083007812	-1.3299583196640015	0.1502113048840832
42.79491424560547	-4.961312770843506	0.2870338669795759
-21.283897399902344	-36.83032989501953	-0.11711178369835
-26.823101043701172	5.984081268310547	0.255837264648608
-8.811450958251953	14.174920082092285	-0.2722739379990637
13.858515739440918	4.484360694885254	-0.1631678399424637
-5.613547325134277	4.859314918518066	0.0578780499245685
22.831153869628906	17.05777359008789	0.0623181354623569
2.533949136734009	-21.107099533081055	-0.0370845845885669
11.872345924377441	-38.978458404541016	-0.1497767071014025
-22.46090316772461	-26.059804916381836	-0.0183939365694909
-1.2812696695327759	-7.286203861236572	0.1052674622360487
-0.09090109169483185	7.7406110763549805	0.2871849389103649
-38.50223159790039	-3.606199264526367	-0.3893580566795317
-43.174285888671875	-15.18833065032959	0.2255744310752111
-39.562469482421875	14.477068901062012	-0.0224818196687383
21.537965774536133	24.44269561767578	0.3202140859804446
29.79323959350586	-15.003217697143555	0.1267481475671359
-49.910736083984375	10.252126693725586	-0.2718469465248945
-13.23953628540039	10.181368827819824	0.0011826290368395
-20.55916976928711	-26.3275089263916	-0.0344622713878469
21.791059494018555	-14.600997924804688	0.0443043040217359
24.405168533325195	-6.286128997802734	-0.0629420728632628
-27.76546287536621	-27.347434997558594	-0.0120779019151211
35.11954116821289	-23.203454971313477	-0.3757242975947167
1.4956907033920288	24.68808937072754	-0.3669935149304853
2.120001792907715	-9.980400085449219	-0.0345899058033839
-27.82198715209961	36.67648696899414	0.5992406237879572
17.07369041442871	48.00269317626953	0.3656044683509564
-25.125181198120117	2.6922757625579834	-0.0489827625656483
38.92967987060547	-18.439990997314453	-0.1734999670252539
-5.170775413513184	-41.52830123901367	-0.1282602680362597
-11.502403259277344	20.004499435424805	-0.0215423624683551
-46.78823471069336	22.12192153930664	-0.1310271850176882
-30.182575225830078	2.318394899368286	0.191838176003097
-0.7466170787811279	-18.03277015686035	-0.1855760874655737
21.798927307128906	-12.190009117126465	0.092746261380093
-11.983631134033203	15.93894100189209	0.021609967044473
0.817147433757782	1.5881106853485107	-0.0602327775537217
-0.04544474184513092	14.902884483337402	0.1946312455909233
-15.248644828796387	-1.8390848636627197	-0.1154699859825849
23.26508140563965	-30.562801361083984	0.0104521719742224
-14.994300842285156	-32.01211929321289	0.3244518484281017
26.287734985351562	11.586954116821289	0.0666246394870565
26.20105743408203	2.6549174785614014	0.0330513739916416
1.5140044689178467	19.034820556640625	-0.0640352195639641
-46.50889587402344	23.610502243041992	0.0933327754649107
38.64125442504883	-22.098209381103516	-0.191669440536452
-19.094873428344727	19.261093139648438	0.1053943407722515
-22.264467239379883	-36.52513885498047	-0.2319345241690724
-21.894508361816406	25.02783966064453	-0.1752421634176648
-19.771333694458008	-6.188561916351318	0.2040111815727165
-9.751896858215332	-1.8035621643066406	-0.2722727521032068
-4.732255458831787	5.114846706390381	0.162533902631658
12.877470016479492	-21.947738647460938	-0.076191831529185
-4.053591251373291	24.961759567260742	-0.190899943856742
24.066381454467773	-29.068822860717773	-0.0289258167543404
1.1407804489135742	37.791255950927734	-0.0589297141062066
11.808509826660156	24.8612060546875	-0.0683556417995178
-16.79625129699707	25.068553924560547	-0.0344459891063605
-16.675600051879883	-5.265317916870117	0.2753623739425816
-10.149835586547852	23.895381927490234	-0.2660199325243946
4.802657604217529	-6.331419467926025	0.060991748223888
-0.7769381999969482	10.573320388793945	0.0243445830324978
-18.640111923217773	7.982140064239502	0.2581519122115828
20.084457397460938	-16.7777156829834	0.1153514797907263
-24.774932861328125	18.457256317138672	-0.0285673306208114
-39.371543884277344	-5.268316268920898	0.0031343287377671
-19.825088500976562	3.4843640327453613	0.132626306224028
-29.453353881835938	13.288745880126953	-0.1835774065046407
40.39671325683594	-17.531993865966797	-0.2205051034713936
-12.453139305114746	30.142074584960938	-0.0332446689077767
7.03483772277832	2.3440754413604736	-0.0639769068276148
-3.5748510360717773	26.985767364501953	0.1270276029561529
-16.9062557220459	-1.8517242670059204	-0.0071782242586443
3.971834659576416	-13.363496780395508	-0.030045905954859
-27.77168846130371	-22.434194564819336	0.0295777972692206
21.046405792236328	2.366770029067993	0.2100582230177518
-27.516862869262695	-20.450672149658203	-0.0318935606900915
-27.95370101928711	14.050318717956543	-0.1717501806684281
-17.203420639038086	20.435243606567383	-0.0290877432795697
-23.110164642333984	41.58878707885742	0.0780720468005817
0.13359449803829193	25.86539077758789	0.222574725591087
1.1492632627487183	36.60872268676758	-0.3896123481723681
-3.11668062210083	14.308605194091797	0.2701649529736202
-7.462876796722412	-26.039796829223633	-0.0721118086335262
13.939970970153809	-7.710873603820801	0.0012327628697837
15.325282096862793	25.128314971923828	0.2012153062544562
-24.144729614257812	-22.077301025390625	0.0518394848991083
46.70269775390625	6.88939905166626	0.4095156882715091
-12.846814155578613	-37.07548141479492	-0.0561328927528085
17.44450569152832	-32.06010055541992	-0.1172980269575337
-33.75117111206055	38.83974075317383	0.0731927974334931
33.3912467956543	-30.04990005493164	0.3861793949349318
-16.3001766204834	-1.7097376585006714	-0.0428135110351084
30.517345428466797	-20.116758346557617	0.1062556402779874
-29.50323486328125	30.14041519165039	0.1918658511148415
-6.916318893432617	-10.498083114624023	-0.1530273282513765
-16.509828567504883	4.321075916290283	-0.5202282662658998
-43.77947998046875	5.670077800750732	-0.0975338948138782
-22.810688018798828	20.01910400390625	-0.0940094533923859
-17.076128005981445	-7.267834663391113	0.3235378737199134
30.798189163208008	11.959493637084961	0.0457723816166793
-9.238327026367188	23.44499969482422	0.3098956700409638
6.947213172912598	31.514118194580078	-0.1776713680267581
-15.034127235412598	25.61104965209961	-0.1401894758460002
22.43755531311035	10.623401641845703	0.2095074895323921
6.802800178527832	-0.7573633790016174	0.2293745729935991
-5.360188961029053	10.864495277404785	0.0204328974160717
14.61447525024414	15.85462760925293	0.4141176076621957
-37.854366302490234	34.990638732910156	-0.1208895352573508
33.54701614379883	-8.697611808776855	-0.1141980388074189
35.694156646728516	4.732357978820801	-0.0007302678313454
22.15863609313965	10.444589614868164	0.2075078269531147
15.507112503051758	-37.69133758544922	0.0819615223765036
27.626602172851562	-38.326820373535156	-0.03884565033374
20.14441680908203	-7.438742160797119	0.0595183311856068
-7.204381465911865	31.663211822509766	0.0399601430107409
-29.643712997436523	19.686630249023438	0.4138363728951525
3.0101816654205322	-2.5074541568756104	-0.2200810768013617
6.5710978507995605	6.9945597648620605	0.3246307354245059
-38.433074951171875	13.85946273803711	0.0808756113505551
-23.689878463745117	12.706572532653809	-0.2685611953047002
6.028168678283691	21.013492584228516	0.1921197936692252
14.433012008666992	-12.872507095336914	-0.1131989484807973
9.174234390258789	-36.24971008300781	-0.0865216251033527
-26.067806243896484	22.50519371032715	0.0825891729482977
-23.450265884399414	-30.712053298950195	-0.0149162595591168
-3.399951457977295	-44.286529541015625	-0.0684195320662896
36.214324951171875	11.877660751342773	0.6827069605683369
-15.279690742492676	-31.10801887512207	0.2285770003253978
4.418928623199463	20.29315757751465	0.0109067424465498
-41.76337432861328	17.85569953918457	-0.0866187011016965
-11.394527435302734	34.30449676513672	0.2215160012899096
31.212678909301758	-8.652521133422852	-0.2695464412993859
10.585545539855957	9.532814979553223	-0.1098995570591941
17.13287353515625	-31.319482803344727	0.0516106598240652
-5.6845269203186035	-24.174602508544922	-0.0904229074380076
-46.13545608520508	1.1195229291915894	-0.0644936589719272
19.787256240844727	7.231695175170898	0.4138649568803987
-5.977077960968018	21.140966415405273	-0.0816226401393881
-14.609932899475098	16.076440811157227	0.2320314959889183
16.049251556396484	24.07279396057129	0.4750032785540451
-12.408296585083008	-35.916526794433594	-0.1150529711984399
-17.261899948120117	-7.466263771057129	0.2400184812469777
7.085780620574951	0.18410305678844452	0.0114584365707661
7.716005802154541	-35.808773040771484	0.0579962837056672
-6.146885395050049	42.74632263183594	0.320819250396202
-36.72737121582031	29.288007736206055	0.1521766358615928
-2.6245503425598145	-45.28515625	0.1608385264974301
-18.53912925720215	-36.630184173583984	-0.3998104422741049
42.887271881103516	-24.101158142089844	-0.0802693558001539
-25.325597763061523	-41.16350555419922	0.2586271787229423
-17.682241439819336	22.121389389038086	-0.2541055308704018
28.425813674926758	-14.172393798828125	-0.0213201986744494
27.39911651611328	-2.4171009063720703	0.1172427013354788
-37.1956901550293	8.285679817199707	0.0369072545034217
-44.950340270996094	15.811455726623535	0.1314015810610176
33.7000617980957	-42.30225372314453	-0.3423582326465573
3.148322820663452	-5.377777576446533	-0.2095772851471979
34.75082015991211	15.818634986877441	0.2147862290523982
-4.307488441467285	15.963756561279297	-0.0188863674440864
-1.4553911685943604	2.716902256011963	0.1882568626106873
-6.283161163330078	-19.9266357421875	-0.0149245703289043
-13.393964767456055	25.962766647338867	-0.1116507697330368
-19.777000427246094	-19.285490036010742	0.176673579593417
-16.597126007080078	19.36091423034668	-0.4602371894682759
-21.676128387451172	-35.1773796081543	-0.0633971756924804
-22.640106201171875	-14.114516258239746	-0.0099975403125349
-12.226333618164062	30.156518936157227	0.0581278829056978
-28.333181381225586	-9.559585571289062	0.0962839497066321
27.83397674560547	-10.896828651428223	-0.2879648284429411
44.775238037109375	6.716864585876465	0.0956240979405612
-3.8261587619781494	-3.4329121112823486	-0.2210510565179743
-23.232397079467773	10.878521919250488	-0.1430923492172778
8.740986824035645	-29.501773834228516	0.1190946888360337
24.43345832824707	-12.994606971740723	0.0460309140909895
5.219653129577637	-41.187721252441406	-0.2227291623820006
-11.684091567993164	2.827059268951416	-0.0213491444395707
45.06064224243164	6.492735385894775	0.2553990571778195
-43.62527847290039	-8.057845115661621	0.3002586742241687
-39.750579833984375	-31.82978630065918	0.1860562905095688
-12.004989624023438	-9.916181564331055	-0.1804572070087401
22.60972023010254	26.861848831176758	0.1180008126592216
17.919628143310547	-7.049187183380127	0.0051743601435222
32.97189712524414	-15.014887809753418	0.0784345233819465
18.329343795776367	-22.958641052246094	0.0232363835485158
-28.843637466430664	-28.425283432006836	0.5386919935075623
1.0433791875839233	-2.0112411975860596	-0.3226470341357575
4.750520706176758	42.01436996459961	-0.222200994582853
30.26117706298828	-11.596524238586426	-0.3195303301783652
-26.632003784179688	6.001239776611328	0.1408214283094156
-12.201111793518066	1.3105396032333374	0.1407451046029275
16.509544372558594	-3.328354597091675	0.0197390191802471
-19.533445358276367	10.114459991455078	0.0913859499409323
-26.56928825378418	-2.0061235427856445	0.0173211926404755
-22.372289657592773	1.1386711597442627	-0.1511437549348749
-0.36941009759902954	-29.501996994018555	-0.0243401839341147
-22.64177131652832	31.524412155151367	0.2091862356635177
7.762270450592041	-44.00726318359375	-0.3732123821299474
51.04157257080078	17.835763931274414	0.2117062494271529
4.677676200866699	42.11333084106445	-0.200090206447362
-2.7314038276672363	21.213884353637695	0.0999518758555928
-43.322410583496094	11.311450958251953	0.354275865265933
-10.739532470703125	-21.768802642822266	-0.2225529369909296
34.53720474243164	-21.605693817138672	-0.1831724242134895
8.843777656555176	-22.402145385742188	-0.4636315004299897
-11.83896255493164	-19.171466827392578	-0.1305076552229351
29.981067657470703	-28.722919464111328	0.0033466889218525
-24.678373336791992	9.707056999206543	-0.0698883490983632
15.317002296447754	-4.359720230102539	0.1343683373860918
-28.343822479248047	-18.18182373046875	-0.1477452517897091
3.258765697479248	-4.844382286071777	0.0678046257877643
-14.211536407470703	9.06209945678711	-0.0245697811724636
1.5015227794647217	-14.44547176361084	0.1892098599773919
-22.236730575561523	-2.991806745529175	0.0160889482666502
50.01840591430664	-23.013761520385742	0.1761708091670014
-15.750581741333008	-20.044578552246094	-0.3715225004761812
-6.945649147033691	-23.863502502441406	0.2736065189654399
6.286993503570557	-2.0359549522399902	0.209113963335151
5.066913604736328	19.775257110595703	-0.0173565172870028
-9.485597610473633	-1.4921187162399292	-0.1301473721014095
13.222366333007812	-0.23714490234851837	0.5385140695472349
-15.087634086608887	-26.73029136657715	0.0960028640933558
-16.966552734375	-43.25651168823242	-0.0883631737646493
3.017490863800049	-36.04364013671875	-0.126359127778949
-15.401774406433105	17.46953010559082	-0.2378044982714818
18.71165657043457	8.399596214294434	0.3801679890915617
5.245471000671387	-31.851091384887695	0.1539137973444073
34.732322692871094	-12.84339427947998	0.3845958154655678
-39.75091552734375	-31.826133728027344	0.2553294817012118
2.181133985519409	-1.3734358549118042	-0.3316290666522438
-7.712588310241699	10.292693138122559	0.0589782370614886
-8.606395721435547	7.236728191375732	-0.2093349791320311
-7.34784460067749	20.3227481842041	0.0986206751129999
-5.788112163543701	-19.628705978393555	0.12733583827406
-3.9199135303497314	-26.51544189453125	-0.1322363114287336
33.454036712646484	-13.3750638961792	-0.2052028099602353
-22.351606369018555	-0.8709527254104614	-0.0032331465922486
-11.590975761413574	-5.0827131271362305	-0.0377437912489265
10.848819732666016	5.475100517272949	-0.2117013738772506
-28.553991317749023	46.39332962036133	-0.0267980697094001
15.779266357421875	-13.44017219543457	0.0575493183418605
15.839310646057129	-19.49758529663086	0.2187364185182331
-4.216028690338135	2.023503065109253	0.1906531835428012
4.396543025970459	-40.448814392089844	-0.0627689236490203
-9.898412704467773	40.556758880615234	0.166403597400894
20.613332748413086	23.8145694732666	0.203720042731527
9.271903991699219	-26.30925750732422	-0.1016673786246167
-32.652587890625	25.19227409362793	0.0667651302432549
10.501874923706055	3.75917649269104	0.169670511096398
-21.29140281677246	-19.119647979736328	-0.0791432095069173
36.83023452758789	15.613948822021484	0.2180408133040391
-2.0718061923980713	16.53079605102539	0.0399922923652327
-22.237245559692383	-10.423447608947754	0.2257866464760537
-32.8726692199707	4.173107624053955	0.1578777756500839
-21.234149932861328	-19.12989616394043	-0.1205108479772632
-19.472370147705078	22.02543830871582	-0.1632463410708391
-18.839628219604492	-13.538046836853027	-0.3239344852311589
6.273926258087158	-24.096860885620117	0.1951547729706951
-4.298644542694092	8.48621940612793	0.03555075208869
-30.303821563720703	-0.599840521812439	0.0957136067334924
-20.446001052856445	35.454833984375	-0.01164361555594
-16.794754028320312	44.37340545654297	0.5657057977317209
25.61908531188965	-28.979881286621094	-0.2424088680776153
21.45211410522461	15.50752067565918	-0.0058602458120335
-23.945627212524414	-5.460955619812012	-0.1814614457832164
-18.134014129638672	8.175816535949707	0.2811748031394271
9.661908149719238	-29.67695426940918	0.2791842955913898
34.50514602661133	2.062093496322632	0.1148487577682572
-5.49178409576416	35.274593353271484	0.3801910864820948
5.409529685974121	21.493783950805664	0.0335527003601869
10.758504867553711	-2.1640803813934326	0.0635667141458464
35.11653137207031	-41.99789810180664	-0.2602830257209171
-19.002866744995117	7.444254398345947	0.5930255319925039
21.79660415649414	22.72103500366211	0.5263394558225779
-17.934139251708984	-2.9147095680236816	-0.0584561426868466
0.9295445680618286	6.5062665939331055	0.3327104544154531
10.182273864746094	-25.309555053710938	-0.1052545846631294
-10.246502876281738	-14.060700416564941	-0.0367654566146891
45.328609466552734	8.443360328674316	0.0841268326008295
-5.7795257568359375	13.469010353088379	0.1339592626138496
-10.240683555603027	11.411467552185059	-0.5689705003521
24.499897003173828	23.283864974975586	0.221890829259587
-22.038246154785156	-9.674294471740723	0.0124195172153584
-7.035763263702393	-8.72121810913086	-0.063011422372817
36.36988830566406	13.828425407409668	0.5068093064699115
25.22517204284668	23.17599868774414	0.0055883307246837
-8.175594329833984	-0.7457937002182007	-0.0702385039270314
-17.777873992919922	-33.581932067871094	0.0367827936607868
-3.3140270709991455	-23.51597785949707	-0.0341228123414761
3.727895736694336	-24.45212173461914	-0.1740766053847335
6.104723930358887	20.07895278930664	0.120216791951009
-12.605411529541016	38.90166091918945	-0.0090572893818976
-18.775272369384766	-22.60800552368164	-0.0613923115972823
9.177441596984863	-42.530521392822266	-0.1423075428172408
12.866299629211426	-15.662604331970215	0.0423924711650925
-33.76029968261719	38.856719970703125	0.1073095518559571
2.279663324356079	-10.098605155944824	0.0929914536022363
-12.864845275878906	12.6762056350708	-0.1771894022777596
10.856612205505371	-1.4679762125015259	-0.0495816379147585
-42.5135383605957	-7.547991752624512	-0.0249540977521255
-20.890439987182617	-10.1533784866333	0.2760464401136794
-3.525618314743042	-6.771963596343994	0.0334761214746251
11.889911651611328	-14.461404800415039	0.1329189160750861
50.18893814086914	23.415111541748047	-0.2791391487757644
-20.835891723632812	17.564897537231445	-0.565758236880833
20.849618911743164	-15.756464958190918	0.0531839690313758
-16.293254852294922	36.3564567565918	0.1147815122593208
42.65876388549805	-4.568449020385742	-0.0625547199185866
-8.033175468444824	30.772411346435547	0.1545813306964154
-9.106009483337402	-20.532562255859375	-0.3066548078722921
18.63948631286621	-39.07057189941406	-0.0349993904780127
-9.896720886230469	40.560150146484375	-0.0322462536576468
-6.621564865112305	18.354841232299805	0.3496682319477217
13.315354347229004	-0.1751578003168106	0.5823906734125155
13.000909805297852	-16.033710479736328	0.0029576750859802
-5.457099914550781	-21.708099365234375	0.244773625511252
3.144284963607788	-51.7313117980957	0.3605251273467752
13.865943908691406	-19.54745101928711	0.1612431604185691
-2.8196091651916504	17.5290584564209	0.1381311411087255
51.06770324707031	17.68195152282715	0.0345095356300733
-13.743492126464844	19.70115852355957	0.3053513406489543
-15.665833473205566	12.70011043548584	0.0004054258631254
12.273262023925781	-34.87052536010742	0.0376257679378797
27.347087860107422	-39.333980560302734	0.0661012850470748
-29.340356826782227	20.956010818481445	-0.2873719297190667
3.9956324100494385	-51.791561126708984	0.0756746476125727
14.571537017822266	3.998817205429077	-0.1190503872002006
37.93424987792969	12.882615089416504	-0.055228645055403
-14.703786849975586	-20.781055450439453	0.05513765130793
-21.44947052001953	-10.426081657409668	0.1669100462611
-24.677959442138672	36.82367706298828	0.1075362172681623
1.111412763595581	39.41453170776367	-0.2368451480395235
-20.096282958984375	-26.25724983215332	0.1096973792103247
-38.12855911254883	28.903038024902344	-0.1897692925362631
-16.368553161621094	36.30549240112305	0.166598699529626
-37.61392593383789	13.08626937866211	0.1168717097848465
0.9021139144897461	-0.466641366481781	0.1679305537756728
-16.89156150817871	26.133909225463867	0.0637977410564523
6.926468849182129	19.99836540222168	0.1354284924301297
2.3548460006713867	-39.167598724365234	-0.1008106241186059
-34.56272888183594	-24.150707244873047	-0.0824705860613267
-25.92435073852539	-15.769396781921387	-0.0603442930160103
11.357202529907227	-41.03734588623047	-0.058717099541308
-34.91764450073242	-24.057811737060547	-0.2766503434568333
22.590314865112305	-10.390015602111816	0.0627962526063626
40.38926315307617	18.09482192993164	-0.0417707413537454
34.06375503540039	33.005645751953125	0.4608397205990671
-14.05749797821045	29.315807342529297	0.0065997773651877
50.71139907836914	19.16853141784668	-0.0732148909882987
-6.789355278015137	-40.59505081176758	0.2261822795468569
-5.938820838928223	-33.420597076416016	0.1403213484665501
12.399791717529297	9.328676223754883	-0.3689579461504953
34.27824020385742	11.4988431930542	0.340225053612783
16.873294830322266	-11.75512981414795	0.2799466308534767
18.99651336669922	33.88770294189453	-0.4793007369489943
14.045323371887207	-37.965518951416016	-0.2382958069052726
-7.463540077209473	26.407968521118164	0.1463943513372491
-8.78110408782959	-33.795711517333984	0.1233204218330977
-23.999807357788086	-21.54967498779297	-0.2160045663556422
36.536094665527344	-41.025634765625	-0.2877524953992958
-35.638160705566406	-19.16602325439453	0.1200065986166549
3.931110382080078	-17.990570068359375	0.0943500984619122
24.487037658691406	-2.8320794105529785	0.1428483165785634
-19.08821678161621	-6.152276515960693	0.1243793743085785
-37.144287109375	8.045862197875977	0.001715679338564
13.526923179626465	-23.305673599243164	0.0895541541470554
2.430152177810669	-37.56097412109375	-0.0458181250766099
-12.367128372192383	6.1660847663879395	0.3096891024969601
-4.478816986083984	48.881622314453125	0.0951733241764798
-35.872257232666016	18.906295776367188	-0.0950393077201369
47.23810958862305	7.661062717437744	0.5210866748881555
-12.37210750579834	-17.884859085083008	0.3492490794844969
-23.084754943847656	41.63077926635742	0.0938861266388551
-22.841018676757812	6.206410884857178	-0.6093889418245533
-26.0236873626709	22.68600845336914	-0.3058819212302706
-28.810752868652344	-5.115217208862305	-0.1984203110684198
-22.814376831054688	-0.5749489068984985	-0.0125875433030944
12.452167510986328	-6.7018938064575195	0.2710339371598967
17.576269149780273	4.11817741394043	-0.0891192687011444
-28.873531341552734	-28.42597007751465	0.2626469238132817
-3.3167638778686523	31.50558090209961	0.1488360194524737
24.19736671447754	-27.32969856262207	-0.0784037207878403
12.381707191467285	5.550234317779541	0.019612743741045
46.113494873046875	8.741774559020996	0.1216584937248303
-35.1910400390625	-12.584266662597656	-0.1063851992710602
22.906566619873047	25.253036499023438	-0.0699510820190075
7.09074592590332	-18.990684509277344	0.258892043708691
5.196269989013672	38.293033599853516	-0.0617569958665562
-18.07303810119629	15.528834342956543	-0.1127178020609085
47.13692855834961	8.482760429382324	0.2949979555450525
13.04858684539795	-6.712778091430664	-0.0171609320275531
39.15925216674805	-20.082672119140625	-0.1280278627036425
-38.00822067260742	35.21979522705078	-0.1886306252622294
31.88118553161621	-28.663570404052734	0.2238394689088039
8.031951904296875	34.67814636230469	0.2153934943077123
-22.767147064208984	23.99106788635254	-0.0420924141234654
-27.91474723815918	9.161561965942383	-0.0015515699657245
-10.35238265991211	28.120319366455078	0.4358648993225048
21.718181610107422	0.7446029782295227	0.2006564897874739
-17.76201629638672	-33.5135498046875	0.0160712744930717
-20.109384536743164	28.52379608154297	-0.0478650370310037
-4.074419021606445	-26.254924774169922	-0.174992649423623
-17.21677589416504	3.1161844730377197	-0.1018114435877494
-1.8097728490829468	20.778175354003906	0.1070019947616133
-27.954038619995117	-10.948772430419922	-0.3836268153060218
-19.23140525817871	14.43999195098877	-0.0239976367235067
33.54448699951172	22.1307373046875	-0.029590809748015
-15.349928855895996	-36.48854064941406	0.2248924770527827
-39.474979400634766	2.125904083251953	-0.0533493927866382
-1.3902076482772827	-23.15165138244629	-0.2510234002476461
18.49247169494629	-33.52505874633789	0.1227313537499472
24.292827606201172	31.77126693725586	0.7362222711135369
50.00811767578125	-23.010066986083984	0.2537744396517511
-31.694961547851562	25.633363723754883	0.2511354275793059
2.3415777683258057	30.903825759887695	-0.3205606719240735
-27.400644302368164	38.059757232666016	0.2958698442131233
-0.7399042248725891	10.615245819091797	-0.0194236887009651
-7.9958343505859375	3.427577018737793	0.2555588300222734
-12.58457088470459	8.834456443786621	-0.3109191456915113
-9.542366981506348	-30.32910919189453	0.4781600570766215
-49.92452621459961	10.26050090789795	-0.3251005012163982
-8.168442726135254	30.612071990966797	0.0317893711179701
-36.519107818603516	-23.78388786315918	0.1364267594095513
-43.10541915893555	-7.285667896270752	0.0342516095686921
34.6490364074707	-39.656471252441406	-0.1673770150352652
31.338220596313477	-26.162885665893555	0.0962241866783472
13.244964599609375	29.24672508239746	-0.5764570299699614
10.363478660583496	-4.1400322914123535	0.2076731802803222
34.039306640625	-3.6132259368896484	0.2132290894863959
8.444144248962402	-15.166892051696777	-0.0920837943943862
-35.714942932128906	-19.218721389770508	-0.2182420132018363
-33.639827728271484	-24.675090789794922	-0.1638958650622315
-7.194224834442139	-27.405202865600586	0.0464458787756492
-35.26181411743164	8.025318145751953	-0.5604260818334349
-6.067828178405762	20.41030502319336	0.0168735935329563
-6.305439472198486	10.95740032196045	-0.0214244449356891
16.504087448120117	20.735740661621094	0.376611107284473
-34.637054443359375	-9.775641441345215	-0.1041352922972943
2.2538275718688965	34.08167266845703	-0.2003471818112625
-27.872106552124023	9.134234428405762	-0.005628126014508
-13.69512939453125	-16.957399368286133	0.4462326596664853
-29.269424438476562	30.03464698791504	0.2953375691445691
12.032166481018066	24.98396110534668	0.1212600512739906
-4.720458984375	-6.375636577606201	0.3836283434003339
0.0453978069126606	-2.7509713172912598	0.2143558933708871
19.70003890991211	-4.176504611968994	0.1203253282034486
-43.62904357910156	5.892526626586914	-0.289902616133201
-3.1768739223480225	7.195915699005127	-0.0920659672753319
-9.215765953063965	15.711426734924316	-0.4054250503210637
-17.259721755981445	-14.115715980529785	-0.0449315600655468
35.966976165771484	5.2544074058532715	0.0296009572699876
-29.541109085083008	17.986860275268555	0.374698564935048
4.468526363372803	26.633098602294922	0.0244196264917972
-2.188828468322754	-4.714674949645996	-0.0598501232622683
14.730627059936523	12.472434997558594	0.1766312002035072
-11.725027084350586	-4.135860919952393	0.0410650625604705
50.15421676635742	23.300758361816406	-0.2079530442528072
6.670570373535156	32.778968811035156	0.1397916211219326
-34.268253326416016	-0.3462463319301605	0.2109421727667329
17.74383544921875	8.30767822265625	0.1794059303985208
-14.16687297821045	-37.16438674926758	0.2103078126424279
13.818532943725586	-39.99272155761719	0.2421789949964397
-33.134910583496094	-30.977792739868164	0.2969992259544558
-30.434297561645508	-20.611541748046875	0.7763299518340216
-20.10297203063965	10.981542587280273	-0.0789752616443808
-40.51252365112305	19.421419143676758	-0.081963646278292
8.074691772460938	-42.8731803894043	-0.1163846253738127
6.3679046630859375	13.056378364562988	0.2921827416058956
13.419447898864746	-22.929922103881836	-0.1059202807079823
8.95449447631836	17.294788360595703	-0.2564653433434311
2.066798686981201	-6.134243965148926	-0.103260984865754
1.3625233173370361	41.54138946533203	-0.5792822758425673
17.86028289794922	-22.06459617614746	-0.0699984602675741
4.566449165344238	21.303037643432617	0.1327664570776613
25.449430465698242	-16.33873748779297	0.0422321040883189
-27.8179874420166	46.88360595703125	0.2111429222484141
30.357139587402344	-15.211342811584473	-0.1330006115231265
-45.628639221191406	3.2726030349731445	-0.0817383228392169
2.801928997039795	16.255678176879883	-0.0535514048005222
-9.646581649780273	-25.574420928955078	-0.0614770699967727
-15.524266242980957	-37.68678665161133	0.1740974865894568
39.13657760620117	-22.19579315185547	-0.1380824168629031
-16.339078903198242	43.56715393066406	0.5100620898243665
-23.00667381286621	-26.099571228027344	-0.0626116667750998
9.385971069335938	-3.6205601692199707	0.1294510876276096
-22.660747528076172	-14.151729583740234	0.0405024077636599
-10.412772178649902	-21.418140411376953	-0.2326205939945462
-12.06954288482666	-0.10106682032346725	-0.0878454516906435
11.974838256835938	-40.14618682861328	0.2838575120886243
23.55934715270996	-28.691518783569336	-0.1004656776395608
5.306078910827637	26.907482147216797	0.130847699797506
-51.317352294921875	-5.3085246086120605	-0.3382224410371308
16.25924301147461	10.048480987548828	0.1020008104265375
24.138803482055664	14.519733428955078	0.3064606099526458
-44.94696044921875	15.776203155517578	0.1785617855736059
-14.577323913574219	-20.945953369140625	0.0454945705460341
-28.968381881713867	-21.499404907226562	0.241439572797229
39.5498046875	22.694355010986328	-0.1774312562322846
-23.518997192382812	30.745180130004883	0.0155000743033449
-17.752452850341797	32.386680603027344	0.1621450817989649
35.150577545166016	20.01528549194336	-0.3964053542503907
0.6660786867141724	-28.916168212890625	-0.090348743886559
6.923331260681152	-42.16082763671875	-0.0669437807571354
23.271408081054688	-5.4438796043396	0.1861364431997574
0.5210381746292114	23.858755111694336	0.0323609890917238
33.179752349853516	34.064369201660156	0.6910385123554608
20.71459197998047	-38.50971984863281	0.0907882866310783
11.006815910339355	-18.616138458251953	-0.2047381897040207
-7.168686866760254	6.7453107833862305	0.3092338052933777
-13.964911460876465	1.54924738407135	-0.0119161155122978
-25.015628814697266	-7.371960639953613	0.0326791493376838
-39.44579315185547	2.1541426181793213	0.11163525543859
-19.793371200561523	-23.442047119140625	0.3099527768527486
-8.754352569580078	16.2526798248291	-0.7019447174326526
-28.09185791015625	2.4093968868255615	0.7388833919137181
-7.138445854187012	37.33317565917969	0.0597212558475831
-9.429641723632812	-6.072185039520264	-0.1337290259765785
5.2250542640686035	-31.895557403564453	-0.2008094085904276
-5.593002796173096	-40.64449691772461	-0.1935477970418691
1.4129441976547241	4.2800517082214355	0.1787868809278315
33.73586654663086	26.520082473754883	-0.2196357203812816
-0.1559719443321228	22.230892181396484	0.3173456776101557
7.032576560974121	14.072606086730957	-0.027358562289157
25.76420021057129	17.316987991333008	0.5315244348127386
-28.908649444580078	5.083784580230713	-0.0100244172603545
35.008201599121094	31.6557559967041	0.7440227274978434
6.819660663604736	-27.247709274291992	-0.2175278036695876
-26.3981876373291	26.002300262451172	0.1251447236635136
-17.915283203125	15.695255279541016	-0.1044888249908048
-1.9411981105804443	12.87907886505127	0.0639290852961852
-29.712854385375977	-17.424331665039062	-0.3449187501908151
-12.62802505493164	38.87641906738281	0.0855455822294122
-40.02399444580078	23.974777221679688	0.0726347234379101
-26.4508056640625	25.82469940185547	-0.0394853353981616
-32.2513542175293	-13.985525131225586	-0.4725958989358003
20.87306022644043	26.892431259155273	0.3377968669219648
3.4610977172851562	5.551665782928467	0.1380222849208986
7.450336933135986	24.521467208862305	-0.6590463663673634
-20.710796356201172	2.676290273666382	-0.170885029839715
3.2127633094787598	34.24711990356445	-0.14000385099238
-30.821666717529297	-37.064693450927734	0.0838209995845918
-11.026190757751465	25.505657196044922	0.2880714156677019
31.34532928466797	26.10024642944336	0.4437749743669462
34.616729736328125	-39.223487854003906	0.2139718500638052
12.021992683410645	-11.336812019348145	0.1900310834983147
17.33407974243164	14.926554679870605	-0.025245906153733
-11.402503967285156	34.31886672973633	0.3559423042311262
5.491959095001221	-7.3041887283325195	-0.3174633964870211
-1.3270199298858643	40.17084503173828	0.0211613108092583
-31.856731414794922	9.855165481567383	-0.1863854873206165
24.39029312133789	-8.985963821411133	-0.0769568203453153
-2.273914098739624	-44.7303352355957	-0.0877607989126263
12.437485694885254	-28.575284957885742	0.2297843442244106
-17.623106002807617	-26.929685592651367	0.2041243025445837
-8.883415222167969	-33.91482925415039	0.0296654315147434
-23.41379165649414	-30.68124008178711	-0.150694330677521
35.762718200683594	28.5808162689209	0.4032729239295525
-33.597557067871094	15.035733222961426	-0.3339626193616784