x	y	effect_size
-21.934345245361328	-10.783679008483887	1.3459878111760308
-22.651241302490234	-11.461319923400879	1.3879257138003298
-23.67821502685547	-14.380887985229492	1.4047778258560946
-25.01268196105957	-14.324980735778809	1.3542713046205306
-22.219018936157227	-12.3406400680542	1.3620634278553074
-7.2452521324157715	-24.357677459716797	1.342070295516709
-30.762208938598633	-36.04948425292969	-0.1814931194505264
-34.168907165527344	-36.377540588378906	0.4578235999755354
-1.1428457498550415	-32.090492248535156	1.4623331871416387
-2.8981857299804688	-28.095186233520508	1.3358077805023094
-19.6044979095459	-12.077163696289062	1.3406344918263202
-0.0048947627656161785	-29.624902725219727	1.5253640025440172
1.448812484741211	-33.9744758605957	1.5885333835697746
-2.8056015968322754	-29.237592697143555	1.2831150433159162
-4.790009021759033	-32.61638641357422	1.5209651638841364
-7.015578269958496	-25.76738739013672	1.4531408029440358
-4.672244548797607	-32.4553108215332	1.4048158233371189
-32.40616989135742	-40.943660736083984	0.5727677392318559
-17.016672134399414	-34.81342697143555	1.124447739906716
-17.495498657226562	-27.840970993041992	1.0997756802842262
-14.990666389465332	-30.227909088134766	0.9276070142160028
-12.700540542602539	-34.406219482421875	1.2624854494675202
-19.609106063842773	-37.10796356201172	1.1407102095792616
-17.029983520507812	-33.925048828125	1.1287421684555776
-16.737281799316406	-29.883392333984375	1.2574923433202816
-23.216856002807617	-14.970622062683105	1.138347907594102
-22.959123611450195	-32.32320022583008	0.9291290527324528
-10.756495475769043	-33.97126770019531	1.10487432126005
-13.855314254760742	-29.571462631225586	1.304319406103717
-11.013081550598145	-29.666921615600586	0.7310283564903343
-15.034424781799316	-41.980281829833984	-0.4572418738828632
-17.492023468017578	-35.62308883666992	1.045857574582321
-15.861245155334473	-36.559993743896484	1.254004974889772
-22.269315719604492	-31.41086196899414	1.0092807126046734
-18.63869857788086	-42.501976013183594	-0.3283767957470871
-16.956363677978516	-38.09782409667969	0.8167618472626317
-13.751214981079102	-31.711772918701172	0.99849502041081
-21.154212951660156	-35.69211196899414	0.3225601085600124
-11.788272857666016	-35.40252685546875	1.0680227720038569
-17.6076602935791	-32.81874465942383	0.0752664077100687
-15.237107276916504	-43.242801666259766	-0.7140554133185163
-18.74690055847168	-42.28273010253906	-0.6488434860219039
-19.679758071899414	-40.92793655395508	-0.1381026875185462
-12.933063507080078	-39.879154205322266	-0.4744078564852222
-15.012248039245605	-41.83101272583008	-0.5914921333068138
-14.219569206237793	-38.61534118652344	-0.3693103367019316
-28.469329833984375	-10.178169250488281	1.2052905970690555
-17.049774169921875	-7.984120845794678	1.347988055310639
-9.140545845031738	29.702062606811523	1.378293898281447
-19.720800399780273	16.780521392822266	1.2987809598371065
-30.52168846130371	-6.957368850708008	1.3743567273185249
-4.953026294708252	3.969413995742798	1.360687653824615
18.475465774536133	31.00588035583496	1.2432796800471757
-39.56804656982422	-1.876449465751648	1.4033430014069794
-25.792470932006836	-10.590291023254395	1.5163073669213147
-15.003608703613281	-4.258974075317383	1.318535197554193
-8.960163116455078	-22.347705841064453	1.1446872257178973
-12.30395793914795	-7.8260817527771	1.5105427805707576
7.041186332702637	11.419584274291992	1.401623663038343
19.521459579467773	18.89722442626953	1.2552780391008649
-19.646129608154297	33.61284255981445	1.4862571133661076
12.643157958984375	28.372900009155273	1.2221961819099048
2.585297107696533	12.345049858093262	1.3591153266266909
-20.21210289001465	19.642925262451172	1.259935815524376
-17.565732955932617	19.4566593170166	1.2633860059482231
17.437175750732422	12.728887557983398	1.3595217939279711
-36.94371032714844	1.3840229511260986	1.3574432675661192
3.87935471534729	-0.3688616454601288	1.2299734667558426
-15.244783401489258	-4.449028968811035	1.1087114935403193
-9.482126235961914	12.8565034866333	1.3379107814610658
33.908390045166016	-1.7666664123535156	1.078241388715914
-21.336458206176758	-7.174350738525391	1.4605320410499174
7.655489444732666	30.749832153320312	1.5545900067108709
-22.16366195678711	-2.589020013809204	1.3610713109005947
-8.162863731384277	-0.5410401225090027	1.350860326035168
-22.60809326171875	-2.017348527908325	1.3718407334203588
-41.12608337402344	-22.455726623535156	1.4240491517711371
-28.94832992553711	-2.3269832134246826	1.201608477342276
6.078131675720215	42.3079719543457	1.3427437738000836
-7.571042537689209	-1.3568811416625977	1.4294982715227649
-38.16972732543945	5.9764885902404785	1.3170084551541223
-19.95656394958496	12.468871116638184	1.5949646321932425
6.59374475479126	38.83148193359375	1.3619934265980542
-17.584339141845703	29.086374282836914	1.3637168734832337
-2.8285651206970215	0.4839072823524475	1.3318719399942318
38.29827880859375	-10.135000228881836	1.5529573857836052
-26.38330841064453	22.974658966064453	1.477728634425259
19.966197967529297	18.143159866333008	1.227444365205595
3.3626229763031006	-45.15950393676758	1.442438830485826
-35.39740753173828	2.9200332164764404	1.4316084959037698
6.122344017028809	6.555686950683594	1.4636694391595646
23.435062408447266	26.95182991027832	1.2574944101944463
7.436933994293213	-11.650442123413086	1.3148837733335026
18.337770462036133	13.4168119430542	1.346272870427491
29.986804962158203	-33.887760162353516	1.3101386843285945
0.6868411898612976	-21.316593170166016	1.3668415575050563
-16.93602180480957	-1.0074288845062256	1.337235531600254
-25.871559143066406	-5.4458909034729	1.2767945719423313
1.781399130821228	22.399539947509766	1.5456630569904355
14.367493629455566	6.647221088409424	1.304522049337565
-18.271595001220703	7.893308162689209	1.4002247457942112
-5.923415660858154	-10.003134727478027	1.2033113149889505
-32.700279235839844	-5.6673994064331055	1.3732594363595012
-35.723899841308594	16.357715606689453	1.203516955878078
-20.670146942138672	19.78936195373535	1.229476017408549
-27.16547966003418	-8.837507247924805	1.455193164938569
3.903163433074951	-14.815376281738281	1.236711746542974
-27.659761428833008	8.513782501220703	1.4555558423631203
-4.134016513824463	-15.295174598693848	1.2496699692359732
-23.31108856201172	27.65992546081543	1.5145304879365291
2.135988712310791	26.647769927978516	1.301373606919008
6.202862739562988	11.79821491241455	1.4600442598417191
17.323213577270508	32.385780334472656	1.3139391516639218
25.528921127319336	-20.548561096191406	1.4963070129884697
-30.135637283325195	-6.428627967834473	1.4198592476273255
-5.0632405281066895	16.71344757080078	1.335700764133017
-22.29983139038086	23.617340087890625	1.4729851173749455
-25.87955665588379	23.840715408325195	1.4517317286802462
-34.44246292114258	14.89167594909668	1.2958706062707706
0.6260330677032471	-21.451082229614258	1.2757355218074793
-21.223691940307617	7.049046516418457	1.0677033930782494
20.55790901184082	-2.279524326324463	1.3806851467784742
14.1729154586792	-5.399824619293213	1.4974081381428577
-38.59833526611328	12.565208435058594	1.356775780548133
23.523775100708008	-11.424098014831543	1.2766084100448138
-32.7985954284668	0.1494699865579605	1.1560226575762418
27.77513885498047	35.01232147216797	1.216414199662252
-31.943483352661133	14.295169830322266	1.2827382991094305
17.140928268432617	13.429635047912598	1.3714276515006327
12.485448837280273	-9.833297729492188	1.4139056344867005
-1.5083662271499634	7.455352783203125	1.255310128047928
10.566880226135254	-14.088922500610352	1.3232744318663907
7.63282585144043	-20.28113555908203	1.4221071937113643
-25.05910301208496	1.9713801145553589	1.4720994527712428
44.05463790893555	-27.609729766845703	0.8344821376347585
5.819886684417725	6.010463237762451	1.4445146914917313
-25.412668228149414	-4.69648551940918	1.3067394709701317
-24.260372161865234	-5.140020847320557	1.3651693765126405
-2.1257927417755127	0.5700980424880981	1.3353748734403208
-35.96430206298828	10.323954582214355	1.1872871259022544
-32.00999069213867	14.807950019836426	1.27807808359852
-23.34186363220215	2.252117395401001	1.3803658639740457
-14.160818099975586	3.751715898513794	1.4263212587523126
14.412060737609863	16.06414222717285	1.2258178553583496
6.831559658050537	44.28428649902344	1.4387210399048251
-29.91471290588379	0.5876452326774597	1.4697896242452952
-25.786623001098633	32.15520095825195	1.3879886199187736
6.381383895874023	-25.417417526245117	1.344531437630336
-14.86799144744873	14.769991874694824	1.4122792838892078
42.12093734741211	-10.013986587524414	1.1324952271947517
-25.183320999145508	-9.983734130859375	1.4655569595873166
-28.86952781677246	25.605859756469727	1.2478644661366027
-9.213557243347168	16.242406845092773	1.207626604944569
46.397335052490234	12.868342399597168	1.350451429740058
-36.06329345703125	-9.505008697509766	1.356242881194244
-11.627110481262207	43.14699935913086	1.4330330246490504
21.131574630737305	35.489349365234375	1.219099705524518
-25.48240089416504	-14.098371505737305	1.3633487317732371
28.139432907104492	-7.577729225158691	1.3620244753040611
-0.4237430989742279	14.688620567321777	1.1717826646023692
1.1349103450775146	-25.09136390686035	1.3925015239902176
1.5917980670928955	26.55950927734375	1.4458168318233875
20.183794021606445	-1.9298511743545532	1.4772907929947336
3.384462833404541	-8.402976036071777	1.2258985737750068
-17.34001350402832	-7.931353569030762	1.3233299300293528
15.167193412780762	-7.521021842956543	1.5033161300560522
-18.044639587402344	18.64897918701172	1.2192845391870952
-18.91075897216797	3.5284054279327393	1.2491374517460916
-9.899288177490234	2.2532246112823486	1.3334508657691602
-13.322602272033691	-1.342539668083191	1.3493817627236335
15.235309600830078	15.7860689163208	1.4407822570344049
-18.070188522338867	-17.691375732421875	1.501354121971368
27.668102264404297	20.03708839416504	1.4229041856427556
23.9612979888916	-21.85886001586914	1.4930564197598295
28.49287986755371	0.5651044845581055	1.4832702508654496
-10.9741849899292	-6.096111297607422	1.5105804191208996
-18.021345138549805	27.980276107788086	1.411387570263154
12.590258598327637	-22.393590927124023	1.1023989915545174
34.953269958496094	-37.118953704833984	0.9574967812316904
-38.85321044921875	21.17750358581543	1.284516668169574
13.399718284606934	-13.49917984008789	1.3155547374752297
7.998044013977051	20.01078224182129	1.4762196441795572
-22.30431365966797	8.500809669494629	0.7221081879631068
-23.013418197631836	27.546417236328125	1.5242328845603468
3.2490885257720947	32.080238342285156	1.332185321751483
14.647971153259277	6.929599761962891	1.3177890242803776
-9.857902526855469	-12.860381126403809	1.564409012343711
-5.156835556030273	4.422214031219482	1.3701506419821414
6.9475016593933105	10.935820579528809	1.3568014079768644
17.59567642211914	-23.226882934570312	1.522802491523219
19.986785888671875	-10.470672607421875	1.4556153249610964
38.72550964355469	-10.001609802246094	1.4779938356547873
25.813873291015625	-12.280074119567871	1.5134543826504498
24.2102108001709	-44.54353332519531	1.4388633422393566
37.02005386352539	14.517422676086426	1.2255699896770649
-2.111140012741089	-1.9965128898620605	1.513354191521102
13.710026741027832	-26.730316162109375	1.0299990041637015
-24.96294403076172	-9.21562385559082	1.299466759272198
-32.29477310180664	13.502530097961426	1.22281578679547
-0.869310736656189	-13.510701179504395	1.184865204967562
-36.951927185058594	-6.8560075759887695	1.4536120866966151
30.089496612548828	38.56550598144531	0.5741473915085125
35.92448043823242	28.076932907104492	1.300289087203636
2.6826417446136475	-30.614818572998047	1.2661758848639353
-28.48843765258789	5.125038146972656	1.4405923153611373
13.38267707824707	-32.42502975463867	1.2918261244237748
-20.35973358154297	2.8438360691070557	1.087322700183814
-34.848175048828125	5.284660339355469	1.3582165561122608
3.839874744415283	17.025941848754883	1.3154940684607546
-18.333084106445312	-27.32231330871582	1.0042917878800266
-9.152264595031738	6.871363162994385	1.2374618318242416
47.109806060791016	12.126770973205566	1.3587873202456289
32.01607894897461	15.499374389648438	0.9341215024074234
20.449792861938477	-27.47321891784668	1.23537226812322
-6.163060665130615	-38.7733268737793	0.6854188506522917
37.81563949584961	-22.696134567260742	1.1234452617393271
19.721630096435547	19.733415603637695	1.3464043772171337
18.64371109008789	30.318050384521484	1.356101860266376
-40.46544647216797	-11.806648254394531	0.5707581258249401
20.25595474243164	16.68366813659668	1.3870586557964557
-4.798266410827637	-16.88694953918457	1.2922668450664214
-3.343228816986084	-6.3632988929748535	1.5158305978320257
23.96161651611328	34.3622932434082	1.5072915652538827
20.302242279052734	-23.91684913635254	1.1231945649130564
33.682254791259766	-12.062840461730957	1.4057309017443056
-45.21485900878906	-7.46318244934082	1.1434949523569795
17.565793991088867	23.568553924560547	1.3943501355614591
10.206467628479004	-9.868754386901855	1.369768583955039
-32.95719909667969	22.70401954650879	1.3422328121023306
-7.006729602813721	-3.459338903427124	0.4786876116376209
-28.84576988220215	37.03348922729492	1.075262440228308
-6.170243740081787	-10.03182601928711	0.9698992736663145
-8.677169799804688	-20.84730339050293	1.1604224587142435
-42.47307586669922	-10.77796745300293	0.8623507640033061
14.15386962890625	37.795204162597656	1.277465405528476
41.94024658203125	-11.80976676940918	1.4049411600220163
-27.45204734802246	-5.026932716369629	1.299184484148249
10.073826789855957	-15.265663146972656	1.24067789596124
-26.96546745300293	26.90056800842285	1.350979793696932
-0.33989107608795166	-9.146004676818848	1.2781522357980508
47.278499603271484	-13.327326774597168	1.004835736877295
29.19214630126953	15.053770065307617	1.279412223228272
-13.737804412841797	37.42923355102539	1.3867287927807213
33.98378372192383	-0.6479809880256653	1.3688446163019083
-27.887454986572266	26.924335479736328	1.355028236761548
30.309967041015625	8.958067893981934	1.5032332029078928
27.58741569519043	-39.33218765258789	1.1356345208175658
22.009613037109375	-26.005783081054688	1.2523950668866202
19.146554946899414	18.866613388061523	1.1073248158428908
7.59093713760376	31.381406784057617	1.4788770670413245
-15.915487289428711	-13.249303817749023	1.4413050728741748
11.435439109802246	11.66061019897461	1.1342539903727922
-15.9359712600708	-26.095016479492188	1.347936270566099
-28.753177642822266	-1.9837074279785156	1.2459864539245316
35.61425018310547	-31.120532989501953	1.4249287447534154
-19.809555053710938	12.372811317443848	1.5200537634848177
-30.616975784301758	-7.76590633392334	1.3964690612979669
32.94892501831055	-18.039350509643555	1.523803914227851
2.5104141235351562	-18.53104019165039	1.454438667006061
-35.718711853027344	-17.648622512817383	0.8366600414783744
45.97294998168945	3.9634900093078613	1.2562826507475051
-38.01130294799805	-16.043895721435547	0.830714802225012
-24.46449089050293	6.057520866394043	1.555337722081277
32.10132598876953	-3.2906999588012695	1.1947877707644454
-18.539955139160156	7.370813369750977	1.285237813891079
11.183637619018555	11.717991828918457	1.4408639062380175
21.87581443786621	10.44538688659668	1.4314669754966434
-7.54058837890625	4.37750768661499	1.1297886778373956
-19.51749038696289	5.9634785652160645	1.2874760038735642
28.511520385742188	3.605546712875366	1.4145115716053538
-46.6002082824707	-7.137859344482422	0.94277384042979
-33.651119232177734	32.18407440185547	1.1698062349366984
44.94451141357422	-2.407376289367676	1.1336971987202902
-22.564964294433594	8.946179389953613	1.045032648475304
-4.062706470489502	-15.507477760314941	1.0510575535704083
-1.1004507541656494	38.625797271728516	1.5180937615708403
-3.7885501384735107	-6.384056091308594	1.4529263597834925
-28.773805618286133	-10.648347854614258	1.2663995874076472
-10.204172134399414	43.85560607910156	1.3173478805317993
16.38809585571289	0.25651469826698303	1.3675163320408277
-3.8774337768554688	11.933011054992676	1.5021846746532508
27.525012969970703	-28.060298919677734	1.4724824185948644
25.848358154296875	-27.829065322875977	1.4213966496249355
-3.4206202030181885	-28.459182739257812	1.3404208254074008
4.592724323272705	2.936167001724243	1.4645082206749802
1.2224642038345337	22.318195343017578	1.4087924199326072
24.643840789794922	-15.274938583374023	1.4502746510734004
-2.0538158416748047	-5.743326187133789	1.1742665642523027
36.6436653137207	-29.06729507446289	1.3931290053570975
44.840728759765625	7.695003986358643	1.3211508588869034
6.517470359802246	42.47249984741211	1.3414388462769824
2.9560494422912598	-11.495838165283203	1.2990399671570865
-11.088016510009766	-2.96171498298645	0.1395452821548656
8.213285446166992	-0.9864439368247986	1.4718103304108894
-17.801036834716797	27.062108993530273	1.3332276210438678
-40.63555908203125	-14.912330627441406	1.0863651541985322
-31.82979965209961	-2.919567823410034	1.1307310015366767
-30.584331512451172	9.845678329467773	1.377152137290338
-0.9811856746673584	8.352288246154785	1.0405973059041758
30.67513084411621	-11.658464431762695	1.5115269159938156
-32.39888000488281	1.8074129819869995	1.3128107107974751
-39.05485153198242	13.22080135345459	1.1490160313191664
8.267001152038574	3.7640504837036133	1.2128344393083137
-31.703828811645508	-6.285428047180176	1.3135836643552243
-25.264141082763672	2.5833165645599365	1.256079406073365
-49.772682189941406	-10.659407615661621	0.9049861454826597
-36.30998992919922	13.616227149963379	1.262319863696686
-29.499797821044922	14.60660457611084	1.4498856135497094
0.40626242756843567	-11.769086837768555	1.3430253152348968
-16.863784790039062	-18.158634185791016	1.501659855989621
-9.781649589538574	20.233989715576172	1.27661197299547
34.46592330932617	27.69091033935547	1.3141147308078196
32.98634719848633	-27.500490188598633	0.9481264882005656
51.987457275390625	-2.048280715942383	0.959409785618772
-48.588619232177734	-13.355751991271973	0.0421768123295108
14.876124382019043	-18.780778884887695	1.315547962536569
3.0142550468444824	-45.79629135131836	1.434547401996923
18.348329544067383	28.586442947387695	1.406850003078732
-49.16099548339844	-9.349570274353027	0.8192618014790448
-16.472177505493164	18.114974975585938	1.3524500779565425
-23.284387588500977	-0.723434567451477	1.4751976915242513
-30.777286529541016	-36.039451599121094	-0.4444592998823664
-30.70464515686035	8.488839149475098	1.244545278228295
-20.897666931152344	33.53842544555664	1.3455015145086142
32.242454528808594	6.308694839477539	1.3029944905561377
13.612024307250977	-32.651512145996094	1.451266891575173
-4.679087162017822	33.49541473388672	1.5478347168320337
7.51664924621582	28.862991333007812	1.5103316097674406
-46.53302764892578	-16.366416931152344	0.2414550587258712
-19.252126693725586	35.68470764160156	1.2041730658896477
-18.749412536621094	37.34151840209961	1.4912196119857166
-1.1336419582366943	38.6605224609375	1.4003052386163852
46.31965255737305	4.228257179260254	1.314843858497079
-48.31428146362305	-8.004146575927734	0.4831393056440479
3.393284797668457	13.224722862243652	1.418615267582234
-3.2969727516174316	0.6579975485801697	1.3574358257189745
9.915040969848633	-16.096437454223633	1.265342887200256
6.812605857849121	-5.018712997436523	1.1347141112208756
24.32650375366211	26.958711624145508	1.2225400372237292
19.257980346679688	3.882206916809082	1.440433854121455
2.766974449157715	-46.23508071899414	1.3220637086908291
-34.71161651611328	28.756959915161133	1.2037068834807931
37.0313720703125	14.510599136352539	1.1792687962265995
18.311716079711914	-19.89990234375	1.4618655252978627
23.411279678344727	-10.892351150512695	1.1134645379044954
16.882030487060547	-29.626535415649414	1.1520834727775064
-14.355782508850098	0.2418830841779709	1.451174803521478
3.427445650100708	17.68549156188965	1.4639028651050012
17.335939407348633	-23.77228355407715	1.4943843028868251
-36.94335174560547	-27.642871856689453	0.91305313019501
8.96222972869873	13.722477912902832	1.2531671199420222
33.92609786987305	10.293087005615234	1.3044041160510609
25.4001407623291	-20.157533645629883	1.361913269009759
-0.6726034283638	-13.234331130981445	1.3616121667418613
-3.6509180068969727	-20.75031089782715	1.3080108618603017
-1.4073612689971924	-17.296968460083008	1.4309884800477906
20.952022552490234	0.878525972366333	1.2798163615766949
31.717395782470703	-44.19886016845703	1.0298850085619011
-1.2969069480895996	8.627182960510254	1.1487659765636953
32.45294952392578	-8.062919616699219	1.445679678601662
43.49272918701172	-12.094675064086914	1.22844270455403
30.071941375732422	3.871997356414795	1.1029139091687954
17.839872360229492	7.995030403137207	1.237715480624855
42.760536193847656	-35.936485290527344	1.4161502335917733
-7.204734802246094	8.299627304077148	1.460942895455081
-36.910316467285156	-28.066221237182617	0.6356498319422248
7.065891265869141	28.003925323486328	1.281447111279013
-24.58782386779785	-25.618328094482422	0.8568399684659029
21.05072784423828	0.9226343631744385	1.1121990376091595
-38.1701545715332	19.36913299560547	1.3859289541323283
-17.553329467773438	16.24397850036621	1.5826716575490822
31.996408462524414	-19.560205459594727	1.1926454989445134
-6.448939800262451	0.2798859775066376	1.3434123269027916
-36.02666091918945	15.240591049194336	1.3431045094216914
-2.774383306503296	43.53968811035156	1.244433345102151
-35.29648208618164	7.715148448944092	1.3716574722416444
27.260831832885742	20.33210563659668	1.4614629779039396
5.275430202484131	-6.287843227386475	1.210484306941544
-35.5357551574707	-10.297605514526367	1.3861915163662133
3.5180654525756836	-19.15254783630371	1.2763496880352798
28.9118709564209	15.545782089233398	1.4357215926046798
6.12065315246582	-25.666831970214844	1.254344912318906
-24.620351791381836	15.998068809509277	1.279658825323147
-21.84469223022461	-19.658781051635742	1.4262002082229743
-37.488094329833984	14.43915843963623	1.2018161911115126
-7.58260440826416	9.904317855834961	1.3587491018501798
1.7824339866638184	-41.51905059814453	1.0939648847800745
-3.69307541847229	-7.179050922393799	1.4483622497790505
29.42106056213379	34.6910285949707	0.8429147231075724
14.428462982177734	-6.087387561798096	1.6211262636082142
-10.192137718200684	51.31619644165039	1.2743594925777328
16.668766021728516	-45.20690155029297	1.019428613261102
-9.273165702819824	51.52101135253906	0.9851620455567988
-7.187523365020752	-24.715213775634766	1.2722889375230924
21.985595703125	34.159244537353516	1.3533371785477262
-34.2127799987793	4.018148422241211	1.451922509327971
-37.00442123413086	15.258523941040039	1.3386530464338475
8.163908958435059	-1.0811119079589844	1.38641625906003
28.714645385742188	6.755932807922363	1.3229186267250808
-17.062908172607422	-1.6661573648452759	1.187674563006389
8.531160354614258	-31.527095794677734	1.302283722609295
-32.60551834106445	22.20755386352539	1.4097144623191395
9.188955307006836	-21.744922637939453	1.379013919138342
36.91352081298828	-29.28788185119629	0.9520619385425052
-36.48160934448242	12.61775016784668	1.144655444082112
12.8945951461792	29.590946197509766	1.3294855609559078
-13.355706214904785	8.28113079071045	1.2945219351323425
-26.18132781982422	10.362868309020996	1.1935587692836926
-12.979379653930664	-15.918586730957031	1.2237268561397496
-17.69165802001953	4.482872009277344	1.331283315701998
-12.988323211669922	-7.885796546936035	1.4013928390531405
29.34455108642578	1.459699034690857	1.4719683075443464
-26.88511848449707	22.808116912841797	1.4300008104244646
-14.98275375366211	8.041420936584473	1.358250011819864
39.526309967041016	-1.1256834268569946	1.0935950644397945
8.191553115844727	32.47392654418945	1.4056823476214653
12.485102653503418	2.1897337436676025	1.3647581296281983
-8.751583099365234	-18.662500381469727	1.4387232356248485
2.2165281772613525	12.212311744689941	1.3530956848565274
33.136566162109375	-16.011890411376953	0.868748214247735
-10.627187728881836	-2.111248254776001	1.3414708371060595
36.40974807739258	-17.699827194213867	1.525169953139112
8.74826431274414	13.392648696899414	1.4235858519919058
34.1800651550293	27.56390380859375	1.3140348084297082
-26.173973083496094	10.927078247070312	1.14905858510784
43.09971618652344	-1.1815299987792969	0.9366911200598684
4.516106605529785	-23.17037010192871	1.4044842126528063
9.31300163269043	-18.585371017456055	1.2608558614459098
-24.398969650268555	-0.5777563452720642	1.287315636266224
-21.51051902770996	12.754436492919922	1.5762688982932116
40.65171432495117	-7.6278300285339355	1.5926069823724542
-9.240976333618164	6.8221964836120605	1.229440769249078
-18.148868560791016	29.775497436523438	1.1262668558675626
-28.482933044433594	-4.554198265075684	1.2101017373249043
4.90812349319458	-3.9068338871002197	1.0251712762099754
-1.946064829826355	-13.072607040405273	1.3369061431540146
26.55915069580078	-3.983426332473755	0.8847170826278056
22.247488021850586	20.928865432739258	1.3069940385449723
-10.673938751220703	20.784374237060547	1.374326335775989
-13.51917839050293	4.752216339111328	1.3897322998264707
23.774477005004883	1.9245338439941406	1.4052545146480526
-37.21236038208008	-29.66551971435547	1.28476329741732
23.478342056274414	27.881956100463867	1.2935783453035985
22.83889389038086	-6.057614803314209	1.1389650788045502
8.365421295166016	-42.9252815246582	1.1431491057874894
-27.642824172973633	19.111806869506836	1.2849671258424475
7.3373703956604	-8.10513687133789	0.90897093169698
-5.094784259796143	3.2772934436798096	1.3456102778989831
-4.015644550323486	12.095832824707031	1.3741435095509626
-18.024742126464844	36.40547561645508	1.472600077948881
0.9196938872337341	27.90658950805664	1.3585244922930872
3.8867294788360596	-2.6437127590179443	1.2642219777414443
2.4872231483459473	-11.335000991821289	1.203627996560004
-2.644803285598755	-21.852256774902344	1.1955880801900516
28.275026321411133	19.711904525756836	1.4368443613427604
28.5557804107666	-9.288284301757812	1.0697826427436643
-18.07244110107422	-26.147808074951172	0.8150962428435146
-30.17354965209961	7.4820404052734375	1.322915199719512
10.381515502929688	-48.32514190673828	1.2310068280503423
27.418743133544922	3.108736038208008	1.3259036153372803
0.5354353189468384	29.756879806518555	1.529341481293722
-34.571006774902344	8.598398208618164	1.520450926276194
-26.649452209472656	-3.0382113456726074	1.322968740063764
2.9969534873962402	9.719155311584473	1.4453590864009942
-22.226774215698242	25.0125675201416	1.4282949839878871
12.359858512878418	-27.457082748413086	1.480665685116811
-14.701094627380371	-11.961179733276367	1.0673620549344434
34.54716491699219	-1.9958208799362183	0.8471802369244203
-34.213653564453125	-36.34373474121094	0.0751696367176495
38.74486541748047	-15.190491676330566	1.0322081269943215
-26.058406829833984	32.37881851196289	1.1479055760851091
6.068571090698242	39.43241882324219	1.3077023010043574
19.24525260925293	-23.247779846191406	1.2652364217575394
47.51465606689453	12.298648834228516	1.322050537414724
39.541927337646484	-11.427316665649414	1.143184600322256
-1.9549952745437622	9.318151473999023	1.470157624975906
-20.987831115722656	-0.4489312171936035	1.3978625224272725
23.315664291381836	-15.725809097290039	1.3734677115971683
1.9517531394958496	-5.348699569702148	1.4201088950341454
7.500519275665283	-20.268423080444336	1.2491165983478607
16.392301559448242	-0.11150996387004852	1.243291903885321
-37.33456802368164	23.196138381958008	1.3713045384717475
18.659170150756836	31.926143646240234	1.144406329755239
-9.866069793701172	2.3116116523742676	1.354767277420715
-23.28213119506836	-11.218910217285156	1.305198716821511
4.5007243156433105	-23.175403594970703	1.3924241472488312
46.43101501464844	13.370739936828613	1.26324524167458
-26.184661865234375	28.902542114257812	1.3090718595964257
31.73480987548828	-21.848237991333008	1.350207462317755
24.497575759887695	27.680017471313477	1.3136466925825674
27.76439666748047	-27.816814422607422	1.511734166284064
14.611516952514648	3.7167224884033203	1.4228944355019075
11.507906913757324	-1.5157921314239502	1.5242348225901643
6.279114246368408	-8.493345260620117	1.284618370159914
-15.601794242858887	10.18047046661377	1.5639818471355122
16.067956924438477	-16.851329803466797	1.3142268227576244
-37.94032669067383	21.637989044189453	1.254479823205381
2.606812000274658	-31.54600715637207	1.259853529118331
-10.163932800292969	-31.90129280090332	1.1728256517561184
24.387266159057617	-21.878238677978516	1.438323508395814
12.27855396270752	2.253884792327881	1.3350120264318155
21.766969680786133	-28.053396224975586	1.1842643425950372
-6.959506988525391	23.012964248657227	1.4237818493810144
-13.69073486328125	-20.813879013061523	1.2720322501069097
24.59019660949707	8.4462890625	1.2608385783698888
-30.958969116210938	20.69390296936035	1.247292479292223
36.65122985839844	-27.501665115356445	1.3162714549516474
-3.801922559738159	-20.553909301757812	1.2655023865372677
15.664281845092773	-7.813971042633057	1.455307088091058
30.297903060913086	-33.967933654785156	1.3659375886069411
-24.804826736450195	34.0296630859375	1.196540087655008
23.861217498779297	-33.28663635253906	1.3994440079024428
-11.211139678955078	-5.897064208984375	1.4812481490145453
14.929362297058105	-18.656679153442383	1.147336291922829
14.84787654876709	-0.8292168378829956	1.3559086674041931
-9.495423316955566	12.906867980957031	1.3175486968728611
11.557212829589844	27.90213966369629	1.0386659391452038
-20.02077293395996	-6.968765735626221	1.4161515239514784
13.465665817260742	26.653799057006836	1.3821572957545971
28.604215621948242	-33.62959671020508	1.352584793915958
29.863000869750977	-20.39906883239746	1.4207389763637934
44.250335693359375	18.5676326751709	1.615252864325511
14.027481079101562	-26.760095596313477	0.8236656958028605
2.8063912391662598	-30.408458709716797	1.4294395805419975
9.384639739990234	-16.207504272460938	1.1022887411407374
5.613715171813965	17.235244750976562	1.401461166436959
-25.733739852905273	15.64628791809082	1.2802651124527908
-13.576403617858887	-28.899337768554688	1.2182853098985478
4.942999839782715	25.284687042236328	1.2732026727739838
-49.583003997802734	6.04586124420166	0.7244736927355302
23.52358627319336	35.5235481262207	1.3844726707449515
-34.06083679199219	30.289167404174805	1.4141796694346345
20.995969772338867	-39.87890625	1.0535294934258774
-15.385350227355957	27.913776397705078	1.2046360245515348
15.501029968261719	-0.7552341818809509	1.241748567806908
-39.5147819519043	-1.8992537260055542	1.3843402474951507
50.70869445800781	-2.123781204223633	1.3337764990166303
16.200674057006836	22.95403480529785	1.3196342179689091
17.855649948120117	-5.406652927398682	1.39774733956571
39.29848098754883	4.777377128601074	1.3906202382939452
25.785799026489258	-17.661104202270508	1.452545034106166
11.959882736206055	4.447656631469727	1.3254471799890746
-7.4725565910339355	9.375747680664062	1.3506818079941068
22.588125228881836	-28.698623657226562	1.169761883108812
-2.817371129989624	-25.583993911743164	1.634590802213338
25.24814224243164	-23.243064880371094	1.3970321627837805
-4.105734825134277	-2.0170884132385254	1.205281070584711
-10.154329299926758	-9.102102279663086	1.4975757004283752
13.128726959228516	-13.226265907287598	1.357564846515685
-9.673060417175293	-1.305995225906372	0.9025347707372096
23.65213966369629	-46.04289627075195	1.1799008765435528
-37.608367919921875	1.412832260131836	1.2163463088712356
-34.9691276550293	-11.33407974243164	1.3363968962444244
-3.800750494003296	-1.9627658128738403	1.3173415118310092
-19.473691940307617	32.722084045410156	1.385967218581701
-11.379958152770996	43.634864807128906	1.4141703264779857
-25.08197021484375	0.9296760559082031	1.379261782972191
18.765836715698242	-34.48236846923828	0.9259291679341958
39.19774627685547	0.360547810792923	1.1731863654386951
-6.210163116455078	18.096424102783203	1.3512119842466042
4.3102827072143555	-18.943330764770508	0.7531759188255005
28.207111358642578	-8.08785629272461	1.2451410450897666
35.066585540771484	-32.6680793762207	1.5325817246423477
7.966649532318115	-36.259159088134766	1.0955676668364835
-17.17192268371582	4.543304443359375	1.4955985298186425
-6.177236080169678	34.04350662231445	1.4185233282903995
46.018707275390625	-20.516849517822266	0.8830521166121715
0.15517543256282806	19.160497665405273	1.1976495698491114
5.609420299530029	42.95052719116211	1.4042370139957396
-34.14094161987305	-19.58270835876465	0.5874046232660739
17.96564483642578	31.377824783325195	1.2501955822096884
9.3457612991333	-37.51798629760742	1.39662582275695
42.04930114746094	7.361262798309326	1.459480027891285
15.575843811035156	-38.382198333740234	1.2651950667702248
-35.247154235839844	0.48845192790031433	1.5070924260313137
-7.546789169311523	-22.445844650268555	1.2048864925642695
-34.37123107910156	29.507640838623047	1.2333448002006682
7.615753650665283	19.242788314819336	1.3932587362228015
8.30227279663086	3.6339123249053955	1.3961745972733992
22.377033233642578	7.991794586181641	1.148395585350836
2.5519955158233643	-14.686598777770996	1.3430749509997286
23.51515007019043	-0.09205924719572067	1.2183069878081934
-12.929736137390137	-27.82128143310547	0.75532722675327
23.56545066833496	34.20665740966797	1.513860164505561
12.214786529541016	4.624723434448242	1.340873655641674
-10.104146003723145	-7.951537132263184	1.4444570271307284
-4.880173206329346	33.622779846191406	1.2516770167825897
31.73055648803711	-44.20587921142578	0.8606042589816072
48.133419036865234	-12.548430442810059	0.6007721092632192
5.370597839355469	44.22478485107422	1.339169418582281
20.72665023803711	26.901897430419922	1.325612123220853
-28.840476989746094	24.402423858642578	1.4149066176097576
-13.00204849243164	-15.933014869689941	0.9668340775371717
27.92974853515625	-21.94533348083496	1.366975137953575
-31.52703285217285	6.540109157562256	1.3570851644243973
-27.449190139770508	-7.7044358253479	1.2434897179755005
20.488988876342773	-9.819768905639648	1.476560335076666
39.614776611328125	9.636113166809082	0.9060074578901088
-8.808022499084473	51.5605354309082	1.0025677352583775
-5.504804611206055	21.564666748046875	1.4046878277999872
-32.243228912353516	-15.078980445861816	1.2724689793698007
7.754076957702637	-16.219236373901367	1.3998363860476208
3.646284818649292	-6.138256072998047	1.4087344770916082
12.111767768859863	20.838918685913086	1.1633521348819171
24.576030731201172	-25.073766708374023	1.344084256465294
10.40437126159668	24.10561180114746	1.071821299919036
29.535123825073242	-19.33501625061035	1.2779799824887876
24.116783142089844	26.20975112915039	1.2158844524420998
14.00129222869873	10.186965942382812	1.1330696798021658
23.941028594970703	-33.4022216796875	1.116954672332222
30.513425827026367	14.4164457321167	1.2788588330915756
-33.28675079345703	2.3807055950164795	1.586640120691341
-49.32140350341797	4.181344509124756	1.228624749605299
-8.200565338134766	-7.399356842041016	1.039102221303672
21.615955352783203	-1.9297715425491333	1.3449119997268786
-16.996856689453125	20.428569793701172	1.2058606617467076
-34.07768249511719	4.946433067321777	1.468209866247649
-10.58018970489502	32.92599105834961	1.4751351291210195
17.846071243286133	4.224045753479004	1.5313413900340591
-49.11458206176758	4.4956955909729	1.1360218376339148
-22.642414093017578	-19.4783992767334	1.2527337522983808
1.592353105545044	4.583535671234131	1.2394888076045576
6.338235855102539	6.943117141723633	1.4032331666560778
-19.66248321533203	-26.469518661499023	1.381646291027428
-23.20420265197754	1.66012704372406	1.3534140331073063
-27.84650993347168	6.037411212921143	1.475164759315049
-29.32131576538086	15.25351619720459	1.563436601677087
3.316915512084961	8.343633651733398	0.8412169300303608
-4.437900543212891	17.003286361694336	1.4135357812665486
-0.7661662101745605	-35.603702545166016	1.4925739482572626
-30.883201599121094	3.420766592025757	1.4672141321123915
22.675636291503906	-5.948769569396973	1.3257030155555225
19.2840633392334	4.049750328063965	1.439518503722054
-9.840743064880371	16.8206844329834	1.3755141012842098
24.22374725341797	5.53641939163208	1.3264298405680124
34.969093322753906	-37.141361236572266	0.6796735839847377
13.128969192504883	-8.794063568115234	1.4314273679602565
-41.56326675415039	-23.200973510742188	1.539201347849497
32.95758056640625	-25.620309829711914	0.9554790839522632
-10.78183650970459	37.009735107421875	1.2744947802171598
-29.571258544921875	-43.11707305908203	0.4457806953353133
-0.6741878390312195	-35.70685958862305	1.4161660916602996
13.235800743103027	-22.067302703857422	1.0668142757290957
26.552125930786133	-3.9944801330566406	0.9011356659397212
14.826489448547363	18.49453353881836	1.326399407003913
-22.511438369750977	23.392353057861328	1.4666302046736026
-22.9764461517334	12.63248348236084	1.3498913939175314
10.245657920837402	17.873889923095703	1.4325494344226997
-19.079776763916016	28.49677848815918	1.2685770330776558
20.978273391723633	-3.263817310333252	1.2519495503398967
-11.541784286499023	17.39210319519043	1.3571353722413797
10.306662559509277	30.700096130371094	1.470811327303717
-5.719250679016113	21.010337829589844	1.2710780693142818
28.77923011779785	3.669464349746704	1.3973593223198455
-11.926589012145996	11.637188911437988	1.3300744805052664
30.84654426574707	33.57033157348633	0.9154122137257916
21.219383239746094	43.60637283325195	1.204391230486444
12.318466186523438	14.57067584991455	1.5107012645649325
7.709556579589844	17.88304328918457	1.4017658220078528
-10.350198745727539	-10.526050567626953	1.121320866740019
8.536141395568848	-37.799293518066406	1.3471477967157732
11.380492210388184	-1.8873910903930664	1.490202097471976
-28.738054275512695	-23.72994613647461	1.326227293137326
1.2415056228637695	22.84833526611328	1.418349901512933
22.28851890563965	20.886186599731445	1.3402322896507708
-10.5735445022583	26.885791778564453	1.45255955229865
24.59844970703125	-1.401820182800293	1.036778292672331
0.4086592197418213	-0.42900192737579346	1.3053715975958515
-23.979209899902344	40.28386688232422	1.1290964536541854
-28.065582275390625	3.6396727561950684	1.327397217933295
1.5916328430175781	4.593682765960693	1.212550507338078
-5.698650360107422	16.674097061157227	1.2810375020372735
15.56351089477539	-12.430835723876953	1.5159062332490982
7.6739630699157715	-11.94620132446289	1.3185074182814125
4.141647815704346	-15.50831413269043	1.0025387247069653
12.043512344360352	21.36206817626953	1.1585495256582086
7.171915531158447	21.957748413085938	1.4083740548284795
-28.466508865356445	4.6619672775268555	1.457553195150838
11.214887619018555	-8.159210205078125	1.4644664232603943
21.453874588012695	10.651456832885742	1.442190561915784
-8.628633499145508	-18.170482635498047	1.4613935675167058
43.86863708496094	-27.146005630493164	0.6188260778863363
-18.629070281982422	4.851165294647217	1.426043872667118
-12.27192497253418	8.130374908447266	1.3030576611026794
36.24123001098633	-5.6202497482299805	0.5828821156939336
-10.37407112121582	31.79045867919922	1.5257153915863666
19.548233032226562	-16.495933532714844	1.2523147399113177
-16.97692108154297	-26.226943969726562	1.259198507369241
-17.50836181640625	17.46416473388672	1.3377753928676253
44.714752197265625	-3.0838303565979004	1.3002440398965294
-9.19234848022461	-16.12727165222168	1.4480832270783572
9.794412612915039	25.515792846679688	1.2927849768969384
-36.36259078979492	-16.849868774414062	0.9876014736700818
9.587239265441895	-18.51626968383789	1.406224935922354
10.730356216430664	8.191272735595703	1.4406192883514928
43.27100372314453	-9.336174011230469	1.223830864143299
9.797900199890137	25.417526245117188	1.2117777785688746
28.602888107299805	-23.72062110900879	1.262606308991354
18.115114212036133	11.300318717956543	1.2547560535557134
-15.295637130737305	14.924169540405273	1.4328563927623932
13.524977684020996	-15.708944320678711	1.0431220236949652
37.29847717285156	-9.980942726135254	1.4271774142138594
26.590042114257812	-12.17315673828125	1.4077291668531675
27.200050354003906	-39.80274963378906	0.8477248393410034
-39.474609375	21.391069412231445	0.981233149565854
-3.4215452671051025	4.396140098571777	1.4303016011040723
17.363779067993164	-3.7972774505615234	0.8390715993915521
25.103971481323242	8.09660530090332	1.2604014643114887
-17.857423782348633	20.596406936645508	1.108638387698476
-36.51085662841797	-8.695904731750488	1.3909472953688804
-5.233108997344971	-39.503929138183594	1.0958873479928657
8.701729774475098	-35.92042922973633	1.1662019264476644
-11.8645601272583	23.52264976501465	1.3839685500504897
-9.808029174804688	50.467193603515625	1.1238439798632274
24.810287475585938	9.141327857971191	0.8756590909576543
-16.946870803833008	-24.634775161743164	1.2366615619526524
13.695655822753906	0.2703329622745514	1.208988993772904
1.909428596496582	-9.762260437011719	1.0549148922107323
-17.28244972229004	16.078886032104492	1.607447135255427
7.622880935668945	11.888479232788086	1.4740073939602312
-51.19930648803711	4.684514999389648	1.3481567588637753
10.741104125976562	-13.440978050231934	1.2433819308210137
33.00293731689453	-7.690585136413574	1.092041716263049
-19.130659103393555	-23.99001693725586	1.041791833795735
10.121435165405273	7.703437805175781	1.5117805356196952
17.81036949157715	23.654970169067383	1.344263586077814
-35.95258712768555	-18.68246078491211	0.4543503739405639
-19.32210350036621	-23.311279296875	1.086352680494879
10.859709739685059	-3.443516492843628	1.1930120168227685
21.52237892150879	30.9951114654541	1.3643196755809686
5.018713474273682	19.675024032592773	1.474647579042896
-12.967171669006348	14.380746841430664	1.4053225457445675
7.661397933959961	-37.160152435302734	1.210639037504272
21.423992156982422	-18.6859073638916	1.301382260909872
3.3917548656463623	33.13409423828125	1.3418948418317866
-12.654906272888184	36.1144905090332	1.3578403600920057
-16.920787811279297	1.2061347961425781	1.3592071330897662
20.989776611328125	-39.894447326660156	0.914014762064254
-14.574524879455566	-11.808259010314941	1.3655540337198948
26.261486053466797	1.3972594738006592	1.2788973728656292
-11.56175708770752	24.55733299255371	1.378980257434124
-22.28544044494629	-20.600698471069336	1.4213497592764277
9.48057746887207	8.698219299316406	1.3589475173458698
4.015477657318115	-0.1834995001554489	1.1836559611136293
-17.11758041381836	-0.24540647864341736	1.3665569558142436
-34.66712188720703	-42.489688873291016	0.7219914931522676
49.309730529785156	-10.466218948364258	1.2339419737772046
-33.541934967041016	9.513487815856934	1.4318763250272517
20.872156143188477	-12.762574195861816	1.2355525388198476
-37.14815139770508	-29.230833053588867	0.9383666594327535
19.386695861816406	-33.379234313964844	1.2924667179412188
14.194596290588379	20.156400680541992	1.3091995152371376
-26.751216888427734	37.29140090942383	1.1698660907928105
19.550783157348633	-16.528545379638672	1.2937549690502053
4.91301155090332	-13.54416561126709	0.8889468828853907
-28.734466552734375	-23.73334503173828	1.1796688117120817
-17.068466186523438	1.5339020490646362	1.4532951705315502
9.944364547729492	20.217823028564453	1.2018614255854825
-2.5881800651550293	43.68260192871094	1.306352892295145
-14.313395500183105	8.003996849060059	1.076805230712897
10.943052291870117	-18.405269622802734	0.3715325366437653
-29.43805694580078	-43.21715545654297	0.8926686365573062
17.119449615478516	-22.158987045288086	1.2942057212066762
28.595121383666992	-0.5016244649887085	1.396813230677009
-23.481964111328125	35.84819793701172	1.0582298108105408
-10.321139335632324	43.47337341308594	1.4462461694388085
39.602264404296875	1.6363728046417236	1.3177239020263118
-3.207535982131958	43.06509017944336	1.4806329542534633
-28.243701934814453	18.80450439453125	1.2874196679374192
-34.15650177001953	-17.794240951538086	1.480120935222527
12.412040710449219	15.890779495239258	1.5013580225714065
10.17558479309082	8.682498931884766	1.3248269845288911
32.01926803588867	-3.3667895793914795	1.04888504646289
2.344691276550293	-32.91828536987305	1.3970141262790956
0.6110585927963257	30.242000579833984	1.5322139573230713
47.11080551147461	-13.637264251708984	0.6670295729142554
20.919727325439453	-12.733026504516602	1.1875909467609804
28.25416374206543	-6.985913276672363	1.249510170822136
-4.890469074249268	15.325760841369629	1.2696446774704158
23.28422737121582	-21.76856231689453	1.2636870553153567
6.850414276123047	-37.23469924926758	1.065832918442284
-8.84918212890625	29.926223754882812	1.299515415736613
30.364246368408203	24.889774322509766	1.4554751590294586
7.062591075897217	30.98091697692871	1.45322072397421
-15.8851900100708	35.6976318359375	1.2612531809996763
30.75176239013672	24.92218589782715	1.5502889439007683
-27.658573150634766	0.11938317865133286	1.4107765875160088
-40.68421936035156	-14.929634094238281	1.200021472465027
-46.60073471069336	-17.408926010131836	0.4409994256615231
22.279308319091797	-31.811433792114258	1.3391766441914017
-30.681968688964844	-42.30036926269531	1.036651817751267
5.9216084480285645	37.514217376708984	1.0912832405498678
14.07632064819336	37.82973861694336	1.1696527864693331
-9.42892837524414	-22.586559295654297	1.1933796861800237
-32.79972839355469	-20.24580192565918	0.7150060114080802
-19.43484878540039	3.0613839626312256	1.079637203843005
-19.76899528503418	-37.26310348510742	1.0061002120015556
-19.510215759277344	34.44495391845703	1.5279362094914424
16.965866088867188	-29.59088134765625	1.3188461039469892
17.05978775024414	38.547882080078125	1.0388615240545178
5.512903690338135	25.289216995239258	1.327646630799395
-11.356512069702148	49.725833892822266	1.5274960528728314
34.462059020996094	21.108827590942383	1.0290067128151252
-0.8883916139602661	14.461307525634766	1.3429946925510272
-25.40471649169922	-6.46445894241333	1.2665923440342344
13.945405006408691	3.629849910736084	1.170348056641403
20.32041358947754	-9.600105285644531	1.4533133732921883
-15.054986000061035	11.564189910888672	1.2702695613572883
-9.520373344421387	28.47654914855957	1.0890066520495156
28.633968353271484	6.907838821411133	1.2014218749830872
-5.268936634063721	-5.907271385192871	1.1639184035609746
32.89542007446289	-18.344223022460938	1.4341834384919243
-50.358341217041016	6.563915729522705	1.0637163629080026
-4.016346454620361	-10.060746192932129	1.2205088607475656
44.264137268066406	18.57419776916504	1.5330348555338265
34.29021072387695	-13.114652633666992	1.525860156833578
45.745784759521484	-20.54022979736328	1.2911536947689846
25.202106475830078	24.152822494506836	1.2288271977739174
11.569663047790527	-8.73354434967041	1.3729242730751483
-24.861787796020508	17.26175308227539	1.2957167637150184
-16.43145179748535	-8.493934631347656	1.4118383314844656
3.2904815673828125	8.29371452331543	1.3055179533457602
14.397858619689941	-33.61091232299805	1.4137950132573598
-37.749507904052734	19.904308319091797	1.126148909479872
-9.676042556762695	-19.176362991333008	1.21416155837103
-51.48139953613281	5.454327583312988	1.252273806689757
4.253114223480225	-43.677886962890625	1.3252699813791942
-20.825035095214844	-27.797346115112305	1.3954139653308042
-10.221894264221191	-13.143991470336914	1.2081310820807487
-1.3124679327011108	-32.15864944458008	1.3667285694054312
28.595455169677734	-15.265280723571777	1.517798237701922
-51.18343734741211	6.478960990905762	0.9152705620724132
-24.934337615966797	16.61606788635254	1.2300144686933585
-26.07623291015625	30.785173416137695	1.4363196652997523
23.55419158935547	-46.306419372558594	0.875330379924207
-17.24203109741211	28.096534729003906	1.2112663498917058
-4.234706401824951	-28.632923126220703	1.1440600425607952
27.7774658203125	-29.226707458496094	1.4375059026969694
35.05451583862305	3.7382962703704834	1.1844004058140984
17.212003707885742	-25.97174072265625	0.2419998321738907
-21.67989730834961	-7.273508071899414	1.3869720604213227
21.3909969329834	30.90930938720703	1.1704478776035343
32.63789749145508	6.712038516998291	1.4171475992378797
7.306708812713623	21.696271896362305	1.365025956012353
19.280555725097656	-5.806977272033691	1.342270354709481
12.250916481018066	-22.36089324951172	0.9016944074932344
29.58959197998047	15.494359016418457	1.5280069562936025
29.834415435791016	-14.217397689819336	1.1899973895851692
-47.44477844238281	-6.510804653167725	1.3774586357406369
20.857017517089844	35.01861572265625	1.137798567107772
23.791797637939453	17.568309783935547	1.3486687537052064
-24.351211547851562	6.348957061767578	1.4910996248549049
-33.669219970703125	32.20344543457031	1.108987820215359
-23.267297744750977	-32.65729522705078	0.5814655868514726
21.230100631713867	43.61211395263672	0.959010222512788
45.36994552612305	-2.253659725189209	0.9836220574637567
1.1194849014282227	-25.012208938598633	1.2014451088446547
33.66307067871094	-0.8649652600288391	1.2979668597695615
-13.716619491577148	-20.830232620239258	1.178174427138664
-16.75762939453125	-18.215017318725586	1.4862326029783857
27.45474624633789	4.582568645477295	1.5317748708644383
-3.6803972721099854	27.756954193115234	1.4036836659302772
10.395272254943848	-48.34701919555664	1.1500553658647883
19.506816864013672	-33.16841125488281	1.317470140052109
32.31148910522461	25.461923599243164	1.2921119534000998
-22.881715774536133	-20.355287551879883	1.3428520424737964
-11.616843223571777	52.018409729003906	1.2962937507065395
-17.845359802246094	25.632795333862305	1.3977464913993582
-13.050177574157715	-34.23366928100586	1.285694037245649
-12.224190711975098	21.431217193603516	1.4497975726034205
-34.461971282958984	-4.073341369628906	0.9611140699388878
-14.289012908935547	3.304292917251587	1.2726753703220517
34.490867614746094	21.163110733032227	1.331969178879009
29.33631134033203	25.00861930847168	1.4490318732121388
5.926021099090576	16.01775550842285	1.4499453801316822
18.481361389160156	-9.860064506530762	1.4752546808325997
3.202237129211426	-14.735199928283691	1.1366434480589245
13.928540229797363	-12.96491527557373	1.1807187383127205
-24.617778778076172	-25.670867919921875	1.0631290645464626
1.8554868698120117	-41.54963684082031	1.2151095218861971
1.3801028728485107	-27.901325225830078	1.544325542763611
35.00688552856445	3.718623399734497	1.1240499299693103
9.298998832702637	-5.743481159210205	1.0675732051203388
50.44862365722656	-2.1519298553466797	1.1756066798245304
-10.414899826049805	-31.894445419311523	1.2401582000640134
5.155261993408203	0.2992512881755829	0.9441655619231212
-3.2621500492095947	17.477275848388672	1.4641666617422109
-23.47220230102539	-1.920169472694397	1.4023241379870894
39.35142517089844	5.096877098083496	1.269500094342609
4.116689682006836	-8.772138595581055	1.565715056585819
10.089256286621094	-42.55010223388672	1.1312324294917444
17.04167366027832	12.563804626464844	1.3384409336035743
-34.80564498901367	-11.882478713989258	1.34524736250497
39.57982635498047	-1.4467625617980957	0.8955923654952264
0.10045024752616882	-16.495471954345703	1.40614914896822
1.5361225605010986	-1.7221510410308838	1.4426759260930582
-20.539962768554688	-4.284495830535889	0.6467274839985836
22.484867095947266	10.386367797851562	1.5261016111589512
-34.56620788574219	-42.42586135864258	1.1952903982051055
-2.705451011657715	-26.826425552368164	1.4405905098757346
40.52371597290039	-7.46081018447876	1.5647830949791184
0.31443411111831665	0.6701593995094299	1.2186959994436564
22.180362701416016	35.70576477050781	1.1530158298521236
-17.703641891479492	34.063114166259766	1.345932515673554
16.667034149169922	-45.21766662597656	0.983489912036701
14.328044891357422	28.61509895324707	0.2370942671613632
24.208778381347656	4.585262775421143	1.3465164087879375
43.873985290527344	6.739638805389404	1.285903210483075
-11.498641967773438	36.08079528808594	1.3650792978595634
-4.944108486175537	-13.966741561889648	1.3179533685548988
-15.218019485473633	11.212641716003418	1.396923385688404
8.507904052734375	-31.548343658447266	0.9688392319882588
-4.302316188812256	22.262598037719727	1.3438600669685083
2.620321273803711	-35.1566047668457	1.6669340228602991
-29.27219009399414	14.189997673034668	1.4937041448538877
9.455077171325684	-36.46887969970703	1.255862984891216
-38.321441650390625	5.8487420082092285	0.9893017928101374
44.18426513671875	-27.987459182739258	0.2226673938880355
-29.751188278198242	7.305502891540527	1.3860201265116017
8.604842185974121	1.8138976097106934	0.9019838385806646
7.065788745880127	-25.023168563842773	1.3396442736508136
3.2929346561431885	17.03017234802246	1.480400792382062
20.828908920288086	36.192325592041016	1.1763165221359322
-26.66969871520996	28.858427047729492	1.3509847714259635
27.89447593688965	-39.17357635498047	0.9060227390856812
0.9078409075737	27.35483169555664	1.4286130180919594
-11.128463745117188	21.08495330810547	1.368487462640268
13.936176300048828	10.214211463928223	1.22568492972057
14.43116569519043	18.757755279541016	1.5141054313952889
20.410198211669922	5.043551445007324	1.315262768448377
-16.96477699279785	35.68865203857422	1.4153742685701585
-37.38163375854492	21.35100555419922	1.1772486056408715
-0.7485523223876953	-16.475048065185547	1.2883514903987796
42.76185989379883	-35.933387756347656	1.4153480005681207
0.3939271867275238	-2.7315168380737305	1.2149347216659894
-5.043142318725586	6.367432117462158	1.1844612942778727
39.5949592590332	9.635231971740723	1.04705490152381
12.631258010864258	15.85651683807373	1.4786585075922996
12.576706886291504	28.764657974243164	1.0738970114216493
-42.49603271484375	-10.76106071472168	0.955795720673556
33.188968658447266	-26.77283477783203	1.2752768344690766
23.33108139038086	-11.916156768798828	1.212065219999063
-44.96025466918945	-7.574494361877441	1.3069958203992085
-40.95293426513672	-22.153392791748047	1.4597870910551634
-10.744088172912598	35.05575180053711	1.370516260225454
-25.383438110351562	-3.6653096675872803	1.3439835722056102
12.005925178527832	-26.113115310668945	1.2749465221344465
9.222195625305176	-27.917577743530273	0.1947009023296582
-29.139892578125	37.02524948120117	1.2302386330909525
-18.778823852539062	11.10591983795166	1.4553134586899197
6.693691253662109	-10.818434715270996	1.4079451270263297
27.127201080322266	11.633688926696777	1.47374096664969
17.868558883666992	8.022664070129395	1.1045776672506007
23.713930130004883	17.53711700439453	1.3693310154860705
3.398465871810913	31.7542667388916	0.9144619646326678
10.54261302947998	-41.91659164428711	1.6570136342593749
39.70191955566406	-13.559016227722168	1.358924271928657
18.331418991088867	-19.90744400024414	1.4472471251778278
22.413158416748047	13.168673515319824	1.12241861576874
-23.9517879486084	40.330726623535156	1.2173847164129403
6.511707305908203	38.54586410522461	1.324711049609094
1.013344407081604	-7.542897701263428	1.353794318257091
-49.801456451416016	-10.803787231445312	1.190390830652546
11.699597358703613	-24.421884536743164	0.5207275293177375
-5.863455295562744	-13.253518104553223	1.1270496459898574
-7.528953552246094	4.376906394958496	1.0186093710016382
24.287647247314453	-7.544524192810059	1.3066709880347882
-46.48423385620117	-16.0240535736084	0.723300155290714
-15.082905769348145	18.495391845703125	1.3610963844748178
42.19707489013672	-20.262269973754883	0.9875139203927984
28.438627243041992	-15.447566986083984	1.456735284033358
6.58528470993042	-17.604515075683594	0.8162638169897487
10.736498832702637	32.44688034057617	1.3198706350468798
21.463741302490234	-18.721925735473633	1.2063789240278873
46.93925476074219	4.223289966583252	1.1176860227639491
42.463401794433594	-20.265283584594727	1.2130646657660111
24.024831771850586	13.883294105529785	1.4006925662380556
-18.969528198242188	-28.59485626220703	0.7103535209853192
-0.6821512579917908	-9.3530855178833	1.147113094709114
11.825516700744629	-28.895673751831055	1.355268945244054
14.573262214660645	-7.56489372253418	1.5567375968353796
0.4570732116699219	-28.16693115234375	1.4554685246246326
30.136781692504883	38.5611572265625	0.6858309924338344
20.049345016479492	-27.52808380126953	1.154690113330037
-51.90941619873047	-9.798394203186035	0.6843145011620835
-11.96973705291748	52.29326629638672	0.9584867069066092
-14.089957237243652	-0.25539469718933105	1.3557061392165015
-7.517983913421631	-1.7129091024398804	1.3006974057018617
15.577117919921875	-38.397762298583984	1.0632137737652827
-7.506544589996338	24.148927688598633	1.3700593728009312
17.973121643066406	-13.80640983581543	1.199154235830205
37.82459259033203	-22.703514099121094	1.021313608908805
-30.087509155273438	0.5225761532783508	1.4500152237009982
4.8104567527771	43.84432601928711	1.4923274473347057
-20.58110237121582	16.263309478759766	1.5305592721424084
0.4138574004173279	32.22596740722656	1.341426312688209
17.17420196533203	38.57086944580078	1.3214581996203552
0.14579646289348602	19.22008514404297	1.497132801398939
-48.547088623046875	-13.404714584350586	0.7515210541988561
36.440948486328125	-17.70314598083496	1.499230948562354