x	y	effect_size
25.017988204956055	-3.2045738697052	1.1322282029165538
25.785751342773438	-3.8864364624023438	1.084835714299076
27.454315185546875	-7.160131931304932	1.099989613967762
28.726858139038086	-6.899173259735107	1.2559534832154162
25.56263542175293	-4.879581451416016	1.0837165427474384
14.79609203338623	-18.653705596923828	1.0453821540216026
10.600025177001953	-10.96513557434082	-0.0234688201283615
10.728792190551758	-8.14034652709961	0.5732483854360396
21.64530372619629	-25.6500301361084	1.1085125438739354
20.50021743774414	-21.88892936706543	1.2111830097302445
22.957807540893555	-4.137387275695801	0.9393362777973012
18.918684005737305	-24.464290618896484	1.1434444658904142
20.28132438659668	-28.698406219482422	1.1702203274788223
20.765350341796875	-22.96302604675293	1.2028237422132406
25.297779083251953	-24.746931076049805	1.153465623035379
16.134906768798828	-19.22479248046875	1.1031172650875076
25.11350440979004	-24.697425842285156	1.09350696561004
-0.1593589186668396	3.7481529712677	0.7161564037846376
10.717353820800781	-42.049888610839844	0.804296209074872
11.619450569152832	-34.884788513183594	1.0101862808282829
8.917431831359863	-37.566104888916016	0.8275299593544739
5.989430904388428	-41.50722885131836	1.104741629553722
12.840764999389648	-44.315773010253906	1.1070950699282558
11.058107376098633	-41.209564208984375	0.9683264074538168
10.595978736877441	-36.846092224121094	0.9447599537460308
27.118928909301758	-7.828104019165039	1.0321015406767504
17.032102584838867	-40.2099609375	0.9556453428125324
4.013786792755127	-41.03458023071289	0.9021096764212344
7.661627292633057	-36.80413055419922	1.071582905045753
3.641002893447876	-36.471317291259766	0.9079898877183084
12.028233528137207	-49.881996154785156	-0.2596376113877514
9.71661376953125	-42.401615142822266	0.7061674412712394
10.516806602478027	-44.20652770996094	0.9029665099050568
16.495634078979492	-39.18045425415039	0.7927650117821091
15.761053085327148	-48.846466064453125	-0.5097918449750007
8.144986152648926	-44.65081787109375	0.5942393875353419
7.313343524932861	-38.79346466064453	0.9475608844254224
14.54119873046875	-43.022159576416016	0.4999828177902281
5.0525288581848145	-42.518306732177734	0.5647329241699025
11.819828987121582	-40.16511154174805	0.1105536020116314
13.067347526550293	-50.6302375793457	-0.7909126593830961
15.756479263305664	-48.5898323059082	-0.6488163726460556
16.0101261138916	-46.962127685546875	-0.3571339047793423
9.806303024291992	-48.17078399658203	-0.5850224806011477
11.824395179748535	-49.891380310058594	-0.4375331605746287
10.566156387329102	-46.57347869873047	-0.4883071837772525
29.392732620239258	0.3076210916042328	1.0701708903767655
18.86958885192871	-2.9970662593841553	1.183865330455083
4.20039176940918	32.93805694580078	1.2579834111804271
9.41171646118164	25.97215461730957	1.1720522856287965
32.64702224731445	2.202676296234131	1.1327974164276051
15.898276329040527	-8.14795207977295	1.225625660227568
-16.974512100219727	33.1921501159668	1.1832861480984125
40.028812408447266	9.770267486572266	1.218090054318082
29.33806610107422	-3.22988224029541	1.2959273992067664
14.858904838562012	-0.4297623932361603	1.1098332165113831
11.8483247756958	-19.63669204711914	0.9863234752102265
10.158585548400879	-0.9279689788818359	1.2334638082924896
-7.233186721801758	11.117085456848145	1.25753813961439
-24.01192855834961	10.82601547241211	1.2189788447889118
13.818658828735352	36.6578483581543	1.256629357890779
-22.593704223632812	22.870027542114258	1.2235508668840416
-9.816165924072266	24.72472381591797	1.1768791708604631
41.561763763427734	-12.937707901000977	1.166778470866164
7.095065116882324	26.221202850341797	1.2578793721372488
-19.04259490966797	10.559455871582031	1.1370263433020849
35.43669509887695	8.302040100097656	1.2273292019677275
2.2880544662475586	-3.3096580505371094	1.2305618740201607
14.999971389770508	-0.5317107439041138	0.8940649391248211
1.9007577896118164	21.362337112426758	1.154367893796212
-35.58505630493164	12.189530372619629	1.2202945181512417
34.16165542602539	-4.006584644317627	1.191749394503136
-18.69461441040039	19.122669219970703	1.282194144735879
20.152080535888672	1.61127507686615	1.1650544854622062
17.424367904663086	-12.832708358764648	1.0587608368279284
20.983728408813477	1.8969265222549438	1.1293886696799404
5.659462928771973	10.64853572845459	1.2156563219777734
28.547639846801758	5.439280986785889	1.0178277470803592
-3.8218491077423096	41.60054397583008	1.2879865790236171
16.224246978759766	-12.943296432495117	1.1649820571053042
36.3529052734375	13.077823638916016	1.0808892356565931
8.986867904663086	17.1708927154541	1.3303795715336386
-5.5095648765563965	38.590396881103516	1.1901689713528054
13.706297874450684	31.751483917236328	1.3855683020859944
24.181344985961914	-16.436426162719727	1.2835991512765756
-17.575544357299805	-2.58323073387146	1.4126055113413676
21.87630844116211	25.445064544677734	1.194026146983158
-24.328737258911133	10.024347305297852	1.2342570281678416
-10.283183097839355	-50.05461502075195	1.0675726467335411
33.43812561035156	9.441898345947266	1.2349482791713613
-19.066038131713867	27.4359073638916	1.2332867248274422
-24.575084686279297	31.267316818237305	1.125826529352615
-7.756743431091309	-34.12892532348633	1.2469847086086083
-19.92899513244629	11.148238182067871	1.234242560612763
-26.14984130859375	-37.40680694580078	1.1061299840763144
7.168163776397705	-13.813155174255371	1.1110732672790882
14.655488967895508	13.061762809753418	1.2016244709672632
26.851150512695312	1.4475797414779663	1.0256682422764647
-3.286100149154663	23.65619468688965	1.3836195757164416
-11.655906677246094	5.684911727905273	1.337671214011658
19.975200653076172	14.010734558105469	1.267472365725016
3.361125946044922	0.8603935837745667	1.0935992610565175
34.56371307373047	3.9745447635650635	1.351557960296405
32.62284469604492	22.665809631347656	1.0693387672123489
41.447357177734375	-13.000784873962402	1.09345093422036
30.41206932067871	-1.4921923875808716	1.2087545970512483
5.743961334228516	-10.339881896972656	1.0275264194141258
25.22992706298828	14.087357521057129	1.3037044643519835
3.8232617378234863	-15.792688369750977	1.2448023366099772
18.58929443359375	29.160419464111328	1.1986639696579644
-8.443547248840332	27.22721290588379	1.256880333350043
-6.713816165924072	11.883444786071777	1.27932235296222
-15.444272994995117	34.23340606689453	1.1571855787290886
-19.46868324279785	-24.14289093017578	1.1944578728918862
32.16282272338867	2.7375173568725586	1.165789346378978
-3.0086917877197266	-1.8391302824020386	1.1740230975036416
17.48430633544922	24.807435989379883	1.2337078382653983
21.305580139160156	26.312349319458008	1.2375225538284524
31.402088165283203	21.12432098388672	1.1115400163541709
7.326419353485107	-13.871206283569336	0.9523103172125116
12.82262897491455	9.786911010742188	1.01422911099917
-9.539305686950684	-3.594844341278076	1.1773776432414709
-15.414793014526367	-9.888359069824219	1.287293503854598
35.73393249511719	19.024267196655273	1.1692246930353236
-26.976673126220703	-17.143943786621094	1.2050020504129562
30.514001846313477	7.512169361114502	1.069623942326326
-26.032087326049805	37.874446868896484	1.1089532276621297
28.8634033203125	20.46067237854004	1.1942148367700782
-18.72686004638672	11.309822082519531	1.1542656461391851
-17.72011947631836	-14.33446216583252	1.1933567621354737
14.781352043151855	3.1247787475585938	1.0788885320027748
-10.722758293151855	-17.52094078063965	1.1865628016009464
-2.148921489715576	-31.47724151611328	1.2330558257421331
22.714107513427734	6.043148040771484	1.2392781536579336
-40.869510650634766	-35.87227249145508	0.8040894916206874
-18.631458282470703	26.99856948852539	1.2399093777682466
26.074951171875	1.881659746170044	1.025388605248616
25.235057830810547	0.856685996055603	1.0796252025713913
23.57275390625	-15.987669944763184	1.1563369635721252
32.295066833496094	17.020877838134766	1.132402154345398
28.924654006958008	20.99066925048828	1.2334877980710772
20.98863983154297	5.658476829528809	1.1284806112485488
14.530919075012207	16.072683334350586	1.1181533059948114
-15.042221069335938	14.942819595336914	1.200944230431888
-2.901190996170044	43.57938766479492	1.4944586321390578
27.078561782836914	8.298627853393555	1.1466012991255814
20.519878387451172	34.19252395629883	1.3134555384529345
-1.3012416362762451	-22.898515701293945	1.1297228726849118
6.791574954986572	20.560504913330078	1.361718347156709
-37.6965217590332	-7.081056594848633	0.8815874584330726
28.51681900024414	-2.7184858322143555	1.0649064469527991
24.14243507385254	28.095722198486328	0.8852176443051725
18.354318618774414	0.25906750559806824	0.973073522705138
-48.01840591430664	-13.245905876159668	1.2027352257145874
38.482940673828125	-4.329684734344482	1.1365389886970754
5.103579521179199	46.96379852294922	1.2733053444857363
-19.52753257751465	37.823604583740234	1.155672135333155
29.14837646484375	-6.584563732147217	1.1940920580528065
-31.839263916015625	-17.598024368286133	1.275210043674076
1.2407923936843872	16.689804077148438	1.084098886227463
14.124804496765137	-24.11004066467285	0.9860724123917086
-7.915743350982666	27.224512100219727	1.2172590030338708
-9.137152671813965	-3.3114054203033447	1.047945057535502
-0.2294836938381195	-9.518301963806152	1.0178059622440736
19.20363998413086	-2.903522253036499	1.1234097139098378
-15.01126766204834	-11.934669494628906	1.3445199171477948
7.28676700592041	25.265579223632812	1.1339294877607349
19.246524810791016	9.509868621826172	1.0881875301615933
21.145105361938477	-13.39891529083252	1.1909896694806352
14.982455253601074	7.564363956451416	1.2470393154102144
-15.895886421203613	14.72500228881836	1.3101794534189086
24.029024124145508	-36.45029067993164	0.9988110864913244
-38.47755432128906	18.595243453979492	1.2684176316487414
-21.456432342529297	-24.75337028503418	1.1720994598760714
-22.556230545043945	-6.694683074951172	1.1171376691349806
9.807549476623535	-3.0254409313201904	1.2817771440788608
14.291518211364746	30.67655372619629	1.2931090041411506
-7.769866943359375	-20.177404403686523	0.9780357698912104
-42.920570373535156	-19.652498245239258	0.9116764272450142
35.47392654418945	27.54682159423828	0.9888355973412568
-10.78919506072998	-15.070747375488281	1.1784562344836504
-6.896110534667969	18.53034210205078	1.2996350610496343
11.318151473999023	10.533882141113281	0.9115451555597502
18.261638641357422	29.064006805419922	1.3306963644604624
-10.389225006103516	31.651599884033203	1.3896754373546008
-12.107077598571777	5.728139877319336	1.3763861574891978
7.545772075653076	16.066951751708984	1.3417839059174388
16.410486221313477	-8.292752265930176	1.261948488066207
-6.9569597244262695	10.69986629486084	1.1485167343950364
-13.523957252502441	-23.58052635192871	1.2627649812319732
-24.542146682739258	-14.658503532409668	1.3734876951967492
-17.81014060974121	-2.1624696254730225	1.344697271656091
-27.798845291137695	-19.646007537841797	1.333141833222732
-25.296051025390625	-43.671749114990234	1.202835663024418
-9.209929466247559	-7.393817901611328	1.0232709653724934
26.813386917114258	-15.928897857666016	1.466390196429632
-9.550105094909668	-25.001394271850586	0.9896397814764624
28.05881118774414	-1.9948134422302246	1.0219367738508602
29.223188400268555	19.650489807128906	1.154277314467529
0.00935751385986805	-16.38711929321289	1.0302143835719295
36.50096893310547	-2.386422872543335	1.2601311356533706
-30.82771110534668	38.18614196777344	0.7047714964483572
-34.32892990112305	30.10481834411621	1.2374749487556786
17.707326889038086	-26.514211654663086	0.9782597070743644
25.023967742919922	11.559613227844238	1.1927000056675598
-17.935407638549805	-40.044857025146484	1.3173748898198911
20.870771408081055	9.27868366241455	0.994046230258846
32.802772521972656	12.015182495117188	1.194012125710525
-2.3155357837677	17.00567626953125	1.1825741864246604
12.435760498046875	-34.49159622192383	0.8751188820500267
23.90118980407715	-11.281688690185547	0.879034593698323
-47.06904602050781	-13.703391075134277	1.2237270933297513
-31.766021728515625	18.933666229248047	0.9092071209302142
-15.525796890258789	-28.869155883789062	1.2325686057802678
8.408623695373535	-31.832019805908203	1.0824781146489468
-24.40959930419922	-21.4521427154541	1.085726247794462
-24.10748291015625	11.687970161437988	1.2144299703506267
-17.258304595947266	32.5421028137207	1.2315299182530144
34.97391128540039	-11.189212799072266	0.6131023845005532
-24.42395782470703	8.50101375579834	1.2796070896206295
5.070403099060059	-17.126388549804688	1.1487513293794869
-34.965702056884766	-32.88533020019531	1.249107475960313
-22.448118209838867	36.8926887512207	1.2345351170650107
-15.890301704406738	-24.92115592956543	1.176578794888103
-33.732215881347656	-12.407633781433105	1.3813528701708568
38.78260040283203	-17.567733764648438	0.7873762706581282
-2.9114601612091064	9.578117370605469	1.0196170837329803
-20.020288467407227	-15.114009857177734	1.134663269192134
28.868288040161133	28.705055236816406	1.1528535170586556
13.868124008178711	-13.2639799118042	0.6605325937908103
18.535682678222656	41.756736755371094	1.1656238130703829
3.596350908279419	0.8622925877571106	0.8819732022437952
11.525189399719238	-18.095829010009766	1.051990780378652
38.052040100097656	-11.366135597229004	0.6627847824821421
-12.948456764221191	39.054447174072266	1.107774195256067
-35.510711669921875	-9.940447807312012	1.2610912568313186
28.16548728942871	2.608887195587158	1.0715458479619082
-5.593737602233887	-26.723432540893555	1.100681434002978
22.14238929748535	29.183155059814453	1.042420288082535
3.2009975910186768	-8.346267700195312	1.0955848067288865
-40.76291275024414	-11.096088409423828	0.9409438672235536
-29.019933700561523	18.068553924560547	1.049352193914134
7.758858680725098	40.96290969848633	1.2187152650883064
-35.164371490478516	13.261220932006836	1.276893891149654
23.065202713012695	29.329389572143555	1.1107757832515892
-27.66822052001953	-4.946189880371094	1.3830386488218978
-32.566566467285156	-39.981781005859375	1.222828273713694
-16.769500732421875	-27.199758529663086	1.4283700682106095
-23.563203811645508	10.815643310546875	1.1161603850074058
-19.209510803222656	19.03173828125	1.2857629019968844
28.459096908569336	-30.936674118041992	1.2209478059708267
-10.817201614379883	9.640060424804688	1.2139600866689568
9.837043762207031	-32.500205993652344	1.0700791603560702
28.153474807739258	5.633461952209473	1.0397531459409368
-37.947662353515625	-17.383956909179688	1.09270533501044
9.203737258911133	17.405380249023438	1.3105006562421109
32.87013626098633	1.4135136604309082	1.2289401868048897
-29.56019401550293	-24.807283401489258	1.293629360482593
-3.01809024810791	-17.203826904296875	1.360923174767662
33.15380096435547	-18.08241844177246	0.8344572695276122
-48.20667266845703	-6.812528133392334	1.2199793406321535
35.004859924316406	-16.623151779174805	0.8891700458441223
22.527515411376953	16.510162353515625	1.240131204744927
-34.203128814697266	10.267260551452637	1.0275317309909129
20.02702522277832	13.432475090026855	1.0503988928955157
-10.689860343933105	9.835820198059082	1.2474882036770285
-20.093570709228516	4.80402946472168	1.2424151565981068
18.797517776489258	-9.466764450073242	1.243404949778789
19.496938705444336	11.88038444519043	1.204108036962368
-23.919849395751953	-4.327943325042725	1.3369754621625944
40.11117935180664	-17.97775650024414	0.96129700013961
27.430355072021484	37.64271926879883	1.283123259541572
-41.24874496459961	2.798936367034912	1.1659552850937362
10.94460391998291	10.903558731079102	0.9765500498966508
3.9205446243286133	-16.091590881347656	1.086594165815273
1.079534888267517	27.339229583740234	1.2692789845339612
-34.826995849609375	-33.1345329284668	1.1103643937893717
29.750791549682617	0.4616454839706421	1.1230447562991324
5.040696620941162	48.578826904296875	1.2673554298661471
-9.49735164642334	0.8643642067909241	1.1840647971036322
3.1987922191619873	13.85035228729248	1.261248959915571
-22.06751823425293	-32.5235710144043	1.2110564009002556
-20.6193790435791	-31.517902374267578	1.0925696035802932
21.16046714782715	-22.068151473999023	1.267918384618924
-3.635927438735962	3.0323307514190674	1.2830337090487502
-2.831995964050293	23.985931396484375	1.3962818144802422
-26.433183670043945	-8.565140724182129	1.2713190136185648
-35.59292984008789	-31.42862892150879	0.9711685926537216
-37.40220642089844	-19.386531829833984	1.120639702613505
-44.648658752441406	-5.454233646392822	1.4825076372497872
-4.043076515197754	42.035099029541016	1.2684631531867392
-1.4377691745758057	-13.91278076171875	1.115534784379205
19.14656639099121	-16.332691192626953	0.2978819838412047
-0.6094194650650024	-27.12699317932129	1.2736526887794677
14.186177253723145	29.726743698120117	1.2812797459043523
36.0399169921875	-14.218749046325684	1.0501643525323638
32.00258255004883	5.272320747375488	0.8780460657943244
27.99791717529297	16.079788208007812	1.2887227702921855
13.781209945678711	3.3486368656158447	0.951150744666186
-34.92378234863281	-0.7266439199447632	0.9022960114083196
30.00214958190918	9.130682945251465	1.04761229505792
36.16586685180664	19.716266632080078	1.0292215374414797
-43.95329284667969	12.867898941040039	0.9296809059319064
33.972782135009766	2.742636203765869	1.0789455371997183
22.81505584716797	6.698906421661377	1.1422322893627492
41.987300872802734	-22.42462158203125	0.8270375211591126
33.34752655029297	19.9814510345459	1.0681528075289304
26.429155349731445	20.894290924072266	1.2524480516493235
-2.5475926399230957	-11.650473594665527	1.346204127694533
22.71025848388672	-36.23301315307617	1.187005586876671
6.278541088104248	5.469745635986328	0.980538022703588
-32.89567565917969	29.55524444580078	1.1648652511766464
-36.52108383178711	-24.53110122680664	0.8991622497594363
-40.32535934448242	-3.080223798751831	1.1104339540783326
39.576438903808594	-24.15873908996582	0.3591763295799776
-6.578680038452148	-16.19393539428711	0.991333382262836
-10.469583511352539	-50.766056060791016	1.2397156534752325
-17.175113677978516	30.96182632446289	1.176881552295241
41.94496154785156	-20.980712890625	0.76446583444876
6.413957118988037	24.335601806640625	1.169138896673498
21.582622528076172	3.066401958465576	1.1607254208719184
10.616201400756836	-10.955148696899414	-0.1786612366854372
28.11210823059082	14.748685836791992	1.1913315836888967
15.065926551818848	36.8403434753418	1.2299690021518557
-24.2286376953125	-0.26906901597976685	1.211204782611883
-18.272415161132812	-39.95513916015625	1.45765244904266
-1.8434170484542847	33.314064025878906	1.1148811409542363
-16.989389419555664	19.84658432006836	1.2639890558959894
36.03151321411133	-25.024314880371094	0.965228320264084
13.243085861206055	38.61024475097656	1.1385977426447598
12.797093391418457	40.315093994140625	1.1907440165140029
1.1080174446105957	27.352720260620117	1.0547306179956266
-48.44633102416992	-6.406646728515625	1.2620035040645252
41.58255386352539	-19.43701171875	0.8650681778316958
-10.88964557647705	25.237628936767578	1.069344663834356
24.47097396850586	-16.870426177978516	1.3249817050631532
-5.225476264953613	-27.570032119750977	1.1203035303874058
-1.781249761581421	-8.19135856628418	1.135738144687406
-25.232088088989258	30.5926570892334	1.061963874367048
-15.890527725219727	1.3422294855117798	1.201921804449404
-10.588783264160156	-51.26788330078125	1.0877461956071337
29.184953689575195	34.523929595947266	1.0140294017916371
-9.233501434326172	-7.413440227508545	0.8913348551705312
-15.87575912475586	-20.7679443359375	1.2897841707260078
-26.49526023864746	-17.20441436767578	1.1712644305237057
-10.563191413879395	-29.07715606689453	1.2747580424324338
14.94177532196045	9.436970710754395	1.2287499757817264
-2.1439859867095947	17.82096290588379	1.2622513123129435
-13.16260051727295	-24.042097091674805	1.1107232085809229
45.998817443847656	-0.4309055805206299	0.5967697743839516
-9.597738265991211	12.806172370910645	1.2416500794384937
-29.965768814086914	-9.658538818359375	1.1453474271219586
-19.114707946777344	-23.817378997802734	1.05330339754426
0.09260813891887665	-16.194433212280273	1.2030893711127866
-8.603629112243652	-10.813608169555664	0.9837776947653778
1.742601752281189	-19.539974212646484	1.233582371738458
-6.562628746032715	-4.678493499755859	1.1191303666968146
9.777960777282715	-24.090734481811523	0.8688511564280464
13.891525268554688	3.7912003993988037	1.0253598551143557
7.493237018585205	-5.273900985717773	1.3058917154164682
-37.34867477416992	-9.812996864318848	1.1215212201944738
-23.289031982421875	-3.1024186611175537	1.037348611080781
-27.207489013671875	5.508636474609375	1.186976398901492
-45.79871368408203	23.302509307861328	0.9440166602200978
21.976741790771484	-9.49155044555664	1.1084366441501643
46.096160888671875	-0.8638417720794678	0.9295679780269318
-16.026456832885742	20.219608306884766	1.016734621868591
10.718594551086426	-28.142187118530273	0.9136197936383
-6.414411544799805	-4.923826217651367	1.0573283177183648
34.91914749145508	25.728790283203125	1.234679425633486
8.620376586914062	23.2778377532959	1.3007821020748775
-28.121601104736328	-26.019817352294922	1.0235474627645322
15.492512702941895	-11.508378028869629	1.3753058963952494
32.99307632446289	21.570343017578125	1.1772702178036765
-8.74876594543457	49.555538177490234	1.2199450876813247
33.82339859008789	14.861050605773926	1.0791774473195672
-38.351200103759766	19.12186050415039	1.2331841698928647
-3.742645502090454	-6.892943859100342	1.130848768762017
38.923641204833984	-5.182734966278076	1.1855487197661618
-3.6891024112701416	-18.07496452331543	1.2576068363624424
-28.669754028320312	18.558603286743164	1.103323869333999
-1.007483720779419	-23.10477638244629	1.0248516193035535
21.147903442382812	20.34029197692871	1.1758082761641022
26.011104583740234	-41.92005920410156	1.1984244297190854
34.52918243408203	20.843088150024414	0.9803265563066736
22.33851432800293	-7.915191173553467	1.0468119928367026
-6.696979522705078	-47.67517852783203	1.08729604492393
-34.97450256347656	-33.9019889831543	1.0627894990534448
-27.433645248413086	38.075660705566406	0.7682953581033163
-15.399932861328125	-10.596604347229004	1.4830260557357366
12.957018852233887	51.57101058959961	1.0852237795807518
2.1195125579833984	-29.7922420501709	1.12406095519627
12.20148754119873	52.142005920410156	0.8650279069670774
15.14254379272461	-18.787109375	1.156824378329954
-20.429615020751953	36.56953430175781	1.1784086212776794
32.21099090576172	10.690995216369629	1.1861084828453363
33.99109649658203	21.64739227294922	1.1912999544224585
-0.6125732660293579	-27.169939041137695	1.1231791227821593
-26.416810989379883	-2.9082369804382324	1.1688828121612695
14.089340209960938	13.267695426940918	1.0854244695927044
-2.956629753112793	-36.4196891784668	0.8962214869102814
28.52587127685547	28.199508666992188	1.473444530641723
-0.57225501537323	-33.56425857543945	1.1151125073559405
-37.078853607177734	-19.367061614990234	0.7621613558150574
33.46070098876953	19.00223731994629	0.8475992485807754
-23.334388732910156	23.941160202026367	1.2914065355290416
14.188353538513184	19.92902374267578	1.2177732045205565
18.655948638916016	17.490392684936523	0.9794612227239612
5.613171100616455	-26.90742301940918	1.0585221250819703
17.93815040588379	10.508182525634766	1.1659093567281085
10.788290023803711	-0.683329701423645	1.1375371657834796
-22.213973999023438	-5.548299312591553	1.3088822974984355
22.400634765625	25.29226303100586	1.1014393169872847
15.769655227661133	20.30436134338379	1.147066852449005
-35.127845764160156	4.411117076873779	1.1258417935833118
-20.433025360107422	18.963407516479492	1.284417112742725
-8.259698867797852	4.126364707946777	1.265438492625678
10.509737014770508	-16.46490478515625	0.9547547030017154
-9.444576263427734	24.585235595703125	1.0575207386488992
-30.49748992919922	-22.970701217651367	0.7997841947510176
18.242979049682617	-15.701828956604004	1.1696950224062086
-32.212791442871094	-27.519197463989258	1.1533832758429492
-9.329360961914062	12.468186378479004	1.3037590474334044
-32.618247985839844	29.394197463989258	1.0218574128805256
18.770828247070312	17.89210319519043	1.0645838783200592
-39.29011917114258	3.958251714706421	0.8568906576980347
-4.514091968536377	-22.332427978515625	1.0719448610666495
-4.540185451507568	-30.906352996826172	1.1302301593999988
22.723773956298828	3.314950942993164	0.9688935439070332
9.28650188446045	15.542896270751953	1.2755690095218497
-33.9664421081543	-8.53851318359375	1.4116410128482852
24.018966674804688	-11.359506607055664	0.830760155517192
14.222526550292969	32.52425765991211	1.22680107278433
29.11717414855957	3.340935230255127	0.9748264529001496
0.4508921504020691	-6.105808258056641	1.1213759178416756
1.157825231552124	-16.50948715209961	1.2124331495826288
-14.71290111541748	-17.096527099609375	0.9903063687780184
-27.157573699951172	12.090704917907715	1.2542753965312383
7.04461145401001	4.640556812286377	1.210302449017302
13.440226554870605	16.608226776123047	1.175528838038678
-13.791478157043457	-2.4236040115356445	1.2384834799445743
46.92329406738281	-2.2785403728485107	1.0455817322664522
-23.885713577270508	30.67329978942871	1.163674699052535
-12.175907135009766	-8.752179145812988	1.1163784662433358
-11.43213939666748	-45.191078186035156	0.9677876414152063
13.537094116210938	-4.5547566413879395	1.052883709407457
-5.35520076751709	-9.363519668579102	0.894316939705756
15.432480812072754	-7.598443984985352	1.1968886152067062
3.3934688568115234	14.071463584899902	1.1877140409336184
12.058328628540039	39.39393615722656	1.310273932951656
-7.359899044036865	28.618745803833008	1.1369360941281406
2.07655668258667	-5.551187038421631	1.1454056243219075
-1.0430585145950317	-13.623229026794434	1.2808902378674307
-10.033774375915527	-11.566183090209961	1.0214232546904642
-38.73337936401367	17.946321487426758	1.4370181921331775
-32.57389450073242	-19.309471130371094	1.2199340002615862
12.348881721496582	-33.3565788269043	0.8214213100108768
27.527908325195312	13.709842681884766	1.1186436961461517
-0.31757816672325134	-46.448509216308594	0.9712587955429296
-25.005901336669922	-4.946743488311768	1.2811822204893284
-7.100094795227051	30.520320892333984	1.3216075919507662
32.60770034790039	14.795510292053223	1.2807022782931796
26.511211395263672	3.8282837867736816	0.9839197498300292
-13.201953887939453	27.449237823486328	1.3158795397846104
16.656068801879883	25.868667602539062	1.037850124745006
-8.329817771911621	-24.524293899536133	1.1508364679492418
29.83582878112793	-32.18934631347656	0.8459253872062945
-36.298648834228516	12.278964042663574	1.14519090604382
10.758994102478027	-8.109692573547363	0.3747400373855731
-28.867351531982422	-31.66178321838379	1.0834077663778852
20.794530868530273	34.43515396118164	1.0298687583463582
-5.716059684753418	39.37269973754883	1.1372489650047262
-15.055525779724121	-24.022504806518555	1.076624272905657
-47.13445281982422	-14.13154411315918	1.045707453737874
-18.711915969848633	-3.721648931503296	1.0833199383529282
13.984106063842773	4.784705638885498	1.178225129558981
18.511764526367188	5.231289386749268	1.1233920270001057
-26.28557777404785	-10.049854278564453	1.2689644003531175
-2.5252814292907715	-4.406056880950928	1.1693014244124242
-2.145772695541382	-31.44192886352539	1.097807710689278
-9.254460334777832	0.5537334680557251	1.0278617096037967
33.76762771606445	29.485721588134766	1.1798484896564656
-16.93614959716797	34.140079498291016	1.0639868219458264
21.169078826904297	-13.376126289367676	1.1820582241377668
26.419252395629883	-3.640650510787964	1.0058488125416931
-4.530404567718506	-22.35942268371582	1.0840939618627747
-48.49683380126953	-13.435674667358398	1.0619601356621695
21.027267456054688	31.045785903930664	1.12631281482601
-27.075336456298828	-28.397958755493164	1.3624199767739846
-25.43513298034668	31.30457878112793	1.1481999504972171
-22.41632080078125	-32.431026458740234	1.1105398472895962
-6.20652961730957	6.2423481941223145	1.1651004567999717
-12.390191078186035	2.044915199279785	1.2788310271666543
-4.214808940887451	-9.46886920928955	1.1092806217002615
13.449271202087402	21.881608963012695	1.312568093872802
-7.50227689743042	-14.309648513793945	1.00849207126558
34.52663040161133	27.981821060180664	1.1759463998165791
18.31235694885254	-27.24720001220703	1.123190170708561
3.313472032546997	-38.96749496459961	1.021728296569368
-21.13947868347168	-25.034727096557617	1.2302874463322553
-8.473770141601562	4.1715192794799805	1.2682577579775336
-16.81495475769043	-29.504383087158203	1.102267779911846
-30.771596908569336	-2.298816204071045	1.2042433239630834
2.301349639892578	-24.298051834106445	1.0976380973144872
-22.80161476135254	2.9050240516662598	1.2685691628837172
27.15753746032715	25.928255081176758	1.1473236500435002
-38.37351608276367	-20.693269729614258	1.0471773986938813
-8.392363548278809	-10.664933204650879	0.9308760430134596
-14.428966522216797	-12.201532363891602	1.267302331238026
-26.48039436340332	-37.339054107666016	1.0226473793374775
19.525602340698242	35.90924072265625	1.1515209005267186
-12.48935317993164	-32.37958908081055	1.0862576132627306
10.167421340942383	-3.2254741191864014	1.1169428522825269
-6.618471622467041	-16.076688766479492	1.00268928947682
-7.587467193603516	0.6952436566352844	1.3028972908727303
1.8678122758865356	21.505815505981445	1.111467612737711
-21.479595184326172	23.6341609954834	0.9399351882276316
34.10697937011719	-5.444068908691406	1.2969784919440086
-23.038089752197266	21.143644332885742	1.251747859119795
-24.74360466003418	-37.7373046875	1.0229287198798496
-25.74325942993164	-26.50635528564453	1.2072135562970985
-50.0986213684082	-20.13915252685547	1.388065611205911
-9.783205032348633	-25.277570724487305	0.8530623053817978
17.445634841918945	-26.403095245361328	1.0535677207838925
-4.692923069000244	-27.49338722229004	0.9835414234932328
-3.970015048980713	16.489988327026367	1.097776732790002
22.274694442749023	20.925273895263672	1.2142768420854742
7.570649147033691	-35.935699462890625	1.0073991692813695
-11.878557205200195	21.901386260986328	1.1468302982781788
51.5194091796875	7.0510993003845215	0.8411040962326184
-21.895957946777344	38.092708587646484	1.117044093726028
28.248676300048828	35.931541442871094	1.2571398996530598
-19.47471809387207	-46.34054946899414	0.977513762866288
11.699535369873047	30.363683700561523	1.2563982695405906
-8.191851615905762	0.4179573655128479	1.1666536423493084
39.99761962890625	9.705390930175781	1.1285526110975506
-39.48548889160156	-2.1435630321502686	1.1886741550409603
-3.351365566253662	11.149662017822266	1.1414124602146534
-16.960731506347656	-7.224289894104004	1.0298096189565051
-41.1366081237793	8.711084365844727	1.2020400390678818
-30.710731506347656	-6.164758682250977	1.1583293913999635
-8.991171836853027	6.5899505615234375	1.3961198005188835
22.276296615600586	-8.491050720214844	1.0768273690405947
-17.566539764404297	-30.268997192382812	1.3648319645234823
20.138521194458008	-19.436128616333008	1.32252146900246
-20.246795654296875	-26.352371215820312	1.2613198178642118
26.9333438873291	-14.10758113861084	1.1217264954486554
7.7101569175720215	-0.845655083656311	1.2633503975676423
-10.329071044921875	-15.022404670715332	1.080296633979584
17.47264289855957	-14.63074016571045	1.0773195073991284
-25.144807815551758	-45.31718444824219	1.0382148398057844
36.10983657836914	8.37661361694336	1.1049704031332663
39.88717269897461	-5.956731796264648	1.0970794460955635
26.808361053466797	-14.418649673461914	1.2328567103422985
13.771204948425293	35.72356033325195	1.103824733769996
4.713275909423828	47.39378356933594	1.1849817309579518
23.10201644897461	5.0618462562561035	1.0380528975902128
-16.486160278320312	-36.015769958496094	0.6040497393801886
-35.982933044433594	5.604957103729248	1.2533124419328294
-2.1998679637908936	-0.0053473892621695995	1.0426110549732988
-3.779205322265625	-18.81064796447754	0.904051228088976
-31.99285316467285	-18.12980079650879	1.2012534941832755
-38.489749908447266	-15.857969284057617	1.3856328151353874
-5.406948566436768	-40.68937683105469	0.9902015937607316
17.503559112548828	10.175918579101562	1.192622675956066
-0.5637898445129395	34.33446502685547	1.254902276911158
-43.36732864379883	-25.613309860229492	0.8136976809357859
-0.5012233853340149	12.649226188659668	1.09359146633423
-3.0203027725219727	41.77330780029297	1.371647636048307
31.104145050048828	-19.858444213867188	1.1508872144762632
-16.348844528198242	33.42650604248047	1.1764704383198623
-7.281424522399902	-41.1998176574707	1.2131801637226225
-45.82575225830078	-2.6100475788116455	1.1654593621813527
-11.898719787597656	-37.6737060546875	1.3062893661333317
34.019752502441406	7.289992809295654	1.2242162046235625
13.041790008544922	-18.94441795349121	1.0795784982608374
28.710254669189453	35.221405029296875	1.1530873857930923
-6.47726583480835	17.736581802368164	1.1838870814718516
-43.91874694824219	12.699957847595215	1.2149748164588734
-23.309621810913086	5.647460460662842	1.2930034373849986
5.864780902862549	-8.917189598083496	1.1352098122339085
-13.286613464355469	-4.223042964935303	1.135966212174551
6.370041847229004	-35.82624435424805	0.8209241682601521
-22.00848388671875	36.80378723144531	1.2060595485822667
-9.02173137664795	6.59567403793335	1.3947166530137138
7.974117279052734	-1.9260849952697754	1.23122849099819
-1.64565110206604	33.4796142578125	1.0111910630647774
9.77792739868164	-24.08534049987793	0.8793758549688007
-40.257381439208984	-12.070700645446777	0.6611723821160032
-1.984063744544983	42.560646057128906	1.3513483459847322
-23.193830490112305	33.59280014038086	0.9836373212699062
24.1796817779541	26.847450256347656	1.013927590115667
5.611064910888672	-26.923784255981445	0.9622307600238086
-23.40159034729004	-27.081539154052734	1.0939241276728089
28.991933822631836	12.97295093536377	1.093066792563355
31.501079559326172	-1.0953090190887451	1.0367040558596192
-25.204444885253906	-14.192244529724121	1.3069180332435382
-47.70378112792969	1.5973871946334839	0.948064833431666
11.792325973510742	52.3798942565918	0.722813092112101
-30.06772232055664	-0.6414005160331726	1.0255590487162616
32.137725830078125	-14.660964012145996	1.2309933528793062
-2.7457144260406494	-27.976932525634766	1.206856524436882
-2.016451120376587	-6.504367828369141	1.1711883915513892
-7.087263107299805	21.763233184814453	1.0640967102157433
-19.579402923583984	-28.061006546020508	1.2571575312418564
-14.438867568969727	24.33136558532715	1.1020414711685118
-25.735763549804688	-25.39826202392578	0.9969317227829196
-24.706592559814453	29.97361183166504	1.1055908432277162
-20.22502326965332	14.930603981018066	1.091340749941553
-12.295190811157227	-32.36077117919922	0.8566224194498251
-30.457300186157227	17.690156936645508	1.10197232202421
31.081981658935547	9.44449520111084	1.206292959587818
50.733184814453125	5.220948696136475	1.1048752019934345
5.885210037231445	-2.8260087966918945	0.9655365348210556
-10.672451972961426	-3.278672933578491	1.1622042434109956
6.300878047943115	27.050809860229492	1.235554512223186
32.04885482788086	11.61928939819336	1.1813787194753411
4.821769714355469	36.39560317993164	1.3496312884774329
-17.47958755493164	1.6405229568481445	1.2905334368185548
51.08154296875	5.3841633796691895	1.1098394598300874
26.81237030029297	-42.163692474365234	1.087334671600577
-24.616369247436523	16.507295608520508	1.250881945308862
-19.428234100341797	27.785037994384766	1.0873277359003028
12.984405517578125	-35.88985824584961	1.3069293778642948
20.98911476135254	5.024521350860596	1.107783792133889
25.979511260986328	10.894461631774902	1.1796103619472431
26.219709396362305	21.53350830078125	1.283137928183635
-14.749489784240723	28.010093688964844	1.1472094921170162
-3.7851569652557373	-1.9185898303985596	1.1347004647452894
1.6505753993988037	9.194596290588379	1.1322811814758924
28.560457229614258	10.608940124511719	1.0606166007407012
-12.227180480957031	-8.642675399780273	1.1765067200152135
-15.816636085510254	1.5760387182235718	1.274480941903799
18.909744262695312	1.073155403137207	1.0690045405343165
-21.063175201416016	0.28781673312187195	1.213518078343853
-42.957008361816406	-19.67229461669922	0.7041483975966073
-17.548669815063477	-13.145105361938477	1.179770368167112
4.860213756561279	10.90562629699707	1.365596406384243
-35.050350189208984	-23.257877349853516	0.8991987977882941
4.892100811004639	40.406524658203125	1.0486098237385737
2.215029001235962	5.555822372436523	0.6507594655070609
1.6577095985412598	9.240011215209961	1.0974380383245004
-8.440118789672852	-19.85194969177246	0.9204541413085376
-14.701558113098145	-17.0889835357666	0.9881373263072324
-13.676285743713379	17.489303588867188	0.9672521942505354
17.788984298706055	24.6500186920166	1.12818809796301
9.881608963012695	14.157194137573242	0.9061048156203824
-8.694551467895508	15.926137924194336	1.1470740331940332
15.288423538208008	31.366884231567383	1.072535860514158
-9.883369445800781	-4.624701976776123	1.0983542842005212
17.887746810913086	2.506246328353882	1.1812926283731398
-19.681180953979492	21.626638412475586	1.202174166084365
-29.609725952148438	-0.6180741786956787	1.0667472123541994
-23.736316680908203	-4.21511697769165	1.2437741031538554
4.724786281585693	17.420740127563477	1.2281833042533612
-30.767093658447266	3.9491937160491943	0.8696986272085555
-21.428821563720703	44.911216735839844	1.3108278022159432
-13.028664588928223	12.87359619140625	1.076859780709439
-6.218611717224121	16.35793113708496	1.3554291252416508
7.132307529449463	0.4423850476741791	1.13365968132586
-6.646261215209961	-41.77406692504883	1.0848953920611717
-12.448987007141113	1.582749366760254	1.2898416577819776
10.664556503295898	6.036184310913086	1.3045705735795594
-3.265061855316162	24.380884170532227	1.2980392492628905
-27.194320678710938	12.057429313659668	1.2380738626349772
1.4462167024612427	32.13274002075195	1.1037861689822963
-12.995113372802734	-5.673655033111572	0.854506655100336
6.370739936828613	-21.812969207763672	1.339190033384995
23.729963302612305	40.008201599121094	1.1719993783855145
23.435407638549805	12.17901611328125	1.3656600650218935
-24.61363983154297	16.51215362548828	1.1970686658248322
-2.854381799697876	-1.2096672058105469	0.9156721907261972
-12.626912117004395	-14.454075813293457	1.4505482651750214
-7.7443389892578125	-34.54524612426758	1.1235860760265663
6.4655232429504395	-10.614776611328125	0.8949545877100604
-6.67947244644165	22.20911979675293	1.0254574975400637
-9.391773223876953	19.009157180786133	1.141688017996284
24.561763763427734	11.642224311828613	1.2228809378139305
-19.20733070373535	-13.141256332397461	1.2907100936757567
-20.310110092163086	5.318100929260254	1.1256706854552512
10.116941452026367	-16.167959213256836	1.0748703303458027
-41.08150100708008	-35.40275573730469	0.5548866530998516
18.885839462280273	10.887206077575684	1.1405535437396828
13.218634605407715	19.46074867248535	1.2289115956375878
-4.642022132873535	-6.732117652893066	0.6352121685450764
4.809145927429199	35.23480987548828	1.4180094334146487
-18.37868309020996	-18.51633071899414	1.1312958284296522
11.071981430053711	-33.164615631103516	0.9818785799400664
7.589709758758545	23.952957153320312	1.1491601737968555
-40.8289909362793	2.2598109245300293	1.281393426651381
8.545536041259766	-16.844379425048828	1.250750850650626
-15.587944030761719	23.303178787231445	1.1619904727609245
33.827274322509766	-17.25467872619629	1.012352484740783
-4.731295108795166	-30.63252830505371	1.231251340532583
-15.297358512878418	9.569428443908691	1.387727530331187
-36.49517059326172	-7.211133003234863	1.2926131433996262
-15.482641220092773	23.306434631347656	1.0764302675867086
-23.487520217895508	-28.992551803588867	0.9904851891406222
-19.80312728881836	9.023332595825195	0.9096350769525948
7.231734752655029	20.773740768432617	1.408936835273242
-5.196427345275879	-12.252472877502441	1.053862369734743
-16.789064407348633	-3.1233885288238525	1.2253847083291662
-28.2000732421875	-20.27732276916504	1.2004737685233162
-32.82568359375	-40.5643196105957	1.0656610566851277
36.11286163330078	27.751981735229492	0.6183408512978816
15.004231452941895	-9.510431289672852	1.2009376796348927
-18.76419448852539	-6.558172702789307	0.5924785622565788
-22.802499771118164	2.2895545959472656	1.2379367234809795
7.209327220916748	27.386037826538086	1.2717790403005202
38.082176208496094	-3.5211894512176514	1.2071098462754113
7.017568111419678	-31.27083396911621	1.3021067788100211
-5.952348709106445	-40.07171630859375	0.9739557483548028
9.170591354370117	3.6165428161621094	1.235054008375312
12.236437797546387	50.9482536315918	0.8824879277909626
-23.28357696533203	3.3420827388763428	1.1379621179926709
11.86823558807373	-31.811729431152344	1.2066369503303005
-6.9736127853393555	2.1918601989746094	1.045274528914247
0.004603165201842785	-12.286914825439453	1.0944238974071463
8.810894966125488	23.12265396118164	1.3022114564094387
-7.913577079772949	11.43362045288086	1.326350655500405
49.47846221923828	6.562525749206543	1.0924964501099097
-11.289305686950684	-17.57213592529297	1.1738998596303862
7.640974521636963	-5.9684600830078125	0.78095137675119
14.275712013244629	-31.35675048828125	1.1144848479554694
-14.782334327697754	8.933549880981445	1.3682683993624594
-2.834774971008301	9.305045127868652	1.1013872114890526
32.269744873046875	-18.1990966796875	0.8346264681011958
14.909994125366211	-30.995651245117188	0.8900372147830197
-12.438828468322754	0.0434795506298542	1.082579394459385
-19.962350845336914	32.96611022949219	1.041172712138951
-4.046383380889893	19.15791130065918	1.212903156021173
4.819115161895752	20.272214889526367	1.114323618090923
-5.54116153717041	-41.65028381347656	1.0497493958702986
-20.65989875793457	-20.10491180419922	1.1942700277684624
-10.775571823120117	32.624000549316406	1.0976938596352803
6.806943893432617	39.464935302734375	1.1603440916515555
16.76729965209961	13.606439590454102	1.0762017263897463
-19.471540451049805	-46.357784271240234	0.8152445521919798
30.00354766845703	-32.31673049926758	1.1786503306411322
-25.617244720458984	-7.194997787475586	0.977750033541582
9.725014686584473	3.0085272789001465	1.1322136846771962
25.868379592895508	-42.974464416503906	1.1617918803632976
-13.937207221984863	9.784634590148926	1.2798233069033609
2.183345317840576	-3.0975182056427	1.1369648245262125
15.48108196258545	12.64140796661377	1.1504343047164902
-1.4039559364318848	5.787197589874268	0.3832870799570378
-23.11302947998047	-10.106606483459473	0.8761570936515398
31.280960083007812	14.822163581848145	1.1652600857998878
-23.803497314453125	-17.118492126464844	1.114266393037972
46.703765869140625	-1.8959242105484009	0.7482593676109887
-16.391010284423828	-34.74098587036133	1.2393565943257097
-11.788341522216797	17.289222717285156	1.2152231738023718
16.797212600708008	40.49443435668945	1.1531743622132369
-18.392654418945312	-18.525617599487305	1.1213700482048925
4.3433942794799805	-11.355671882629395	1.034329148928804
10.735209465026855	6.098313808441162	1.160070715053249
16.99524688720703	13.8998384475708	1.1616623039612497
-6.876911163330078	19.868125915527344	1.2701689144144803
-8.931072235107422	49.38015365600586	1.2869616108000328
15.24893856048584	20.00168800354004	1.081129491482666
-5.936091423034668	-29.948894500732422	0.4250603985646969
2.2195632457733154	5.717315673828125	0.9289956947303732
-13.558917045593262	-22.383323669433594	1.358180869851347
-22.32359504699707	-7.616419315338135	1.137824503867802
18.666833877563477	37.41702651977539	1.0830151474824437
5.322009563446045	48.268959045410156	1.3252787889601974
-37.185035705566406	6.312680244445801	0.994939461126882
-8.184813499450684	49.874332427978516	1.1778002568481216
14.203155517578125	-4.068759918212891	1.1135326625782174
32.96501159667969	-19.96457290649414	1.3504446072915617
-13.07020378112793	14.156234741210938	1.3204097676677966
-14.60897159576416	9.92531681060791	1.244682789771712
-34.155914306640625	10.150303840637207	1.0478125755014374
19.234283447265625	-28.31250762939453	1.216911576675672
-7.242396354675293	30.98120880126953	1.3183917722605287
-41.04785919189453	-10.83354377746582	0.5389113330622293
-23.903759002685547	-17.1184024810791	1.1683911223186043
-31.75859260559082	-16.991880416870117	1.1408751178546224
-2.0231471061706543	-2.5376932621002197	1.2558223621143845
-21.71759796142578	-24.14470863342285	0.9589448937121978
-4.791885852813721	-42.031768798828125	0.9069601901641668
4.5966057777404785	32.77178192138672	1.1713512280775098
-29.233165740966797	25.463735580444336	1.2007474218450178
-18.806133270263672	18.4044189453125	1.3511711252153489
9.89894962310791	38.817867279052734	1.2006281778416628
-29.575824737548828	25.649555206298828	1.2556320760025588
25.71700096130371	6.623433589935303	1.1545625796932188
36.04948425292969	-14.172041893005371	0.958304406610062
35.1112174987793	-26.00297737121582	0.8064600439760785
-14.458846092224121	-32.0469970703125	1.269699521046891
1.6947637796401978	4.3526387214660645	0.970290301485163
-6.726909637451172	37.71800231933594	1.0581539103696351
-12.865023612976074	39.06724166870117	1.0096124933051174
11.625043869018555	-20.118040084838867	0.8152213385990346
29.64950942993164	-19.090280532836914	0.9082105441283176
19.84024429321289	9.149642944335938	0.9522369841649462
12.993071556091309	-44.435462951660156	0.9486693850852108
13.516928672790527	37.393341064453125	1.161345730628386
-10.62590217590332	-29.05097770690918	1.3630829849160122
-15.423421859741211	40.816104888916016	0.9939648130038146
-12.146501541137695	21.452116012573242	1.1005030274289425
13.418132781982422	49.603050231933594	1.3210485539458063
-33.8774528503418	23.132062911987305	0.8735599121435019
1.7939733266830444	16.845272064208984	1.2774199630171892
26.797473907470703	0.30879175662994385	1.00649823564497
-6.909574031829834	5.994926452636719	1.1155513874169802
-25.113332748413086	-13.914334297180176	1.3077038005803192
13.600831985473633	23.51024055480957	1.312928220728121
2.8667125701904297	32.661766052246094	0.9007447988149174
-26.49900245666504	-2.678692102432251	1.218305958974628
3.643432378768921	-21.024396896362305	0.9395380963306262
-29.388525009155273	-25.06554412841797	1.2390489549358807
51.09914016723633	7.9073028564453125	1.1946556275378826
1.3651368618011475	0.6831138134002686	1.2474370126693894
-50.10835647583008	-20.1485595703125	1.4530315836952088
-34.55976104736328	-13.764001846313477	1.2852001707574716
-43.136077880859375	-25.76249122619629	0.9948811112595434
-27.54186248779297	1.307137370109558	1.0145319822334005
-18.87337303161621	-13.608048439025879	1.2347386008846832
20.576799392700195	21.532146453857422	1.3209577499025378
18.359010696411133	-3.6402812004089355	1.076673020951343
-14.693270683288574	28.010385513305664	1.3344801957433756
-19.545320510864258	-39.830848693847656	1.3169506563357762
34.40900421142578	26.216400146484375	0.8909754483087878
11.493416786193848	-15.857185363769531	1.13513404659783
49.596309661865234	7.411885738372803	1.1042494618074783
-9.952503204345703	-48.35523986816406	1.2257348435500786
14.91955280303955	-35.49264907836914	0.8605410769798545
6.967814922332764	15.676438331604004	1.1832074844711515
21.838775634765625	-25.54672622680664	1.2028259987561003
-29.829004287719727	-12.721315383911133	1.2563851714859149
50.309696197509766	8.222108840942383	0.9775541034760936
21.017629623413086	21.061153411865234	1.1600890325682298
20.978492736816406	32.88041687011719	1.3863534689609094
-25.118616104125977	-45.604705810546875	0.7067365688154057
13.509859085083008	30.71537971496582	1.295677512657056
22.018564224243164	-21.963138580322266	1.180651217630868
-21.746604919433594	-33.70878219604492	1.1453619402568622
-19.450719833374023	-9.52396297454834	0.9148820489665886
-12.60920524597168	-26.625415802001953	0.5526116031694223
33.97625732421875	-3.6573824882507324	1.127630193672302
-19.87126922607422	32.890350341796875	0.9087722122253368
-24.41019058227539	0.3768458962440491	1.1757168737956574
-9.078165054321289	18.93235969543457	1.1431550864555713
-15.583901405334473	-6.421543598175049	1.0580699887598348
-7.356150150299072	-20.016870498657227	0.799941101421722
-29.363393783569336	18.585983276367188	1.0983336213569483
-30.17475700378418	-11.029633522033691	1.221812657353553
41.13097381591797	-17.84000587463379	1.3014454885718074
-19.225074768066406	37.343284606933594	1.1215335522186891
-29.272653579711914	9.02077865600586	1.1729712269268886
22.49445152282715	16.820728302001953	1.0336255279301594
27.436674118041992	37.66960906982422	1.1670370272734474
17.276424407958984	-40.59709548950195	0.9858117529595564
-21.4400634765625	44.9323616027832	1.1004142764745648
-41.72506332397461	2.8569588661193848	1.0554016390338603
14.014470100402832	-24.17226791381836	0.6967257617150209
-34.9294548034668	12.92583179473877	1.292353785431084
2.3235535621643066	-24.33686065673828	0.936610790714298
22.57164192199707	-36.21719741821289	1.1310830357507888
9.22895336151123	32.55561828613281	1.2859762955388847
-2.7969179153442383	28.465669631958008	1.3244320309805624
-0.3486386835575104	-46.4767951965332	0.8783236970027192
-16.318161010742188	-34.49583053588867	1.2248996580202671
-30.935123443603516	26.6999568939209	1.1479126340232595
26.540739059448242	-43.06340789794922	1.0008495242416833
14.569010734558105	51.64220428466797	1.112565305893757
14.304776191711426	28.28035545349121	1.2130851218762178
6.345433235168457	-41.33017349243164	0.9498970191449552
6.753868103027344	3.119419813156128	1.374053778928193
36.554683685302734	2.5544755458831787	0.969017786204441
14.870135307312012	15.844895362854004	0.8517428353039042
-33.889034271240234	23.209814071655273	0.8607737459937049
-28.36521339416504	24.83865737915039	1.158687317305897
-3.8399081230163574	15.146931648254395	1.2369523596603964
-23.372621536254883	-13.452038764953613	1.1822672916870278
5.678628444671631	-9.612286567687988	0.9136577820024292
-10.957340240478516	-14.358064651489258	1.0162308375155114
10.62130355834961	-28.041471481323242	1.083914176064347
-6.782256126403809	-47.66513442993164	1.189767927200653
16.849966049194336	-23.580419540405273	1.1960773918954446
-19.401517868041992	-9.525126457214355	0.8620081703908594
-4.237537860870361	-14.197906494140625	1.223703173565673
-39.30887985229492	-1.9461781978607178	1.1257340894359835
3.5730576515197754	-38.95597839355469	1.132835906859361
1.2728902101516724	-2.285383701324463	1.0236591050777033
-5.0678391456604	-1.8638476133346558	1.513821007784168
21.995954513549805	1.7865163087844849	1.0537840501705735
-40.94512939453125	8.643671035766602	1.0173749385554902
-0.8997905850410461	-9.979715347290039	1.2457386370727666
-12.5626859664917	-43.863319396972656	0.8103990268804997
-18.667104721069336	10.37321662902832	1.0874037160404593
40.36285400390625	-6.345238208770752	1.1752012148305393
-34.92662811279297	4.141259670257568	0.9778401037435196
-0.15421393513679504	-19.358766555786133	1.3294154537618688
4.325720310211182	-4.655733585357666	1.178994931675904
33.219482421875	-10.789138793945312	0.6515649574562589
-20.498348236083984	4.294135093688965	1.3382005297859318
-1.3501982688903809	5.6609697341918945	0.9210478535010866
20.047801971435547	-20.702558517456055	1.3028380575365666
-33.721588134765625	-8.441061019897461	1.4170346595868724
6.094382286071777	-22.805824279785156	1.3006123179151785
-20.540117263793945	38.16525650024414	1.129972963124754
11.773975372314453	37.011165618896484	1.283073850750614
2.1280412673950195	-29.780481338500977	1.0451775773613918
-24.6069278717041	22.61503028869629	0.8807331356119471
-21.244028091430664	-0.7137860059738159	1.2317606373976953
-45.797088623046875	-4.39276123046875	1.253222104540183
5.6229681968688965	39.446632385253906	1.1858231799062111
3.41756272315979	-14.271881103515625	1.2728950641380044
13.609905242919922	23.072965621948242	1.2670602465072291
-2.930536985397339	-36.47200393676758	0.5176702739653458
-31.063945770263672	0.24611881375312805	1.064934308854546
20.466880798339844	-30.389989852905273	1.0104813724467203
26.229581832885742	20.45087242126465	1.3059202101567111
-6.877389907836914	-40.19717788696289	1.1330246592310758
36.50315475463867	12.96158218383789	0.7635798616246654
-40.701438903808594	-36.25059509277344	0.3512969729147201
27.07515525817871	13.514436721801758	1.0354484921538931
-43.835227966308594	10.445902824401855	0.867955691260245
-1.8837034702301025	-22.406225204467773	1.101939294480134
-1.8177521228790283	17.226011276245117	1.2843607003583744
-19.14914894104004	38.52031707763672	1.1899865607981766
21.574405670166016	31.044193267822266	1.2682604402504305
-32.48324966430664	-39.65480041503906	1.1863069237369497
-7.298335552215576	28.06615447998047	1.2458773887021948
7.430952072143555	4.153153419494629	1.2048568239974988
-20.19967269897461	14.995415687561035	1.1676711937481778
-13.198567390441895	17.165367126464844	1.2380680745259829
-15.4095458984375	2.960796594619751	1.1317239722676335
10.991838455200195	38.744876861572266	1.358513167521212
33.9620475769043	27.664230346679688	1.078983015073429
0.7001647353172302	-19.03331184387207	1.1042048412595342
-45.7956657409668	23.303852081298828	0.8918625514794964
7.802526950836182	-20.206069946289062	1.2279727841445962
17.540170669555664	-6.829721927642822	1.1283343748713288
-47.71611785888672	1.6086790561676025	1.0688416530958795
-13.262046813964844	14.233455657958984	1.2777082458831732
-22.769695281982422	23.1324462890625	1.1821129515212707
38.06719207763672	-11.30018424987793	0.7049723294513633
-36.075645446777344	-23.847450256347656	1.042572152706501
-27.447065353393555	-16.75021743774414	1.0831039412150527
38.4497184753418	-17.536422729492188	0.8880367798994631
6.010340690612793	10.534310340881348	1.0475006269927452
4.873928070068359	38.420719146728516	1.1243520714555073
25.466819763183594	2.8322932720184326	1.0962640519285367
-8.793155670166016	-23.37767791748047	1.0478110230760511
34.13473892211914	-27.001155853271484	0.7192283552078198
18.73720359802246	41.96052932739258	1.209806622255483
10.528692245483398	18.42949676513672	1.234852373226179
-7.733981132507324	-33.050575256347656	1.3670389823248548
-30.2298526763916	14.162805557250977	1.1751502713096005
-27.256332397460938	5.514111042022705	1.0718226979908303
-29.207719802856445	9.010979652404785	1.2520794917381477
-10.476797103881836	31.267866134643555	1.0425442400422773
-12.560314178466797	-43.07640838623047	1.1408560062311583
-28.894180297851562	-33.517242431640625	1.531202878175422
-15.873074531555176	-20.78867530822754	1.3182403430853489
-17.67287254333496	5.817691326141357	0.8294049315723433
23.73944091796875	40.048362731933594	1.112800251329099
-5.698158264160156	38.349281311035156	1.116175278542802
1.662255883216858	-9.428112030029297	1.2027705273911686
41.95820236206055	-22.57432746887207	0.9955420659554608
-7.649209022521973	-22.10835075378418	0.6912905772421226
2.88908052444458	-13.283661842346191	0.918175313264821
18.731616973876953	-9.402115821838379	1.1750253945172289
-11.67905330657959	-20.356338500976562	1.1777391684580982
36.24285125732422	-24.749895095825195	1.217256670386355
5.003937244415283	24.289791107177734	1.0590809843182494
-40.680809020996094	-28.417879104614258	0.9719387472089088
-29.78717613220215	-12.985804557800293	1.1667831100614017
-3.7274951934814453	-25.668376922607422	0.6082771989967091
-18.816762924194336	22.687103271484375	1.1332224675153315
-20.67133331298828	-20.15216636657715	1.2091372488597498
-49.05018615722656	-6.235403537750244	1.093834832782695
-40.88352966308594	-28.196083068847656	0.9536090945273356
-16.085887908935547	5.9249372482299805	0.8185940989871257
13.925142288208008	-33.86347198486328	0.7786853991953254
3.651211738586426	-8.280027389526367	0.9666503725545286
3.334984064102173	-32.974632263183594	0.9379915889727082
-15.655543327331543	-12.049226760864258	1.3338916526643914
17.75419807434082	-23.333831787109375	1.203390593256956
-30.880813598632812	38.15560531616211	0.7311574359094549
-15.129417419433594	-28.854812622070312	1.2016370081134835
44.104957580566406	-23.05659294128418	0.8606576018279
15.024165153503418	51.74259567260742	0.8897091516414528
15.150465965270996	8.825252532958984	1.1499774768013231
16.13637924194336	-13.24410343170166	0.9989858486001976
-11.88715934753418	-37.68904495239258	1.2637902630803917
8.515048027038574	8.504150390625	1.1615180287820543
-34.20206832885742	-3.6196341514587402	1.171490177530437
-24.416528701782227	-21.46165657043457	0.938720519089399
27.253599166870117	8.267570495605469	1.0276096712024072
-1.7686461210250854	41.92898941040039	1.4665085388789625
10.42005443572998	26.24345588684082	1.2314919969583056
-7.707671642303467	33.05919647216797	1.1089022455887632
-15.523872375488281	40.868492126464844	1.1047598299251682
-0.4612576365470886	12.634071350097656	1.1594674057631809
39.52716064453125	-24.170682907104492	0.960170182518898
-32.21602249145508	-27.534162521362305	1.064256096199437