x	y	cluster	word
38.513980865478516	8.879908561706543	4	he
37.50261688232422	8.45470142364502	4	his
31.155027389526367	6.77803373336792	8	him
38.1805534362793	6.596923351287842	8	man
31.00935173034668	4.673525333404541	8	son
18.680490493774414	-31.012969970703125	6	boy
23.586313247680664	6.1249775886535645	3	male
4.564411163330078	-30.272537231445312	6	brown
-31.344045639038086	-4.077987194061279	1	kenyan
36.65364456176758	6.42158842086792	4	one
17.803422927856445	17.399599075317383	4	would
40.34635925292969	9.936180114746094	10	first
34.243797302246094	9.318889617919922	4	said
21.48740577697754	5.467903137207031	3	may
34.292449951171875	7.985386371612549	4	could
3.428718090057373	20.485477447509766	4	And
36.44990539550781	5.720534801483154	8	way
38.635658264160156	10.397871017456055	4	much
27.026399612426758	-6.110145092010498	8	back
10.802386283874512	19.946449279785156	4	For
40.75507736206055	14.643722534179688	5	really
32.825809478759766	2.663835048675537	8	right
21.419076919555664	5.59857177734375	3	made
11.765170097351074	19.931089401245117	4	But
33.309295654296875	-4.815586566925049	10	take
37.06232452392578	0.7813541889190674	10	going
12.832321166992188	16.934185028076172	4	All
39.22419357299805	9.82978343963623	4	say
29.45928382873535	2.530247926712036	8	long
27.32398223876953	6.769411563873291	4	ago
14.890910148620605	-7.055354118347168	8	lot
-3.7156407833099365	11.823945999145508	4	More
10.8035888671875	16.880908966064453	4	One
22.256895065307617	5.73848819732666	3	might
33.33016586303711	6.479794979095459	8	old
40.756736755371094	11.578030586242676	5	big
33.2231330871582	4.592135906219482	5	real
1.635672926902771	-8.1497802734375	2	able
11.403483390808105	3.1553096771240234	3	months
20.594953536987305	-9.92518138885498	8	services
10.910191535949707	12.324270248413086	1	God
33.94889831542969	-3.122103452682495	10	try
32.590999603271484	-2.610713243484497	10	working
12.253559112548828	15.142631530761719	1	United
34.92140579223633	11.032881736755371	4	per
41.27046585083008	13.961714744567871	5	actually
-30.262928009033203	26.910118103027344	9	John
-32.76399612426758	-1.553483009338379	1	January
33.198143005371094	10.892486572265625	4	yet
33.57067108154297	10.980022430419922	4	already
-10.060408592224121	10.006108283996582	1	State
37.82423782348633	-4.6932220458984375	6	based
35.6107292175293	0.3516148030757904	4	went
33.58774948120117	2.9358179569244385	8	fact
16.427997589111328	6.426358699798584	3	means
38.56895446777344	13.198687553405762	5	possible
18.696739196777344	13.908348083496094	4	along
32.7533073425293	-5.010575294494629	10	took
2.9715495109558105	16.073211669921875	4	Just
3.1119227409362793	-15.004894256591797	8	hand
40.51567840576172	13.838096618652344	5	probably
33.0147705078125	9.862804412841797	4	either
33.070274353027344	-3.710860013961792	10	trying
16.320119857788086	4.103447437286377	3	million
-11.741523742675781	4.948094367980957	1	States
38.20609664916992	6.384057521820068	8	men
13.500945091247559	21.258146286010742	4	However
7.311455726623535	15.941007614135742	1	First
11.677338600158691	14.647614479064941	1	Best
5.220982074737549	18.365461349487305	4	See
6.223674774169922	-14.966931343078613	8	project
18.30980682373047	-9.028879165649414	8	plan
3.3701672554016113	0.18958093225955963	5	almost
-6.606075763702393	7.722591876983643	1	Great
11.954286575317383	19.10809898376465	4	About
41.52446365356445	10.927972793579102	5	mean
32.3392448425293	-4.807615280151367	10	taking
22.110986709594727	15.907111167907715	4	else
9.967162132263184	19.164844512939453	4	Why
18.448524475097656	-5.228584289550781	8	short
18.786453247070312	-14.354065895080566	10	front
-12.72805404663086	1.5008357763290405	1	Services
35.85060119628906	1.5471493005752563	10	coming
13.66943073272705	17.23917007446289	4	His
-20.972110748291016	-3.9102230072021484	1	Service
29.175424575805664	-8.851319313049316	10	taken
39.87367248535156	12.311129570007324	5	soon
28.68976593017578	-19.881019592285156	0	move
25.837039947509766	-18.810361862182617	0	training
-29.02449607849121	2.158679723739624	4	AND
-6.745950698852539	9.023676872253418	1	Good
28.689285278320312	-18.59484100341797	0	turn
-36.745418548583984	26.131370544433594	9	David
20.81926918029785	-9.701817512512207	8	running
28.882158279418945	-8.697973251342773	10	bring
-8.46143913269043	11.202924728393555	1	San
34.52543258666992	-1.9126170873641968	10	takes
10.440272331237793	19.59169578552246	4	While
37.97460174560547	11.86681842803955	4	however
19.242572784423828	18.31452751159668	4	among
16.049650192260742	-1.3368932008743286	8	guys
17.78944206237793	13.929825782775879	4	behind
12.803040504455566	8.911537170410156	9	guy
-22.597938537597656	2.7278339862823486	1	Yes
-7.197641372680664	8.947681427001953	1	Big
39.54020690917969	11.901422500610352	5	total
25.52686882019043	1.7221393585205078	5	general
36.91408157348633	1.8111851215362549	4	goes
23.05912971496582	-0.7285960912704468	8	morning
-23.425363540649414	26.206275939941406	9	Jan
20.551212310791016	-6.457831382751465	8	rights
1.4030776023864746	13.450250625610352	4	Can
26.573001861572266	1.0045969486236572	8	record
34.9601936340332	6.985223770141602	10	saying
10.782051086425781	11.390364646911621	1	President
-34.62975311279297	25.40292739868164	9	James
-12.500791549682617	11.037914276123047	7	Obama
31.892648696899414	-8.669907569885254	10	continue
30.1983699798584	1.2899397611618042	8	ways
22.473005294799805	16.533885955810547	4	instead
3.071239709854126	13.49278450012207	1	General
-27.11370086669922	24.656240463256836	7	Paul
-32.22783279418945	23.28758430480957	9	Michael
28.70354461669922	0.7122330665588379	8	ones
-5.387928485870361	8.724864959716797	1	Real
30.20911979675293	-9.600168228149414	10	tried
3.1777584552764893	10.823102951049805	8	Blog
25.52149200439453	2.3864519596099854	5	wide
26.274354934692383	-2.875261068344116	8	terms
14.410402297973633	16.82706069946289	4	Many
8.911324501037598	9.012520790100098	3	Mar
20.810693740844727	-6.740621089935303	8	links
41.54730224609375	12.4142484664917	5	average
10.904359817504883	-9.749085426330566	8	hands
1.4998732805252075	10.768603324890137	4	Back
13.814018249511719	-15.164917945861816	10	success
25.32793426513672	-6.7282609939575195	6	built
-13.783001899719238	9.675532341003418	1	King
12.75837230682373	15.976530075073242	4	Year
-28.123363494873047	25.25856590270996	9	Will
29.475265502929688	-18.274118423461914	0	turned
19.264665603637695	-8.691512107849121	8	plans
32.581809997558594	-3.9562785625457764	10	leading
36.392513275146484	-5.33573579788208	10	began
-1.2675302028656006	-20.065635681152344	8	focus
3.449754238128662	16.48434066772461	4	Only
29.784425735473633	-7.946977615356445	10	brought
9.765758514404297	-30.696168899536133	6	base
13.582300186157227	15.686592102050781	4	Man
33.345680236816406	12.611026763916016	4	although
-24.97641944885254	23.856225967407227	7	Mark
-28.879886627197266	5.219930171966553	2	Aug
-14.211928367614746	0.5666155219078064	10	Press
25.204559326171875	-4.034380912780762	8	sign
-1.4608585834503174	-18.277767181396484	8	projects
28.4239559173584	-19.696680068969727	0	moving
22.387130737304688	-3.588825225830078	8	numbers
-36.21759033203125	22.22639274597168	9	George
-11.44332504272461	9.462762832641602	1	Law
-10.308974266052246	11.184629440307617	1	Jesus
28.555240631103516	-6.633106708526611	10	gone
-12.34394359588623	8.374178886413574	1	Sports
-10.592710494995117	6.653365612030029	1	British
-30.824220657348633	17.276391983032227	1	Christian
24.30135726928711	-5.875035285949707	8	benefits
-38.897483825683594	16.07008171081543	7	Robert
6.618390083312988	-12.349104881286621	8	brand
-39.674068450927734	0.3541967570781708	6	Brown
36.43964767456055	8.608139038085938	4	Men
1.1588996648788452	8.824811935424805	10	Take
-17.41170310974121	2.1619629859924316	4	FOR
-29.44357681274414	5.189648151397705	2	Act
-22.63189125061035	2.7611167430877686	1	Old
31.187469482421875	5.83748197555542	8	father
0.541579008102417	11.839935302734375	1	Central
-25.738500595092773	26.86733627319336	9	Bill
3.357747793197632	18.744300842285156	4	Because
-8.652474403381348	7.200197219848633	4	Out
36.463287353515625	-4.706442356109619	10	begin
15.019573211669922	-5.276961803436279	8	states
-37.53854751586914	18.46095085144043	7	William
3.4964115619659424	0.025619301944971085	5	nearly
4.979920864105225	20.314788818359375	4	Although
-27.080612182617188	25.298248291015625	9	Chris
14.82044792175293	17.93120765686035	4	Any
13.910408020019531	-34.67472457885742	6	ball
17.334463119506836	-35.120697021484375	6	basic
-27.627399444580078	-1.0701550245285034	1	Code
17.428133010864258	-0.5412495136260986	8	gay
-29.442102432250977	27.298463821411133	9	Mike
4.493221759796143	-0.6257269978523254	5	significant
26.820693969726562	5.672825336456299	2	ass
26.966278076171875	16.814844131469727	5	truly
32.45703887939453	1.225459098815918	8	names
22.538888931274414	5.913113594055176	3	middle
8.02636432647705	6.1596150398254395	3	Mobile
19.58955955505371	-11.899337768554688	10	press
-28.747726440429688	19.167484283447266	7	Lord
-20.557573318481445	1.5305893421173096	1	Long
-41.143802642822266	9.33129596710205	7	Thomas
21.27469253540039	1.2468342781066895	8	husband
19.95121192932129	-17.99008560180664	10	announced
-7.502041816711426	11.463984489440918	4	Los
-39.495399475097656	16.912355422973633	7	Peter
17.747554779052734	-0.9714711904525757	8	president
19.5750675201416	16.796009063720703	4	onto
28.85335922241211	-2.6842987537384033	5	straight
6.677567958831787	-29.5764217376709	6	basis
41.15955352783203	12.912240982055664	5	actual
-18.77943992614746	4.637813091278076	4	Under
6.742811679840088	-13.180127143859863	8	pool
34.13164520263672	-2.4476065635681152	10	speak
23.489206314086914	14.41396427154541	5	overall
33.34930419921875	3.4682230949401855	8	truth
0.013011131435632706	19.331382751464844	4	unless
-10.66714859008789	-4.03718376159668	6	Bank
-16.897075653076172	1.2529622316360474	10	Pro
-37.8104133605957	24.091327667236328	9	Joe
-35.28904724121094	20.066802978515625	7	Tom
17.254505157470703	-14.245424270629883	10	passed
16.307878494262695	-7.4550652503967285	8	records
37.27581787109375	3.399364709854126	10	ahead
18.35740089416504	-12.17656421661377	10	select
5.050471782684326	-18.247785568237305	8	runs
15.756511688232422	-34.06199645996094	6	beat
18.521772384643555	-30.503751754760742	6	bill
-38.856040954589844	18.454856872558594	7	Richard
18.39871597290039	-16.319581985473633	10	prior
18.680219650268555	14.574616432189941	4	followed
-17.72685432434082	-10.28495979309082	3	metal
10.570633888244629	-7.6748785972595215	8	football
3.8274219036102295	19.35888671875	4	During
28.68084144592285	-10.523324966430664	10	protect
-22.815460205078125	0.8505791425704956	1	Young
15.212554931640625	-30.91942024230957	6	billion
-15.332770347595215	-19.227388381958008	0	Training
-12.674687385559082	4.6720380783081055	1	Stock
-38.1024055480957	21.4366397857666	9	Steve
1.6531444787979126	-6.702227592468262	2	audio
-0.5662518739700317	19.448593139648438	4	otherwise
17.834087371826172	13.089004516601562	4	yesterday
29.814044952392578	-3.2264161109924316	10	primary
-12.784579277038574	-5.339096546173096	6	Boston
6.927727222442627	-3.284885883331299	5	heavy
18.669788360595703	0.35387149453163147	8	rich
-7.344946384429932	5.839211463928223	1	Total
-40.53221893310547	16.312591552734375	7	Scott
17.750837326049805	-14.872087478637695	10	putting
9.527677536010742	16.06296157836914	4	End
4.92079496383667	19.554092407226562	4	Before
21.316770553588867	-4.524302959442139	8	format
11.662567138671875	17.779979705810547	4	Those
30.366073608398438	0.6990379691123962	8	central
-29.231555938720703	16.52593231201172	7	Martin
17.498239517211914	-31.13925552368164	6	boys
-35.9551887512207	26.05961036682129	9	Jack
12.074387550354004	18.152347564697266	4	Both
21.964170455932617	-4.159794807434082	8	peace
35.904052734375	9.05079174041748	4	Main
11.74167537689209	2.7901525497436523	3	mode
-34.9298095703125	26.46172523498535	9	Jim
9.675031661987305	14.554352760314941	4	Mon
0.7618319988250732	11.49694538116455	4	Way
19.900432586669922	5.970605850219727	10	meant
22.654592514038086	-2.864187240600586	8	laws
29.235431671142578	16.944355010986328	5	approximately
31.37273597717285	-8.895637512207031	10	showed
29.169099807739258	17.024139404296875	5	anyway
31.899141311645508	1.7278969287872314	8	ring
38.788368225097656	-3.897272825241089	6	busy
-27.624221801757812	27.607643127441406	9	Bob
13.087218284606934	-17.555805206298828	10	signed
27.272844314575195	-19.555992126464844	0	transfer
-35.9754524230957	17.28567123413086	7	Charles
4.3800554275512695	-0.9720084071159363	5	essential
33.435325622558594	-1.7126829624176025	10	winning
38.85136413574219	13.79466438293457	5	possibly
34.120849609375	7.194937229156494	4	gonna
-29.036571502685547	5.892676830291748	2	Audio
-14.534485816955566	2.153743267059326	1	Sign
-37.75049591064453	-10.896310806274414	3	Master
9.92092514038086	-14.279562950134277	8	volume
-21.74267578125	2.88192081451416	1	Yeah
-12.0289888381958	6.843797206878662	1	Body
14.395977973937988	-16.366670608520508	10	proud
27.721811294555664	-11.644903182983398	10	progress
2.9691717624664307	17.090103149414062	4	Would
-21.78992462158203	1.221610188484192	1	Royal
34.112060546875	12.286824226379395	4	despite
-32.34699249267578	17.410991668701172	7	Francisco
4.330907344818115	-18.936264038085938	8	courses
17.536897659301758	-6.216914653778076	8	ran
16.781715393066406	-1.927285075187683	8	cock
9.54983139038086	-29.539823532104492	6	battle
1.428688406944275	-10.242103576660156	10	advance
-27.43087387084961	-5.260597229003906	1	Plan
6.373049259185791	5.9480366706848145	3	Money
9.150919914245605	3.5695645809173584	3	master
2.377664089202881	11.866586685180664	1	Sat
1.7005308866500854	-9.81179428100586	8	actions
25.93701934814453	-20.514341354370117	0	turns
14.92017650604248	-33.935482025146484	6	boat
17.843700408935547	-10.00142765045166	8	signs
-23.811004638671875	22.874988555908203	3	Matt
-24.659408569335938	-9.790047645568848	8	forces
-13.452872276306152	3.6705431938171387	1	Records
-12.651796340942383	-4.188610076904297	1	Brand
22.70453643798828	-4.607355117797852	8	centre
-23.942596435546875	0.5677229166030884	1	Houston
-37.68855667114258	17.195798873901367	7	Ryan
21.84788703918457	16.932628631591797	4	previously
-30.714763641357422	5.002225399017334	2	Army
8.26913070678711	8.344388008117676	3	Middle
14.11332893371582	0.26305440068244934	3	mark
9.919137954711914	-6.730945110321045	8	Links
-36.39216232299805	15.062445640563965	7	Louis
10.900564193725586	-4.488279342651367	1	Test
25.07328224182129	13.032928466796875	5	usual
-26.19547462463379	27.133962631225586	9	Brian
19.75218391418457	-10.566803932189941	8	tests
-41.81707000732422	1.1161177158355713	1	Fort
-28.254444122314453	10.30935287475586	2	Andrew
-28.27731704711914	-5.212758541107178	1	Front
6.882012367248535	-13.422928810119629	8	command
14.918461799621582	2.538691759109497	3	measure
-37.2454833984375	23.781299591064453	9	Dave
-27.40903663635254	26.72065544128418	9	Ben
-12.040623664855957	-4.807309150695801	6	Band
18.684940338134766	-13.568507194519043	10	formed
22.061458587646484	-9.385286331176758	8	fly
27.546979904174805	-10.425461769104004	10	speaking
-23.886037826538086	26.217514038085938	9	Tim
39.01394271850586	-5.03203821182251	6	bet
27.901899337768555	-11.873873710632324	10	tend
-39.68490982055664	-3.671689987182617	1	Force
17.2586612701416	-16.13823890686035	10	committed
-46.10921859741211	12.467840194702148	9	Daniel
6.553916931152344	-2.681838035583496	5	tight
7.751461982727051	-13.899232864379883	8	camp
22.440441131591797	-7.771406650543213	10	affect
-43.3759651184082	8.422338485717773	7	Henry
2.1420860290527344	7.635209083557129	10	Try
-38.78081512451172	-3.413853406906128	1	Kingdom
-38.29682922363281	17.84476661682129	7	Frank
-30.474870681762695	25.04737663269043	9	Dan
-36.70510482788086	17.227806091308594	7	Harry
32.88727951049805	0.5549627542495728	8	shooting
20.25423812866211	-13.65794563293457	10	focused
-0.7421971559524536	-22.4312744140625	10	carried
6.065915107727051	-14.37045955657959	8	youth
-19.88534164428711	0.7756153345108032	1	Short
-36.99714279174805	-9.417912483215332	3	Mount
-45.78611373901367	8.255361557006836	9	Joseph
-43.03911590576172	16.97500991821289	9	Kevin
30.01636505126953	-7.246124744415283	10	bringing
-36.369903564453125	25.326358795166016	9	Jeff
11.518353462219238	-4.3370513916015625	1	Terms
18.332828521728516	-5.264743804931641	8	rear
3.375962972640991	17.896459579467773	4	Yet
-13.996603965759277	-22.67097282409668	0	motion
3.2919366359710693	-8.440834045410156	8	argument
0.6161311268806458	-8.139554977416992	2	arm
-29.10269546508789	9.622201919555664	2	Adam
-37.69514083862305	-11.457639694213867	3	Minnesota
29.138654708862305	-18.87937355041504	0	turning
-24.797151565551758	25.946304321289062	7	Sam
1.2789676189422607	19.768749237060547	4	Instead
-7.757221221923828	8.45400619506836	1	Bad
-38.41364669799805	23.175146102905273	9	Jason
28.542877197265625	2.8162448406219482	8	cant
39.805633544921875	8.975306510925293	4	min
26.4303035736084	15.189549446105957	5	basically
-29.4094181060791	20.297290802001953	7	Father
-10.087428092956543	1.4595106840133667	3	Minister
-28.822702407836914	23.676006317138672	7	Tony
-38.782066345214844	-2.17514967918396	1	Orange
30.265464782714844	-10.504485130310059	10	prove
16.503629684448242	4.179394721984863	3	millions
7.037296772003174	-16.101070404052734	8	sport
14.298199653625488	3.022085666656494	3	motor
-11.285962104797363	-4.891507148742676	6	Bed
27.790760040283203	-20.330163955688477	0	moves
21.639394760131836	-5.279523849487305	8	fund
-6.1228814125061035	3.5672032833099365	5	Unfortunately
32.64432907104492	7.01127815246582	5	everyday
-28.37216567993164	-4.570267677307129	1	Port
19.7242431640625	-0.01788773015141487	8	god
29.303220748901367	-2.898700714111328	5	practical
-37.447418212890625	20.203794479370117	9	Eric
10.032022476196289	17.776968002319336	4	Could
-23.08855628967285	22.460214614868164	3	Max
-36.28195571899414	-5.297354698181152	1	Construction
-26.86725616455078	-12.132013320922852	5	organic
-20.372774124145508	3.643829822540283	4	Van
-36.28653335571289	-9.599449157714844	3	Metal
13.817672729492188	-7.372752666473389	8	civil
-29.32764434814453	9.212475776672363	2	Alex
0.8736137747764587	-16.49396324157715	8	blogs
-12.699950218200684	-5.730539798736572	6	Boys
32.25619125366211	-6.410830020904541	10	represent
18.71367835998535	-2.00915265083313	8	king
20.774972915649414	1.4270966053009033	8	dad
-4.883403778076172	4.139519691467285	5	Really
-1.1257047653198242	-20.902145385742188	10	commitment
14.71087646484375	-9.21477222442627	8	pounds
-43.64406967163086	10.640313148498535	7	Stephen
24.5225772857666	-20.316068649291992	0	passing
-29.560327529907227	-5.549517631530762	1	Round
-7.261597156524658	5.28582239151001	1	True
-35.16035842895508	16.276220321655273	7	Ray
10.983817100524902	-11.538808822631836	8	tank
-33.14609909057617	25.45072364807129	9	Nick
12.071770668029785	-10.869848251342773	8	kick
22.20012092590332	-0.963366687297821	8	manual
36.301361083984375	2.6803200244903564	10	forth
17.146297454833984	-10.580611228942871	8	profit
17.14446258544922	11.773037910461426	4	everybody
-26.636619567871094	-1.444504976272583	1	Civil
21.69223403930664	-2.4010205268859863	8	sat
-32.960304260253906	0.14942479133605957	1	Saint
-37.03839874267578	-8.325713157653809	3	Memorial
26.587011337280273	-20.021007537841797	0	transport
22.600584030151367	-13.332345962524414	10	promise
-5.853625774383545	11.16246223449707	4	Anyone
-1.3682020902633667	-21.759063720703125	10	conducted
7.852384567260742	-13.437273025512695	8	concert
21.97452163696289	13.384944915771484	5	okay
-14.090045928955078	3.5912058353424072	1	Fund
-27.55596160888672	-3.786332845687866	1	Hand
24.0228214263916	-4.948719024658203	8	plane
3.7469305992126465	-30.609355926513672	6	baseball
15.647193908691406	-30.004323959350586	6	basketball
31.507421493530273	-7.893184661865234	10	pro
-28.714563369750977	25.791288375854492	9	Don
0.7011237144470215	-21.360403060913086	10	proof
-4.152087211608887	6.5085768699646	1	Morning
-41.11848449707031	7.580610275268555	7	Howard
-6.421154022216797	11.138855934143066	4	van
27.238313674926758	-9.40238094329834	10	spoke
9.340004920959473	-6.426182270050049	1	Ring
-25.709327697753906	-9.563965797424316	8	carbon
-26.696805953979492	-4.357398509979248	1	Peace
2.1170742511749268	-8.852598190307617	8	acts
-34.073890686035156	-2.4385387897491455	1	Camp
2.168231248855591	19.868616104125977	4	Despite
-34.26013946533203	6.248354911804199	2	Allen
16.734636306762695	-14.054332733154297	10	conduct
-10.979837417602539	-6.4253034591674805	6	Based
11.125447273254395	12.860651016235352	1	Record
-41.10198211669922	13.336173057556152	7	Patrick
-1.371720790863037	-16.75457191467285	8	iron
6.83248233795166	-30.878366470336914	6	boot
39.730735778808594	14.15939712524414	5	primarily
1.0098310708999634	17.372547149658203	4	Anyway
1.5003517866134644	16.342212677001953	4	Overall
8.715920448303223	7.609686374664307	3	Major
-25.439556121826172	-14.108850479125977	5	consistent
13.868233680725098	-33.44802474975586	6	bass
20.394031524658203	-7.391180515289307	8	tone
0.42320871353149414	-20.714462280273438	10	premium
-28.968351364135742	9.935917854309082	2	Andy
-27.70813751220703	10.952260971069336	2	Anthony
2.386404037475586	-15.446695327758789	8	smoke
-43.91143798828125	5.289290904998779	7	Edward
24.002084732055664	-13.742057800292969	10	proven
-26.869781494140625	1.695219874382019	7	Lewis
29.04363441467285	-18.2381534576416	0	convert
-3.3736400604248047	-17.12724494934082	8	root
0.6325741410255432	-19.129549026489258	8	principles
-33.41975021362305	-1.0769158601760864	1	Prince
-32.5511474609375	20.83769416809082	7	Ron
-39.73678207397461	-2.093071222305298	1	Iron
19.004884719848633	-0.9256450533866882	8	yard
21.274517059326172	-16.97149658203125	10	confirmed
2.7802155017852783	-6.656526565551758	8	army
6.327488422393799	-2.0689573287963867	5	plain
-10.97230052947998	11.584736824035645	1	Gay
17.156688690185547	17.163951873779297	4	hey
-37.85123062133789	18.977373123168945	7	Gary
3.88897967338562	-8.448298454284668	8	orange
22.06490135192871	11.98095417022705	5	grand
13.23664379119873	-8.038166999816895	8	giant
-20.349674224853516	-3.5495612621307373	1	Sport
16.67138671875	-15.697325706481934	10	favor
-34.26498794555664	-0.18881484866142273	1	Lincoln
-18.552553176879883	-9.896882057189941	3	module
1.2895845174789429	-19.321208953857422	8	regard
7.059556007385254	5.8434882164001465	3	Military
-6.405064105987549	5.678006172180176	1	Common
35.316165924072266	4.356365203857422	8	aim
-16.503400802612305	7.769656658172607	3	Matthew
22.773073196411133	17.222787857055664	4	regardless
-29.129602432250977	-6.518390655517578	1	Practice
-41.801204681396484	11.248514175415039	7	Simon
27.72890853881836	17.011981964111328	5	merely
-9.81032943725586	-6.620382785797119	6	Basic
-34.887908935546875	-0.00848856009542942	7	Roman
-30.278236389160156	4.039584159851074	1	Atlantic
10.099164009094238	16.064315795898438	4	Eye
17.240066528320312	-34.448089599609375	6	broad
5.334628105163574	-10.3546724319458	8	enemy
3.109003782272339	-24.774940490722656	6	breath
-11.988057136535645	7.440841197967529	1	Baseball
32.585533142089844	8.201420783996582	4	anybody
-33.83985137939453	12.874764442443848	7	Bruce
34.848114013671875	5.414595603942871	8	solo
-33.84754180908203	24.507892608642578	9	Justin
-12.405763626098633	7.090814113616943	1	NBA
38.89714813232422	14.554407119750977	5	widely
-8.790048599243164	-5.3024139404296875	6	Base
-37.958255767822266	20.665878295898438	9	Rick
-13.989476203918457	4.460362911224365	1	Pool
8.794624328613281	-29.85750389099121	6	burn
25.270084381103516	0.45935314893722534	8	chances
-27.648046493530273	11.037521362304688	2	Alan
14.322700500488281	-34.955867767333984	6	balls
3.9375014305114746	-19.968725204467773	8	strike
7.49130916595459	6.659399032592773	3	Male
-0.2820621728897095	16.720109939575195	5	Actually
-14.809927940368652	-22.39158821105957	0	Moving
-13.123875617980957	-22.26236343383789	0	conversion
-36.34593963623047	18.46208381652832	7	Wayne
-19.72572135925293	-3.268483877182007	1	Racing
32.39971160888672	-7.686382293701172	10	indicate
-0.016051197424530983	-17.338075637817383	8	pot
-12.761707305908203	14.323333740234375	9	dick
6.668975830078125	-3.1210250854492188	5	vital
-31.962425231933594	-9.41126537322998	6	Battle
-31.860139846801758	26.861454010009766	9	Jay
12.67866039276123	-14.541296005249023	8	pace
38.701656341552734	-5.575169563293457	6	bone
-34.473201751708984	22.624696731567383	9	Guy
1.407344102859497	-4.216658592224121	2	actor
-29.50237274169922	19.294309616088867	7	Sir
-9.358926773071289	7.0442023277282715	1	Brazil
40.008907318115234	13.61819076538086	5	surely
11.463911056518555	-29.024829864501953	6	burning
-20.07938003540039	-8.53305721282959	3	Muslim
-22.853429794311523	-15.406636238098145	5	absolute
12.91650390625	-32.361595153808594	6	boss
-19.57524871826172	-9.297690391540527	3	moral
-9.71562671661377	8.034061431884766	1	Son
-44.12384796142578	17.04940414428711	9	Dean
-33.33512496948242	20.48316192626953	7	Rob
-29.35076904296875	3.0250909328460693	2	Amazing
-31.01662254333496	26.466520309448242	9	Jon
-35.026275634765625	6.071634769439697	2	Alexander
-17.406391143798828	-0.034289613366127014	1	ONE
-31.280128479003906	20.553190231323242	7	Larry
-15.54867172241211	-20.38849449157715	0	Turn
-24.756845474243164	-1.4486212730407715	1	Lot
-40.10593795776367	17.826675415039062	9	Charlie
2.0084686279296875	-19.380985260009766	5	offensive
4.340442180633545	20.120561599731445	4	Among
24.242334365844727	-20.123149871826172	0	passes
-36.552608489990234	19.95956802368164	7	Greg
-40.68845748901367	-3.7503974437713623	1	Championship
-1.7432634830474854	6.768853664398193	10	Prime
20.750926971435547	-17.086956024169922	10	indicated
27.163740158081055	5.70111608505249	8	angle
10.42635440826416	-28.37807273864746	6	bound
2.9794161319732666	-18.244001388549805	8	troops
34.131629943847656	13.949993133544922	4	Say
13.3945894241333	-13.429607391357422	8	tons
-28.785568237304688	18.30518913269043	1	Captain
-37.60905075073242	-1.3014731407165527	1	Urban
-34.7923583984375	23.728696823120117	9	Johnny
13.328709602355957	-17.040143966674805	10	pride
-28.042098999023438	-6.3339715003967285	1	Reserved
-16.00829315185547	-20.72726821899414	0	Transportation
-41.8477897644043	16.546173095703125	9	Phil
-32.12663650512695	25.834260940551758	9	Jimmy
25.23195457458496	-10.210626602172852	10	prime
-10.957106590270996	0.6664817333221436	1	Manual
28.31317710876465	2.0457518100738525	8	sin
15.12389850616455	-32.59120178222656	6	bug
-44.321128845214844	15.211600303649902	9	Jose
26.099933624267578	16.750938415527344	5	barely
-10.121207237243652	1.205286979675293	3	Mind
-19.72501564025879	1.6392613649368286	1	Rear
-41.47694396972656	11.928308486938477	7	Christopher
-23.578842163085938	-14.718132019042969	5	ordinary
-35.19394302368164	22.62871551513672	9	Sean
25.240114212036133	13.00112247467041	5	genuine
7.603937149047852	5.492765426635742	3	Month
10.703838348388672	-15.463456153869629	8	objective
-17.127458572387695	0.49276265501976013	10	Put
0.6640520691871643	9.606382369995117	4	Going
25.295921325683594	-11.326851844787598	10	engage
-33.5616569519043	14.87259292602539	9	Billy
15.44382381439209	-8.031208038330078	8	rank
-34.69539260864258	24.44197654724121	9	Josh
-24.191598892211914	-0.7867252826690674	1	Vietnam
4.096006870269775	-19.05084991455078	8	contracts
-43.784690856933594	14.310662269592285	9	Jonathan
-27.616058349609375	-10.974740982055664	6	embodiment
8.02143383026123	-10.426308631896973	8	hero
3.4093074798583984	-24.14777946472168	6	combat
-28.474472045898438	-3.431865692138672	1	Kings
-29.62199592590332	25.45099639892578	9	Ken
-30.650550842285156	7.991360187530518	2	Antonio
7.526401996612549	-3.2278852462768555	5	rough
26.692317962646484	14.529921531677246	5	essentially
13.812426567077637	-5.799842834472656	8	soccer
33.239898681640625	4.619508266448975	5	principal
-21.11542320251465	-9.447369575500488	3	Ministry
-24.039045333862305	4.937345027923584	4	Between
-43.03339385986328	3.1080946922302246	7	Gordon
-29.328144073486328	20.554649353027344	7	Pat
31.981063842773438	-0.30644941329956055	8	tune
-16.246686935424805	-20.01304054260254	0	Traffic
-41.63339614868164	15.617867469787598	9	Steven
30.731237411499023	-10.983480453491211	10	proved
0.012431233190000057	13.630794525146484	4	Someone
3.2333335876464844	19.421167373657227	4	Within
12.668249130249023	3.6021888256073	3	math
10.66187858581543	-31.40935516357422	6	butt
1.8241629600524902	20.338197708129883	4	Besides
-29.93836212158203	18.024690628051758	7	Luke
8.357691764831543	-30.147539138793945	6	bond
-25.259708404541016	27.310346603393555	7	Barack
17.09846305847168	3.9800283908843994	3	minister
-31.22471809387207	17.240459442138672	7	Rich
-16.061710357666016	1.9262856245040894	1	Coming
-42.54378890991211	12.423874855041504	9	Craig
-40.133426666259766	12.560808181762695	7	Terry
-43.65347671508789	7.32578182220459	7	Roger
-25.067298889160156	-0.32221585512161255	1	Engineer
10.57201099395752	3.2343790531158447	3	mount
-40.547080993652344	-2.4297244548797607	1	Solid
-12.145411491394043	-6.644444465637207	6	Bass
-45.10990524291992	10.438682556152344	9	Keith
16.923242568969727	10.946012496948242	4	gotta
4.13301944732666	18.739383697509766	4	Meanwhile
-25.45530128479004	-13.075616836547852	5	fundamental
7.680800914764404	-9.72713851928711	8	vice
13.640426635742188	4.232090950012207	3	max
7.101910591125488	-1.98896062374115	5	rely
-4.383611679077148	11.726205825805664	4	Had
19.23575782775879	18.17742156982422	4	amongst
-17.9210147857666	12.876311302185059	2	Arab
33.7835693359375	-2.0631766319274902	10	speaks
2.056367874145508	-5.653740882873535	2	anal
-46.157901763916016	11.0934419631958	9	Dick
-38.76704788208008	-9.880576133728027	3	McCain
-2.9545981884002686	-23.469074249267578	10	indicates
-28.864580154418945	24.769628524780273	9	Ian
3.9391329288482666	-20.63683319091797	8	engagement
23.09602165222168	-6.002530097961426	8	sum
-40.359649658203125	-2.857311725616455	1	Organic
18.674190521240234	-11.233661651611328	8	signing
-30.607681274414062	8.276121139526367	2	Aaron
16.7407283782959	-30.832529067993164	6	boyfriend
-25.620513916015625	0.6962890028953552	1	CBS
-32.964351654052734	20.54203987121582	7	Fred
16.774587631225586	-32.91244125366211	6	ban
11.537420272827148	-32.00703430175781	6	beef
5.170783519744873	16.582639694213867	4	Same
-26.17021369934082	-4.761514186859131	1	Format
-1.6279622316360474	-17.61455535888672	8	formats
-19.34916877746582	1.0249351263046265	1	Wide
19.778331756591797	-17.33977699279785	10	promised
-19.046367645263672	-8.371145248413086	3	Mode
-2.296607494354248	7.137531757354736	1	Premier
22.52149200439453	6.150153636932373	3	mid
-26.530675888061523	-5.592884063720703	1	Truth
1.5140998363494873	-6.491693019866943	2	actors
-35.30476379394531	6.46931266784668	2	Arthur
35.73208236694336	12.313178062438965	4	besides
1.0331730842590332	-18.20248794555664	8	patent
-32.45808410644531	13.43227481842041	7	Barry
10.728407859802246	18.335498809814453	4	Into
2.3946692943573	-20.549097061157227	10	resume
-16.28983497619629	1.288291096687317	10	Taking
24.284059524536133	-2.5077390670776367	10	essay
-32.3599853515625	14.381706237792969	7	Brad
30.240550994873047	-8.066588401794434	10	representing
2.41504168510437	18.32441520690918	4	Per
10.960041046142578	-8.363659858703613	8	sons
-22.85540199279785	-15.431841850280762	5	apparent
22.147254943847656	13.253108978271484	5	ought
-2.415348768234253	-20.053510665893555	10	constructed
-37.834716796875	-11.321915626525879	3	Mario
24.16352653503418	16.35735511779785	5	unfortunately
-1.9049304723739624	6.6271514892578125	1	Primary
-27.290733337402344	-2.8143723011016846	1	Soccer
3.346287488937378	-13.488061904907227	8	enemies
-33.00373077392578	-5.366103649139404	1	Focus
-16.181747436523438	0.2544049620628357	1	Success
-18.90936851501465	-2.4327216148376465	8	Projects
19.335981369018555	16.548877716064453	4	unto
6.694667339324951	6.554347515106201	3	Mens
16.278671264648438	-14.960067749023438	10	commit
10.184297561645508	-31.560962677001953	6	beans
28.454736709594727	-9.49592399597168	10	succeed
-27.6046085357666	-2.1524999141693115	1	Indians
-34.67567443847656	6.702812194824219	2	Albert
15.719472885131836	-32.4302864074707	6	bay
-36.9582405090332	16.53464126586914	7	Roy
25.05497169494629	14.164959907531738	5	unlikely
-36.19279098510742	16.548086166381836	7	Carl
20.062761306762695	-2.5720691680908203	8	champion
18.90813446044922	-31.005725860595703	6	babe
37.40502166748047	-5.316461086273193	6	begun
13.404078483581543	18.127471923828125	4	Yea
-6.736133575439453	4.353247165679932	1	Indeed
-44.74247360229492	13.700931549072266	9	Dennis
-35.196712493896484	16.995492935180664	7	Francis
-35.448097229003906	-4.938894271850586	1	Route
5.041840076446533	-12.363697052001953	8	sake
27.346128463745117	6.279848098754883	8	ate
19.39971160888672	-12.9852876663208	10	carries
-19.460973739624023	3.244800329208374	1	Yesterday
-24.484813690185547	23.09031105041504	7	Marc
-28.00287437438965	24.037309646606445	9	Donald
12.259554862976074	-9.313727378845215	8	handy
-10.26474380493164	-4.2784318923950195	6	Boat
1.759713053703308	-21.689407348632812	8	focuses
-43.48014450073242	4.057700157165527	7	Walter
31.557348251342773	0.08551235496997833	8	ton
19.767105102539062	-5.3187127113342285	8	odds
0.41055968403816223	10.438593864440918	1	Past
28.000288009643555	17.439796447753906	5	roughly
-21.648611068725586	-9.917962074279785	3	magnetic
32.802947998046875	12.506690979003906	4	alongside
-21.301271438598633	-9.154242515563965	3	Match
13.9205322265625	-5.409174919128418	8	engineer
-19.452632904052734	-3.923440933227539	1	Tournament
-16.032737731933594	-21.648441314697266	0	Motion
-30.59349822998047	-4.575884819030762	1	Pain
15.778339385986328	4.221812725067139	3	mate
22.9146728515625	-13.03160572052002	10	promises
13.274847030639648	-30.60292625427246	6	blessed
-45.435359954833984	9.722294807434082	9	Chuck
-14.94313907623291	-22.65709686279297	0	Move
9.402902603149414	-31.720706939697266	6	beats
18.678842544555664	12.462237358093262	4	alike
25.560216903686523	-6.031152725219727	10	fought
12.761214256286621	17.280216217041016	4	Les
-43.19253921508789	16.322635650634766	9	Jacob
-25.379695892333984	-3.5185704231262207	1	Sweden
-29.00838279724121	26.421220779418945	9	Neil
-41.82421875	1.7761918306350708	7	Bishop
1.3848121166229248	18.358247756958008	4	Unlike
5.022428512573242	-11.620172500610352	8	penis
-14.99021053314209	1.1985331773757935	1	Hold
2.184448003768921	-23.868083953857422	6	breathing
-43.6974983215332	9.4640531539917	7	Philip
14.796246528625488	-34.701873779296875	6	boats
-34.94047546386719	18.527584075927734	9	Pete
-23.18414878845215	5.16834831237793	4	Unless
4.001379013061523	-28.03293800354004	6	bite
-23.968412399291992	4.951209545135498	4	Behind
1.8343346118927002	-25.135889053344727	6	binding
-26.428417205810547	1.0905734300613403	1	Cole
-46.100250244140625	8.007394790649414	9	Doug
29.845304489135742	9.364022254943848	4	con
-40.716976165771484	11.177035331726074	7	Samuel
-37.41297149658203	23.13123893737793	9	Danny
-30.61072540283203	-9.883627891540527	6	Bond
2.0156664848327637	16.9361572265625	4	Soon
-33.747894287109375	13.83139419555664	7	Brandon
-10.083796501159668	5.328015327453613	1	Fit
-14.300564765930176	1.682604193687439	1	Statement
-15.048418998718262	-21.05460548400879	0	Transport
-33.142887115478516	13.854766845703125	7	Bobby
-31.51648712158203	-5.655039310455322	1	Patent
-12.903369903564453	2.332228422164917	1	Trial
9.495067596435547	-15.209063529968262	8	regime
14.611587524414062	-32.97007751464844	6	bow
-25.97137451171875	-12.537731170654297	5	unlimited
0.901883602142334	-5.91348123550415	2	Ass
19.392772674560547	-18.377208709716797	10	backed
-0.066259004175663	16.803955078125	5	Apparently
16.368549346923828	-6.062082290649414	8	pound
-39.31776809692383	20.14048194885254	9	Jeremy
-17.98818588256836	13.043153762817383	2	Ali
-36.6698112487793	20.67502212524414	9	Ted
2.145254373550415	-26.868959426879883	6	bearing
-9.676994323730469	-4.726267337799072	6	Beat
-35.559471130371094	-4.268594264984131	1	Impact
-28.14361000061035	-1.771795630455017	1	Champion
30.550670623779297	16.05587387084961	4	Probably
-28.92500114440918	8.238646507263184	2	Oscar
35.59065246582031	10.447491645812988	4	pour
27.974821090698242	2.9708011150360107	8	united
1.6778053045272827	-17.149112701416016	8	ringtones
14.214556694030762	-14.256556510925293	8	intake
-14.84583854675293	-6.42022180557251	6	Brain
-10.733335494995117	-5.711264133453369	6	Been
2.574587821960449	-27.684640884399414	6	bones
12.904300689697266	2.185375928878784	8	measurements
24.750858306884766	-1.9429380893707275	10	premier
-1.8999391794204712	-21.6093807220459	10	preserve
12.903486251831055	-31.87592315673828	6	bin
-33.98994445800781	26.501283645629883	9	Jake
-19.823537826538086	-2.7174630165100098	1	Tank
-40.25480651855469	10.172603607177734	7	Randy
-25.006431579589844	-13.856929779052734	5	meaningful
31.909273147583008	11.497424125671387	4	beside
6.716224193572998	-17.09583282470703	8	rally
-33.21112060546875	24.245784759521484	9	Kyle
-31.839763641357422	12.448817253112793	6	Batman
-26.23893165588379	-1.5338672399520874	1	Legend
23.464868545532227	15.959626197814941	5	preferably
-26.228540420532227	-3.279252052307129	1	Oral
9.085328102111816	-28.975154876708984	6	bonds
38.02393341064453	9.44475269317627	4	der
-12.683782577514648	14.237475395202637	9	drew
4.315908432006836	-14.442947387695312	8	kingdom
10.26611328125	-12.102194786071777	8	clinic
-11.47389030456543	10.602869033813477	1	Pope
-3.185983657836914	-18.9830265045166	8	resist
8.349080085754395	4.181131839752197	3	Math
-41.285404205322266	10.633888244628906	7	Tommy
-33.747222900390625	14.644619941711426	7	Benjamin
18.246801376342773	-1.6976439952850342	8	captain
2.52164626121521	-5.466479778289795	2	amp
-43.88554763793945	6.982383728027344	7	Ralph
3.598231315612793	-27.524965286254883	6	habit
-31.849300384521484	-9.399896621704102	6	Brass
15.103105545043945	-2.6693480014801025	8	rod
-14.957834243774414	-6.733218193054199	6	Built
-25.055994033813477	-12.865846633911133	5	radical
12.707287788391113	-7.475460529327393	8	idiot
3.6278488636016846	-16.003494262695312	8	commands
-37.201515197753906	13.584199905395508	7	Rod
-22.710264205932617	5.324530124664307	4	Otherwise
7.705009937286377	-15.019383430480957	8	ringtone
16.82892608642578	11.151087760925293	8	hello
13.455330848693848	-8.74085521697998	8	hung
6.261491298675537	-7.856928825378418	1	Allah
-36.488101959228516	-2.4856834411621094	1	Puerto
11.799994468688965	-28.818937301635742	6	burned
-42.1782112121582	-2.106858491897583	3	Mason
4.550197124481201	-26.802284240722656	6	banned
-31.67580223083496	-2.56756591796875	1	Swedish
-36.444114685058594	-0.884711742401123	1	Nobody
4.697635650634766	-28.669588088989258	6	basement
20.7802734375	17.45182228088379	4	afterwards
-14.862324714660645	-20.022829055786133	0	rotation
-33.56602478027344	13.043937683105469	7	Bryan
5.251515865325928	-29.629207611083984	6	brass
8.524225234985352	-17.073087692260742	8	strikes
5.776398658752441	-29.415328979492188	6	beam
-33.427024841308594	23.681133270263672	9	Juan
-0.4498804807662964	-21.820032119750977	10	possess
13.109381675720215	9.437518119812012	9	jack
-15.3753023147583	-21.927772521972656	0	Movement
-36.941749572753906	-3.2619760036468506	1	Carbon
25.301725387573242	15.129587173461914	5	seemingly
-41.099143981933594	2.0851938724517822	7	Rocky
8.074109077453613	-17.6186466217041	8	trainer
-42.056636810302734	8.206550598144531	7	Carlos
5.593803882598877	15.835738182067871	4	Said
-36.207847595214844	23.981952667236328	9	Jesse
-36.45363235473633	0.7446418404579163	9	Guys
-14.303017616271973	-21.430273056030273	0	transformation
-10.532780647277832	-7.913381576538086	6	buddy
-41.99626159667969	4.942852020263672	7	Norman
17.707258224487305	-33.6276741027832	6	bare
39.296363830566406	-4.5982160568237305	6	bang
-44.95756149291992	8.131982803344727	7	Eddie
9.896341323852539	-32.76727294921875	6	bat
-42.53055953979492	5.406594276428223	7	Oliver
29.44350242614746	0.45251592993736267	8	pole
-44.22966766357422	13.066222190856934	9	Daddy
1.0072948932647705	-15.215210914611816	8	royal
3.594305992126465	-25.411104202270508	6	boundaries
-13.447352409362793	-21.699033737182617	0	transform
-2.646400213241577	-21.685564041137695	10	comply
26.474411010742188	14.064024925231934	5	practically
-36.29532241821289	0.7090529799461365	1	Yankees
-44.28939437866211	15.974764823913574	9	Joel
-15.825737953186035	-0.6475827097892761	1	Advance
14.364384651184082	-32.76974868774414	6	bucks
-37.34619903564453	-3.951664924621582	1	Command
-21.499662399291992	-8.418286323547363	3	Mumbai
-42.15449142456055	18.287158966064453	9	Dale
-43.641685485839844	12.843804359436035	9	Glenn
-30.378889083862305	-1.9484697580337524	1	Czech
17.808786392211914	-17.71933364868164	10	consisting
10.503775596618652	-13.374354362487793	8	sporting
-11.171676635742188	7.740577697753906	1	MLB
3.077828884124756	-27.12835693359375	6	brake
19.525999069213867	-17.060022354125977	10	promising
12.606783866882324	-31.067920684814453	6	bless
-26.497587203979492	-2.6239967346191406	1	Saudi
-41.637359619140625	6.180201530456543	7	Vincent
7.738123416900635	-16.354190826416016	8	tanks
24.626941680908203	-4.763805389404297	8	fights
-41.832000732421875	9.616750717163086	7	Victor
11.709636688232422	10.26655101776123	8	sir
-33.09884262084961	5.373134136199951	2	Athletic
-26.075815200805664	-6.612355709075928	1	Essential
33.332061767578125	-6.534860134124756	10	intend
-1.447719693183899	11.71892261505127	4	Gone
-11.60767650604248	-5.625144958496094	6	Bug
-36.686744689941406	-4.342113971710205	1	Champions
28.067182540893555	-5.919170379638672	4	toe
8.943558692932129	-30.86262321472168	6	bases
-34.43302536010742	17.805648803710938	7	Nathan
-31.241653442382812	-10.364192962646484	6	Boot
17.962787628173828	-7.033224105834961	8	pit
-31.863605499267578	6.05748176574707	2	Abraham
5.254210472106934	-15.494938850402832	8	stadium
8.511748313903809	-32.087738037109375	6	beaten
-13.481557846069336	-5.564398288726807	6	Bull
9.562687873840332	-9.198260307312012	8	cinema
8.07246208190918	-12.588839530944824	8	robot
34.469112396240234	10.472055435180664	4	para
2.039998769760132	-21.247697830200195	10	concentrate
-38.94499969482422	-9.588818550109863	3	McDonald
-8.49020004272461	5.724081516265869	1	Solo
13.950547218322754	4.533193588256836	3	mayor
-5.994637966156006	0.7421112656593323	5	Basically
-44.26762390136719	12.2264986038208	9	Colin
-40.2862434387207	1.6388471126556396	7	Newton
7.635045051574707	-31.10113525390625	6	bout
4.069065093994141	-16.770227432250977	8	camps
-38.342620849609375	-4.301515102386475	1	Championships
31.13469696044922	-7.783416748046875	10	pre
29.80803680419922	4.672566890716553	4	los
-17.86587142944336	13.485147476196289	2	Actor
-39.61673355102539	-2.918041229248047	1	Singh
-45.67204666137695	13.658458709716797	9	Derek
-40.01586151123047	4.100199222564697	9	Lil
-42.0471305847168	2.8413403034210205	7	Stuart
-25.18914794921875	-10.842790603637695	8	organ
-40.74284744262695	3.6289265155792236	9	Uncle
2.244873046875	-17.541641235351562	8	innings
16.710817337036133	-11.897448539733887	10	loyal
-10.69007396697998	5.222750663757324	1	GOD
15.833257675170898	-7.035457611083984	8	span
-40.24521255493164	9.16299057006836	7	Lucas
-2.9574170112609863	-23.174318313598633	10	indicating
-25.46521759033203	-10.167011260986328	8	soundtrack
-42.58945846557617	11.349898338317871	7	Kenneth
-38.73680877685547	-9.7287015914917	3	Marcus
-9.291706085205078	11.420538902282715	1	Leo
-37.11748504638672	-9.249772071838379	3	Moses
6.6882171630859375	-9.197214126586914	8	oak
25.86139678955078	-9.89341926574707	10	premiere
-28.687725067138672	-2.5527896881103516	1	Testament
24.858707427978516	14.606844902038574	5	poorly
-13.7769193649292	-21.534500122070312	0	transit
4.260707855224609	11.953187942504883	6	Bang
37.99419403076172	8.939955711364746	4	den
-34.48130798339844	-5.472036838531494	1	Rolling
-13.876619338989258	-5.912153720855713	6	Beatles
1.7254616022109985	-16.282241821289062	8	lung
-44.01921463012695	4.257681846618652	7	Leonard
-11.159727096557617	10.557236671447754	1	LORD
-44.386070251464844	11.100332260131836	9	Nicholas
-42.746334075927734	0.18598438799381256	2	Auburn
-38.68040466308594	2.781575918197632	7	Lloyd
-1.6726194620132446	-16.633285522460938	8	rhythm
-39.39472961425781	1.983646273612976	1	Sonic
-35.730499267578125	5.5980987548828125	2	Arnold
34.290489196777344	12.995623588562012	4	Cum
5.472970008850098	6.63490629196167	3	Med
-21.040760040283203	-7.871982097625732	3	Milan
-43.96132278442383	17.630678176879883	9	Joshua
-29.74041175842285	5.326287746429443	2	Arabic
-42.19183349609375	3.316716432571411	7	Logan
23.338621139526367	-13.860272407531738	10	proves
37.11408233642578	12.209619522094727	4	namely
3.0583882331848145	-28.960298538208008	6	bacon
-39.44862365722656	11.82966423034668	7	Karl
-31.07386589050293	6.695131301879883	2	Earl
9.08637809753418	7.72215461730957	3	Might
10.692811012268066	3.204611301422119	3	mod
11.879134178161621	-16.087247848510742	10	consist
-41.58006286621094	0.08089818805456161	1	Cock
12.055675506591797	-14.362289428710938	8	summit
-12.504432678222656	2.9291112422943115	1	Injury
16.142045974731445	7.293735027313232	4	meantime
9.525091171264648	-28.93958854675293	6	battles
-29.163156509399414	-9.446866989135742	6	ebony
-30.680707931518555	-9.827300071716309	6	Boss
2.8319814205169678	12.095108985900879	1	Lol
-42.3663444519043	7.502899169921875	7	Timothy
-39.01165771484375	14.750923156738281	7	Ronald
-25.16531753540039	-12.162775993347168	5	instrumental
26.581180572509766	-19.490266799926758	0	transfers
29.959857940673828	16.381675720214844	5	Generally
-33.53310775756836	5.475144386291504	2	Armstrong
4.507128715515137	15.350813865661621	4	Tan
10.955696105957031	-30.533172607421875	6	boasts
0.3967427909374237	-17.246187210083008	8	pond
2.9574668407440186	-24.162994384765625	6	breathe
-29.833173751831055	-3.7564878463745117	1	Signed
16.578298568725586	-31.572866439819336	6	bent
-35.5816650390625	6.241230010986328	2	Alfred
13.662880897521973	9.827807426452637	9	john
9.338042259216309	-12.70872974395752	8	rip
12.85158634185791	20.038616180419922	4	und
26.076091766357422	15.904775619506836	5	genuinely
-27.158580780029297	-3.285123825073242	1	Cricket
15.899514198303223	6.685972213745117	3	midst