x	y	cluster	word
-33.66059875488281	9.354361534118652	10	he
-30.920467376708984	8.27157211303711	10	his
-26.13933563232422	6.800343036651611	10	her
-25.497400283813477	6.634790420532227	10	she
-18.12323760986328	6.751336574554443	10	him
-33.23503112792969	4.548042297363281	10	man
-4.1187615394592285	-19.650238037109375	2	girl
-32.262020111083984	-3.059241533279419	2	woman
-17.121295928955078	6.074561595916748	10	son
-16.637216567993164	-13.590313911437988	2	daughter
-3.659794330596924	2.3672940731048584	2	boy
-24.283702850341797	-13.58010196685791	2	female
-7.925394535064697	4.880161762237549	10	brother
-23.462533950805664	-13.299631118774414	2	male
-23.956707000732422	-12.668230056762695	10	sister
5.6648945808410645	19.88927459716797	5	asian
-38.77399444580078	5.9814605712890625	5	american
5.8958740234375	20.97015953063965	5	french
4.902651786804199	21.03776741027832	5	indian
6.247725009918213	21.248886108398438	5	chinese
5.559216499328613	20.626026153564453	5	japanese
8.942273139953613	16.99024772644043	5	german
14.156373023986816	-8.5154390335083	2	hers
8.541717529296875	21.123361587524414	5	canadian
10.03885555267334	17.315826416015625	5	italian
-38.93697738647461	5.7328948974609375	5	british
10.427092552185059	16.48344612121582	5	european
10.180203437805176	16.95662498474121	5	thai
5.844508171081543	20.57526397705078	5	korean
9.398143768310547	20.065099716186523	5	australian
12.888211250305176	16.58110809326172	5	filipino
10.89291763305664	17.46817398071289	5	pakistani
12.713138580322266	16.729129791259766	5	indonesian
12.02037239074707	33.554996490478516	3	The
-32.16927719116211	8.991453170776367	10	one
-22.272829055786133	15.872207641601562	7	like
-14.886322975158691	10.50080680847168	7	would
10.016064643859863	32.655826568603516	3	This
-20.280452728271484	-13.772881507873535	2	time
-24.13132667541504	0.8582813739776611	1	get
-15.75092887878418	9.55168342590332	10	also
9.650076866149902	30.023590087890625	3	You
-33.91743850708008	11.372119903564453	10	new
-22.548587799072266	-25.841651916503906	4	people
-34.31955337524414	11.041793823242188	10	first
-26.978042602539062	7.555079460144043	10	said
-26.91519546508789	2.654501438140869	1	make
-10.660429954528809	19.95875358581543	6	good
-25.860034942626953	0.8480455279350281	1	know
-29.018808364868164	5.787896633148193	10	see
-16.109426498413086	5.03863525390625	10	may
-21.700836181640625	14.990923881530762	7	could
-28.051279067993164	1.4935346841812134	1	use
22.690006256103516	28.250810623168945	3	And
-32.98891830444336	1.7275699377059937	10	way
11.400634765625	30.779932022094727	3	New
-31.698259353637695	13.621644973754883	10	well
-10.248632431030273	-13.727999687194824	8	work
-29.618389129638672	8.565489768981934	10	two
-14.371773719787598	-3.9066214561462402	1	think
-34.34516143798828	10.017842292785645	10	much
-24.81447982788086	-22.73556900024414	4	years
-34.253536224365234	9.657742500305176	10	many
-6.685657024383545	-1.9883397817611694	1	back
15.601688385009766	31.754974365234375	3	For
-4.0169291496276855	-11.625783920288086	8	need
-35.67680358886719	7.09611177444458	10	year
-22.36572265625	17.281570434570312	7	even
-25.606075286865234	15.2467622756958	7	really
-15.713744163513184	-4.7271952629089355	1	want
-12.949678421020508	20.51455307006836	6	great
-19.648176193237305	-13.691781044006348	2	day
-25.941652297973633	-6.920895576477051	8	right
-32.48870086669922	13.097697257995605	10	best
-18.492576599121094	-0.8104941844940186	1	made
19.82422637939453	-24.79515266418457	4	views
16.39373016357422	31.437833786010742	3	But
-18.86444664001465	-1.5915859937667847	1	find
-16.92288589477539	-1.2518240213394165	1	take
13.002129554748535	-17.267757415771484	2	information
-22.530317306518555	-0.6067257523536682	1	used
-8.716408729553223	-13.62954044342041	8	love
-35.37627029418945	5.842269420623779	10	home
-17.875539779663086	8.724392890930176	10	last
8.951190948486328	33.96940231323242	3	What
-18.485713958740234	1.1445164680480957	1	going
-25.047719955444336	-0.8574498891830444	1	help
-20.084142684936523	15.137425422668457	7	still
-33.4374885559082	2.68241024017334	10	free
25.897502899169922	26.885311126708984	3	There
13.682073593139648	29.792388916015625	3	All
28.723987579345703	19.325029373168945	9	May
10.227579116821289	32.284400939941406	3	They
-22.689590454101562	-10.014513969421387	8	life
-16.374237060546875	9.800288200378418	10	around
-36.476287841796875	6.024784088134766	10	world
-8.101361274719238	15.612656593322754	6	little
-18.1496639251709	-2.816797971725464	1	look
-33.29811096191406	10.090744018554688	10	say
-0.5651305317878723	-3.865868330001831	1	got
-32.572357177734375	-3.9341135025024414	2	business
9.849565505981445	33.16533279418945	3	That
-32.31034851074219	0.4749505817890167	10	part
-20.070396423339844	12.592982292175293	6	long
-13.796948432922363	16.295801162719727	6	better
-29.93755531311035	10.848336219787598	7	every
11.545751571655273	26.93877410888672	3	Home
-13.308887481689453	9.6519775390625	10	ago
-23.068923950195312	-21.91486358642578	4	things
3.9415807723999023	10.647673606872559	1	Posted
-11.64070987701416	13.200226783752441	7	something
-17.64532470703125	-17.59208869934082	2	game
20.309263229370117	29.260459899902344	3	With
-1.039338231086731	-3.2955448627471924	1	available
-21.533817291259766	16.079893112182617	7	never
-23.63001823425293	3.748387098312378	1	using
-17.229007720947266	-15.177779197692871	2	place
-33.14677047729492	9.887950897216797	10	come
-35.757808685302734	6.4311909675598145	10	site
-23.820194244384766	-14.62969970703125	10	online
-22.788305282592773	18.70492935180664	7	another
14.900032043457031	-17.7303466796875	2	system
-21.190855026245117	-0.35761359333992004	1	found
10.443901062011719	33.590248107910156	3	How
12.339347839355469	32.65269470214844	3	When
7.013672828674316	-28.868032455444336	4	days
-12.409587860107422	11.648816108703613	7	without
-24.210025787353516	16.02757453918457	7	always
-29.382965087890625	12.174873352050781	7	different
-28.50904655456543	11.030608177185059	10	next
-17.285934448242188	-7.371555805206299	1	set
-6.333521842956543	-3.551246404647827	8	must
-19.055089950561523	9.22905158996582	10	since
-12.620538711547852	20.027973175048828	6	high
-30.13897705078125	-1.8609120845794678	10	video
-30.11583709716797	14.157322883605957	7	sure
7.237195014953613	-9.029973030090332	2	lot
9.60203742980957	31.90071678161621	3	Your
23.571552276611328	28.941749572753906	3	More
-17.729204177856445	-13.999754905700684	2	number
7.70935583114624	-17.1055850982666	2	service
-9.245536804199219	5.586002349853516	10	three
-12.549298286437988	10.024174690246582	10	including
-9.4340238571167	-0.085249163210392	1	give
14.983528137207031	29.993892669677734	3	She
-21.40996551513672	-8.482890129089355	8	show
-20.051246643066406	-6.957953929901123	8	end
-19.847646713256836	-15.391114234924316	2	family
-18.606685638427734	1.5798629522323608	1	looking
-27.64335823059082	-7.541599750518799	2	thing
-36.12119674682617	7.472227573394775	10	name
14.713201522827148	30.370603561401367	3	One
-33.85768127441406	-0.6566088199615479	10	post
-18.507564544677734	15.040759086608887	7	might
-29.50489044189453	7.951894760131836	10	today
-22.759328842163086	-13.604680061340332	10	week
-31.1458683013916	2.241525650024414	10	old
-1.241892695426941	-5.273974418640137	1	put
30.105180740356445	-7.731472015380859	1	reblogged
-6.5438456535339355	-11.02359390258789	8	read
-32.63465881347656	-3.6773629188537598	2	company
-34.85240173339844	-0.8904991745948792	2	money
-33.66858673095703	12.24849796295166	10	top
-31.890350341796875	14.359554290771484	6	big
-34.91082000732422	4.609357833862305	10	book
17.523542404174805	-17.504854202270508	2	area
-8.269574165344238	13.366572380065918	7	full
-35.15460205078125	-1.3236194849014282	2	page
-14.972280502319336	-3.4771194458007812	1	keep
-10.939337730407715	19.011402130126953	6	small
-4.110891819000244	-5.69207239151001	1	feel
24.15911293029785	-9.439011573791504	8	support
-25.497501373291016	-8.085977554321289	8	real
-26.23590850830078	-23.418012619018555	4	times
-26.749916076660156	8.025481224060059	10	says
-35.92221450805664	-0.8368693590164185	2	school
-19.81353759765625	-8.81071949005127	8	play
-24.4707088470459	-9.159963607788086	8	left
-16.180564880371094	-16.86327362060547	2	team
-5.708654403686523	-17.447856903076172	2	water
23.85512924194336	-15.285658836364746	2	point
7.889400482177734	-16.244152069091797	8	data
-18.869831085205078	-17.21503448486328	2	music
10.635522842407227	32.894569396972656	3	Our
-28.42630958557129	14.125395774841309	7	ever
10.214305877685547	26.395044326782227	10	News
2.765336036682129	7.584639549255371	10	second
10.258387565612793	-12.714371681213379	8	order
-24.538976669311523	-24.40336799621582	4	children
-17.523061752319336	9.21678352355957	10	within
33.99089050292969	17.750770568847656	9	City
15.532705307006836	31.049989700317383	3	Now
-14.597383499145508	11.52759838104248	7	though
-15.48548412322998	-7.937130928039551	8	start
9.803376197814941	23.933134078979492	5	American
19.542749404907227	-23.448963165283203	4	months
4.278785705566406	-29.53757667541504	4	services
21.165363311767578	-14.508613586425781	2	experience
-34.440589904785156	-1.7335203886032104	2	car
5.001631259918213	-19.628408432006836	2	case
-24.144079208374023	3.740950584411621	1	making
-22.245723724365234	1.5765234231948853	1	getting
-9.190300941467285	-1.7656407356262207	1	done
16.369644165039062	21.651384353637695	9	God
-3.629178047180176	3.9551327228546143	2	state
-10.898398399353027	0.046626731753349304	1	provide
18.953540802001953	-14.661304473876953	8	course
-18.29994773864746	-16.743532180786133	2	list
38.597042083740234	15.930527687072754	9	June
-5.591379165649414	-11.747496604919434	8	change
-3.0399317741394043	4.224892616271973	2	local
10.188349723815918	1.0354394912719727	7	enough
15.928749084472656	0.49846526980400085	6	hard
13.940698623657227	25.783931732177734	9	Free
-5.73487663269043	-20.89246940612793	2	person
41.80311584472656	14.513973236083984	9	April
-11.743063926696777	-1.4435869455337524	1	let
9.976784706115723	-17.487058639526367	2	line
11.590585708618164	32.8505859375	3	From
-31.040206909179688	-2.3236770629882812	10	website
12.121641159057617	-1.4509410858154297	7	least
-36.14547348022461	10.738048553466797	10	live
12.775155067443848	-12.623480796813965	8	power
-18.68851089477539	-3.5365874767303467	1	try
-11.859726905822754	18.67229461669922	6	important
-16.967273712158203	-3.456543207168579	1	working
22.203258514404297	-3.903968572616577	6	less
3.7875704765319824	-19.075944900512695	2	quality
-8.788497924804688	-18.297744750976562	2	group
11.991674423217773	-12.616857528686523	8	care
-28.97869110107422	3.1777992248535156	10	makes
-12.18493938446045	-6.035955429077148	8	thought
16.355897903442383	-6.460982322692871	2	side
-7.1170525550842285	-12.400300025939941	8	call
9.453356742858887	23.121047973632812	5	United
-27.024885177612305	8.22387409210205	10	per
24.386253356933594	-13.804764747619629	2	room
-28.238689422607422	14.630546569824219	7	actually
12.846898078918457	30.132871627807617	3	These
-4.175708770751953	-21.014245986938477	2	program
-32.123016357421875	-1.735580325126648	10	public
32.10331344604492	19.483583450317383	9	John
9.73088550567627	-28.049766540527344	4	products
42.03966522216797	15.281375885009766	9	January
3.5470027923583984	7.210833549499512	10	following
-6.065730571746826	-15.395245552062988	8	job
-22.66253089904785	17.179241180419922	7	yet
-26.273643493652344	2.0266785621643066	1	called
-33.719539642333984	6.602980136871338	1	buy
8.485695838928223	-28.04618263244629	4	hours
-23.298213958740234	17.39942169189453	7	already
-35.32192611694336	-0.6201789379119873	2	price
41.0283088684082	14.181794166564941	9	July
15.088142395019531	0.05851447209715843	6	easy
16.607669830322266	-13.006684303283691	8	design
-20.267736434936523	12.922386169433594	6	far
8.378387451171875	26.159149169921875	5	World
-13.724122047424316	-5.026731014251709	1	please
27.950462341308594	19.655746459960938	9	State
23.6785945892334	27.208728790283203	3	THE
24.249248504638672	-6.076159954071045	1	include
-28.42642593383789	-5.789090156555176	2	problem
-10.241419792175293	-5.652174949645996	1	open
-7.0874762535095215	-17.70599365234375	2	health
-10.315773963928223	-18.026485443115234	2	food
-26.66175651550293	-24.84505844116211	4	women
-16.480674743652344	4.6481804847717285	10	based
-16.862627029418945	2.216416835784912	1	went
-7.1552414894104	-18.364925384521484	2	body
43.385250091552734	12.532752990722656	9	County
-5.733047008514404	-20.04612159729004	2	house
31.671939849853516	-8.11806869506836	8	process
0.9050360321998596	-27.967851638793945	4	needs
-17.64741325378418	-16.64369773864746	2	story
-20.003725051879883	-8.586977005004883	8	search
-9.445425033569336	19.179365158081055	6	large
43.98514938354492	13.667936325073242	9	February
17.903003692626953	30.661590576171875	3	Not
-15.356705665588379	12.63482666015625	7	together
-16.339937210083008	1.6462451219558716	1	came
22.251306533813477	-10.319803237915039	2	bit
19.85382080078125	29.91301727294922	3	After
-0.5947989225387573	6.2026214599609375	7	someone
25.251705169677734	-10.185669898986816	8	run
14.058874130249023	31.994871139526367	3	Here
-25.229900360107422	-21.059444427490234	4	others
43.79791259765625	13.001485824584961	9	October
-25.213130950927734	15.87295913696289	7	anything
-23.242769241333008	15.52946949005127	7	often
-33.4970817565918	0.16027364134788513	10	fact
-23.947078704833984	-15.86018180847168	10	blog
7.510771751403809	-25.979366302490234	4	means
3.7817814350128174	-10.30015754699707	1	offer
21.416996002197266	-12.475784301757812	2	country
32.35365295410156	-7.505671977996826	8	control
8.989691734313965	-28.128337860107422	4	friends
3.141084909439087	-13.735936164855957	8	view
-12.988097190856934	1.22727370262146	1	become
43.331886291503906	13.446566581726074	9	September
-22.256542205810547	15.291135787963867	7	possible
-30.239055633544922	9.421854972839355	10	several
0.693085253238678	7.70989990234375	7	along
15.486305236816406	0.7060847878456116	6	bad
13.327098846435547	-18.598220825195312	2	market
-20.74778938293457	-14.711333274841309	2	city
-21.48189926147461	-6.723097324371338	8	fun
-25.93520736694336	1.1865122318267822	1	believe
-11.540977478027344	20.174102783203125	6	nice
19.170713424682617	-1.2351810932159424	6	pretty
24.370525360107422	24.71870231628418	9	Please
22.12723731994629	-14.303236961364746	2	product
0.8200308084487915	-6.2215189933776855	1	seen
30.904170989990234	17.67439079284668	9	Day
-33.219390869140625	-2.114616870880127	10	web
-3.749504804611206	-16.57269287109375	2	form
-15.217466354370117	0.3295343220233917	1	took
-27.032466888427734	-23.93709373474121	4	results
26.090679168701172	18.33667755126953	9	View
21.238611221313477	27.392419815063477	7	Just
22.967470169067383	-20.771209716796875	4	points
-22.984312057495117	-25.510068893432617	4	students
1.668136715888977	-30.02582359313965	4	games
27.670551300048828	19.019485473632812	9	Center
-5.114067077636719	2.3567118644714355	10	past
-12.815475463867188	-4.2990546226501465	1	started
16.986412048339844	22.603225708007812	9	School
39.01938247680664	17.20938491821289	9	South
-20.400728225708008	0.10024631023406982	1	tell
13.160076141357422	-13.172067642211914	2	level
11.531283378601074	25.183338165283203	3	Business
-36.02555847167969	5.694987773895264	10	news
20.90654945373535	16.535900115966797	4	Comments
-2.0498602390289307	-21.441364288330078	2	government
-26.694360733032227	-8.206156730651855	2	kind
17.902130126953125	-24.03289031982422	4	members
-16.610607147216797	2.0529656410217285	1	comes
-14.498376846313477	-14.285338401794434	8	head
12.390549659729004	-11.715163230895996	8	light
38.73831558227539	13.57638931274414	9	Price
-18.674421310424805	-6.988475799560547	8	check
24.77703285217285	-12.485225677490234	2	hand
7.391132831573486	-28.84041404724121	4	minutes
-10.146376609802246	-6.757659435272217	8	hope
10.255683898925781	23.1339168548584	5	National
5.363885879516602	-19.95203971862793	2	type
-9.613919258117676	13.975141525268555	7	whole
-27.734182357788086	15.297019958496094	7	probably
27.20006561279297	-13.311395645141602	2	software
-6.2215800285339355	-20.44295310974121	2	season
-19.86309242248535	16.128427505493164	7	everything
29.930294036865234	17.241222381591797	9	Thanks
-22.62355613708496	17.604297637939453	7	either
28.805072784423828	16.89094352722168	9	Read
-32.61296844482422	-0.04441705718636513	10	example
-24.131155014038086	7.1590142250061035	10	four
-6.757095813751221	-20.84949493408203	2	community
-13.000507354736328	-3.7952630519866943	1	trying
11.16588020324707	25.85773277282715	10	Video
-23.60991096496582	12.044172286987305	7	special
-17.916271209716797	-11.515647888183594	10	review
-19.29227638244629	15.762350082397461	7	anyone
-4.4825568199157715	3.7384350299835205	2	million
9.887129783630371	-14.173285484313965	8	idea
30.181713104248047	15.485138893127441	9	States
31.253963470458984	-9.134641647338867	8	access
-19.684864044189453	-1.9534482955932617	1	posted
25.860307693481445	1.9558218717575073	0	added
-1.0343133211135864	-10.01668930053711	8	contact
25.357650756835938	2.097029685974121	0	add
-30.247392654418945	-0.17831462621688843	10	men
-12.845503807067871	1.0889891386032104	1	given
14.98524284362793	32.70040512084961	3	However
-14.092218399047852	13.347723007202148	7	everyone
12.618217468261719	24.31841278076172	9	Search
-8.357107162475586	-15.705467224121094	2	value
25.204261779785156	26.738649368286133	3	Last
-21.233909606933594	-15.227212905883789	2	phone
17.019241333007812	-2.5560033321380615	7	quite
7.935786247253418	-19.319976806640625	2	email
37.60987854003906	15.613757133483887	9	House
-20.582725524902344	15.899454116821289	7	nothing
-4.245998859405518	-1.858115315437317	1	known
-20.67310905456543	13.408540725708008	6	early
-10.442517280578613	14.651738166809082	6	near
-3.5842597484588623	-8.04270076751709	1	download
-31.607210159301758	1.5221736431121826	10	current
17.342256546020508	29.75568389892578	3	First
-4.857814788818359	-14.754242897033691	8	pay
13.941798210144043	26.594675064086914	9	Best
-12.649171829223633	12.154523849487305	7	later
-5.650867462158203	-14.461518287658691	8	research
-9.801856994628906	-14.308014869689941	8	mind
-35.11705017089844	2.4851179122924805	10	question
-5.809680461883545	4.828065395355225	2	personal
15.908716201782227	30.231229782104492	3	See
17.327726364135742	-14.3860502243042	8	project
-26.12272834777832	-9.768939971923828	6	young
-4.4275007247924805	-16.491561889648438	8	plan
-12.645295143127441	-1.2604960203170776	1	told
21.649795532226562	-23.81945037841797	4	offers
17.21063804626465	-2.7470247745513916	7	almost
23.56298828125	-9.6973295211792	8	development
-34.848121643066406	4.897707939147949	10	movie
18.69166374206543	20.97010040283203	9	Internet
13.256112098693848	30.718364715576172	3	Some
13.677746772766113	-1.425684928894043	7	true
2.271019458770752	-15.098006248474121	8	link
-2.963449001312256	-19.787212371826172	2	month
28.46615219116211	25.08794403076172	6	Great
14.003191947937012	31.197364807128906	3	About
-16.8939151763916	-15.694916725158691	2	version
-31.732589721679688	7.693843841552734	10	article
9.355378150939941	-15.985879898071289	2	event
-0.862351655960083	-5.155167579650879	1	create
-31.7131404876709	1.915561556816101	10	mean
-25.17880630493164	-9.064517974853516	2	future
-28.22842788696289	-6.260939598083496	2	size
40.40784454345703	15.520663261413574	9	West
-11.773386001586914	-0.3918248116970062	1	taking
1.074950098991394	-29.80506134033203	4	words
16.484153747558594	-14.578337669372559	2	face
-25.83171844482422	-8.515122413635254	2	single
5.874656677246094	-28.920957565307617	4	features
27.455718994140625	20.204832077026367	9	Time
-26.250669479370117	-5.595000267028809	10	close
15.463576316833496	2.0325913429260254	6	beautiful
-3.372772216796875	-1.770114779472351	1	looks
-28.10732078552246	6.344293594360352	10	via
-23.290790557861328	-15.625288009643555	10	history
34.11428451538086	13.754569053649902	4	Tags
16.123538970947266	-10.065627098083496	8	reading
29.506343841552734	-10.367091178894043	8	series
9.048107147216797	23.5301456451416	5	America
-19.75125503540039	9.31233024597168	10	across
-4.340076923370361	-16.080732345581055	8	file
4.235987186431885	-17.675457000732422	2	cost
2.9550952911376953	-3.703979253768921	7	seems
-12.955692291259766	13.17285442352295	7	else
17.091373443603516	31.684858322143555	3	Why
-5.311482906341553	-7.888554096221924	1	visit
-9.025971412658691	16.977737426757812	6	short
-21.572948455810547	-14.082793235778809	2	song
13.76658821105957	-10.359318733215332	8	front
2.652599334716797	-28.50225830078125	4	works
37.57845687866211	14.495347023010254	9	Park
28.915727615356445	24.785581588745117	6	High
2.8774454593658447	-6.635805130004883	1	wanted
2.7871906757354736	-19.409557342529297	2	class
30.048114776611328	14.253721237182617	4	Services
-15.2482328414917	-15.751471519470215	2	law
-23.071081161499023	4.330807209014893	1	coming
-35.534828186035156	10.337924003601074	10	whether
-7.392213344573975	-18.04674530029297	2	sex
-30.84101676940918	-4.3292975425720215	10	share
17.886672973632812	21.363248825073242	9	Online
-23.587467193603516	-23.083946228027344	4	problems
18.921855926513672	-2.340270519256592	6	perfect
2.5765981674194336	11.534688949584961	1	Get
7.765167713165283	-28.721086502075195	4	weeks
12.00258731842041	32.03839874267578	3	His
-30.239009857177734	-2.2456014156341553	10	film
37.781742095947266	13.572263717651367	9	Service
-10.184599876403809	18.965179443359375	6	low
31.25916290283203	15.624979972839355	9	Windows
-10.300185203552246	-1.6757062673568726	1	taken
28.296485900878906	18.33132553100586	9	Health
22.580923080444336	18.587703704833984	9	Reply
-0.40160655975341797	-13.63461971282959	8	reason
-34.63833999633789	1.0428153276443481	10	details
-29.550800323486328	14.408897399902344	7	soon
-16.15943145751953	-16.23415756225586	2	party
-7.609753608703613	12.938100814819336	7	complete
-7.447359561920166	-19.018035888671875	2	child
12.173830032348633	19.11460304260254	5	International
-22.187602996826172	-25.999608993530273	4	companies
-35.628170013427734	1.368284821510315	4	questions
17.963685989379883	-16.027925491333008	2	card
4.197218894958496	-18.323362350463867	2	range
-14.147268295288086	-18.292577743530273	10	report
-22.76645278930664	-7.603847980499268	8	sale
10.923633575439453	-0.5646418929100037	7	rather
23.15456199645996	-15.147015571594238	2	property
7.003697872161865	-27.96702003479004	4	comments
12.888077735900879	25.049510955810547	9	Post
36.813682556152344	16.214719772338867	9	Love
14.38699722290039	0.8807280659675598	6	hot
16.041889190673828	-17.560630798339844	2	hotel
11.758986473083496	29.211275100708008	3	Top
-18.248842239379883	-14.141016960144043	2	friend
-20.09181022644043	-11.82450008392334	2	issue
26.21177864074707	24.780805587768555	9	Well
1.2929103374481201	-5.3557868003845215	1	understand
-6.751340866088867	-1.300195574760437	10	due
-17.292081832885742	-6.597987174987793	1	learn
6.556546688079834	-20.27782440185547	8	heart
3.299274206161499	-19.718780517578125	2	computer
15.966180801391602	-15.90606689453125	2	office
19.978965759277344	21.397167205810547	9	Music
-25.595762252807617	-23.97821044921875	4	kids
6.863287925720215	26.836807250976562	10	Web
3.790494680404663	-8.39370346069336	1	stop
-10.555437088012695	12.090421676635742	7	especially
8.088186264038086	24.130647659301758	5	English
-3.516845941543579	-12.156938552856445	8	watch
-13.86313533782959	2.816225290298462	1	provides
11.978652954101562	1.6121803522109985	6	simple
5.469254016876221	-16.090774536132812	2	art
6.773209571838379	-0.806606650352478	6	major
-24.086959838867188	-23.24867057800293	4	issues
17.094074249267578	30.44249725341797	3	Also
23.14965057373047	-13.901098251342773	2	management
2.2042927742004395	-9.201008796691895	8	move
6.843736171722412	-17.677978515625	2	content
16.27111053466797	-13.596363067626953	8	training
-19.39104652404785	-15.433731079101562	2	building
-19.788002014160156	-0.880277693271637	1	asked
0.16861669719219208	-26.646163940429688	4	miles
27.145652770996094	-10.354253768920898	8	credit
-18.259262084960938	-12.996736526489258	8	couple
28.43046760559082	-12.8234224319458	2	industry
18.430217742919922	22.06433868408203	9	Date
-28.67894744873047	8.896733283996582	10	original
14.322818756103516	22.9754581451416	9	Page
-29.4988956451416	-5.361239910125732	2	age
-1.2988708019256592	-20.132936477661133	2	air
36.85706329345703	11.283977508544922	7	AND
-8.863539695739746	5.266968250274658	10	five
-30.887006759643555	-4.465463638305664	10	date
28.051456451416016	24.85158348083496	6	Good
6.461297035217285	-6.3822221755981445	4	includes
11.69343376159668	31.42656135559082	3	Other
42.78556442260742	13.045341491699219	9	Street
-22.136667251586914	-8.626105308532715	8	study
17.871631622314453	-4.649413585662842	7	half
-3.50158429145813	-20.992080688476562	2	social
-22.880348205566406	-23.930896759033203	4	shows
10.519278526306152	-17.523113250732422	2	space
-6.983444690704346	7.372243881225586	10	photos
-24.036474227905273	5.09392786026001	10	present
-9.954023361206055	18.15319061279297	6	happy
25.78267478942871	-13.31404972076416	2	matter
-0.609764039516449	-9.654777526855469	8	turn
4.318417072296143	-6.826793670654297	8	needed
-22.742023468017578	1.1018658876419067	1	gets
-3.097299575805664	-21.233295440673828	2	image
22.916488647460938	-13.062943458557129	8	performance
5.178251266479492	-23.383255004882812	2	media
25.892414093017578	27.075315475463867	3	Then
10.240339279174805	-8.987357139587402	2	human
11.182336807250977	0.599064826965332	7	simply
-3.4848616123199463	-5.63348388671875	1	stay
10.257061004638672	-12.633956909179688	8	running
1.1703099012374878	-13.884326934814453	8	deal
-10.318065643310547	-6.655997276306152	8	living
-7.176769256591797	-16.499996185302734	2	style
29.021615982055664	20.928192138671875	9	London
-22.432950973510742	1.480589509010315	1	provided
-20.80974006652832	-2.0345656871795654	1	ask
-34.76692199707031	11.815778732299805	10	main
-11.294839859008789	-4.229912281036377	1	enjoy
15.653450965881348	-16.638874053955078	2	member
14.952555656433105	-5.865303039550781	8	required
-9.74930477142334	0.26364654302597046	1	bring
24.34292984008789	25.788850784301758	9	Most
23.512054443359375	17.8565731048584	1	Download
-19.36045265197754	-16.474437713623047	2	technology
-12.826268196105957	11.260066986083984	7	upon
17.26607894897461	31.250883102416992	3	Are
-22.235733032226562	-0.32760849595069885	1	playing
15.775582313537598	-11.637041091918945	8	action
25.84455680847168	1.2596676349639893	0	Add
-4.736545085906982	-17.723011016845703	2	rate
29.006608963012695	21.72064971923828	9	San
27.12874984741211	18.15043067932129	9	Google
-36.01371383666992	10.589640617370605	10	comment
-1.248064398765564	-8.64587116241455	8	saw
14.674962043762207	-15.336176872253418	2	insurance
6.135237216949463	-14.71593952178955	2	sound
7.736417293548584	-15.106568336486816	2	code
-22.92546272277832	-1.5201467275619507	1	takes
-7.628084659576416	-12.680521011352539	8	talk
34.10310745239258	17.09920883178711	9	Hotel
-6.652451515197754	-15.065559387207031	8	test
18.54401969909668	30.189882278442383	3	While
38.758453369140625	16.281084060668945	9	Sunday
2.8793959617614746	-15.35634708404541	8	key
-11.209684371948242	-14.771125793457031	2	stuff
-0.08272424340248108	6.712140083312988	7	cannot
-28.303098678588867	15.846162796020508	7	however
-5.241974830627441	-3.045841693878174	10	related
-20.185192108154297	-8.133378028869629	8	win
39.37234878540039	15.962996482849121	9	Saturday
22.18636131286621	20.213523864746094	9	Review
41.83245849609375	12.434505462646484	9	Click
3.3467977046966553	11.154452323913574	1	Find
30.13414764404297	21.2957763671875	9	California
-30.98641586303711	12.29566478729248	7	various
-15.03516960144043	9.232413291931152	10	among
-20.939550399780273	16.973499298095703	7	usually
-0.7152281403541565	-7.089358329772949	1	meet
5.986176013946533	-29.148778915405273	4	parts
8.947213172912598	-29.36492156982422	4	guys
4.052034854888916	6.675456523895264	10	behind
-6.5095720291137695	-16.519792556762695	8	word
-33.7875862121582	-1.3815195560455322	2	result
-31.18709373474121	3.4321112632751465	10	amount
5.1864094734191895	-18.705408096313477	2	store
-20.650039672851562	-16.06090545654297	2	position
24.7708683013916	-7.872213840484619	8	return
9.403972625732422	-17.129985809326172	2	field
31.006959915161133	-8.265576362609863	2	interest
8.648351669311523	-8.87608814239502	2	guy
-27.231403350830078	-23.348684310913086	4	books
4.3743462562561035	-29.05976104736328	4	events
-9.21234130859375	-5.810070991516113	1	hit
-6.06782341003418	12.806838035583496	6	longer
39.807647705078125	16.912281036376953	9	Yes
-16.184825897216797	-3.315121650695801	1	leave
28.4392032623291	24.988075256347656	6	Big
5.048171043395996	-29.944421768188477	4	items
-28.077180862426758	11.438994407653809	10	total
-2.3064420223236084	-5.015390396118164	1	remember
-6.438045978546143	5.080538272857666	2	percent
-25.02679443359375	-23.656877517700195	4	prices
-24.597898483276367	13.72028636932373	7	wrong
28.985990524291992	-9.943081855773926	2	address
25.030010223388672	-7.031905174255371	1	lost
5.732882976531982	-18.561765670776367	2	message
19.679840087890625	-11.695172309875488	8	rest
6.915779113769531	-2.0368459224700928	7	natural
-22.620702743530273	-15.176826477050781	10	picture
-34.43065643310547	2.305842161178589	10	cause
-3.6836354732513428	5.223428249359131	10	general
-22.721105575561523	3.4925320148468018	1	goes
12.930129051208496	-5.746626377105713	1	created
14.435858726501465	-5.639220237731934	8	favorite
14.708115577697754	-13.711799621582031	2	color
1.9558849334716797	-13.621137619018555	8	drive
11.106775283813477	3.21683931350708	6	clear
7.108304023742676	-8.654990196228027	2	outside
29.639419555664062	-8.698598861694336	8	click
29.29295539855957	19.623350143432617	9	Part
-2.4460244178771973	-19.9685115814209	2	paper
32.429439544677734	16.10881233215332	9	Information
25.218103408813477	18.996644973754883	9	Life
4.402822017669678	-3.892092704772949	7	shall
-18.00296974182129	0.49131959676742554	1	held
-28.342391967773438	7.739613056182861	10	inside
-27.104923248291016	6.006070137023926	10	located
3.0556321144104004	12.065020561218262	1	Buy
-4.39073371887207	4.609669208526611	2	private
-29.577600479125977	9.762856483459473	10	currently
-11.131711959838867	-10.76941204071045	2	morning
-10.247038841247559	13.715689659118652	7	similar
-4.834471702575684	-22.70783805847168	2	user
8.367685317993164	22.7232723236084	5	USA
-27.348388671875	14.992851257324219	7	maybe
0.5851516723632812	-9.318523406982422	8	designed
10.192763328552246	-8.65855884552002	2	professional
-12.4125337600708	-4.02287483215332	1	heard
22.66122055053711	22.295751571655273	9	Jan
-5.473672866821289	6.239702224731445	2	internet
-1.1894739866256714	-8.981039047241211	8	writing
25.651870727539062	-9.263612747192383	8	lead
-17.014995574951172	-2.7878470420837402	1	hear
23.63129425048828	-13.841320037841797	2	security
17.438756942749023	-15.634825706481934	2	application
-18.43072509765625	16.18116569519043	7	certain
-1.4106502532958984	-9.735652923583984	8	cover
2.3443334102630615	-29.261621475219727	4	rights
12.679502487182617	-16.60809326171875	2	staff
33.86405563354492	15.01183795928955	9	Group
26.545856475830078	25.34986114501953	9	Full
28.35812759399414	-11.439469337463379	2	period
15.538918495178223	-12.94298267364502	2	account
4.310697078704834	-22.992572784423828	2	sales
23.352691650390625	25.175596237182617	9	Can
3.2671215534210205	7.471837043762207	10	third
31.122995376586914	16.762617111206055	9	College
-24.547935485839844	-26.242277145385742	4	pictures
-22.612821578979492	14.460515022277832	7	common
26.69826889038086	0.8040053248405457	0	addition
27.991525650024414	17.452733993530273	9	Sale
30.69174575805664	20.794326782226562	9	Washington
5.36567497253418	-16.990219116210938	2	subject
-21.051353454589844	-13.225635528564453	10	record
-26.211151123046875	15.014826774597168	7	likely
-23.650789260864258	4.954478740692139	10	saying
39.697696685791016	15.51687240600586	9	Monday
-21.82766342163086	-26.632213592529297	4	sites
24.816165924072266	-13.003533363342285	2	hair
18.69894790649414	20.56312370300293	9	President
-6.054426670074463	-3.022568464279175	1	written
-24.64217185974121	-19.59824562072754	4	changes
32.077632904052734	15.395669937133789	9	Obama
8.443377494812012	-16.600122451782227	2	source
-1.7707595825195312	-6.61614990234375	1	received
-12.547992706298828	0.6907957792282104	1	continue
-16.67353630065918	-3.8505706787109375	1	ready
-5.312842845916748	6.284196376800537	10	photo
18.383365631103516	-23.589454650878906	4	customers
-2.7645585536956787	-11.38701343536377	8	sense
-8.028587341308594	14.57882022857666	6	interesting
-16.650299072265625	9.355364799499512	10	recent
38.09780502319336	14.830191612243652	9	Art
-8.193168640136719	4.063728332519531	10	forward
-8.930680274963379	-17.719099044799805	2	weight
-17.05430793762207	7.180534362792969	10	popular
7.497147083282471	-27.513893127441406	4	reviews
-28.972061157226562	5.542201519012451	10	wrote
-24.02511215209961	-22.172853469848633	4	ways
-24.719684600830078	8.111296653747559	10	latest
16.579303741455078	-16.57851791381836	2	oil
-11.074257850646973	11.819849967956543	7	instead
4.282361030578613	-27.741430282592773	4	players
32.62632751464844	19.387582778930664	9	East
38.841644287109375	14.6720552444458	9	Road
7.386236667633057	-12.043203353881836	8	cut
17.8370361328125	-0.629249632358551	6	strong
19.824949264526367	-22.72933006286621	4	users
-13.770370483398438	-16.046113967895508	8	death
23.417774200439453	23.030223846435547	9	General
-14.905139923095703	10.994390487670898	7	recently
-20.241119384765625	-2.6895840167999268	1	save
23.228904724121094	-7.901121616363525	8	thanks
-8.923725128173828	14.969578742980957	6	late
22.346054077148438	-9.218746185302734	8	red
2.5700790882110596	-17.90196418762207	2	education
22.00939178466797	-11.360380172729492	2	financial
14.01285457611084	0.605883002281189	6	cool
12.23233413696289	-5.449917793273926	1	included
23.706979751586914	-10.925103187561035	8	treatment
29.37392234802246	17.762752532958984	9	Thank
18.770978927612305	-3.6519076824188232	7	unique
31.612314224243164	19.504226684570312	9	Paul
-21.19764518737793	-1.2512279748916626	1	send
-25.129823684692383	-0.3465701937675476	1	write
3.374140977859497	-24.644590377807617	8	jobs
-5.928039073944092	-18.736135482788086	2	baby
8.792489051818848	-5.331836223602295	1	seem
12.871606826782227	-18.125633239746094	2	player
23.583703994750977	18.971424102783203	9	Show
-5.169544219970703	4.738208293914795	2	section
15.15220832824707	23.833810806274414	9	Company
22.088775634765625	22.007463455200195	9	Photo
26.012907028198242	26.12770652770996	3	Like
-20.707921981811523	-3.734276056289673	1	choose
-4.441328048706055	-4.893540859222412	1	thinking
14.066877365112305	1.867066502571106	6	amazing
-4.504803657531738	-13.115517616271973	8	choice
-20.290813446044922	9.24682331085205	10	according
33.41352844238281	17.808250427246094	9	Feb
-8.212774276733398	-17.66657066345215	2	travel
43.553627014160156	14.196370124816895	9	Blue
10.1965913772583	-11.5967435836792	8	wish
21.969579696655273	26.129444122314453	3	Let
23.27252960205078	20.296817779541016	9	People
13.347784042358398	31.267793655395508	3	Today
12.191261291503906	19.179061889648438	5	China
-10.270719528198242	19.44447135925293	6	fine
-14.549861907958984	-17.878442764282227	2	center
0.12606461346149445	-4.017775058746338	1	allow
-12.151147842407227	-6.477122783660889	1	wait
26.11874771118164	0.6134458780288696	0	increase
-5.779012680053711	-18.54084587097168	2	chance
17.057350158691406	-6.08135461807251	8	final
13.060160636901855	33.220699310302734	3	Who
-17.327983856201172	-8.062577247619629	8	answer
-17.419811248779297	-0.16946516931056976	1	played
-10.979334831237793	17.934545516967773	6	fast
6.037500381469727	-6.98192024230957	4	likes
-1.9291499853134155	-12.758809089660645	8	worth
26.897798538208008	19.6915225982666	9	Department
20.546161651611328	-22.12836265563965	4	programs
39.20317077636719	15.424494743347168	9	Thursday
-2.7071988582611084	-8.567484855651855	1	release
37.07868957519531	15.062712669372559	9	Office
14.95344066619873	-14.090837478637695	2	box
20.281587600708008	-15.883618354797363	2	material
4.227018356323242	-16.071290969848633	2	tax
-4.296268463134766	-18.034963607788086	2	location
12.265305519104004	-1.012575626373291	7	specific
-23.872026443481445	-26.550350189208984	4	ones
4.550822734832764	-13.357638359069824	8	meeting
14.531253814697266	-16.407588958740234	2	town
-7.787248134613037	12.304213523864746	7	entire
-2.9057116508483887	4.787736415863037	2	individual
40.350318908691406	14.465332984924316	9	Tuesday
-20.75779914855957	-25.381383895874023	4	eyes
40.95406723022461	16.724559783935547	9	Texas
27.842161178588867	21.464567184448242	9	Real
8.73372745513916	-29.02631950378418	4	girls
-18.236434936523438	-15.980720520019531	2	board
42.06703567504883	13.9708251953125	9	Wednesday
-8.520140647888184	12.542257308959961	7	particular
-13.844094276428223	16.321338653564453	6	higher
42.42816925048828	14.52148723602295	9	Air
-7.658658504486084	16.172475814819336	6	huge
19.543685913085938	21.25242042541504	9	Women
10.640501976013184	-8.793851852416992	2	medical
16.515796661376953	-15.203145980834961	2	term
16.592302322387695	30.69841194152832	3	Two
-3.348780393600464	-7.194321632385254	1	receive
26.67367935180664	-13.396793365478516	2	marketing
2.417417526245117	-7.558602333068848	1	hold
8.403523445129395	-15.724693298339844	2	text
14.277166366577148	24.11250877380371	9	Book
-6.938328266143799	-5.943349838256836	1	tried
15.119775772094727	-13.093653678894043	2	table
20.95046615600586	-9.60680103302002	2	summer
-9.549460411071777	-0.558384895324707	1	gave
2.7072184085845947	-9.456145286560059	1	build
-2.2485592365264893	-4.135427474975586	1	follow
11.311267852783203	1.331773281097412	7	easily
24.784526824951172	-9.083898544311523	8	loss
39.0000114440918	12.96662712097168	9	Design
22.104135513305664	21.229610443115234	9	Family
-5.368049144744873	-5.671445369720459	1	worked
18.07999610900879	21.12942123413086	9	Report
15.268115043640137	21.49053192138672	10	Blog
-10.015073776245117	18.260587692260742	6	cheap
9.555278778076172	-5.53983211517334	1	agree
20.18944549560547	-23.983388900756836	4	files
-14.877947807312012	-15.777679443359375	2	road
23.470937728881836	-20.156173706054688	4	options
21.03384017944336	16.580381393432617	4	Reviews
25.395978927612305	1.6093801259994507	0	additional
-10.990594863891602	18.60881996154785	6	wide
9.648317337036133	22.07183837890625	5	India
9.92979621887207	-9.270671844482422	2	standard
19.696571350097656	27.239479064941406	3	Have
21.794511795043945	28.958160400390625	3	Next
10.975503921508789	-15.786702156066895	2	opportunity
1.841996431350708	-5.449596881866455	1	decided
18.354265213012695	-11.719261169433594	8	step
25.852815628051758	-10.814425468444824	8	role
-24.923723220825195	-24.7789363861084	4	lives
3.8119900226593018	-28.471250534057617	4	pages
6.834447860717773	20.265207290649414	5	national
2.414262056350708	-28.52366828918457	4	ideas
-21.83868408203125	-25.402931213378906	4	parents
-22.03713607788086	-25.009653091430664	4	terms
9.044441223144531	-13.996808052062988	8	collection
39.83216857910156	12.884371757507324	9	Management
-39.093868255615234	5.605466365814209	5	international
6.332670211791992	-16.265289306640625	2	method
17.94087791442871	-12.324862480163574	2	piece
10.717371940612793	31.6683406829834	3	Many
24.354930877685547	-9.981220245361328	8	practice
-22.647991180419922	-14.554654121398926	10	title
24.9390926361084	-13.826472282409668	2	skin
3.3846817016601562	11.946737289428711	1	Use
-5.243104457855225	3.296804428100586	10	six
32.855552673339844	14.566824913024902	9	Research
13.780466079711914	-16.547595977783203	2	policy
-18.673263549804688	-11.242396354675293	8	door
-18.15736961364746	-7.724964618682861	1	purchase
26.77042007446289	-9.398194313049316	8	green
-22.375064849853516	-14.12972640991211	2	wife
1.4435985088348389	-29.212848663330078	4	links
40.581539154052734	12.646653175354004	9	DVD
-11.66589069366455	1.1757723093032837	1	gives
14.91588020324707	1.7275350093841553	6	excellent
22.528854370117188	18.777013778686523	9	Contact
27.207258224487305	-12.67547607421875	2	stock
29.933067321777344	-9.153985977172852	8	production
-5.5780768394470215	-3.1339712142944336	1	interested
-31.01190185546875	-1.318172574043274	10	war
-24.401100158691406	14.070977210998535	7	quickly
26.897390365600586	19.55020523071289	9	Phone
6.967519283294678	-14.141321182250977	8	risk
40.74294662475586	14.674860000610352	9	Beach
-20.460512161254883	16.653200149536133	7	sometimes
-21.23161506652832	-26.495634078979492	4	images
21.42418670654297	27.975990295410156	3	Even
0.033952657133340836	8.302106857299805	7	throughout
25.823665618896484	-10.7062406539917	8	track
-26.814838409423828	-24.449569702148438	4	videos
-21.430709838867188	-2.6443610191345215	1	starting
-0.9240467548370361	-4.421663284301758	1	giving
20.052392959594727	-3.5969161987304688	6	lower
20.221729278564453	-23.605636596679688	4	groups
2.9646685123443604	-4.2797393798828125	1	looked
-32.554962158203125	12.447834968566895	10	average
0.0909176841378212	-7.740708351135254	8	talking
-8.926767349243164	-12.41535472869873	8	shot
30.75069808959961	-8.740326881408691	8	effect
14.60959529876709	2.983246088027954	6	wonderful
11.482266426086426	0.15380139648914337	7	completely
-25.04623031616211	-14.814155578613281	10	political
20.724260330200195	-23.17190933227539	4	hands
22.65814781188965	-9.982840538024902	8	dog
25.906227111816406	-12.550658226013184	2	moment
9.301107406616211	-26.065431594848633	4	activities
-27.120742797851562	1.8592931032180786	1	sent
-4.332201957702637	-1.4736239910125732	1	knew
20.59564208984375	20.476070404052734	9	Apr
9.940537452697754	-18.3626766204834	2	land
16.26072883605957	22.62989044189453	9	Game
24.287839889526367	20.970827102661133	9	Jun
22.36562728881836	25.894752502441406	3	Back
-24.225542068481445	2.68784761428833	1	involved
-32.07257080078125	10.052693367004395	3	Comment
8.599822998046875	-18.5555362701416	2	band
19.162620544433594	-1.713295340538025	6	difficult
18.187267303466797	-3.4890294075012207	7	finally
-32.44666290283203	-1.043731927871704	10	info
11.217456817626953	-12.132736206054688	8	success
22.564592361450195	17.94855308532715	9	Check
-5.105734348297119	-7.159258842468262	1	built
3.3594226837158203	-6.916957378387451	1	felt
11.758548736572266	-17.046581268310547	2	screen
41.450462341308594	15.276154518127441	9	Lake
-4.273224353790283	-21.921689987182617	2	student
-21.63979721069336	-6.317873477935791	8	fit
15.8624849319458	-0.3149149417877197	6	clean
-15.248371124267578	-5.484795093536377	1	wants
-28.355270385742188	2.8152048587799072	10	born
31.93951416015625	16.94579315185547	9	Oct
-15.208663940429688	-14.49178409576416	2	fire
11.811851501464844	-15.29253101348877	2	hour
-4.390279769897461	-22.03618049621582	2	language
-2.2892374992370605	2.202481508255005	2	potential
22.309200286865234	-15.012774467468262	2	device
24.68555450439453	19.351282119750977	9	Board
33.191993713378906	17.128019332885742	9	Facebook
17.0803279876709	-9.703932762145996	8	attention
16.16022491455078	-17.74950408935547	2	customer
41.593101501464844	13.227806091308594	9	Product
26.492725372314453	-13.726080894470215	2	equipment
22.069486618041992	-22.452537536621094	4	feet
9.261002540588379	29.548381805419922	9	Live
35.69844055175781	16.183757781982422	9	King
-25.575538635253906	-24.228763580322266	4	posts
-22.968429565429688	-13.891936302185059	2	mother
15.560023307800293	23.05695343017578	9	Car
25.16199493408203	1.3954938650131226	0	extra
4.442505359649658	6.8356122970581055	10	former
11.344579696655273	27.41614532470703	9	Year
33.087890625	15.987167358398438	9	Media
21.181520462036133	-10.180843353271484	2	variety
5.1557416915893555	-11.607104301452637	8	bed
9.957850456237793	-27.368892669677734	4	cases
21.208757400512695	29.40877342224121	3	Since
19.088550567626953	-3.1013846397399902	7	necessary
30.523357391357422	19.517118453979492	9	Will
26.299184799194336	-7.203887462615967	1	guess
-13.317364692687988	-0.26431944966316223	1	allows
-4.9557976722717285	-0.9722760319709778	1	turned
26.1718692779541	20.127614974975586	9	Nov
2.828429698944092	-29.026660919189453	4	plans
-15.508158683776855	2.6641323566436768	10	published
26.872934341430664	-11.058612823486328	8	blood
-16.65152359008789	3.6298987865448	10	leading
23.97433853149414	-19.656476974487305	4	effects
22.313234329223633	-21.265886306762695	4	types
8.937411308288574	-13.174784660339355	8	response
5.9274749755859375	-27.57171630859375	4	costs
-11.086627006530762	-1.5467387437820435	1	began
28.1916446685791	-9.515801429748535	8	focus
1.5067306756973267	8.367874145507812	1	became
-25.287416458129883	1.309399127960205	1	consider
21.511730194091797	-22.7999324798584	4	levels
-6.818017959594727	-12.76208782196045	8	learning
-32.91849899291992	8.689811706542969	10	daily
-16.31386947631836	-4.994107723236084	1	happen
21.620079040527344	-21.858131408691406	4	resources
34.20846176147461	15.3433256149292	9	Apple
19.340791702270508	26.838186264038086	3	Make
18.25528335571289	-13.434273719787598	2	weekend
11.210335731506348	-0.2479073703289032	7	exactly
-10.61427116394043	-16.420394897460938	8	wedding
21.23086929321289	27.341636657714844	7	Only
17.207778930664062	-9.896337509155273	8	growth
12.646713256835938	32.48317337036133	3	Where
4.869244575500488	-16.079587936401367	2	feature
-20.101743698120117	-3.6790683269500732	1	sell
-10.432785987854004	0.8780074119567871	1	brought
7.163500785827637	-19.433494567871094	2	ground
-13.662882804870605	-14.558639526367188	2	speed
18.20169448852539	-14.736589431762695	2	base
7.329330921173096	-13.326434135437012	8	trip
7.669343948364258	-13.255716323852539	8	decision
33.15050506591797	15.611685752868652	9	Software
13.548563957214355	25.11130714416504	9	Sun
11.507537841796875	-13.441160202026367	8	pain
25.274057388305664	0.9872100949287415	0	plus
22.749740600585938	17.75859832763672	1	Set
17.089187622070312	-16.864608764648438	2	environment
23.194698333740234	21.845773696899414	9	Public
14.386746406555176	22.313440322875977	4	Posts
11.925260543823242	26.335895538330078	3	Man
-15.495967864990234	1.936314344406128	1	released
36.56747055053711	15.030045509338379	9	Party
29.73733901977539	-11.095759391784668	2	skills
6.141197204589844	-27.800979614257812	4	rates
34.407039642333984	16.325895309448242	9	Community
16.540502548217773	-0.1582559496164322	6	effective
-9.578636169433594	-15.895977973937988	8	court
8.659374237060547	-27.683101654052734	4	conditions