x	y	cluster	word
-39.55828857421875	9.532888412475586	7	he
-33.19679641723633	6.521031379699707	7	his
-31.20487403869629	2.6647403240203857	7	her
-30.840801239013672	2.3965272903442383	7	she
-20.88103485107422	6.8348588943481445	7	him
-33.86561584472656	2.624173164367676	7	man
-3.0739829540252686	-16.038360595703125	7	girl
-32.060882568359375	-2.3706071376800537	7	woman
-20.054903030395508	6.841533660888672	7	son
-16.901451110839844	-11.694806098937988	7	daughter
-2.726658582687378	4.312142848968506	7	boy
-21.982393264770508	-9.889601707458496	7	female
-6.147948741912842	5.519449234008789	7	brother
-27.578739166259766	-9.965744972229004	7	male
-22.581409454345703	-9.510451316833496	7	sister
-2.3304803371429443	5.265927791595459	7	asian
-35.17741394042969	5.607553005218506	7	american
-4.4696526527404785	7.23721170425415	7	french
-19.528385162353516	6.827773571014404	7	indian
-3.734389543533325	7.562267303466797	7	chinese
-4.793828010559082	6.79260778427124	7	japanese
6.879027366638184	-10.601388931274414	7	german
13.541891098022461	-7.786421298980713	7	hers
11.307926177978516	12.724937438964844	7	canadian
12.2936429977417	-7.412686347961426	7	italian
-33.886146545410156	5.167232513427734	7	british
13.050260543823242	-7.615340709686279	7	european
-3.8964571952819824	6.63182258605957	7	korean
11.289182662963867	11.996438026428223	7	australian
12.66126823425293	-7.787673473358154	7	pakistani
16.577800750732422	34.224822998046875	2	The
-36.10582733154297	7.258413314819336	7	one
-22.621801376342773	15.366992950439453	6	like
-28.648340225219727	19.173954010009766	0	would
13.70541000366211	34.45891571044922	2	This
-25.73970603942871	-12.561729431152344	8	time
-26.122129440307617	0.9429665207862854	4	get
-16.233442306518555	17.952150344848633	6	also
12.426912307739258	32.70829391479492	2	You
-37.23042297363281	7.482038497924805	7	new
-22.739299774169922	-23.28827667236328	3	people
-37.782432556152344	7.736636161804199	7	first
-29.600154876708984	6.0014448165893555	7	said
-27.9664249420166	1.8007563352584839	4	make
-14.858098030090332	9.68276309967041	5	good
-26.81009864807129	0.7747685313224792	4	know
-30.84626007080078	5.031730651855469	7	see
-29.441482543945312	18.870464324951172	0	may
-31.145898818969727	18.650217056274414	0	could
-28.968210220336914	0.22306646406650543	4	use
26.156721115112305	25.956039428710938	2	And
-36.49650192260742	1.7356281280517578	7	way
15.807154655456543	31.874908447265625	2	New
-36.3111686706543	10.054133415222168	7	well
-15.207048416137695	-14.24677848815918	10	work
-32.159854888916016	6.79051399230957	7	two
-14.836569786071777	-2.782048225402832	4	think
-39.61073303222656	8.667261123657227	7	much
-28.99618148803711	-21.377845764160156	3	years
-39.22438430786133	8.574357986450195	7	many
-6.816741466522217	3.2414252758026123	4	back
18.7713623046875	31.856224060058594	2	For
-12.003637313842773	-7.4271979331970215	4	need
-38.54651641845703	5.676593780517578	7	year
-21.816560745239258	16.556825637817383	6	even
-26.41503143310547	12.950823783874512	5	really
-22.068920135498047	-3.2450292110443115	4	want
-23.660490036010742	11.6377592086792	5	great
-27.01997184753418	-12.241537094116211	8	day
-28.1070613861084	-6.867317199707031	7	right
-36.00702667236328	9.519598960876465	7	best
-19.51507568359375	-0.7359403371810913	4	made
17.484233856201172	-24.77312469482422	3	views
19.70672035217285	31.39896583557129	2	But
-18.514699935913086	-1.259711742401123	4	find
-17.20383644104004	-1.0225193500518799	4	take
11.885523796081543	-18.244853973388672	10	information
-23.647659301757812	-0.026713792234659195	4	used
-8.709145545959473	-12.861748695373535	10	love
-36.58638381958008	4.280364990234375	7	home
-18.367834091186523	14.918035507202148	7	last
12.875335693359375	35.78409957885742	2	What
-20.997900009155273	2.786356210708618	4	going
-26.63085174560547	-0.6105980277061462	4	help
-22.97434425354004	14.529845237731934	6	still
-35.6395378112793	-0.9594922065734863	7	free
28.47480583190918	24.742033004760742	2	There
15.913436889648438	29.93655014038086	2	All
33.275909423828125	22.26266098022461	9	May
13.185656547546387	34.140254974365234	2	They
-25.71059799194336	-8.936917304992676	10	life
-16.889297485351562	17.420183181762695	6	around
-37.175479888916016	4.029201030731201	7	world
3.7544050216674805	3.712264060974121	5	little
-20.977699279785156	-1.2320376634597778	4	look
-38.78732681274414	9.512279510498047	7	say
-0.547301709651947	-5.227520942687988	4	got
-31.5802059173584	-5.810873031616211	10	business
13.524039268493652	34.937049865722656	2	That
-34.7997932434082	-2.7405457496643066	7	part
-21.36888313293457	9.798280715942383	7	long
-13.568826675415039	15.501363754272461	6	better
-33.24489212036133	8.863738059997559	7	every
14.302891731262207	28.78511619567871	2	Home
-16.120500564575195	15.307896614074707	6	ago
-26.08266258239746	-23.429624557495117	3	things
20.837890625	24.186479568481445	1	Posted
-12.303718566894531	11.216464042663574	5	something
-20.88072395324707	-16.216629028320312	10	game
23.493457794189453	28.351709365844727	2	With
-2.4336163997650146	-1.9735828638076782	4	available
-24.501392364501953	14.98182487487793	5	never
-25.523744583129883	4.627394676208496	4	using
-19.514476776123047	-14.29151439666748	10	place
-38.62559509277344	9.484539985656738	7	come
-37.84697723388672	3.78525710105896	7	site
-22.95496368408203	-10.42743968963623	7	online
-20.453662872314453	16.997541427612305	6	another
13.099190711975098	-18.226686477661133	10	system
-21.022266387939453	0.54789137840271	4	found
14.349007606506348	35.019901275634766	2	How
15.205391883850098	33.976261138916016	2	When
-3.5681097507476807	-27.699729919433594	3	days
-14.0248384475708	17.177993774414062	6	without
-24.989501953125	13.157230377197266	5	always
-33.0331916809082	10.34930419921875	6	different
-33.74515914916992	9.194286346435547	7	next
-16.33807945251465	-6.231563568115234	4	set
-27.801855087280273	19.220062255859375	0	must
-18.77651023864746	16.661298751831055	6	since
-21.354707717895508	10.965779304504395	5	high
-31.706851959228516	0.9924509525299072	7	video
-35.96646499633789	12.014532089233398	5	sure
3.1641464233398438	-21.958728790283203	8	lot
12.8072509765625	33.693870544433594	2	Your
26.960556030273438	25.205293655395508	2	More
-15.853679656982422	-18.665027618408203	8	number
6.9375834465026855	-20.848743438720703	10	service
-6.109863758087158	6.646128177642822	7	three
-14.9505615234375	18.61749839782715	6	including
-6.984280109405518	-3.338042974472046	4	give
17.284719467163086	29.470478057861328	2	She
-25.038299560546875	-8.326522827148438	10	show
-22.25090789794922	-7.511380672454834	6	end
-20.4072265625	-13.641996383666992	10	family
-21.0988712310791	3.031797409057617	4	looking
-29.59510612487793	-7.177326202392578	3	thing
-38.58262634277344	3.992180347442627	7	name
16.78443145751953	29.883502960205078	2	One
-34.75654602050781	-0.8869893550872803	7	post
-30.619487762451172	18.590850830078125	0	might
-33.96839141845703	8.214727401733398	7	today
-27.822999954223633	-11.952970504760742	7	week
-27.38825225830078	9.706256866455078	7	old
-2.266767978668213	-5.249155521392822	4	put
29.281068801879883	-5.909398078918457	4	reblogged
-7.920151233673096	-10.034492492675781	4	read
-31.691659927368164	-5.691440105438232	10	company
-36.80686569213867	-2.265294313430786	10	money
-36.97592544555664	8.046560287475586	7	top
-36.08046340942383	10.94152545928955	5	big
-35.61658477783203	3.343801498413086	7	book
15.000760078430176	-13.704445838928223	10	area
3.894601583480835	2.9319798946380615	5	full
-36.838138580322266	-1.4278866052627563	7	page
-16.27383041381836	-2.134674072265625	4	keep
-7.598935604095459	3.134167432785034	6	away
-15.664636611938477	10.032736778259277	5	small
-4.016205787658691	-4.2438201904296875	4	feel
22.777738571166992	-9.513775825500488	10	support
-18.0363826751709	8.669124603271484	5	real
-28.91783332824707	-21.027294158935547	3	times
-29.546585083007812	6.105039119720459	7	says
-37.39760208129883	-1.4916783571243286	10	school
-18.60163116455078	-7.460738658905029	10	play
-22.69269561767578	-8.684895515441895	7	left
-17.0744686126709	-15.31895923614502	10	team
-6.556789398193359	-14.89112663269043	10	water
20.69181251525879	-18.55201530456543	3	point
8.617523193359375	-19.66301727294922	10	data
-21.0657901763916	-15.401983261108398	10	music
14.151582717895508	34.01945877075195	2	Our
-35.5904541015625	10.4971342086792	7	ever
13.941105842590332	29.74176788330078	2	News
9.952863693237305	10.199910163879395	7	second
8.154546737670898	-13.198302268981934	10	order
-26.616300582885742	-21.557270050048828	3	children
-17.754947662353516	17.82524299621582	6	within
33.476768493652344	15.14983081817627	1	City
18.2291316986084	30.916278839111328	2	Now
-15.239994049072266	17.393007278442383	6	though
-17.135623931884766	-5.764256000518799	4	start
16.82807731628418	30.790340423583984	2	American
-1.7062321901321411	-27.835529327392578	8	months
-16.382741928100586	-26.485124588012695	3	services
20.129091262817383	-14.806245803833008	10	experience
-35.82583236694336	-2.1027350425720215	10	car
28.7200927734375	17.585195541381836	1	University
-0.8658139705657959	-19.78160285949707	10	case
-24.781978607177734	4.20963716506958	4	making
-22.758819580078125	2.4801785945892334	4	getting
-4.8851728439331055	-1.8667678833007812	4	done
19.27237892150879	22.05710220336914	1	God
-9.729961395263672	-20.39261245727539	10	state
-11.109217643737793	-1.1823774576187134	4	provide
15.984094619750977	-16.912418365478516	10	course
-22.867679595947266	-14.068228721618652	10	list
41.55398178100586	16.386306762695312	9	June
-7.9223313331604	-11.922167778015137	4	change
-1.0285584926605225	4.315143585205078	10	local
6.972231388092041	1.8217759132385254	5	enough
12.389187812805176	-2.2511789798736572	5	hard
15.916056632995605	26.37727165222168	1	Free
-7.946645736694336	-18.945791244506836	10	person
-14.19990062713623	1.2045838832855225	4	let
6.483312606811523	-18.211519241333008	10	line
15.72839069366455	34.277408599853516	2	From
-32.66655349731445	-0.06781464070081711	7	website
11.060718536376953	4.224825382232666	6	least
-39.786216735839844	6.83912992477417	7	live
7.317838668823242	-16.43341827392578	10	power
-21.4587459564209	-2.3254029750823975	4	try
-16.1529541015625	10.274809837341309	5	important
-18.039546966552734	-2.9997148513793945	4	working
21.98686408996582	-4.134242057800293	6	less
-1.228532314300537	-23.174427032470703	8	quality
-8.520649909973145	-16.90793228149414	10	group
11.575480461120605	-16.8885498046875	10	care
-34.626426696777344	1.8304119110107422	7	makes
-13.961612701416016	-3.792243719100952	4	thought
13.086684226989746	-10.041322708129883	6	side
-7.878586769104004	-10.561603546142578	4	call
16.294225692749023	27.921293258666992	2	United
-30.172109603881836	6.941529273986816	7	per
23.529600143432617	-13.340282440185547	10	room
-35.1490364074707	11.655596733093262	5	actually
14.201985359191895	31.704992294311523	2	These
-6.89989709854126	-19.799116134643555	10	program
-32.31416702270508	-3.11405348777771	7	public
35.111820220947266	18.948331832885742	9	John
13.526616096496582	-25.374412536621094	3	products
42.524925231933594	15.286588668823242	9	January
10.826038360595703	8.151684761047363	6	following
-6.679270267486572	-16.649490356445312	10	job
-21.865474700927734	16.749332427978516	6	yet
-26.442737579345703	2.2134761810302734	4	called
-39.45232391357422	3.5754687786102295	4	buy
-2.7240793704986572	-27.51799964904785	8	hours
-22.361642837524414	16.990938186645508	6	already
-37.53773498535156	-2.9255051612854004	8	price
42.23319625854492	15.329379081726074	9	July
11.939289093017578	-1.6027024984359741	5	easy
19.359786987304688	-15.231258392333984	10	design
-21.496715545654297	9.913640022277832	7	far
11.46414852142334	31.47958755493164	2	World
-14.918427467346191	-1.6455966234207153	4	please
29.56442642211914	18.33959197998047	1	State
26.27027702331543	24.391874313354492	2	THE
21.78099250793457	-5.62476110458374	6	include
-29.23472023010254	-6.665334701538086	10	problem
-10.212929725646973	-3.264158248901367	4	open
-5.714970588684082	-17.466655731201172	10	health
-8.9276704788208	-17.73756980895996	10	food
-27.271461486816406	-19.186460494995117	7	women
-15.26469898223877	13.73530387878418	6	based
-16.48359489440918	2.592071771621704	4	went
-7.719954013824463	-16.701292037963867	10	body
40.138301849365234	9.511241912841797	1	County
-7.7376556396484375	-18.609481811523438	10	house
30.446752548217773	-7.506863594055176	10	process
-12.20241928100586	-7.960535526275635	3	needs
-19.387117385864258	-15.839803695678711	10	story
-18.47958755493164	-7.258230686187744	10	search
-13.804503440856934	9.774008750915527	5	large
43.11539077758789	13.128701210021973	9	February
19.934986114501953	30.542564392089844	2	Not
-15.478242874145508	14.674324035644531	6	together
-17.470365524291992	1.9429919719696045	4	came
21.396068572998047	-11.115472793579102	8	bit
23.482946395874023	29.054779052734375	2	After
-3.0995583534240723	4.345910549163818	7	someone
24.01729965209961	-9.77890682220459	10	run
17.26850700378418	32.80857467651367	2	Here
-24.648820877075195	-19.611129760742188	3	others
43.27638244628906	13.708391189575195	9	October
-25.755218505859375	12.598044395446777	5	anything
-24.57854652404785	13.518013000488281	5	often
-34.92167282104492	-1.7620176076889038	7	fact
-19.82103729248047	-10.183768272399902	7	blog
-3.4967093467712402	-24.68191146850586	8	means
4.0132060050964355	-12.928288459777832	4	offer
22.53647804260254	-12.408740997314453	10	country
31.318445205688477	-6.439726829528809	10	control
14.0663423538208	-24.820283889770508	3	friends
0.6010922789573669	-16.195085525512695	10	view
-14.961341857910156	1.6098134517669678	4	become
42.70219039916992	13.432150840759277	9	September
-30.95311737060547	18.140888214111328	0	possible
-32.6958122253418	7.732177734375	7	several
9.463995933532715	7.834349155426025	6	along
11.393241882324219	-2.0254855155944824	5	bad
2.7807202339172363	-24.032527923583984	8	market
-23.503591537475586	-12.825119018554688	10	city
-23.93883514404297	-7.720386981964111	10	fun
-27.232017517089844	1.1713142395019531	4	believe
42.85807800292969	14.388832092285156	9	December
-17.494722366333008	10.601433753967285	5	nice
16.834972381591797	-1.1758652925491333	5	pretty
27.89984703063965	22.47696304321289	1	Please
21.367334365844727	-14.677696228027344	10	product
42.493255615234375	12.899689674377441	9	August
-1.0262529850006104	-5.070699691772461	4	seen
31.188194274902344	17.584562301635742	1	Day
-33.81798553466797	-1.3959004878997803	7	web
-3.6939191818237305	-17.288423538208008	10	form
-12.655755043029785	0.03845841810107231	4	took
-27.947132110595703	-20.047847747802734	3	results
27.784610748291016	17.351259231567383	1	View
23.67426109313965	26.72478485107422	2	Just
20.68556022644043	-20.992835998535156	3	points
-23.448688507080078	-23.72207260131836	3	students
-18.57842445373535	-24.96462059020996	3	games
28.519140243530273	16.42296028137207	1	Center
-2.6101021766662598	5.69283390045166	7	past
-12.503273010253906	-1.6937068700790405	4	started
17.07107162475586	23.112464904785156	1	School
-21.812788009643555	-0.13827669620513916	4	tell
5.363736152648926	-23.21908187866211	8	level
17.03822898864746	26.437341690063477	2	Business
-36.77064895629883	4.327803134918213	7	news
22.565431594848633	18.31234359741211	1	Comments
3.0187017917633057	-18.321340560913086	10	government
-28.74686050415039	-8.337579727172852	8	kind
15.948204040527344	-23.798734664916992	3	members
-17.177106857299805	2.539635419845581	4	comes
-17.492036819458008	-13.315408706665039	10	head
8.11475944519043	-15.456483840942383	10	light
35.46609115600586	10.133262634277344	1	Price
-18.010746002197266	-4.255727767944336	4	check
22.744659423828125	-11.413905143737793	10	hand
-3.371540069580078	-27.048763275146484	3	minutes
38.04243087768555	13.002111434936523	1	North
-12.811317443847656	-6.306369304656982	4	hope
18.73729705810547	29.326597213745117	2	National
-0.7419534921646118	-22.702531814575195	8	type
3.3358144760131836	3.01102876663208	5	whole
-31.71869659423828	17.798236846923828	0	probably
26.513185501098633	-12.952054023742676	10	software
-10.58822250366211	-18.630125045776367	10	season
-20.77040672302246	11.964898109436035	5	everything
30.977205276489258	15.477278709411621	1	Thanks
-22.229663848876953	16.398115158081055	6	either
30.491220474243164	16.23662567138672	1	Read
-34.97977066040039	-2.7613954544067383	7	example
-21.274173736572266	6.8998565673828125	7	four
-9.297881126403809	-18.702495574951172	10	community
-14.376715660095215	-2.0531601905822754	4	trying
15.049595832824707	28.435632705688477	2	Video
-21.87639045715332	11.384984016418457	5	special
-16.95042610168457	-10.552988052368164	7	review
-20.387754440307617	11.651005744934082	5	anyone
-11.317963600158691	-21.02913475036621	8	million
6.708743095397949	-14.151468276977539	3	idea
29.14664077758789	14.512702941894531	1	States
30.204986572265625	-7.169173240661621	10	access
-19.190988540649414	-3.6941051483154297	4	posted
21.162155151367188	-4.483714580535889	6	added
-1.1510246992111206	-9.902817726135254	4	contact
12.104578018188477	5.274013996124268	6	add
-33.23828125	1.866481065750122	7	men
-12.402231216430664	1.0034477710723877	4	given
18.53472137451172	33.494625091552734	2	However
-12.40184497833252	10.8558931350708	5	everyone
13.97024154663086	25.616125106811523	1	Search
-14.881911277770996	-20.111331939697266	8	value
27.755794525146484	24.385799407958984	2	Last
-21.249011993408203	-12.986422538757324	10	phone
14.349721908569336	-0.005007490515708923	5	quite
3.6626169681549072	-17.53945541381836	10	email
35.6346321105957	11.725383758544922	1	House
-23.3232479095459	12.347774505615234	5	nothing
-3.498992443084717	-0.8620273470878601	4	known
-22.631908416748047	13.146151542663574	5	early
-13.257084846496582	16.019973754882812	6	near
-2.5251433849334717	-9.416889190673828	4	download
-27.8087215423584	9.55667781829834	7	current
19.3972225189209	29.09638023376465	2	First
-7.182552337646484	-12.146599769592285	4	pay
13.877914428710938	27.215219497680664	1	Best
-14.74518871307373	16.683107376098633	6	later
-4.407402992248535	-16.97610855102539	10	research
-13.673005104064941	-13.314718246459961	10	mind
-38.0247917175293	2.2643935680389404	7	question
-4.534785270690918	5.109250068664551	7	personal
20.3568115234375	31.950801849365234	2	See
15.925126075744629	-15.881377220153809	10	project
-28.302953720092773	-10.412964820861816	7	young
-5.753315448760986	-14.982198715209961	10	plan
-14.547393798828125	0.5837116241455078	4	told
17.07149887084961	-22.65390968322754	3	offers
14.5265474319458	0.0062010809779167175	5	almost
24.883787155151367	-12.329081535339355	10	development
-34.97939682006836	3.636371612548828	7	movie
21.006389617919922	21.29966163635254	1	Internet
14.643980979919434	32.150081634521484	2	Some
10.86538314819336	-2.0169994831085205	5	true
-0.4285438656806946	-17.686704635620117	10	link
-12.585577964782715	-18.693479537963867	8	month
29.898897171020508	22.05951499938965	1	Great
17.499794006347656	32.19010543823242	2	About
-19.786174774169922	-14.471902847290039	10	version
-33.64684295654297	6.093343734741211	7	article
9.469171524047852	-20.014341354370117	10	event
0.5339304208755493	-7.547515392303467	4	create
-37.38819885253906	-5.085340976715088	8	mean
-27.811595916748047	-9.835819244384766	10	future
-36.16259765625	-4.562469959259033	8	size
37.781654357910156	11.43695068359375	1	West
-11.301558494567871	-0.019345475360751152	4	taking
-20.265796661376953	-24.977458953857422	3	words
14.45976448059082	-17.46278190612793	10	face
-24.063039779663086	-6.24908971786499	5	single
-17.12811851501465	-27.565099716186523	3	features
28.348020553588867	18.585628509521484	1	Time
-25.737031936645508	9.540812492370605	7	close
11.196163177490234	-0.22729013860225677	5	beautiful
-4.009343147277832	-2.4566123485565186	4	looks
-31.712690353393555	4.643933296203613	7	via
-20.526113510131836	-10.794163703918457	7	history
33.184608459472656	11.338220596313477	1	Tags
11.79682445526123	-12.685916900634766	10	reading
28.757259368896484	-9.390786170959473	10	series
15.005696296691895	27.238460540771484	1	America
-18.423446655273438	17.900617599487305	6	across
-3.2121968269348145	-17.04578399658203	10	file
-1.4888652563095093	-23.8359375	8	cost
1.960687279701233	-2.8843636512756348	4	seems
-13.673497200012207	16.367036819458008	6	else
20.644092559814453	31.353307723999023	2	Why
-7.278517246246338	-6.943784236907959	4	visit
-0.008951075375080109	5.349732875823975	5	short
-22.403928756713867	-12.537012100219727	10	song
12.830385208129883	-10.175966262817383	10	front
-18.397626876831055	-27.110698699951172	3	works
36.205718994140625	11.314454078674316	1	Park
32.04122543334961	19.563093185424805	1	High
1.7427881956100464	-4.733434677124023	4	wanted
-0.9892222881317139	-21.378398895263672	10	class
28.954978942871094	13.330718040466309	3	Services
-17.69824981689453	-14.337334632873535	10	law
-23.932374954223633	4.908544540405273	4	coming
-40.588069915771484	7.6000494956970215	7	whether
-7.42244291305542	-16.81350326538086	10	sex
-31.28818702697754	-3.1857073307037354	7	share
20.29001808166504	21.821008682250977	1	Online
-25.376304626464844	-23.020111083984375	3	problems
16.14937400817871	-1.2620916366577148	5	perfect
12.161118507385254	23.726688385009766	4	Get
-3.497577667236328	-27.842130661010742	3	weeks
15.026006698608398	32.89610290527344	2	His
-30.99942970275879	-1.2230830192565918	7	film
35.18290328979492	10.904288291931152	1	Service
-15.113192558288574	10.747112274169922	5	low
30.589231491088867	13.955645561218262	1	Windows
-7.3839287757873535	-3.5521106719970703	4	taken
28.992919921875	15.852690696716309	1	Health
24.186813354492188	19.44859504699707	1	Reply
-5.063128471374512	-13.053200721740723	8	reason
-35.94322204589844	0.08615878969430923	7	details
-35.322837829589844	12.329041481018066	5	soon
-17.800090789794922	-15.04642391204834	10	party
6.141858100891113	1.5199778079986572	5	complete
-7.4754319190979	-17.731069564819336	10	child
25.39282989501953	23.0242977142334	2	International
-21.54029655456543	-24.042316436767578	3	companies
-37.962284088134766	0.8163271546363831	3	questions
15.64791202545166	-15.102458000183105	10	card
-2.158123016357422	-23.719078063964844	8	range
-11.181877136230469	-12.147016525268555	7	report
-26.341835021972656	-7.531940937042236	10	sale
11.102594375610352	3.3121819496154785	6	rather
21.386035919189453	-15.33203125	10	property
14.308204650878906	-25.81024742126465	3	comments
14.822151184082031	26.71099090576172	1	Post
35.8029899597168	12.732084274291992	1	Love
9.741052627563477	-1.9178147315979004	5	hot
14.484798431396484	-14.269563674926758	10	hotel
15.416972160339355	30.458059310913086	2	Top
-18.987197875976562	-12.843010902404785	10	friend
-23.736787796020508	-13.661294937133789	10	issue
28.28248405456543	22.256549835205078	1	Well
-0.2441462129354477	-4.589090824127197	4	understand
-6.096620559692383	4.276155948638916	7	due
-17.22544288635254	-4.570400238037109	4	learn
2.3695197105407715	-21.262741088867188	8	heart
-0.4946008324623108	-19.98237419128418	10	computer
13.590806007385254	-13.947793006896973	10	office
20.878719329833984	20.290882110595703	1	Music
-27.522729873657227	-21.14586639404297	3	kids
10.419960975646973	31.173429489135742	7	Web
1.7334232330322266	-8.670244216918945	4	stop
-12.384730339050293	17.17957878112793	6	especially
13.070877075195312	28.011062622070312	1	English
-6.283328056335449	-10.921513557434082	4	watch
41.38631057739258	14.246018409729004	9	Friday
-11.484954833984375	2.554933786392212	4	provides
8.004862785339355	-0.06783492863178253	5	simple
7.631838798522949	-18.488388061523438	10	art
0.19833773374557495	3.582784414291382	5	major
-25.498554229736328	-22.587289810180664	3	issues
21.514690399169922	30.173625946044922	2	Also
23.306964874267578	-14.41480541229248	10	management
1.1549086570739746	-6.308867454528809	4	move
1.1873093843460083	-18.72600746154785	10	content
14.158581733703613	-16.525836944580078	10	training
-20.3138370513916	-13.994114875793457	10	building
-21.32986831665039	-0.6128169894218445	4	asked
-11.41055965423584	-21.150177001953125	8	miles
26.57379722595215	-9.854769706726074	10	credit
-18.929901123046875	-12.080936431884766	7	couple
27.115751266479492	-10.468671798706055	10	industry
18.891223907470703	23.682287216186523	9	Date
-31.1518497467041	8.667764663696289	7	original
14.884696006774902	24.518064498901367	1	Page
-35.956878662109375	-4.113829612731934	8	age
3.2770586013793945	-18.705598831176758	10	air
30.246471405029297	-3.8874032497406006	6	AND
-6.258213043212891	6.250748634338379	7	five
-28.530649185180664	-12.102131843566895	7	date
29.113441467285156	21.486183166503906	1	Good
10.378835678100586	5.645077705383301	6	includes
16.448453903198242	32.822120666503906	2	Other
-25.55890464782715	-8.308143615722656	10	study
14.124417304992676	-5.500531196594238	8	half
-6.340028285980225	-20.025175094604492	10	social
-23.986146926879883	-23.079185485839844	3	shows
7.436883926391602	-18.95908546447754	10	space
-5.347883701324463	9.380438804626465	7	photos
-25.74970054626465	6.379410266876221	7	present
-14.108193397521973	8.904532432556152	5	happy
20.76711654663086	-11.987127304077148	8	matter
-2.3949661254882812	-6.462150573730469	4	turn
2.3488242626190186	-4.789787292480469	4	needed
38.701377868652344	11.832551002502441	1	David
-24.86508560180664	0.9229386448860168	4	gets
-3.4744274616241455	-18.563491821289062	10	image
22.327423095703125	-13.526163101196289	10	performance
-3.0285184383392334	-20.535322189331055	3	media
28.34599494934082	25.09696388244629	2	Then
9.254520416259766	-10.353397369384766	10	human
8.289410591125488	0.7806468605995178	5	simply
-3.25011944770813	-4.816294193267822	4	stay
9.335108757019043	-13.019607543945312	10	running
-0.6275349259376526	-17.077545166015625	10	deal
-10.234413146972656	-3.6091127395629883	4	living
-7.694851875305176	-15.72305679321289	10	style
30.946754455566406	18.42469024658203	1	London
-23.12139320373535	2.276418924331665	4	provided
-21.683181762695312	-1.2865912914276123	4	ask
-38.20591735839844	7.341959476470947	7	main
-10.549185752868652	-2.5886459350585938	4	enjoy
12.982597351074219	-14.083354949951172	10	member
11.51156997680664	-2.9663283824920654	5	required
-7.1252593994140625	-1.948243260383606	4	bring
27.1888427734375	23.34385871887207	1	Most
25.21036148071289	17.958221435546875	1	Download
-19.687475204467773	-16.467687606811523	10	technology
-14.515990257263184	17.622411727905273	6	upon
20.524030685424805	31.153018951416016	2	Are
-23.308792114257812	1.2419432401657104	4	playing
14.64908218383789	-17.31776237487793	10	action
-13.651995658874512	-20.656991958618164	8	rate
30.951990127563477	20.39226531982422	2	San
29.883785247802734	15.383639335632324	1	Google
-39.979251861572266	6.968864440917969	7	comment
-2.443084478378296	-6.059568405151367	4	saw
12.331730842590332	-15.486331939697266	10	insurance
4.979994773864746	-16.1972713470459	10	sound
6.45674991607666	-16.56710433959961	10	code
-24.582748413085938	-1.906049370765686	4	takes
-8.074856758117676	-10.558941841125488	4	talk
34.01352310180664	13.90482234954834	1	Hotel
-7.769108295440674	-15.059989929199219	10	test
22.155532836914062	29.428268432617188	2	While
40.7211799621582	16.01250457763672	9	Sunday
2.0971033573150635	-15.930949211120605	10	key
-14.282075881958008	-14.819183349609375	3	stuff
-28.430927276611328	19.244049072265625	0	cannot
-33.4371223449707	11.173173904418945	6	however
-2.047945499420166	0.25135937333106995	5	related
-18.886383056640625	-5.1469197273254395	4	win
40.99267578125	15.574031829833984	9	Saturday
24.42154312133789	20.825237274169922	1	Review
39.202022552490234	9.22251033782959	1	Click
20.709827423095703	24.95408058166504	4	Find
32.75214767456055	17.251564025878906	1	California
-34.28656005859375	10.664177894592285	6	various
-15.843661308288574	18.823684692382812	6	among
-24.190589904785156	14.412564277648926	5	usually
-3.1041579246520996	-6.672059535980225	4	meet
-17.584484100341797	-27.500062942504883	3	parts
14.99209213256836	-25.188650131225586	3	guys
10.660298347473145	8.038131713867188	6	behind
-7.081048965454102	-14.759848594665527	10	word
-35.69562911987305	-2.9531586170196533	10	result
-37.33389663696289	-5.074289798736572	8	amount
-0.06800756603479385	-18.912160873413086	10	store
-21.813161849975586	-14.17104434967041	10	position
22.877565383911133	-7.6745123863220215	4	return
8.406111717224121	-18.334016799926758	10	field
30.30381965637207	-8.328608512878418	8	interest
7.183871746063232	-11.32580280303955	4	guy
-28.634262084960938	-19.655868530273438	3	books
-15.897456169128418	-26.510194778442383	3	events
-6.400121688842773	-5.4906439781188965	4	hit
9.887094497680664	6.962374687194824	6	longer
37.45574951171875	13.280291557312012	1	Yes
-17.447769165039062	-1.8666163682937622	4	leave
29.886112213134766	21.72760772705078	1	Big
-16.90053939819336	-26.021053314208984	3	items
-27.60110855102539	10.3604097366333	5	total
-2.2708706855773926	-4.170757293701172	4	remember
-14.410118103027344	-18.280519485473633	8	percent
-28.45812225341797	-21.63056755065918	3	prices
-25.59114646911621	11.52466869354248	5	wrong
27.926782608032227	-9.266386032104492	10	address
22.647682189941406	-6.839601039886475	4	lost
0.3553754985332489	-18.386314392089844	10	message
18.00726890563965	-16.949886322021484	10	rest
8.337491035461426	-1.199118733406067	5	natural
-20.592819213867188	-11.36219310760498	7	picture
-37.209903717041016	1.9508172273635864	7	cause
-0.6971670389175415	5.252177715301514	5	general
-23.940919876098633	4.154808044433594	4	goes
15.14988899230957	-7.77239990234375	4	created
10.3443603515625	-3.331758499145508	5	favorite
15.915973663330078	-17.53032684326172	10	color
0.4738122820854187	-16.13359260559082	10	drive
6.657325267791748	-0.06636298447847366	5	clear
10.447732925415039	5.865854740142822	6	outside
28.837833404541016	-7.277520179748535	4	click
30.421157836914062	18.401264190673828	1	Part
-5.857630729675293	-20.469383239746094	10	paper
31.988792419433594	12.793073654174805	1	Information
26.821931838989258	17.784238815307617	1	Life
2.185882091522217	-3.2207069396972656	4	shall
-20.135303497314453	1.4082545042037964	4	held
-29.690950393676758	8.373279571533203	6	inside
-26.54311180114746	4.993915557861328	7	located
12.69450855255127	24.294036865234375	4	Buy
-1.5425047874450684	5.370256423950195	7	private
-33.03677749633789	9.043625831604004	7	currently
-13.16854190826416	-17.733524322509766	8	morning
-12.102326393127441	15.785344123840332	5	similar
-5.392090320587158	-18.98906135559082	10	user
14.72757625579834	26.014318466186523	1	USA
-31.66725730895996	17.8721923828125	0	maybe
0.8302769660949707	-9.815596580505371	4	designed
9.201485633850098	-9.621933937072754	5	professional
-13.703128814697266	-2.405034065246582	4	heard
34.74562454223633	22.59719467163086	9	Jan
-3.7181947231292725	9.07924747467041	7	internet
-0.991955578327179	-8.424215316772461	10	writing
24.69577407836914	-9.631287574768066	10	lead
-18.242666244506836	-1.5798918008804321	4	hear
22.416688919067383	-14.20734977722168	10	security
17.56507110595703	-14.018628120422363	10	application
-25.016508102416992	15.621647834777832	5	certain
-0.8925065994262695	-9.571417808532715	4	cover
-18.42889976501465	-25.878915786743164	3	rights
9.887727737426758	-17.563247680664062	10	staff
32.941856384277344	12.56353759765625	1	Group
27.201831817626953	-11.79563045501709	8	period
-1.2894377708435059	-18.81292724609375	10	sales
11.325565338134766	18.743438720703125	0	Can
10.621369361877441	10.586020469665527	7	third
30.918678283691406	14.835088729858398	1	College
-23.09884262084961	-21.60796356201172	3	pictures
-22.575796127319336	11.75629711151123	5	common
39.271728515625	7.844012260437012	6	addition
28.9490909576416	17.263301849365234	1	Sale
32.22587203979492	18.095233917236328	1	Washington
1.408578634262085	-20.170005798339844	10	subject
-20.957225799560547	-12.030538558959961	7	record
-31.401445388793945	17.8294677734375	0	likely
-24.451353073120117	4.8373823165893555	4	saying
41.32831573486328	15.796431541442871	9	Monday
-21.893020629882812	-24.40464210510254	3	sites
23.646455764770508	-11.28429126739502	10	hair
22.1850528717041	21.32577133178711	1	President
-3.618239641189575	-0.45288828015327454	4	written
-25.029266357421875	-20.5500545501709	3	changes
39.8466682434082	14.263100624084473	9	James
31.96659278869629	14.125758171081543	1	Obama
7.992767810821533	-18.932844161987305	10	source
-2.559431791305542	-7.731147289276123	4	received
-13.59104061126709	13.96782398223877	6	continue
-17.406091690063477	-3.1332263946533203	4	ready
-3.6015262603759766	8.557989120483398	7	photo
16.351106643676758	-23.325885772705078	3	customers
-5.837037086486816	-12.14169692993164	4	sense
4.459980487823486	3.223177194595337	5	interesting
-16.89179039001465	16.174394607543945	7	recent
36.56455612182617	10.8384370803833	1	Art
-7.213086128234863	4.921779155731201	6	forward
-14.03469467163086	-20.156200408935547	8	weight
-19.288015365600586	10.436851501464844	5	popular
14.091594696044922	-25.688217163085938	3	reviews
-31.066585540771484	5.0557355880737305	7	wrote
-25.701759338378906	-20.309139251708984	3	ways
-25.691755294799805	7.518983840942383	7	latest
13.885281562805176	-13.273757934570312	10	oil
-13.6410493850708	17.88933563232422	6	instead
-16.28087043762207	-27.771217346191406	3	players
34.097171783447266	16.35561180114746	1	East
36.83749771118164	11.784107208251953	1	Road
9.064228057861328	-14.385552406311035	4	cut
15.295515060424805	-1.8241591453552246	5	strong
18.181636810302734	-22.695722579956055	3	users
-17.05522346496582	-14.484946250915527	10	death
26.582075119018555	22.432409286499023	1	General
-16.198585510253906	16.741134643554688	6	recently
-20.17521095275879	-0.7973674535751343	4	save
21.837614059448242	-9.21105670928955	3	thanks
1.7964378595352173	4.961583137512207	5	late
22.835691452026367	-10.600451469421387	10	red
6.217475414276123	-21.194183349609375	10	education
23.109630584716797	-12.116494178771973	10	financial
8.757883071899414	-2.2146451473236084	5	cool
12.070747375488281	5.135525226593018	6	included
24.35259246826172	-14.325946807861328	10	treatment
30.24748992919922	16.714351654052734	1	Thank
15.242647171020508	-2.478391408920288	5	unique
32.81439208984375	17.956960678100586	1	Paul
-22.035133361816406	0.9350751638412476	4	send
-26.58389663696289	0.053732484579086304	4	write
-14.165063858032227	-25.882122039794922	3	jobs
-9.324000358581543	-16.057960510253906	10	baby
4.050101280212402	-4.981983661651611	4	seem
10.576057434082031	-18.020851135253906	10	player
25.513626098632812	19.19146156311035	1	Show
-2.9478707313537598	8.967623710632324	7	section
16.68021011352539	24.8530216217041	1	Company
24.945993423461914	21.871318817138672	1	Photo
28.87736701965332	23.722373962402344	2	Like
-20.29300308227539	-1.7625128030776978	4	choose
-3.434954881668091	-3.7111258506774902	4	thinking
10.116579055786133	0.061098288744688034	5	amazing
-5.416195869445801	-12.886402130126953	10	choice
-19.164207458496094	17.75159454345703	6	according
36.26202392578125	19.626855850219727	9	Feb
39.51245880126953	12.63927936553955	1	Christmas
-5.190634727478027	-17.12460708618164	10	travel
40.339080810546875	9.878146171569824	1	Blue
6.184303283691406	-13.57952880859375	4	wish
23.370758056640625	25.50525665283203	2	Let
22.950794219970703	18.52757453918457	1	People
38.29458999633789	12.48927116394043	1	Michael
15.431501388549805	32.27088165283203	2	Today
24.408145904541016	22.3322696685791	2	China
-14.46286678314209	9.526749610900879	5	fine
-18.55775260925293	-16.074087142944336	10	center
0.4183676242828369	-3.884073495864868	4	allow
-14.029995918273926	-4.267210483551025	4	wait
30.06733512878418	-4.178638935089111	6	increase
-12.812772750854492	-9.69771671295166	8	chance
13.702316284179688	-5.537383079528809	5	final
17.051624298095703	33.61404037475586	2	Who
-15.83432674407959	-7.186609268188477	4	answer
-17.37190818786621	0.25766056776046753	4	played
-15.813753128051758	8.398255348205566	5	fast
3.874135732650757	-9.311363220214844	3	likes
-4.217605113983154	-23.3018741607666	8	worth
28.90091896057129	18.24448585510254	1	Department
18.67839241027832	-22.512969970703125	3	programs
40.7445182800293	15.158638000488281	9	Thursday
-1.950351357460022	-9.789300918579102	4	release
35.30098342895508	12.169092178344727	1	Office
13.619858741760254	-16.802383422851562	10	box
16.901058197021484	-15.633333206176758	10	material
0.6109350323677063	-19.717998504638672	10	tax
-4.740665912628174	-18.104461669921875	10	location
9.09577465057373	-0.47256362438201904	5	specific
-23.674671173095703	-21.384809494018555	3	ones
4.185150146484375	-14.796858787536621	10	meeting
11.785935401916504	-14.32225227355957	10	town
6.067459583282471	2.196032762527466	5	entire
-0.19160914421081543	4.681090831756592	5	individual
41.62594223022461	14.888134002685547	9	Tuesday
-20.831329345703125	-25.801773071289062	3	eyes
37.882957458496094	11.951340675354004	1	Texas
29.266998291015625	20.60504913330078	1	Real
14.873995780944824	-25.4777889251709	3	girls
-20.441680908203125	-14.697442054748535	10	board
42.07103729248047	14.187826156616211	9	Wednesday
2.921555280685425	4.027843475341797	5	particular
-14.493242263793945	15.27303695678711	6	higher
5.009828567504883	2.616109609603882	5	huge
21.399660110473633	20.652841567993164	1	Women
8.912314414978027	-11.180540084838867	10	medical
13.236815452575684	-15.359002113342285	8	term
18.990293502807617	30.141637802124023	2	Two
-4.418499946594238	-6.7900214195251465	4	receive
25.641490936279297	-13.353887557983398	10	marketing
0.30685606598854065	-6.441954612731934	4	hold
7.181162357330322	-17.194053649902344	10	text
15.573651313781738	25.591068267822266	1	Book
-13.274874687194824	-4.048730373382568	4	tried
13.45686149597168	-17.099611282348633	10	table
16.0468692779541	-10.129724502563477	9	summer
-7.031525611877441	-3.7046008110046387	4	gave
1.8538568019866943	-7.984004974365234	4	build
-1.4904282093048096	-3.0619847774505615	4	follow
7.304113388061523	1.2625371217727661	5	easily
33.653709411621094	16.83095359802246	1	Canada
21.836856842041016	-10.300666809082031	8	loss
36.88936233520508	9.525647163391113	1	Design
-5.4602131843566895	-5.679412841796875	4	worked
21.49374771118164	21.679401397705078	1	Report
18.38412094116211	21.87919044494629	7	Blog
-14.782720565795898	8.653440475463867	5	cheap
9.921366691589355	-5.328888416290283	4	agree
17.973461151123047	-23.69426727294922	3	files
-16.830583572387695	-14.171690940856934	10	road
21.66791534423828	-19.879858016967773	3	options
22.88411521911621	17.956863403320312	1	Reviews
20.07478904724121	-3.8520619869232178	6	additional
-16.169050216674805	9.539523124694824	5	wide
18.465654373168945	26.063812255859375	2	India
3.5757360458374023	-22.32135581970215	8	standard
21.71129035949707	26.266128540039062	2	Have
24.966617584228516	26.654258728027344	2	Next
1.1581387519836426	-23.83816909790039	8	opportunity
0.4727115035057068	-4.800199031829834	4	decided
17.2482852935791	-17.389965057373047	8	step
24.570419311523438	-10.787911415100098	10	role
-25.2882080078125	-21.884784698486328	3	lives
-17.444921493530273	-26.82114601135254	3	pages
-2.6295969486236572	7.112787246704102	7	national
-18.92761993408203	-26.997121810913086	3	ideas
-22.47869873046875	-24.072420120239258	3	parents
-23.26753044128418	-24.32603645324707	3	terms
10.368507385253906	-16.701908111572266	10	collection
37.495147705078125	9.24846076965332	1	Management
-31.598957061767578	1.9806938171386719	7	international
0.7407699227333069	-21.469894409179688	10	method
15.03095531463623	-15.865729331970215	10	piece
13.730321884155273	33.22663879394531	2	Many
24.128435134887695	-11.691320419311523	10	practice
-22.835018157958984	-11.45390796661377	7	title
24.808637619018555	-13.193869590759277	10	skin
13.632554054260254	24.1671199798584	1	Use
-3.3180601596832275	5.190993309020996	7	six
32.109310150146484	12.243842124938965	1	Research
11.223889350891113	-15.08683967590332	10	policy
-21.62774658203125	-10.99392318725586	7	door
-17.824993133544922	-5.567674160003662	4	purchase
26.229780197143555	-8.95368480682373	10	green
-22.585834503173828	-11.105332374572754	7	wife
-19.86471176147461	-25.865558624267578	3	links
38.277034759521484	9.17681884765625	1	DVD
-11.217765808105469	1.3432620763778687	4	gives
10.764209747314453	-0.610640823841095	5	excellent
24.398393630981445	18.807952880859375	1	Contact
28.165149688720703	-9.635613441467285	10	knowledge
26.77105140686035	-13.342803955078125	10	stock
28.92970085144043	-8.183717727661133	10	production
-2.929067373275757	-1.6877411603927612	4	interested
-31.88947868347168	-0.7070143222808838	7	war
-24.97905921936035	11.978845596313477	5	quickly
-0.6580932140350342	-24.08003044128418	8	risk
38.32270812988281	10.944615364074707	1	Beach
-23.828914642333984	14.13118839263916	5	sometimes
-21.04827308654785	-24.915178298950195	3	images
24.132293701171875	27.515737533569336	2	Even
9.413372993469238	8.040111541748047	6	throughout
25.632776260375977	-11.512809753417969	10	track
-27.48716163635254	-19.626380920410156	3	videos
-23.77142333984375	-0.37744081020355225	4	starting
-2.474378824234009	-7.949063777923584	4	giving
20.547664642333984	-3.871671438217163	6	lower
17.898433685302734	-23.880538940429688	3	groups
0.6750217080116272	-3.1992721557617188	4	looked
-36.67268371582031	9.076628684997559	7	average
-1.1068531274795532	-6.326324939727783	4	talking
-9.13447380065918	-11.111161231994629	4	shot
29.774812698364258	-7.633934497833252	10	effect
8.904214859008789	1.7439745664596558	5	wonderful
9.66407585144043	0.772411584854126	5	completely
-20.29397201538086	-9.625969886779785	7	political
17.061229705810547	-22.757692337036133	3	hands
23.820144653320312	-10.606525421142578	10	dog
21.043184280395508	-11.812512397766113	8	moment
12.69015884399414	-24.353252410888672	3	activities
-28.46067237854004	0.8830791711807251	4	sent
-5.658883571624756	-1.681653618812561	4	knew
6.049107074737549	-18.716615676879883	10	land
16.467676162719727	23.36334991455078	1	Game
35.027137756347656	22.314918518066406	9	Jun
24.906036376953125	25.32965660095215	2	Back
-24.189775466918945	2.7403149604797363	4	involved
-39.992000579833984	10.441563606262207	2	Comment
4.187838077545166	-18.67426300048828	10	band
16.258880615234375	-1.9641345739364624	5	difficult
16.729080200195312	-2.8910024166107178	5	finally
-32.63650894165039	-1.5491288900375366	7	info
9.236080169677734	-15.280696868896484	10	success
24.429969787597656	19.551212310791016	1	Check
-4.982021331787109	-4.93111515045166	4	built
1.7968688011169434	-5.639586925506592	4	felt
9.215892791748047	-18.843271255493164	10	screen
38.928016662597656	10.633936882019043	1	Lake
-6.329634666442871	-19.43372917175293	10	student
-20.490026473999023	-5.07708740234375	4	fit
13.250387191772461	-2.268139362335205	5	clean
-22.167633056640625	-3.4823012351989746	4	wants
-29.796550750732422	0.8191429972648621	7	born
35.83388900756836	20.468463897705078	9	Oct
-16.83668327331543	-12.847381591796875	10	fire
1.6684420108795166	-24.421585083007812	8	hour
-6.4360175132751465	-18.731149673461914	10	language
35.70636749267578	20.513166427612305	9	Dec
-12.816059112548828	-9.702510833740234	8	potential
20.647197723388672	-15.71434211730957	10	device
26.264169692993164	18.66090202331543	1	Board
19.100872039794922	-16.896203994750977	4	attention
16.075838088989258	-14.067493438720703	10	customer
38.58029556274414	9.743612289428711	1	Product
26.04229164123535	-12.472270011901855	10	equipment
21.536373138427734	-19.004547119140625	3	feet
33.223052978515625	16.44951820373535	1	Florida
12.038832664489746	32.555755615234375	2	Live
34.82676315307617	13.282437324523926	1	King
-27.0974178314209	-20.895687103271484	3	posts
-23.37101936340332	-11.232640266418457	7	mother
20.66622543334961	-10.815656661987305	10	ability
16.3242244720459	24.150686264038086	1	Car
26.22032928466797	-14.894655227661133	10	fall
19.427677154541016	-3.873173236846924	6	extra
11.199844360351562	10.619504928588867	7	former
12.566484451293945	29.579147338867188	2	Year
31.4581298828125	13.423076629638672	1	Media
18.76216697692871	-11.52525520324707	8	variety
4.069892406463623	-13.317743301391602	10	bed
13.007190704345703	-24.598508834838867	3	cases
25.2041072845459	27.707910537719727	2	Since
15.958108901977539	-2.131047010421753	5	necessary
31.987747192382812	22.419382095336914	0	Will
23.53719139099121	-6.895021915435791	4	guess
-15.116673469543457	-0.37751051783561707	4	allows
-6.120990753173828	-0.9560902118682861	4	turned
34.82865905761719	22.06633949279785	9	Nov
-18.562471389770508	-26.674245834350586	3	plans
-12.387056350708008	3.676725387573242	7	published
25.5766658782959	-10.24184513092041	10	blood
-15.181262969970703	13.632282257080078	6	leading
28.905797958374023	-12.109729766845703	3	effects
20.395702362060547	-19.69839859008789	3	types
11.133824348449707	-16.40085220336914	10	response
-2.3470089435577393	-25.448684692382812	8	costs
-11.045722007751465	0.32312217354774475	4	began
27.715831756591797	-8.693193435668945	10	focus
-5.849788188934326	-0.11100393533706665	4	became
-27.143211364746094	1.3985384702682495	4	consider
19.718358993530273	-19.782550811767578	8	levels
-9.172586441040039	-13.358131408691406	10	learning
-35.58567810058594	7.019874095916748	7	daily
-20.673070907592773	-3.1459438800811768	4	happen
19.232553482055664	-21.45248794555664	3	resources
33.43748092651367	12.259137153625488	1	Apple
21.35492515563965	25.819639205932617	2	Make
15.922242164611816	-10.189241409301758	10	weekend
10.116683959960938	1.035553216934204	5	exactly
-16.08597183227539	-15.07469654083252	10	wedding
23.65282440185547	26.75837516784668	2	Only
19.043697357177734	-16.44597816467285	10	growth
16.170127868652344	33.401145935058594	2	Where
1.7964184284210205	-20.056964874267578	10	feature
-19.77156639099121	-2.039306402206421	4	sell
-7.292403697967529	-1.3000047206878662	4	brought
2.8947813510894775	-19.98188591003418	10	ground
-15.312328338623047	-19.512439727783203	8	speed
14.422635078430176	-15.383149147033691	10	base
9.100998878479004	-16.41986656188965	10	trip
5.899591445922852	-15.582091331481934	10	decision
32.42856979370117	13.054964065551758	1	Software
15.958866119384766	27.213048934936523	2	Sun
10.621949195861816	-13.860981941223145	10	pain
20.1599178314209	-4.422641754150391	6	plus
24.6430606842041	19.242000579833984	4	Set
14.694021224975586	-13.458015441894531	10	environment
25.96760368347168	20.99236488342285	1	Public
15.446386337280273	23.4855899810791	1	Posts
14.54789924621582	28.089141845703125	2	Man
-12.436441421508789	3.4262142181396484	4	released
28.933874130249023	-10.727701187133789	10	skills
-2.397543430328369	-25.507863998413086	8	rates
37.570213317871094	10.218478202819824	1	Series
33.711769104003906	13.426390647888184	1	Community
13.889632225036621	-2.1658852100372314	5	effective