x	y	cluster	word
16.91008949279785	32.01276397705078	4	her
16.054183959960938	31.52541732788086	4	she
16.467470169067383	32.28249740600586	4	girl
18.496456146240234	32.44278335571289	4	woman
16.82765769958496	32.959136962890625	4	daughter
17.86989402770996	32.35527801513672	4	female
17.043949127197266	32.0365104675293	4	sister
15.89447021484375	27.481792449951172	4	hers
12.550385475158691	27.809385299682617	4	She
9.648406982421875	3.3346641063690186	6	area
-25.514036178588867	16.451454162597656	10	June
-32.1689567565918	0.4930955171585083	10	April
-27.192068099975586	8.854265213012695	10	July
19.93088150024414	3.416332960128784	0	design
18.778715133666992	31.937114715576172	4	women
-31.141056060791016	-9.222755432128906	1	October
17.94122886657715	14.726560592651367	6	community
9.321898460388184	21.430240631103516	5	beautiful
27.514259338378906	-17.00759506225586	8	weeks
16.451217651367188	12.324638366699219	6	model
-9.223370552062988	1.4107621908187866	1	Christmas
17.410354614257812	30.37065315246582	4	girls
14.98934268951416	29.489768981933594	4	Women
14.422937393188477	8.02086353302002	6	table
15.788708686828613	-3.3975582122802734	0	Design
12.893559455871582	13.793578147888184	7	skin
16.429277420043945	31.220077514648438	4	wife
4.9727783203125	-0.32429608702659607	6	knowledge
11.249140739440918	4.500008583068848	6	attention
17.251636505126953	31.449811935424805	4	mother
-10.062386512756348	0.41304150223731995	1	Community
17.680007934570312	15.501017570495605	6	gift
11.466469764709473	10.243553161621094	7	spend
-9.022449493408203	-1.5736944675445557	1	Network
-19.053245544433594	-17.90806770324707	0	Description
-5.239078998565674	-7.36950159072876	6	stage
-17.412113189697266	-1.7578694820404053	1	Care
-35.11420440673828	-9.991874694824219	1	Valley
11.991768836975098	5.145463943481445	6	request
15.362870216369629	15.947110176086426	7	fresh
11.431295394897461	4.428184986114502	6	update
-25.31184196472168	-1.8271617889404297	1	Water
-10.870880126953125	0.0249668937176466	1	Email
-20.32525062561035	29.90913963317871	10	Mary
11.746406555175781	11.754129409790039	7	cold
29.63180160522461	-18.700035095214844	8	tips
-1.5190900564193726	5.6461052894592285	7	glass
19.610483169555664	-18.516586303710938	8	models
20.803634643554688	1.9082705974578857	0	delivery
16.723878860473633	15.765554428100586	7	kitchen
17.58744239807129	0.5134194493293762	0	holiday
33.17625427246094	-19.557283401489258	8	stars
5.692634582519531	7.775883674621582	7	scene
-5.950023651123047	-8.366354942321777	6	reference
14.222050666809082	27.95966911315918	4	miss
19.777740478515625	-1.7035974264144897	0	drop
-4.339601993560791	2.3532888889312744	1	Model
24.475906372070312	15.031139373779297	3	fashion
9.185630798339844	7.206089973449707	7	thread
10.620768547058105	20.603036880493164	5	cute
24.904144287109375	14.640953063964844	3	dress
-29.056354522705078	12.554742813110352	10	Carolina
10.387065887451172	21.03384780883789	5	beauty
-22.253034591674805	-8.21175765991211	1	Area
9.041873931884766	28.49371910095215	4	Girl
18.1833438873291	3.4780118465423584	6	dinner
11.789104461669922	26.752117156982422	4	Girls
-0.32532328367233276	0.4235037863254547	6	Gallery
-10.493791580200195	-1.432000994682312	1	Table
9.275731086730957	20.233318328857422	5	sexy
16.856914520263672	31.329553604125977	4	mom
2.7729268074035645	17.505159378051758	5	creative
-26.609495162963867	6.884958267211914	10	Jersey
10.26125717163086	21.333650588989258	5	lovely
14.760656356811523	-20.320287704467773	9	guests
-3.2214133739471436	-8.511791229248047	6	visitors
-25.082763671875	-4.781540870666504	1	Cup
33.278419494628906	-20.74953842163086	8	leaves
29.394384384155273	-13.158933639526367	8	dogs
27.463193893432617	-18.818674087524414	8	artists
-26.333690643310547	-2.5830941200256348	1	Williams
-10.41015911102295	-3.6041743755340576	1	Thread
14.827168464660645	-19.172786712646484	6	updates
-32.750221252441406	-0.4483470618724823	10	Georgia
6.885719299316406	-9.653690338134766	2	fee
2.901259422302246	12.037092208862305	7	cream
10.508272171020508	3.614032030105591	6	generation
28.63898468017578	1.900198221206665	2	flowers
13.629532814025879	11.849313735961914	7	worry
-16.09283447265625	-15.31572151184082	0	Holiday
18.84124755859375	-5.378940105438232	0	Directory
20.851696014404297	2.6138148307800293	0	deliver
14.058917999267578	-20.384992599487305	6	readers
7.299705982208252	-9.868305206298828	2	fees
7.786198139190674	1.2529338598251343	6	assistance
7.370778560638428	2.5571985244750977	6	guest
16.80337142944336	12.205866813659668	6	gallery
8.12938117980957	6.774600982666016	1	layer
-9.500535011291504	-1.18858003616333	1	Gift
21.694272994995117	8.82163143157959	3	furniture
-25.300273895263672	-8.829870223999023	1	RSS
27.99673080444336	-20.25768280029297	8	covers
9.846916198730469	8.156841278076172	7	scale
26.222579956054688	10.746696472167969	3	Fashion
-37.87425231933594	-10.417054176330566	7	Creek
-12.298898696899414	-2.6463463306427	1	Level
-28.075260162353516	-3.47220778465271	1	Glass
13.880553245544434	14.998189926147461	7	pussy
34.244544982910156	-19.883413314819336	8	gifts
-22.313528060913086	8.551990509033203	5	Pink
-36.57614517211914	-10.586142539978027	1	Taylor
-17.999807357788086	27.703882217407227	10	Queen
-24.900123596191406	25.961570739746094	10	Sarah
-18.840715408325195	22.876190185546875	4	Lady
-14.153812408447266	20.256242752075195	5	Rose
-0.6353819966316223	6.97750186920166	7	cheese
6.076713562011719	-7.736832618713379	2	flash
-25.932544708251953	3.7663018703460693	3	Leather
-11.681564331054688	18.633283615112305	5	Beautiful
-6.975378513336182	-5.366349220275879	6	cultural
11.071806907653809	28.24341583251953	4	Mother
29.96172523498535	-13.411272048950195	8	doors
13.056116104125977	24.740921020507812	4	viagra
-8.651718139648438	12.775750160217285	0	Disney
5.226653099060059	18.37104034423828	5	pink
-27.393138885498047	-4.007091999053955	1	LED
11.875617980957031	10.625411987304688	7	shower
14.996310234069824	30.701698303222656	4	lady
-16.1141300201416	-3.9506280422210693	1	iPad
5.105948448181152	-7.074395179748535	2	forever
-6.651962757110596	0.9630337357521057	1	Paper
-11.670992851257324	19.15916633605957	5	Beauty
-18.207935333251953	-6.09962272644043	1	Stage
9.318782806396484	28.539011001586914	4	Miss
24.574695587158203	14.937362670898438	3	jewelry
-7.825840473175049	1.3542513847351074	1	Kitchen
19.708776473999023	3.4370574951171875	0	designer
25.451169967651367	12.044307708740234	3	Dress
12.310277938842773	20.978500366210938	5	nude
12.217399597167969	-29.2611026763916	9	Stars
31.702381134033203	-20.999977111816406	8	lists
7.6996965408325195	19.454246520996094	5	breast
20.353025436401367	-21.546520233154297	8	versions
20.206010818481445	-20.883304595947266	8	providers
29.867149353027344	-20.672014236450195	8	computers
-23.436500549316406	16.97672462463379	10	Kelly
-20.484600067138672	-18.482959747314453	0	Davis
-0.15281181037425995	-6.459322929382324	2	Furniture
11.364116668701172	28.007843017578125	4	Mom
-30.800662994384766	16.66242027282715	10	Elizabeth
8.82182788848877	21.262746810913086	5	gorgeous
19.510072708129883	0.3460571765899658	0	delicious
27.20886993408203	-12.978761672973633	8	downloads
33.92403793334961	-18.951810836791992	8	styles
-17.0615291595459	-6.672771453857422	1	Exchange
17.82834243774414	15.81632137298584	8	array
-17.074153900146484	0.6775762438774109	1	Agency
15.30737590789795	-23.1883544921875	8	adds
-18.86140251159668	-10.626585960388184	1	phase
16.361204147338867	-33.04642105102539	9	Gifts
-19.871932983398438	29.313352584838867	10	Ann
-35.3555908203125	-8.214537620544434	1	Zealand
-23.75908851623535	-1.1250364780426025	1	Ice
-7.59895133972168	-8.864046096801758	6	upgrade
25.777177810668945	10.986642837524414	3	Jewelry
8.629789352416992	20.626855850219727	5	blonde
19.18076515197754	-4.41530179977417	0	desk
13.208070755004883	-31.45271873474121	9	Items
-21.033512115478516	0.4614735245704651	1	Nature
27.954681396484375	-21.220401763916016	8	scenes
16.488862991333008	29.064956665039062	4	ladies
24.99123764038086	-20.490922927856445	8	requests
-16.03000259399414	-6.967123031616211	1	Experience
13.63333511352539	29.218130111694336	4	Woman
-32.346805572509766	-1.1790900230407715	10	Clinton
-29.461523056030273	13.149911880493164	10	Victoria
-19.64458465576172	29.940113067626953	10	Jane
25.83618927001953	-21.108604431152344	8	tables
17.314626693725586	-1.0703333616256714	0	destination
28.598041534423828	2.002690315246582	2	flower
-6.918206691741943	1.4602121114730835	1	Tea
-5.661016941070557	1.97909677028656	1	Edit
6.119526386260986	18.467559814453125	5	rose
-26.88928985595703	-3.6380391120910645	1	Halloween
1.528562068939209	7.6860833168029785	7	zip
24.544706344604492	-20.475461959838867	8	errors
-19.61256217956543	-2.2167880535125732	1	Clear
-32.52855682373047	-4.187201976776123	1	Crystal
-32.74186706542969	-3.4608404636383057	5	Creative
-36.700870513916016	-13.101325035095215	1	LCD
28.499343872070312	-12.987004280090332	8	holidays
14.545973777770996	24.956741333007812	4	pregnant
-12.351885795593262	20.131324768066406	5	Sexy
29.955581665039062	-18.253013610839844	8	eggs
19.61091423034668	-4.6260552406311035	0	desktop
23.80698585510254	-26.899927139282227	8	fingers
3.836897611618042	1.512642741203308	6	inspiration
-24.77785301208496	23.974538803100586	10	Jennifer
18.482995986938477	-22.970298767089844	8	sections
-0.35977694392204285	6.0739521980285645	7	rice
23.387224197387695	-15.851227760314941	8	victims
11.890373229980469	10.994091987609863	7	juice
5.848883152008057	-8.59924602508545	2	frequency
13.371358871459961	29.146148681640625	4	Female
11.59423828125	14.323373794555664	7	crap
7.471004486083984	10.708515167236328	7	cialis
-21.490690231323242	-2.008469581604004	7	Cream
-2.239655017852783	5.70347785949707	7	powder
21.912612915039062	-21.62679672241211	8	tasks
27.071561813354492	-22.192289352416992	8	keys
14.959914207458496	24.266483306884766	6	pregnancy
-21.035400390625	-2.2607951164245605	7	Skin
-26.7222900390625	-12.379276275634766	6	recognition
19.623409271240234	-3.0313289165496826	0	dish
-22.4439754486084	27.638620376586914	10	Kate
-6.23328161239624	-7.703244686126709	6	infection
-1.2749121189117432	4.653759002685547	7	zero
14.010558128356934	-32.19222640991211	9	Downloads
3.650226354598999	11.92236328125	7	cry
-21.74881362915039	26.30604362487793	10	Lisa
22.007719039916992	-22.953224182128906	8	spots
15.780049324035645	32.293601989746094	4	singer
-7.8877763748168945	-4.401422500610352	1	laser
18.068517684936523	14.559749603271484	6	household
19.990859985351562	-3.275667190551758	0	dust
-25.765108108520508	25.81999969482422	10	Susan
10.042647361755371	1.6474860906600952	6	nursing
30.472782135009766	-18.99195671081543	8	cats
29.932024002075195	-21.32452964782715	8	trips
22.798954010009766	-24.758350372314453	8	clips
17.859407424926758	-30.39612579345703	9	Flowers
-17.35906982421875	-16.81011962890625	0	depression
14.019743919372559	10.387672424316406	6	egg
8.23183822631836	21.181943893432617	5	fabulous
-12.39948558807373	-10.529619216918945	6	evaluation
5.15734338760376	-32.04538345336914	9	Lights
8.2422456741333	-32.246177673339844	9	Words
-18.43709945678711	-9.55693531036377	1	enterprise
-18.704214096069336	28.806732177734375	10	Amy
11.47041130065918	-4.242566108703613	0	folder
-24.744029998779297	26.687410354614258	10	Anne
15.524693489074707	-30.86615753173828	9	Looks
-7.14597749710083	0.15703752636909485	1	Recipe
-29.579729080200195	-4.511866569519043	1	Snow
-23.934967041015625	27.435199737548828	10	Anna
-29.828218460083008	18.79997444152832	10	Barbara
-25.91712760925293	-12.320622444152832	6	satisfaction
6.202524185180664	0.18854036927223206	6	editing
-5.626164436340332	-9.90932559967041	6	explanation
-30.39918327331543	16.219078063964844	10	Laura
7.5506696701049805	29.447044372558594	4	Ladies
-14.358404159545898	7.5269622802734375	2	Fantasy
17.43246841430664	-0.3610961139202118	0	diabetes
-25.17865562438965	26.56537437438965	10	Maria
-6.2221784591674805	-10.214987754821777	6	exhibition
10.136906623840332	8.982823371887207	7	pepper
-14.789206504821777	8.084107398986816	2	Flower
0.8006527423858643	8.185969352722168	7	strip
25.3465576171875	15.443807601928711	3	dresses
17.053525924682617	-33.38581466674805	9	Recipes
-28.465747833251953	18.886890411376953	10	Michelle
27.010238647460938	-17.01169776916504	8	tears
20.714160919189453	-22.43214988708496	8	spaces
4.007887840270996	7.714554786682129	7	chips
15.998888969421387	32.33332443237305	4	girlfriend
-16.720151901245117	-2.7813162803649902	1	Easter
-23.19721221923828	22.255008697509766	10	Charlotte
-32.02159881591797	-10.470240592956543	1	SKU
-22.89872169494629	-8.937336921691895	1	Emergency
20.566205978393555	2.2172367572784424	0	delete
-24.62982749938965	13.536147117614746	5	Princess
30.408512115478516	-11.827230453491211	8	designers
-5.212410926818848	-5.1485443115234375	6	tennis
28.664764404296875	-11.098335266113281	0	dishes
-3.0410540103912354	8.479037284851074	7	crystal
-25.454788208007812	22.813947677612305	10	Nancy
11.10212516784668	23.186080932617188	5	lesbian
7.505594253540039	15.104584693908691	7	grace
15.849831581115723	-3.183929204940796	0	Designer
18.35017204284668	-22.742839813232422	8	periods
28.09606170654297	-16.247360229492188	8	glasses
-26.36247444152832	13.0442476272583	10	Grace
21.784244537353516	-24.796419143676758	8	threads
30.065250396728516	-16.0756778717041	8	tits
-21.494871139526367	24.520648956298828	10	Jessica
-6.282264232635498	-8.772073745727539	6	interaction
10.43449592590332	-31.713619232177734	9	Issues
3.7127017974853516	8.273825645446777	7	chip
-23.800025939941406	-11.40764045715332	6	Availability
23.465383529663086	-24.245569229125977	8	sheets
22.28360939025879	-23.750688552856445	8	cups
-30.865087509155273	-2.9719574451446533	1	Pearl
24.941709518432617	-22.6567325592041	8	layers
-22.115081787109375	25.228649139404297	10	Alice
-28.08140754699707	-5.942680835723877	1	Grove
-29.562314987182617	-9.183907508850098	1	Adventure
28.70708465576172	-19.677019119262695	8	reads
-15.203965187072754	6.0942559242248535	2	fiber
30.59886360168457	-19.97801399230957	8	pets
8.184244155883789	11.273711204528809	7	pizza
-1.4083812236785889	-0.6465027928352356	6	Nursing
-25.41079330444336	-3.6997756958007812	1	Rice
0.26672935485839844	7.966227054595947	7	carpet
-4.365769863128662	2.413137197494507	1	Teacher
-20.616107940673828	-6.898653984069824	1	iTunes
-19.707752227783203	28.12388801574707	10	Linda
-26.62306022644043	17.43471908569336	10	Rachel
16.323976516723633	12.937817573547363	6	happiness
-18.189716339111328	-4.561997890472412	1	Sheet
23.649620056152344	-19.37583351135254	8	galleries
-28.17529296875	-12.273122787475586	6	Publishing
-20.244888305664062	-2.542248010635376	7	Cruise
-23.76744842529297	26.701385498046875	10	Karen
26.467758178710938	-12.228893280029297	0	drops
23.34600257873535	-21.986492156982422	8	loads
14.367286682128906	24.56049919128418	4	gender
29.199527740478516	-20.535011291503906	8	waters
4.436370849609375	1.8642346858978271	6	nervous
-11.099051475524902	-10.0028715133667	6	completion
2.854030132293701	2.7614550590515137	6	poetry
-21.04243278503418	-11.169758796691895	6	flexibility
14.207121849060059	14.986793518066406	7	kiss
28.980188369750977	-12.354049682617188	0	delivers
-27.551258087158203	9.134770393371582	10	Villa
32.31171798706055	-18.72212791442871	8	colours
-31.22262191772461	-11.511763572692871	1	parallel
17.209266662597656	-4.127157688140869	0	detection
-16.940710067749023	-7.343911170959473	1	Thanksgiving
22.74022102355957	-23.326431274414062	8	chairs
20.851991653442383	-28.22893714904785	8	fails
17.769832611083984	-33.14897537231445	9	Models
4.160472869873047	-8.68561840057373	2	flour
-30.032808303833008	-7.518933296203613	1	HIV
9.471752166748047	-34.935401916503906	9	Designs
5.386801242828369	3.690359592437744	6	horror
-21.633209228515625	-3.985872983932495	1	Jump
18.939590454101562	1.9658068418502808	0	divorce
-16.444887161254883	-18.291156768798828	0	Desktop
13.799880981445312	25.62045669555664	4	nurse
-20.705860137939453	3.5646703243255615	1	Together
-17.636442184448242	27.47467803955078	10	Eve
17.19046974182129	0.5166382193565369	0	deleted
31.640148162841797	-20.810914993286133	8	labels
19.176244735717773	-24.4536075592041	8	edges
7.318305969238281	11.493412017822266	7	killer
0.2841798663139343	5.383689880371094	7	texture
-6.6461920738220215	-5.766685962677002	6	tourist
-15.978949546813965	-6.928768157958984	1	Knowledge
17.25826644897461	1.5516984462738037	0	dated
3.859813690185547	2.774118661880493	6	creativity
-17.269607543945312	-19.11320686340332	0	Deluxe
15.211769104003906	29.195375442504883	4	Womens
11.866950988769531	21.13376808166504	5	celebrity
-3.937175989151001	0.373297780752182	1	Newsletter
-27.218881607055664	-6.963254928588867	1	Photoshop
4.3135504722595215	-7.849856853485107	2	frozen
-21.544721603393555	-0.12064637243747711	1	Tennis
14.226176261901855	27.587284088134766	4	actress
9.370121955871582	21.111080169677734	5	beautifully
-24.321592330932617	20.48333168029785	10	Ashley
33.093780517578125	-18.517337799072266	8	magazines
11.591690063476562	-32.12052917480469	9	Gardens
-21.784912109375	-17.301105499267578	0	Definition
26.289562225341797	-19.269420623779297	8	generations
9.439033508300781	-33.18251419067383	9	Holidays
-10.812914848327637	20.325599670410156	5	Celebrity
-27.817359924316406	-4.399706840515137	1	Laser
27.19076156616211	-12.861664772033691	8	disorders
-31.987228393554688	-10.848691940307617	1	XML
-30.18983268737793	15.067451477050781	10	Margaret
-25.50188446044922	26.97075653076172	10	Marie
-28.22285270690918	-7.686456203460693	7	CPU
18.03802490234375	29.7916316986084	4	sisters
24.446550369262695	-27.62639808654785	8	filters
-17.775432586669922	-1.6921792030334473	1	Shower
-19.813547134399414	-19.457622528076172	0	Drop
-14.258947372436523	21.802791595458984	7	Cherry
-4.192124843597412	1.2755266427993774	6	Cooking
-15.801583290100098	-8.727521896362305	6	Nutrition
-29.97836685180664	-3.388373374938965	1	VERY
-22.95954132080078	27.196195602416992	10	Emily
-20.935834884643555	26.60823631286621	10	Julie
5.103021144866943	-26.2399959564209	6	Activities
25.333742141723633	-17.750646591186523	8	lovers
18.81957244873047	-24.741018295288086	8	surfaces
-17.84451675415039	0.26478561758995056	1	NASA
16.854360580444336	-33.88898849487305	9	Computers
16.339130401611328	13.485280990600586	6	caring
-18.936843872070312	0.14399707317352295	1	Seller
15.026249885559082	14.069560050964355	7	crying
-26.14912223815918	13.647429466247559	10	Virgin
7.736334323883057	15.433199882507324	6	rape
-21.05833625793457	-19.73905372619629	0	Discover
11.988076210021973	27.39751625061035	4	Wife
30.42018699645996	-18.201215744018555	8	cares
32.241390228271484	-20.144044876098633	8	charts
-5.956454277038574	0.164152592420578	1	Stuff
-8.385130882263184	12.090704917907715	0	Dawn
13.534501075744629	23.06560707092285	6	abortion
23.246944427490234	11.358198165893555	3	laundry
-37.24955368041992	-11.553702354431152	1	CDT
-26.604948043823242	-7.115352153778076	1	Scene
23.145143508911133	12.311444282531738	3	skirt
7.797430515289307	7.121087551116943	7	wallpaper
-17.090240478515625	-5.744808197021484	1	GET
21.04857635498047	3.2796108722686768	0	duration
6.313973426818848	7.88543701171875	7	quest
-27.606626510620117	-9.088491439819336	1	API
7.637368202209473	-30.91880989074707	9	Wheels
6.661352157592773	-0.7710934281349182	6	welfare
-21.236948013305664	-3.954190254211426	1	Zip
-10.515378952026367	-1.580367922782898	1	Alert
15.118393898010254	10.43160629272461	7	shelf
-24.743440628051758	19.813753128051758	10	Carol
-3.938547372817993	-1.9283545017242432	6	Networking
14.542813301086426	4.378026485443115	7	trash
17.56110954284668	28.573837280273438	4	mothers
14.878417015075684	12.139763832092285	7	tear
12.299293518066406	-32.23451232910156	9	Foods
23.052505493164062	-21.19469451904297	8	worlds
-29.467409133911133	15.943367004394531	10	Heather
13.668916702270508	26.61188507080078	4	queen
2.749976634979248	17.623306274414062	5	charming
-16.454065322875977	-1.1776859760284424	1	Tube
23.11269187927246	11.212343215942383	3	washing
-22.19109535217285	-19.284143447875977	0	Delaware
13.585151672363281	-31.325754165649414	9	Networks
18.4731388092041	29.325361251831055	4	daughters
-19.817720413208008	1.1709964275360107	1	EUR
-23.165136337280273	26.375268936157227	10	Amanda
-26.20566177368164	7.955944061279297	1	Chelsea
-24.826513290405273	16.088970184326172	10	Lynn
-8.014487266540527	-2.8927934169769287	7	Flickr
-27.04098129272461	19.671173095703125	10	Lauren
-16.91539764404297	-18.401729583740234	0	Desk
-11.037869453430176	20.73674964904785	5	Breast
19.26972198486328	-2.4762415885925293	0	dropping
6.478405952453613	-30.7237606048584	9	Skills
-23.768150329589844	22.609907150268555	10	Katie
30.636566162109375	-18.777307510375977	8	kills
17.06093978881836	14.697429656982422	6	shelter
-28.78346824645996	-10.048487663269043	1	Intelligence
-35.034751892089844	-12.436668395996094	1	Ethernet
4.554008483886719	-9.087315559387207	2	leaf
10.871562004089355	-33.22598648071289	9	Guests
-12.076215744018555	-10.160469055175781	6	assignment
-7.846073627471924	-0.07987075299024582	1	Wish
-1.9685149192810059	8.633047103881836	7	scratch
11.628921508789062	-30.48711395263672	9	Covers
16.104389190673828	-23.332500457763672	8	tabs
28.392242431640625	-22.78180694580078	8	screens
29.466472625732422	-17.526586532592773	8	vocals
-22.975942611694336	25.338682174682617	10	Emma
5.656189918518066	11.618197441101074	7	clever
9.802098274230957	2.4225776195526123	6	elderly
7.681282043457031	2.2362375259399414	6	generating
2.3262176513671875	-7.677025318145752	2	fetish
-26.361948013305664	-8.476585388183594	1	iOS
25.12265968322754	-21.75490379333496	8	texts
24.377761840820312	-19.067398071289062	8	variables
-22.705097198486328	23.470035552978516	10	Nicole
26.87392234802246	-21.523571014404297	8	creatures
11.650245666503906	11.198601722717285	7	cleaner
12.905076026916504	10.047135353088379	7	grid
18.031986236572266	-22.159561157226562	8	instances
5.672610282897949	8.46781063079834	7	curve
-29.37091636657715	17.11209487915039	10	Helen
-13.349678993225098	-7.469404220581055	6	Exercise
14.135565757751465	-26.78814697265625	8	Galleries
16.261323928833008	-23.555374145507812	8	templates
11.258131980895996	21.379610061645508	5	bride
-6.375938415527344	-4.247378826141357	7	vocal
4.160424709320068	-31.796552658081055	9	Colors
-8.642738342285156	12.861327171325684	0	Dancing
13.293386459350586	15.135275840759277	7	chick
-0.38838183879852295	-31.20612144470215	9	Phillips
21.15439796447754	11.437371253967285	3	jersey
-32.74464797973633	15.262690544128418	10	Catherine
-10.385571479797363	-1.1295593976974487	1	Error
15.774161338806152	-25.182418823242188	8	shades
-13.773358345031738	20.644775390625	5	Ruby
-31.537817001342773	-3.7756078243255615	1	Twilight
17.199365615844727	-21.69246482849121	8	infections
2.834606885910034	-32.40007019042969	9	Adventures
26.282682418823242	11.67625617980957	3	Dresses
4.4436187744140625	-0.2465895116329193	6	scholarship
17.287166595458984	-19.169527053833008	8	tourists
-19.82501983642578	26.353107452392578	10	Julia
-33.60170364379883	-10.261384010314941	1	Phase
-32.80168151855469	11.607693672180176	10	Sharon
12.680827140808105	-22.87012481689453	8	specialists
-28.70377540588379	-4.802964687347412	1	Zero
15.576898574829102	-34.249820709228516	9	Teachers
-29.335025787353516	18.119007110595703	10	Martha
-32.328060150146484	-11.63181209564209	1	NOTE
-13.371638298034668	18.863065719604492	5	Blonde
-16.94818878173828	6.863724231719971	2	Fisher
-37.532066345214844	-11.270726203918457	1	PSP
-18.885395050048828	27.958988189697266	10	Sue
32.301673889160156	-16.24409294128418	8	breasts
6.323151588439941	-31.580780029296875	9	Guides
23.895736694335938	12.571677207946777	3	closet
24.93951416015625	-27.585899353027344	8	feeds
13.721808433532715	-22.263736724853516	8	interactions
19.581905364990234	-3.6187713146209717	0	decor
24.051725387573242	13.237934112548828	3	necklace
25.46794319152832	8.394231796264648	3	Necklace
20.350433349609375	11.712262153625488	3	waist
8.481363296508789	-33.94746398925781	9	Doors
-28.40871238708496	13.431103706359863	10	Rebecca
-22.73200035095215	26.161890029907227	10	Melissa
18.597768783569336	30.505216598510742	4	females
20.520044326782227	-19.248737335205078	8	desires
10.0164213180542	10.024930953979492	7	sheep
-24.64908218383789	-10.929296493530273	1	Evolution
-17.105762481689453	6.75844144821167	2	Foster
-32.740901947021484	-7.8079352378845215	1	Shore
12.55553150177002	25.718585968017578	4	Gender
-17.655405044555664	-3.398245096206665	1	Quarter
6.364190101623535	1.1395632028579712	6	counseling
0.19843827188014984	7.04127836227417	7	couch
-32.36777877807617	-5.69588565826416	7	Craft
-31.79878807067871	11.498631477355957	10	Betty
-20.52564811706543	-4.981795787811279	1	Carpet
27.61841583251953	-12.946622848510742	8	destinations
1.5810730457305908	8.266571044921875	7	snap
11.76887321472168	-22.614837646484375	8	extends
-5.462609767913818	-9.754598617553711	6	illustration
16.823410034179688	-33.4522819519043	9	Pets
-25.966365814208984	25.784332275390625	10	Sara
-15.598618507385254	-4.769900798797607	1	EPA
-23.690786361694336	-5.368588924407959	7	Crew
30.553207397460938	-20.777963638305664	8	stairs
-20.658416748046875	-9.840468406677246	1	cellular
-19.3648624420166	24.880939483642578	10	Kerry
-1.4392337799072266	6.5968337059021	7	sheer
-28.31878089904785	13.282245635986328	10	Holly
-18.28308868408203	28.591781616210938	10	Hillary
-23.351411819458008	-12.263136863708496	6	Evaluation
-15.805816650390625	9.067766189575195	2	Florence
7.704535961151123	0.4395989179611206	6	separation
-29.324806213378906	-8.899263381958008	1	Rescue
-8.499510765075684	4.090524673461914	7	vanilla
-13.206308364868164	18.567869186401367	5	Lovely
-27.643007278442383	17.631103515625	10	Ruth
3.742621421813965	1.0324137210845947	6	inspire
2.7614638805389404	1.1433782577514648	6	visa
18.22774887084961	-2.90989351272583	0	diving
-30.638504028320312	-9.5900297164917	1	Included
-24.023170471191406	25.237497329711914	10	Ellen
-18.242719650268555	-16.93861198425293	0	discharge
-24.977815628051758	-10.056882858276367	1	Explore
12.35400390625	-34.36890411376953	9	Doctors
23.931608200073242	-27.674365997314453	8	flows
8.414929389953613	1.8136588335037231	6	updating
-10.172887802124023	-9.527704238891602	6	attachment
31.68401336669922	-24.53840446472168	9	Singles
10.01889705657959	28.39954948425293	4	Mrs
-30.591278076171875	-4.822547435760498	1	Chapel
12.470579147338867	1.683059811592102	6	modeling
-33.833187103271484	-0.6657669544219971	10	Victorian
-31.1205997467041	15.696181297302246	10	Joan
5.7223310470581055	9.705662727355957	7	webcam
-15.734402656555176	-16.72372817993164	0	Diabetes
-16.221647262573242	8.319486618041992	2	Forever
9.939631462097168	11.244621276855469	7	cheat
-1.48357355594635	-0.4344625771045685	4	Nurse
2.618506669998169	8.40048599243164	7	cache
-30.463144302368164	-5.071664333343506	7	Chrysler
-31.030969619750977	22.60352325439453	10	Donna
24.41727638244629	-18.912185668945312	8	poems
3.6429779529571533	-32.91343307495117	9	Secrets
-19.608577728271484	-5.835198879241943	1	Pattern
13.562402725219727	13.407267570495605	7	screaming
24.18168067932129	-26.745676040649414	8	flavors
-20.77497673034668	25.607894897460938	10	Lucy
-25.336393356323242	-12.556961059570312	6	Exhibition
8.78598403930664	3.0919857025146484	6	matrix
19.525074005126953	-0.25954702496528625	0	delicate
-26.963409423828125	11.818561553955078	10	Amber
4.707624912261963	3.393894672393799	6	clarity
-27.97858428955078	-5.373922824859619	1	Secure
7.405580520629883	-33.054107666015625	9	Leaders
13.584003448486328	-24.603395462036133	8	pixels
-21.10209083557129	28.118202209472656	10	Hannah
21.820158004760742	-25.33778190612793	8	strips
-9.722491264343262	-3.6506903171539307	1	Wallpaper
-8.126984596252441	-0.755600094795227	1	Poetry
5.318298816680908	-31.212759017944336	9	Steps
-6.891714096069336	-7.1372833251953125	6	sensitivity
23.424192428588867	-20.241256713867188	8	rewards
-30.141782760620117	10.17149829864502	10	Monroe
-22.234466552734375	8.438252449035645	5	Rainbow
-22.1492977142334	0.7659681439399719	1	Nine
5.121112823486328	12.633867263793945	7	cried
-8.186294555664062	-4.88481330871582	7	microwave
4.345427989959717	-33.43499755859375	9	Cats
19.40037727355957	1.0771234035491943	0	doll
4.92929220199585	-8.26941967010498	2	foster
-19.911041259765625	-3.936032295227051	1	Quest
27.4669189453125	-23.432310104370117	8	chains
17.07135772705078	27.485288619995117	4	nurses
-25.876054763793945	23.615131378173828	10	Annie
-26.60893440246582	-9.637642860412598	1	Interface
17.72712516784668	-3.0559396743774414	0	distinction
-15.487900733947754	-17.056026458740234	0	DOWNLOAD
4.942959785461426	-8.88758373260498	2	fever
-14.985549926757812	-8.786762237548828	6	Assistance
4.392181396484375	-6.867406368255615	2	florida
6.230889320373535	7.201272487640381	7	creature
-24.227386474609375	18.356048583984375	10	Christine
-31.43296241760254	14.042986869812012	10	Monica
13.377894401550293	26.03601837158203	4	grandmother
-26.175975799560547	21.489185333251953	10	Stephanie
20.175954818725586	-23.620777130126953	8	spirits
28.001907348632812	-21.78510093688965	8	shelves
28.098812103271484	-15.74387264251709	3	earrings
17.345821380615234	-1.5650514364242554	0	dimension
-19.5846004486084	0.48579567670822144	1	NEVER
-24.760517120361328	-8.102446556091309	1	GHz
6.844094753265381	-32.38383865356445	9	Thoughts
19.980209350585938	-22.577993392944336	8	tubes
6.103352069854736	1.74037504196167	6	spelling
-13.536767959594727	6.615624904632568	2	Feet
15.837920188903809	-32.27649688720703	9	Lists
2.734288454055786	-7.8291144371032715	2	floral
3.8229751586914062	2.574902296066284	6	refreshing
2.8792715072631836	17.80413055419922	5	cosmetic
-26.033550262451172	16.93422508239746	10	Janet
7.347414016723633	-9.09813117980957	2	fridge
-27.284320831298828	-1.8546411991119385	1	Sheriff
16.192556381225586	-35.025177001953125	9	Families
5.388984680175781	1.1359782218933105	6	catering
-31.121177673339844	12.38107967376709	10	Andrea
4.270596027374268	-0.9469292163848877	6	viewer
-10.309335708618164	-10.385258674621582	6	correction
-16.004779815673828	6.926402568817139	2	Fiber
24.183395385742188	8.719505310058594	3	sewing
-15.234299659729004	19.44611930847168	5	Beverly
14.758026123046875	13.622109413146973	7	grave
19.02855682373047	0.8785577416419983	0	dessert
18.154672622680664	-15.024582862854004	3	fabrics
-25.936248779296875	-3.8747425079345703	1	Cottage
28.49725341796875	-18.945669174194336	8	cakes
17.118642807006836	-5.168251037597656	0	decorative
-25.7383975982666	-7.661953926086426	1	Scale
1.3416942358016968	-31.833759307861328	9	Areas
-34.99212646484375	-8.824007034301758	1	WHITE
-23.242122650146484	18.9061336517334	10	Claire
6.204417705535889	8.79146957397461	7	cottage
-28.20240592956543	17.217655181884766	10	Beth
11.956830024719238	13.064781188964844	7	cherry
-21.55803108215332	-19.826946258544922	0	DSL
14.373170852661133	-33.947296142578125	9	Readers
25.12173843383789	-24.971420288085938	8	crafts
-18.888771057128906	-6.79979133605957	1	Charter
-31.174203872680664	22.42333984375	10	Diana
-24.726957321166992	23.989564895629883	10	Jenny
-20.874113082885742	-18.54840850830078	0	Deputy
4.46748685836792	7.198383808135986	7	stuffed
24.685373306274414	10.219338417053223	3	lingerie
-35.637123107910156	-11.944329261779785	1	POWER
17.272781372070312	-23.884876251220703	8	quarters
4.185198783874512	-32.389739990234375	9	Nights
-28.71744728088379	-10.319197654724121	6	Clearance
7.198864936828613	27.48599624633789	4	Dame
21.072940826416016	-1.5091676712036133	0	dryer
13.692700386047363	-31.57410430908203	9	Tables
-27.05388832092285	-10.529560089111328	1	UPDATE
8.740777015686035	-34.55319595336914	9	Drivers
-9.283515930175781	2.645895481109619	7	Pussy
-15.21525764465332	19.174671173095703	5	Bella
-19.598894119262695	-9.957504272460938	1	keygen
10.659993171691895	8.015085220336914	7	jar
23.37297821044922	9.551904678344727	3	yarn
4.734519004821777	0.45574212074279785	6	typing
17.9252872467041	-17.183101654052734	8	locks
-12.449159622192383	-2.7913832664489746	1	Thought
-22.777677536010742	21.493005752563477	10	Christina
-10.26662540435791	21.049100875854492	5	Lesbian
-18.458600997924805	-19.407224655151367	0	Decor
14.753324508666992	-21.65394401550293	8	upgrades
16.432952880859375	-24.6495418548584	8	touches
32.92916488647461	-20.433055877685547	8	phrases
-29.858125686645508	18.234670639038086	10	Angela
-31.01622772216797	22.581958770751953	10	Diane
17.608333587646484	-34.37470626831055	9	Dates
-33.79710006713867	-5.83812141418457	3	Silk
-16.61554527282715	6.026369571685791	2	Forex
-27.771408081054688	-4.715273857116699	1	Thunder
3.7317614555358887	-30.864765167236328	9	Crafts
-18.922760009765625	-10.945611953735352	7	sqft
-26.64760971069336	12.292464256286621	10	Marina
-32.545528411865234	-9.93545913696289	1	IEEE
8.363035202026367	19.85234260559082	5	brunette
-13.946477890014648	-1.7634050846099854	7	Steam
4.343429088592529	-34.61186599731445	9	Queens
11.395423889160156	3.9287960529327393	6	tuition
-11.510390281677246	20.075204849243164	5	Bridal
-8.570601463317871	5.301586627960205	5	erotic
-23.390295028686523	23.400653839111328	10	Kathy
-8.039734840393066	-8.543855667114258	6	clearance
11.279626846313477	6.840435981750488	6	refrigerator
-24.687952041625977	22.84523582458496	10	Sally
-11.379679679870605	0.6454645395278931	1	Gmail
-23.27596664428711	-3.5306990146636963	1	Powder
-27.63384437561035	14.041142463684082	10	Tracy
7.486461639404297	8.151315689086914	7	pillow
19.64991569519043	-6.524819374084473	0	directories
-22.861038208007812	0.40105706453323364	1	Autumn
18.010417938232422	-24.18357276916504	8	thumbs
-21.193735122680664	-5.10928201675415	1	Cutting
-17.591156005859375	-7.123109817504883	1	READ
-16.544353485107422	8.96343994140625	2	Tiffany
3.002758741378784	6.356766700744629	7	cluster
7.393714427947998	13.560113906860352	7	villa
7.243465423583984	1.316825032234192	6	explosion
-31.17366600036621	11.151642799377441	10	Lindsay
-21.889179229736328	25.468931198120117	10	Megan
10.681646347045898	28.315597534179688	4	Mama
-19.482744216918945	26.865550994873047	10	Liz
-1.2105114459991455	9.220937728881836	7	crisp
-18.664146423339844	-17.238996505737305	0	durability
33.50767517089844	-19.69193458557129	8	showers
5.499422550201416	-8.077224731445312	2	freeze
-8.163956642150879	-9.499185562133789	6	relaxation
3.132575750350952	-31.820966720581055	9	Mirrors
-18.134872436523438	-16.939884185791016	0	discretion
-36.72147750854492	-9.242350578308105	1	Ellis
-23.98835563659668	18.218547821044922	10	Kitty
-23.833587646484375	20.073467254638672	10	Jackie
19.76520347595215	-21.347658157348633	8	scholars
13.053378105163574	-26.565019607543945	8	locals
-8.995402336120605	13.623505592346191	10	Dana
19.581741333007812	-6.010572910308838	0	dynamics
11.427464485168457	-22.573604583740234	8	extensions
19.2884464263916	2.451197385787964	0	dairy
1.3230855464935303	6.027198314666748	7	glance
18.405067443847656	-23.66236686706543	8	tiles
10.690199851989746	24.02338218688965	4	princess
-23.927915573120117	21.388301849365234	10	Judy
7.920342922210693	-33.04172897338867	9	Presents
-16.430866241455078	6.799804210662842	2	Leaf
-13.60858154296875	-7.309217929840088	6	Scholarship
-4.189792156219482	0.5436197519302368	6	Sharing
22.251415252685547	-28.485675811767578	8	folders
-24.846776962280273	21.70884132385254	10	Sandra
24.279590606689453	8.235210418701172	3	quilt
13.862628936767578	7.926620006561279	7	peer
7.861069202423096	-30.37224578857422	9	Chairs
-6.925422191619873	-7.6556925773620605	6	ignorance
-26.223039627075195	14.60546588897705	10	Wendy
-8.430275917053223	12.27738094329834	0	Doll
9.868112564086914	-31.097444534301758	9	Tablets
15.952239036560059	30.815519332885742	4	mum
10.219691276550293	5.059006690979004	6	terrace
-23.969924926757812	-5.734713077545166	7	Chip
-36.76739501953125	-10.59899616241455	1	Chester
-0.5411614179611206	5.634241580963135	7	cage
-16.62498664855957	-0.006126749329268932	1	Egg
-19.879779815673828	26.89185333251953	10	Lily
-9.111876487731934	1.0725939273834229	6	Charity
-13.923779487609863	7.201604843139648	2	Fee
23.666471481323242	9.906163215637207	3	knit
-22.75554084777832	-2.514986515045166	1	Wizard
-27.56214714050293	16.444534301757812	10	Jill
31.59181785583496	-24.591604232788086	9	Sizes
8.503602981567383	13.59308910369873	7	milf
-25.920562744140625	3.8595030307769775	3	Lace
17.297733306884766	27.64474105834961	4	wives
-28.241867065429688	11.70304012298584	10	Whitney
-14.973812103271484	20.070575714111328	5	Britney
29.3394775390625	-20.079387664794922	8	households
-19.772354125976562	-18.530298233032227	0	Detailed
5.009357929229736	2.5757598876953125	6	laughter
10.829111099243164	-29.9361629486084	9	Threads
-21.35420799255371	-0.28968125581741333	1	Wellness
-21.391019821166992	-20.004722595214844	0	Duck
7.887646675109863	15.029008865356445	7	virgin
10.65729808807373	-32.92695999145508	9	Writers
-31.999391555786133	12.197103500366211	10	Marion
6.519083023071289	-32.15980529785156	9	Speakers
-36.19874954223633	-8.82468318939209	1	Lopez
-21.259897232055664	23.5767765045166	10	Kay
-32.74091720581055	0.4774143397808075	10	Aurora
17.222444534301758	-23.21415138244629	8	greens
-26.16728401184082	14.947705268859863	10	Leslie
2.294127941131592	1.239199161529541	6	escort
8.399847030639648	0.7378483414649963	6	reproduction
-33.183834075927734	-0.5799388289451599	10	Shannon
-21.43304443359375	-19.110990524291992	0	Deer
-27.796875	17.99380111694336	10	Cindy
-31.84268569946289	15.481266021728516	10	Caroline
-11.629433631896973	-1.1137818098068237	1	Provider
-29.93960952758789	17.259647369384766	10	Patricia
25.44278907775879	-17.19192123413086	8	roses
-15.842242240905762	-8.529943466186523	6	Catering
-16.382591247558594	5.94587516784668	2	Folder
20.445056915283203	-28.110597610473633	8	failures
7.269608497619629	-29.685579299926758	9	Shirts
17.828712463378906	-28.166532516479492	8	Wallpapers
17.58346939086914	13.777776718139648	6	gardening
8.395666122436523	9.714612007141113	7	gem
-36.127105712890625	-9.433618545532227	1	Queensland
18.096567153930664	-16.86627960205078	8	towels
0.8366340398788452	-31.858484268188477	9	Memories
-16.327749252319336	-8.980842590332031	6	Celebration
20.82695770263672	-25.254051208496094	8	straps
-24.09684181213379	-0.8641098737716675	1	EVER
-36.85121154785156	-14.013336181640625	0	Durham
18.035558700561523	-4.4499592781066895	0	dull
-5.061959266662598	-5.087863922119141	6	autumn
7.797557353973389	19.663606643676758	5	bridal
28.592573165893555	1.9925509691238403	2	fairy
12.767611503601074	14.267125129699707	7	skinny
19.057641983032227	-4.223546981811523	0	dash
-27.253440856933594	-8.325399398803711	1	UPS
18.750762939453125	-29.77920150756836	9	Filters
-7.176154136657715	-6.471303939819336	6	inclusive
-24.897727966308594	-3.1294734477996826	1	Killer
1.2205108404159546	-31.503095626831055	9	Rivers
4.240924835205078	-34.629730224609375	9	Roses
-19.945022583007812	-9.069157600402832	1	insulin
2.6087965965270996	11.010961532592773	7	spicy
-16.74208641052246	-4.476944446563721	1	Tablet
10.406718254089355	-22.864967346191406	8	additions
-0.8177956342697144	8.896293640136719	7	crush
-35.630455017089844	-9.411282539367676	1	Riverside
12.242632865905762	0.15738749504089355	6	decorating
-22.3043270111084	-4.582753658294678	1	Eclipse
6.882941722869873	4.191799640655518	6	grief
7.085080623626709	27.48287582397461	4	Daughter
26.397947311401367	-20.78242301940918	8	alerts
-25.134878158569336	-0.48488548398017883	1	WTF
19.66335105895996	-17.354633331298828	8	decorations
-30.760665893554688	14.666436195373535	10	Louise
7.610182285308838	11.253653526306152	7	pissed
30.61593246459961	-16.181365966796875	7	chicks
7.031680107116699	-31.81833839416504	9	Values
-36.159568786621094	-11.210092544555664	1	Alzheimer
-15.274861335754395	7.34526252746582	2	Feat
-11.517814636230469	-10.32055950164795	6	enhancement
-13.054800987243652	18.938966751098633	5	Gorgeous
14.707215309143066	15.651861190795898	7	spice
11.118636131286621	-23.18669319152832	8	enterprises
24.542903900146484	-16.743896484375	8	puppies
-18.319005966186523	-3.082578659057617	1	Pepper
-23.2972469329834	-10.886096954345703	6	Awareness
15.951861381530762	-19.500179290771484	8	aids
5.847156524658203	10.031648635864258	7	pumpkin
-32.133460998535156	-3.0652191638946533	5	Coral
-35.5496826171875	-12.592967987060547	1	KNOW
3.385071277618408	9.308576583862305	7	shrimp
8.977045059204102	-32.0410270690918	9	Labs
-22.23946189880371	8.511876106262207	5	Butterfly
-18.85907745361328	-1.1803898811340332	1	Horror
9.875679969787598	-29.722639083862305	9	Clips
6.118964195251465	16.01080322265625	6	Pregnancy
5.192952632904053	-26.361230850219727	9	Providers
3.871603488922119	11.376564025878906	7	scream
-15.867536544799805	8.020515441894531	2	Floral
-10.55537223815918	-9.238319396972656	6	interference
-26.496694564819336	9.639517784118652	10	Rica
-20.150671005249023	-19.83846092224121	0	Dish
-17.49597930908203	-5.6803765296936035	1	STAR
-27.487638473510742	16.9512996673584	10	Molly
12.85778522491455	11.823552131652832	7	cheer
-19.309906005859375	22.602354049682617	4	Mommy
23.37287139892578	-23.904142379760742	8	scales
-26.802881240844727	9.625237464904785	10	Penny
-22.251487731933594	22.7938289642334	10	Carrie
-26.781217575073242	-9.186666488647461	1	GROUP
25.996179580688477	-24.239221572875977	7	cheats
0.3334819972515106	-31.32877540588379	9	Locks
11.314353942871094	12.917797088623047	7	chill
12.13224983215332	-0.08417117595672607	6	decoration
16.764530181884766	-19.67867088317871	8	generates
-24.779741287231445	21.48357582092285	10	Tina
-19.199283599853516	27.776901245117188	10	Maya
-32.15048599243164	13.915842056274414	10	Paula
26.276132583618164	9.278055191040039	3	Clothes
-19.814929962158203	-18.650930404663086	0	DOWN
24.094234466552734	-23.075088500976562	8	wallpapers
17.011133193969727	-25.54741859436035	8	cracks
7.683648586273193	9.39573860168457	7	teaspoon
-35.75204086303711	-10.80601978302002	1	MISSED
-25.951513290405273	18.59377670288086	10	Katrina
-20.616470336914062	-3.2208449840545654	1	Cleaner
6.614326000213623	-7.8460259437561035	2	fragrance
-13.226503372192383	19.2889347076416	5	Bride
-25.23242950439453	22.301721572875977	10	Natalie
7.19148063659668	13.711406707763672	6	levitra
5.01987886428833	-7.854325294494629	2	freezing
26.112730026245117	-22.81084442138672	8	stickers
5.491672039031982	-30.76944923400879	9	PCs
15.314920425415039	8.592390060424805	6	therapist
2.467038154602051	8.648819923400879	7	wipe
-24.743257522583008	-6.103080749511719	7	Skype
-36.158077239990234	-12.14272403717041	1	AIR
24.603734970092773	9.71468734741211	3	underwear
12.276528358459473	-23.65675926208496	8	interfaces
14.58513355255127	-22.63991928100586	8	obstacles
-18.810787200927734	-6.065104961395264	1	Terrace
5.619519233703613	-0.025040920823812485	6	scheduling
1.1592334508895874	0.017159592360258102	6	ladder
-11.470988273620605	-0.4047856032848358	1	HELP
9.65914535522461	-30.494369506835938	9	Picks
0.7686418890953064	-5.717177391052246	7	flush
12.646599769592285	17.225685119628906	7	chic
4.922056674957275	9.235562324523926	7	peanut
-25.266725540161133	20.785877227783203	10	Eva
6.957169055938721	10.317825317382812	7	cared
-13.049758911132812	6.45850133895874	2	Fees
24.06306266784668	8.892254829406738	3	knitting
-19.872133255004883	22.3067684173584	10	Madonna
-38.01309585571289	-12.621642112731934	1	Crawford
29.82817268371582	-11.674174308776855	0	dancers
9.985995292663574	-32.45482635498047	9	Lives
16.402271270751953	-21.14097785949707	8	considerations
2.024095058441162	-31.718420028686523	9	Waters
-28.473264694213867	-3.4088640213012695	1	Walnut
-25.195348739624023	7.001672744750977	1	Nazi
-10.404998779296875	20.338459014892578	5	Makeup
16.602519989013672	-34.030242919921875	9	Adults
-30.90688705444336	22.701745986938477	10	Debbie
-22.269535064697266	-3.5955753326416016	1	Grow
23.273305892944336	-15.465201377868652	4	theres
-18.302305221557617	0.8269829154014587	1	Murder
18.464839935302734	-3.3824830055236816	0	digging
11.518768310546875	-23.14097785949707	8	textbooks
0.6728710532188416	6.871737003326416	7	carved
8.098021507263184	-31.47551727294922	9	Stones
7.572994709014893	29.49781608581543	4	Sisters
-37.14860153198242	-12.391793251037598	1	UPC
24.417831420898438	12.892457008361816	3	jewellery
-22.9595947265625	18.87569236755371	10	Clare
21.083431243896484	-1.7156270742416382	0	drying
16.710107803344727	-20.71992301940918	8	scholarships
-30.476993560791016	13.673471450805664	10	Rosa
7.761219024658203	-31.962337493896484	9	Chapters
0.46757569909095764	-6.148098945617676	2	folding
-6.848504066467285	-9.514001846313477	6	encouragement
-25.644948959350586	15.623151779174805	10	Joyce
-0.6030433177947998	7.584043979644775	7	slipped
-28.34702491760254	15.681258201599121	10	Maggie
-36.975852966308594	-9.971914291381836	1	Surrey
18.608652114868164	-2.837493658065796	0	darker
-21.435834884643555	4.039498329162598	1	Singer
-0.7659004926681519	0.1882995069026947	6	Nursery
3.7776589393615723	12.709219932556152	7	creamy
5.291585922241211	-8.489282608032227	2	freezer
13.4276762008667	10.402920722961426	7	quarterly
-6.889155387878418	-4.390308856964111	6	hentai
-31.404809951782227	12.21548080444336	10	Allison
-14.476107597351074	8.809322357177734	2	Fairy
24.314790725708008	13.932101249694824	3	gown
-17.686094284057617	-19.175806045532227	0	Dust
19.549684524536133	11.696205139160156	6	nursery
9.084710121154785	-29.499523162841797	9	Cheats
15.722920417785645	1.8386940956115723	6	toddler
3.531050682067871	12.132027626037598	7	creepy
25.57327651977539	7.930661201477051	3	Laundry
-20.155986785888672	28.16276741027832	10	Jen
-34.0877571105957	-9.656135559082031	1	Shepherd
-37.93224334716797	-8.261075019836426	9	Jacobs
30.451614379882812	-16.791940689086914	8	singers
-21.674169540405273	-17.274938583374023	0	dysfunction
17.154016494750977	-25.131221771240234	8	curves
-30.55344581604004	-7.06135892868042	1	Westminster
21.39158821105957	-28.242034912109375	8	fonts
28.323122024536133	-17.14809226989746	8	shoppers
14.723441123962402	-24.75284767150879	8	chords
-17.906808853149414	26.131134033203125	10	Kristen
14.984670639038086	11.381556510925293	6	nest
-26.121417999267578	-5.627490043640137	7	Spears
3.4948577880859375	-11.049844741821289	2	fibers
12.91025161743164	-27.377914428710938	8	TVs
18.287778854370117	-3.5957231521606445	0	distinguish
-35.44887161254883	-11.591772079467773	1	NEED
-3.8377959728240967	-8.050506591796875	6	strangers
21.325763702392578	-23.301006317138672	8	peppers
-27.24566078186035	20.110538482666016	10	Marilyn
19.01009178161621	31.34723663330078	4	womens
14.47618293762207	-24.548622131347656	8	cartridges
-13.674159049987793	7.423436164855957	2	Frequency
4.961758136749268	-33.32489013671875	9	Sellers
-31.7930908203125	-4.596843242645264	7	Charm
-21.639747619628906	4.277769565582275	1	Venus
13.67080020904541	-23.298683166503906	8	creations
3.9957385063171387	-1.4006633758544922	6	paperwork
15.373161315917969	-25.559871673583984	8	chess
-6.821563243865967	-8.659822463989258	6	cancellation
-20.716346740722656	-3.558173656463623	1	Juice
18.139190673828125	1.5823042392730713	0	donor
-36.01408386230469	-8.0555419921875	1	Quinn
-25.19873046875	19.092426300048828	10	Clara
24.614648818969727	-23.966760635375977	8	spices
20.80845069885254	-2.524766445159912	0	drawer
-37.75961685180664	-13.797781944274902	0	DID
-32.27040100097656	15.914468765258789	10	Katherine