x	y	cluster	word
22.306121826171875	-17.16075325012207	9	asian
22.346248626708984	-17.097578048706055	9	korean
19.461069107055664	-25.24492073059082	9	indonesian
8.48819637298584	28.1480712890625	5	poor
9.052245140075684	15.747426986694336	1	supply
7.940845966339111	14.625995635986328	1	filled
2.188375949859619	6.441245079040527	6	presence
19.20159339904785	-26.44455337524414	9	Asian
23.71672248840332	-1.3339605331420898	3	chicken
17.33030128479004	-28.190982818603516	9	Asia
28.842144012451172	-20.43265724182129	4	Song
-5.916168212890625	37.41664123535156	7	Pink
6.088196754455566	-19.744234085083008	8	hosting
0.35164058208465576	-21.23541831970215	8	Hair
13.326582908630371	-8.017531394958496	6	bags
7.787842750549316	35.60697937011719	7	pink
2.9068603515625	-10.310478210449219	6	Boys
-20.995725631713867	30.390878677368164	10	PDT
3.2578020095825195	-11.580703735351562	6	Bag
13.732076644897461	-3.993807554244995	6	tape
7.216094017028809	29.48504066467285	5	poker
15.026105880737305	-3.9437756538391113	0	SEO
28.993295669555664	-15.344461441040039	4	Ring
5.991466045379639	-6.302870750427246	6	sauce
6.537755489349365	29.034196853637695	5	pocket
-18.753055572509766	32.1788444519043	10	PST
9.426399230957031	-7.964746952056885	6	rice
6.338615417480469	29.658126831054688	5	pot
18.8382568359375	-9.05298137664795	6	prayer
29.7583065032959	-27.69325828552246	4	Kong
18.060537338256836	-1.0578362941741943	3	Chicken
-3.896240711212158	21.686614990234375	5	promotion
34.731571197509766	-25.26547622680664	4	Hong
15.832596778869629	-6.635879039764404	6	repeat
7.628342628479004	27.776382446289062	5	portable
17.355361938476562	-29.499542236328125	9	Vietnam
1.6611251831054688	-0.30013954639434814	6	Remix
2.262338638305664	-12.434764862060547	6	Ministry
2.2309484481811523	27.906042098999023	5	Poker
6.564449787139893	13.625940322875977	1	filling
10.459441184997559	21.327333450317383	1	supplied
20.493741989135742	-25.89496612548828	9	Korean
6.759420394897461	-18.573076248168945	8	hip
-8.842638969421387	-10.457956314086914	6	Rice
-4.743659019470215	32.85489273071289	10	Physical
-6.463968276977539	23.059295654296875	5	Purple
17.365209579467773	-30.293134689331055	9	Thailand
-2.2515997886657715	37.91267776489258	7	PHP
-2.7839040756225586	33.622798919677734	7	packaging
6.234114646911621	27.864240646362305	5	purple
19.04339027404785	-27.965038299560547	9	Thai
3.4347984790802	-19.886722564697266	8	Hosting
15.649134635925293	-9.731900215148926	6	Yoga
-0.4945277273654938	6.384571552276611	6	texture
15.788615226745605	-8.640520095825195	6	sake
-13.750677108764648	28.468894958496094	10	Photoshop
6.664040565490723	28.84564781188965	5	pockets
16.642641067504883	-9.083720207214355	6	yoga
-16.784151077270508	10.020137786865234	10	XML
15.9080810546875	0.37905052304267883	3	Chain
10.97780704498291	0.3103809654712677	6	screening
0.29576313495635986	27.53266716003418	5	Pocket
12.800576210021973	-16.314285278320312	6	temple
23.2691707611084	-24.14377212524414	9	Beijing
20.205684661865234	-0.6979203224182129	3	sink
7.761258602142334	-10.5069580078125	6	tropical
-1.9785385131835938	-1.4925053119659424	3	bytes
15.132784843444824	-29.853424072265625	9	Malaysia
-2.697510242462158	24.030380249023438	5	Poor
10.489303588867188	22.470399856567383	1	coupled
4.498254776000977	27.802207946777344	5	potatoes
6.5170159339904785	-18.83188819885254	8	hop
2.2117464542388916	36.32560729980469	7	plugin
4.087246894836426	3.891685724258423	6	templates
12.970830917358398	-3.700950860977173	6	onion
24.076940536499023	-1.2033025026321411	6	ringtone
31.490358352661133	-14.849141120910645	4	hung
17.62413215637207	-8.471248626708984	6	tattoo
4.8004631996154785	-11.43021297454834	6	Yamaha
-0.9039730429649353	-9.4363431930542	6	Motorola
12.451987266540527	-5.896115303039551	6	Ringtone
8.1124906539917	30.509235382080078	5	pose
17.68368148803711	-9.369426727294922	6	marijuana
-17.675588607788086	-8.544315338134766	8	Hidden
11.748322486877441	37.09890365600586	7	pile
20.5116024017334	-27.636762619018555	9	Taiwan
13.706815719604492	-23.47281265258789	2	Mumbai
8.613000869750977	4.621894359588623	3	lining
-9.351200103759766	10.879707336425781	1	Affiliate
-5.350542068481445	17.13335418701172	1	substrate
9.702628135681152	-6.614715099334717	6	visa
-30.18511962890625	5.356900691986084	0	YES
4.630199432373047	-20.37042999267578	8	Hip
16.578157424926758	-10.117839813232422	6	rap
-9.070233345031738	23.37581443786621	6	Pattern
3.1417744159698486	1.5853674411773682	6	Template
4.844640254974365	28.04964828491211	5	potato
30.616159439086914	-29.381629943847656	4	Singh
-0.007746548857539892	33.266029357910156	7	Pendant
-7.196268081665039	19.134910583496094	5	Promotional
-8.421537399291992	18.45458984375	5	Promotion
-15.23120403289795	-17.363759994506836	6	Moses
30.01288604736328	-17.37534523010254	4	Bang
6.143002986907959	18.08287239074707	1	Personalized
-18.759613037109375	6.558570861816406	10	VIP
15.705004692077637	-10.592313766479492	6	meditation
7.4387593269348145	10.816102027893066	1	Mixed
3.829911231994629	-20.42427635192871	8	Hop
-10.392303466796875	24.97630500793457	10	Panasonic
12.355012893676758	-2.3066086769104004	6	algorithm
-10.91956615447998	-13.062271118164062	3	Silk
-3.2724802494049072	6.497522830963135	1	Increase
6.222657203674316	36.53850555419922	7	pillow
3.245166301727295	-7.520837306976318	6	coconut
-2.5430586338043213	18.334049224853516	1	proprietary
-5.123536586761475	-10.184338569641113	6	Toshiba
0.141858771443367	-19.48438262939453	8	Healing
3.38191556930542	-0.5882534384727478	6	Animation
1.6753586530685425	-9.984007835388184	6	Monkey
-9.414292335510254	14.290014266967773	5	Positive
-1.2241498231887817	-11.712457656860352	6	Suzuki
3.006840467453003	0.38388100266456604	6	Matrix
18.020172119140625	-20.26483154296875	2	Bali
-23.795045852661133	10.913308143615723	0	VoIP
-0.4738633930683136	23.597225189208984	5	promo
-1.8430489301681519	35.989437103271484	7	pipeline
-2.7738637924194336	22.26402473449707	5	Promo
-2.640953779220581	25.589601516723633	5	Pokemon
18.297412872314453	-28.938657760620117	9	Bangkok
15.159443855285645	0.7932061553001404	3	Bit
3.562864065170288	-32.68035125732422	9	Lanka
-20.2153377532959	27.750673294067383	10	UPS
0.486654132604599	-26.330142974853516	8	Hawaiian
8.085883140563965	-6.844428062438965	6	Tattoo
12.667021751403809	-9.951212882995605	6	soy
9.433865547180176	36.01553726196289	7	spice
7.509571075439453	37.62995910644531	7	pumpkin
1.7272452116012573	31.078397750854492	5	Pregnancy
-23.640216827392578	28.829517364501953	10	PVC
-31.723779678344727	6.778305530548096	0	BOX
-0.9825761318206787	34.58855438232422	7	Puzzle
18.660518646240234	-2.382302761077881	3	Tina
-1.817409873008728	36.897216796875	7	Python
-10.59282112121582	20.315288543701172	5	Pot
9.437432289123535	37.73238754272461	7	peanut
16.80146598815918	0.03658650442957878	3	Tiny
3.513625144958496	-9.814637184143066	6	Buzz
-8.915718078613281	22.410621643066406	5	Pavilion
23.7708683013916	-6.082468032836914	3	Bingo
7.608522415161133	-2.0825295448303223	3	Ninja
13.811675071716309	-21.172285079956055	2	Buddha
-26.433551788330078	12.704410552978516	0	PLUS
5.134080410003662	-21.07159423828125	8	hentai
-26.19801139831543	5.6331658363342285	0	ASIN
-17.443195343017578	28.39866065979004	10	PowerPoint
-5.969052791595459	20.66609001159668	5	Purpose
19.91059684753418	-17.457176208496094	2	Hindu
2.1608331203460693	-22.08413314819336	8	Hyundai
-0.45505449175834656	7.917553424835205	1	shortage
2.367314338684082	2.5985593795776367	6	Templates
28.298114776611328	-25.190105438232422	4	Gang
12.693194389343262	-23.830270767211914	2	Bangalore
-6.4295759201049805	-13.653022766113281	6	Naruto
23.147743225097656	-3.942427158355713	3	Bin
15.453675270080566	-21.073165893554688	2	Buddhist
-1.8073521852493286	-5.227598667144775	3	Rihanna
-5.036323070526123	-2.6365580558776855	3	silicon
2.048520088195801	-34.19068145751953	2	Bangladesh
17.15719985961914	-20.597063064575195	2	Tamil
8.977117538452148	-1.8854808807373047	3	Tile
-10.038398742675781	-11.048466682434082	3	Basin
12.57510757446289	-23.14983367919922	2	Bollywood
8.033796310424805	15.958440780639648	1	pleasing
-23.8192195892334	27.416913986206055	10	PCI
-9.525989532470703	33.47600555419922	7	Pillow
-9.677630424499512	-23.024608612060547	9	Sudan
12.26595401763916	-4.86887264251709	6	Ringtones
-4.536208629608154	28.142654418945312	5	Persian
25.545238494873047	-3.698047399520874	3	chin
-10.685426712036133	-10.683363914489746	3	Tail
15.148512840270996	-0.18550291657447815	3	Coin
30.94093132019043	-18.65566635131836	4	Sing
-7.524839878082275	8.282814025878906	1	Reduce
21.04653549194336	-4.1390838623046875	3	Sin
-1.8155640363693237	-32.20729064941406	2	Guru
-19.13361358642578	31.838045120239258	10	VPN
7.072422981262207	8.34382438659668	1	highlighting
1.9560189247131348	36.33235168457031	7	plugins
-25.96780014038086	5.891016483306885	0	KIT
11.52824878692627	-0.30188632011413574	6	encoding
29.7230281829834	-20.009410858154297	4	sung
-5.127546787261963	-0.7264780402183533	3	Thin
4.314120769500732	-3.4763643741607666	6	token
-0.7508519291877747	26.4438533782959	5	Potato
5.41091775894165	36.9437141418457	7	pillows
-7.315666675567627	23.34027671813965	5	Plot
8.542490005493164	-9.047568321228027	6	Rap
30.861021041870117	-27.703218460083008	4	Yang
-9.286717414855957	32.774715423583984	7	Pumpkin
-11.000865936279297	-22.353111267089844	9	Uganda
-3.3874356746673584	36.011505126953125	7	Plugin
-6.552403450012207	-34.20013427734375	2	Kumar
20.820070266723633	-1.7010159492492676	3	Tin
-4.998450756072998	-33.54118728637695	2	Chennai
23.06267738342285	-5.232705593109131	3	Lin
0.7986055612564087	-12.828269958496094	6	Bamboo
31.463951110839844	-14.843225479125977	4	Hang
7.188577651977539	20.140024185180664	1	padded
24.198833465576172	-4.4288010597229	3	Kia
10.69456672668457	-19.320905685424805	2	curry
-0.2445373684167862	-14.208423614501953	6	temples
9.171744346618652	-5.449457168579102	6	basin
-8.07436752319336	-12.546001434326172	3	Viking
-0.14705884456634521	-24.54256820678711	8	Hussein
16.227588653564453	-27.796295166015625	9	Indonesian
-7.174818992614746	-3.3937249183654785	3	Knit
4.385807991027832	28.736539840698242	5	popcorn
10.741852760314941	23.25182342529297	1	pumped
-22.75550651550293	26.003217697143555	10	PDA
6.472126483917236	-9.157041549682617	6	sushi
3.3639330863952637	-29.743305206298828	9	Tibetan
-27.040544509887695	28.669328689575195	10	PPC
28.87041664123535	-25.595361709594727	4	Wong
8.517070770263672	-8.157024383544922	6	salsa
-29.575578689575195	2.0702645778656006	4	SONG
-0.2972472906112671	-21.325721740722656	8	Hairy
-2.1801469326019287	30.376737594604492	7	Panda
1.3311026096343994	26.556034088134766	5	pokemon
-24.955644607543945	9.133230209350586	0	MAP
11.107887268066406	11.646238327026367	1	screened
-5.683292865753174	-1.4732472896575928	3	Sink
3.4145636558532715	-29.77678871154785	9	Tibet
-12.112144470214844	11.85161304473877	1	Appropriations
10.803942680358887	1.6127983331680298	1	Screening
8.166449546813965	11.253480911254883	1	layered
12.7654390335083	-21.40407943725586	2	Buddhism
13.80494213104248	0.2260444611310959	3	keynote
31.6442813873291	-24.900239944458008	4	Chang
8.072677612304688	2.805108070373535	3	Tune
-1.8559074401855469	-33.81132125854492	2	Kerala
-8.237868309020996	14.078361511230469	5	proactive
-30.01143455505371	5.980718612670898	0	OIL
-32.77764892578125	12.94143295288086	0	PIN
-32.6661376953125	5.722174167633057	0	JOIN
-6.2052083015441895	35.02134704589844	7	Peanut
-28.522809982299805	5.673657417297363	0	SIM
-14.329833984375	-13.772845268249512	6	Soil
-21.89087677001953	30.65438461303711	10	pcs
2.182299852371216	-25.38496971130371	8	Han
5.6708760261535645	11.213424682617188	1	textured
6.051723480224609	25.740680694580078	5	pounding
-5.395999908447266	34.770389556884766	7	Pinterest
-7.87111234664917	19.149160385131836	5	Promote
5.815059661865234	-20.831493377685547	8	honda
-26.50794219970703	26.080183029174805	10	PSU
-5.456017971038818	27.168840408325195	2	Pradesh
0.018005045130848885	-0.5790218710899353	6	Onion
8.879779815673828	33.12567901611328	7	paddle
6.331682205200195	37.477970123291016	7	pineapple
15.246858596801758	-6.798443794250488	6	motive
19.557220458984375	-0.7091719508171082	3	sinks
10.712301254272461	27.923809051513672	5	poised
7.230959892272949	34.86211395263672	7	piercing
10.857610702514648	-10.382874488830566	6	karaoke
8.517526626586914	36.57149124145508	7	piles
7.713840484619141	18.142963409423828	1	partnered
-34.68254089355469	4.858109474182129	0	THINK
-1.2472881078720093	-24.179269790649414	8	Hyderabad
-7.613690376281738	21.06127166748047	5	Proxy
-0.5232733488082886	34.523128509521484	7	pyramid
-9.629505157470703	-6.581509590148926	3	Linen
9.498900413513184	22.975297927856445	1	peeled
-4.2009100914001465	35.076316833496094	7	Pilates
1.016563892364502	-13.820497512817383	6	tsunami
-32.45558166503906	12.558505058288574	0	PINK
2.243010997772217	26.86929702758789	5	Purse
13.261555671691895	35.84467315673828	7	ping
-3.076141119003296	-1.2570586204528809	3	byte
-14.713861465454102	-14.543608665466309	6	Moose
-22.978042602539062	15.815396308898926	5	POS
13.482216835021973	35.63835144042969	4	Ping
-5.1087846755981445	10.294150352478027	1	Filled
-5.040543556213379	11.07059383392334	1	Colored
-16.891429901123047	-8.708122253417969	8	hepatitis
0.69919353723526	-35.468807220458984	2	Bengal
23.847646713256836	-23.81630516052246	9	Tai
12.537653923034668	-15.26674747467041	6	mosque
29.480621337890625	-20.56011962890625	4	thong
-4.409104824066162	-32.686134338378906	2	Krishna
18.667034149169922	-0.019558211788535118	3	kinky
0.019925802946090698	-12.917790412902832	6	Sushi
-34.065303802490234	3.7991509437561035	0	RING
-9.337759017944336	27.88051986694336	7	Pyramid
17.3478946685791	-10.021163940429688	6	reap
-9.431804656982422	-8.652908325195312	3	Synopsis
-7.434820175170898	30.61696434020996	7	Pendants
-6.846983909606934	-19.792049407958984	6	Samurai
15.242806434631348	-17.958724975585938	2	Quran
11.661828994750977	-34.066749572753906	9	Phuket
-6.500415802001953	11.424381256103516	1	conditional
5.087916374206543	-30.303651809692383	9	Mandarin
15.86670970916748	-27.661781311035156	9	Jakarta
14.278889656066895	2.1691460609436035	3	sip
8.020050048828125	-1.3535923957824707	3	sinus
7.598574638366699	2.20916748046875	3	Sync
-1.4872572422027588	31.453954696655273	7	Pale
27.803462982177734	-25.099607467651367	4	Tango
-3.882290840148926	16.863990783691406	1	Personalization
-9.901287078857422	33.55705642700195	7	Pillows
14.220195770263672	-17.028644561767578	2	mantra
-2.7890830039978027	-10.943002700805664	6	Reiki
14.818408966064453	-16.28230094909668	2	karma
-17.415996551513672	28.157426834106445	5	POV
20.36928939819336	-17.33285140991211	2	hindi
-0.23072445392608643	9.459977149963379	1	superficial
8.83221435546875	37.90410614013672	7	peanuts
-30.38655662536621	12.621736526489258	0	PRINT
-1.479918122291565	-11.489288330078125	6	Karate
-1.1005961894989014	-1.548897624015808	3	Bits
29.578359603881836	-21.920534133911133	4	Kung
-8.998018264770508	-22.962833404541016	9	Bolivia
-22.798749923706055	26.680978775024414	10	PBX
6.955973148345947	-12.123887062072754	6	Yum
9.678985595703125	35.93108367919922	7	python
7.1983642578125	21.015399932861328	1	powdered
-5.047938823699951	27.475261688232422	2	Pune
6.685773849487305	30.35420036315918	5	poke
-7.532354354858398	-25.474096298217773	9	Koh
-22.57989501953125	27.32661247253418	10	PTSD
-8.601511001586914	21.2640323638916	5	Partial
-33.19133377075195	5.162494659423828	0	MAIN
12.144556045532227	12.576343536376953	1	boxed
14.84138011932373	-23.417476654052734	2	Bombay
23.76059913635254	-2.3985917568206787	3	kite
2.5451955795288086	-34.5988883972168	2	Kuala
16.415573120117188	-7.902214050292969	6	motif
8.455659866333008	16.989198684692383	1	personalize
1.6140645742416382	0.9721162915229797	6	Adsense
-3.059269905090332	-2.8044676780700684	3	Bitrate
23.58161163330078	-3.935117244720459	3	sayin
0.1522677093744278	-11.65821361541748	6	tofu
12.926300048828125	-19.805177688598633	2	Baja
19.551786422729492	-28.604347229003906	9	Taipei
-13.451688766479492	-11.635804176330566	6	Oyster
-32.71329879760742	1.9801243543624878	0	INDIA
1.4766173362731934	10.47258186340332	1	Customize
0.2772033214569092	-11.3192777633667	6	Soy
-26.659807205200195	8.191971778869629	0	LAYUP
-1.0978597402572632	26.558988571166992	5	Potatoes
-7.7832770347595215	-33.799903869628906	2	Rajasthan
-6.351934432983398	-2.581730842590332	3	Kinect
-18.030635833740234	30.941038131713867	10	PNG
-0.7409863471984863	23.684566497802734	5	portrayal
2.5235087871551514	-26.593334197998047	9	Hanoi
4.375402927398682	-10.621561050415039	3	Kylie
-2.566232919692993	17.507694244384766	1	personalization
-9.254145622253418	-14.281227111816406	3	Sinatra
19.863611221313477	-24.338550567626953	9	Asians
-1.870355486869812	-0.40893274545669556	3	Inkjet
-7.89044713973999	6.823616027832031	6	Barcode
-0.2168537974357605	31.017425537109375	10	IPL
-30.874568939208984	12.536735534667969	0	POINT
-29.622522354125977	13.902260780334473	0	PACK
13.895252227783203	-3.146120071411133	6	iPhones
13.664388656616211	-11.289156913757324	6	Tuna
31.86646842956543	-25.740446090698242	4	Tang
0.4610850214958191	-8.438880920410156	6	boolean
-3.777038335800171	21.219480514526367	5	Promoting
5.4892578125	39.144996643066406	7	penguin
5.260369777679443	-21.130695343017578	8	Hentai
-10.269436836242676	26.899457931518555	7	Pattinson
11.196712493896484	24.456186294555664	1	pounded
-9.928729057312012	-18.651256561279297	3	Sinai
-11.946046829223633	-19.545555114746094	3	Chinatown
13.628060340881348	30.708560943603516	2	Pak
-1.1288329362869263	8.791177749633789	1	minimizing
-28.581668853759766	3.58943247795105	0	BOY
-8.385726928710938	25.91103744506836	7	Patel
11.504083633422852	1.4384667873382568	1	visualize
22.297460556030273	-5.336998462677002	3	Jin
-2.527982234954834	-1.1526556015014648	3	Keynote
-10.168975830078125	-26.56953239440918	2	Lumpur
11.18497085571289	-24.261810302734375	2	Raj
1.7454819679260254	-29.61795425415039	9	Mayan
6.165549278259277	-5.181245803833008	6	suitcase
-20.194547653198242	30.71428680419922	10	PPP
0.5098590850830078	9.064353942871094	1	Rechargeable
16.26408576965332	-20.685443878173828	2	Taj
-1.0540647506713867	7.943421363830566	1	shortages
30.147043228149414	-26.35664176940918	4	Dong
5.6432204246521	-29.812862396240234	4	Shenzhen
0.46010515093803406	26.372507095336914	5	Pokémon
1.934396743774414	25.457605361938477	5	poignant
0.1480688750743866	-24.859268188476562	8	Hassan
10.333621978759766	-12.453424453735352	6	reggae
13.46091079711914	31.32839584350586	7	pagan
-2.8459081649780273	33.64735794067383	7	pacing
27.162275314331055	-25.407150268554688	4	Tao
-0.9161934852600098	27.4675235748291	5	Pockets
-11.185417175292969	-28.79832649230957	2	Sultan
-11.700906753540039	-31.643739700317383	2	Kapoor
-3.981811761856079	35.95270919799805	7	Plugins
-3.702450752258301	-4.795745372772217	3	cilantro
-11.451313018798828	31.151411056518555	7	Peacock
-22.956890106201172	4.155091285705566	0	HAIR
5.643843173980713	16.36097526550293	1	purified
-26.588449478149414	23.05031967163086	10	DPS
-8.863967895507812	-30.701217651367188	2	Abbas
17.590261459350586	0.5978601574897766	3	synth
-1.278719425201416	-36.26667404174805	2	Mohammad
20.49897003173828	-1.4554409980773926	3	kinase
-1.2646042108535767	31.0054931640625	7	Petrol
8.710932731628418	29.72492790222168	5	poisonous
10.318211555480957	23.760238647460938	1	piled
-10.534528732299805	-20.877918243408203	9	Cebu
4.75056791305542	11.629133224487305	1	tapered
-25.41911506652832	5.335731506347656	0	KISS
-5.957019805908203	-36.65141296386719	2	Maharashtra
8.752089500427246	17.919015884399414	1	surfaced
-7.872341632843018	21.864540100097656	5	phosphate
-6.697360515594482	36.506996154785156	7	Pineapple
11.721057891845703	-1.917759656906128	6	mixtape
12.29654598236084	-9.34296989440918	6	taboo
34.449764251708984	-25.402986526489258	4	Huang
-2.22761607170105	9.473570823669434	1	underrated
-8.550688743591309	18.973255157470703	5	porous
9.58765983581543	10.073004722595215	1	tiled
-24.13370704650879	10.800686836242676	0	VOIP
30.60243034362793	-22.66058349609375	4	Thong
5.656103134155273	29.421207427978516	5	poking
14.029901504516602	-19.260454177856445	2	BJP
-9.257759094238281	-6.46804141998291	3	Kitten
28.11435317993164	-26.91445541381836	4	Mao
-7.486532688140869	-33.55046463012695	2	Jaipur
-2.114485502243042	11.969571113586426	1	Targeted
-27.140901565551758	7.134342670440674	0	CLIP
34.15766525268555	-25.603044509887695	4	Hung
-10.424565315246582	-24.477806091308594	9	Laos
-10.65575885772705	20.010448455810547	5	Pooh
2.57146954536438	-0.41708478331565857	6	Mixtape
-8.327354431152344	29.122974395751953	7	painless
-24.047758102416992	26.036373138427734	10	PSI
-34.15631103515625	4.611917495727539	0	THINGS
2.2660677433013916	39.335243225097656	7	peaches
-2.9386353492736816	30.02396011352539	7	Pagan
-27.694456100463867	27.433147430419922	10	PCS
-5.240436553955078	4.510533332824707	6	curling
-5.4194793701171875	17.039012908935547	1	substrates
-12.320291519165039	-29.924978256225586	2	Gupta
12.934409141540527	-6.366041660308838	6	incense
26.002140045166016	-3.140892505645752	3	kin
9.855537414550781	9.493412971496582	1	coined
11.303631782531738	26.088354110717773	1	peaked
14.415664672851562	-5.994940280914307	6	carton
6.795272350311279	34.0255241394043	7	pendants
-5.201058864593506	-34.980472564697266	2	Karnataka
-6.718296051025391	-5.495773792266846	3	Kite
-5.542192459106445	20.38857650756836	5	portability
6.937119960784912	37.928707122802734	7	pumpkins
7.896576881408691	-7.4190473556518555	6	oyster
-8.712085723876953	9.341455459594727	1	Upholstery
-19.597267150878906	32.02397537231445	10	PvP
-22.54613494873047	15.768954277038574	5	POKER
-7.382664680480957	-30.868942260742188	2	Ramadan
3.725731372833252	-34.07914352416992	9	Dalai
-5.67642879486084	-2.3628392219543457	3	Kinky
-27.76984405517578	8.739506721496582	0	SIGNED
-11.997281074523926	-28.979734420776367	2	Salman
28.215150833129883	-18.10333824157715	4	yuan
13.227218627929688	34.885887145996094	7	panda
-30.84459114074707	14.412732124328613	0	PAY
-6.739233493804932	-9.350526809692383	3	Unicode
-21.838916778564453	26.884672164916992	10	IPS
6.746212959289551	18.124431610107422	1	Packed
19.83443260192871	-8.78693675994873	6	Seo
5.49575662612915	-11.8186674118042	6	karate
11.65490436553955	-20.452604293823242	2	Nadu
9.806464195251465	31.911619186401367	6	taping
21.9234561920166	-0.11261462420225143	3	tint
8.526068687438965	4.4885993003845215	3	Lining
-28.618968963623047	15.982773780822754	0	PAT
-10.641919136047363	-8.919087409973145	3	KiB
-8.185111045837402	7.619926452636719	6	backend
11.97585391998291	37.54997634887695	7	pea
-9.6807279586792	-31.52899169921875	2	Ramada
10.332622528076172	-3.4105465412139893	4	dialing
-4.147951602935791	30.365459442138672	7	Pacquiao
-2.717207431793213	9.695464134216309	1	understated
3.4241414070129395	-6.0055317878723145	6	motifs
-12.7676362991333	-15.642919540405273	2	Shrine
9.133037567138672	10.758012771606445	1	tainted
-15.573596954345703	-15.784424781799316	6	Ramos
-30.376304626464844	7.837671279907227	0	TIP
-0.6523796319961548	9.798832893371582	1	affordability
11.113101959228516	-34.13336944580078	9	Pattaya
10.745716094970703	-21.67885398864746	2	Shiva
7.050313949584961	30.97303581237793	5	poo
7.417024612426758	-7.334634304046631	6	oysters
0.18488483130931854	-19.599573135375977	8	harmonious
-2.7455317974090576	-2.26458740234375	3	Bytes
-27.51985740661621	18.291900634765625	10	PID
-8.427696228027344	-33.39466857910156	2	Ran
11.29512882232666	10.235146522521973	1	tinted
4.852582931518555	-12.94107437133789	6	Tsunami
-22.981435775756836	25.87110710144043	10	PTA
18.79081916809082	-27.200040817260742	9	Malay
29.90572738647461	-16.439468383789062	4	Ling
-17.78667640686035	-7.296627044677734	8	HDR
-9.670669555664062	-32.90604782104492	2	Islamabad
9.098332405090332	34.41726303100586	7	peeing
-7.0029778480529785	-24.34857177734375	9	Maori
11.880088806152344	-34.15382766723633	9	Papua
8.300830841064453	15.942622184753418	1	prioritize
10.44519329071045	-22.86324691772461	2	Ravi
-4.876740455627441	-1.1640788316726685	3	kinetic
-25.547962188720703	27.882179260253906	10	PTS
4.931695938110352	17.467483520507812	1	Personalize
8.450716018676758	38.67000961303711	7	Pea
17.620075225830078	-17.563003540039062	2	Hindus
-6.757771015167236	11.022793769836426	1	suitability
-8.448737144470215	33.46852111816406	7	Pebble
31.83995246887207	-22.83087730407715	4	Dang
-14.53753662109375	-15.701509475708008	6	Arroyo
-8.130471229553223	12.788098335266113	1	Sponsorship
12.482888221740723	-22.456554412841797	2	Raja
23.143299102783203	-23.413101196289062	9	Minh
-3.2882232666015625	-28.583114624023438	2	Mahal
5.772338390350342	-10.70445442199707	6	synagogue
-2.6487114429473877	11.756704330444336	1	subsidized
26.121301651000977	-23.558053970336914	4	Yuan
-5.479994773864746	-4.405625820159912	3	Siding
9.564897537231445	11.745129585266113	1	layering
26.03873634338379	-23.002416610717773	4	Yan
1.820525050163269	10.885825157165527	1	Boxed
3.8150250911712646	28.970895767211914	5	polypropylene
-7.457910060882568	22.232715606689453	5	polyphonic
-0.4050358831882477	-35.074058532714844	2	Rao
-3.449596643447876	-1.8605420589447021	3	Byte
5.4633283615112305	38.993106842041016	7	penguins
-25.473482131958008	14.60195255279541	0	PURPOSE
23.239112854003906	-4.7350921630859375	3	Yin
-0.30047309398651123	-34.44239807128906	2	Dharma
-26.243688583374023	10.674625396728516	0	SUPPLY
-29.546571731567383	13.487870216369629	0	PACKAGE
1.5560429096221924	-21.685272216796875	8	hymn
-7.186765670776367	11.8287992477417	1	approximation
5.909243106842041	-18.89362144470215	8	hippie
1.7330906391143799	-10.752555847167969	6	Sudoku
-12.896538734436035	-12.361871719360352	6	Bizrate
12.031797409057617	-12.459761619567871	6	Koi
-4.342066764831543	-34.231441497802734	2	Rama
2.740353584289551	-7.7373175621032715	6	soybean
3.5216777324676514	-21.518911361694336	8	Hash
-20.57444190979004	27.13581657409668	10	Powerpoint
0.8146259188652039	-20.284513473510742	8	Hiding
-8.67754077911377	-35.17299270629883	2	Anand
3.600123405456543	27.349853515625	5	puree
21.29755210876465	-0.502498984336853	3	thine
0.41036880016326904	12.733797073364258	1	consequential
7.206340312957764	-12.64138412475586	6	Yuma
28.370107650756836	-27.154319763183594	4	Choi
-0.26533836126327515	-30.981395721435547	2	Shia
10.160721778869629	-6.120059967041016	3	Siri
-4.100076675415039	33.670528411865234	7	Paddle
17.887510299682617	-5.277916431427002	3	nissan
-11.440386772155762	30.97142791748047	7	psoriasis
-27.735177993774414	23.200254440307617	10	APS
12.672499656677246	-33.73245620727539	9	Penang
20.17963409423828	-23.748079299926758	9	Koreans
-9.382607460021973	-24.25146484375	9	Lankan
15.756399154663086	-30.622507095336914	9	Burmese
-0.7391960620880127	-26.06194305419922	8	Himalayan
29.206390380859375	-20.937618255615234	4	kong
14.036493301391602	-22.185264587402344	2	Sanskrit
7.183196067810059	37.049861907958984	7	pigeon
-0.7338825464248657	35.522422790527344	7	creampie
-3.696735143661499	20.905729293823242	5	portraying
-11.104137420654297	-29.428617477416992	2	Chopra
-11.590414047241211	-11.4918212890625	3	Yikes
-8.167922019958496	-14.48392105102539	3	Karin
-6.801580429077148	-35.20164108276367	2	Nagar
28.714326858520508	-21.501354217529297	4	Jong
-8.801420211791992	-9.953697204589844	6	Tulip
-24.599790573120117	27.761987686157227	10	PNT
18.189634323120117	-21.570606231689453	2	Telugu
3.862927198410034	-14.553021430969238	2	Impala
4.040683746337891	-5.830434322357178	6	blockade
7.256814002990723	5.690080165863037	1	Tinted
-30.449567794799805	8.54765510559082	0	TIPS
-33.411502838134766	4.639668941497803	0	MIN
-17.797378540039062	33.55711364746094	10	ppt
2.5465078353881836	-9.315130233764648	6	teak
-4.456826210021973	10.155355453491211	1	flattened
17.38620376586914	-17.45333480834961	2	Hinduism
24.240455627441406	-9.274420738220215	4	tingling
-7.549805641174316	-35.12632751464844	2	Gurgaon
8.14706039428711	34.19573211669922	7	piling
-31.774696350097656	13.664541244506836	0	PAIN
-11.668066024780273	-8.877252578735352	3	Keychain
8.960326194763184	9.834773063659668	1	synthesized
-34.23023223876953	5.613906383514404	0	KIND
-25.99367904663086	7.418139934539795	0	LASIK
25.024152755737305	-24.35721206665039	9	Lao
8.961539268493652	7.079451084136963	1	hinged
-4.667492389678955	21.320762634277344	5	patronage
-3.272325038909912	-34.532135009765625	2	Swami
-6.295958042144775	10.03094482421875	1	scalability
13.022680282592773	-7.798229217529297	6	bouts
4.356849670410156	-19.99641990661621	8	hipster
0.8361972570419312	-1.0233886241912842	6	flashback
-8.445884704589844	27.276077270507812	7	pancreas
-4.24638557434082	20.027996063232422	5	Positioning
-9.160204887390137	8.561592102050781	6	tapestry
-11.208891868591309	-25.35028076171875	9	Bhutan
27.78743553161621	-24.2758846282959	4	tango
28.9854793548584	-16.8719425201416	4	kung
-25.219301223754883	14.391207695007324	0	PURPLE
2.4384765625	39.42591094970703	7	pecans
31.002721786499023	-25.466135025024414	4	Kang
3.048337697982788	-25.3660945892334	8	Hua
1.6237890720367432	-1.6401315927505493	6	kiosk
-3.0322389602661133	-33.00556182861328	2	chakra
-31.218164443969727	5.141635894775391	0	VISA
-10.694223403930664	-30.621370315551758	2	Kohl
10.936967849731445	-24.06654930114746	2	Vijay
1.873341679573059	-0.49520841240882874	6	Remixes
-4.506024360656738	-13.797417640686035	6	Teak
5.28637170791626	26.255508422851562	5	poked
-3.720015287399292	-28.819580078125	2	Rahman
0.5703045725822449	-2.0454399585723877	7	napkin
2.5114471912384033	-22.816574096679688	8	Huawei
2.1839258670806885	23.23139190673828	5	Pong
13.733820915222168	-11.200499534606934	6	Bun
17.645896911621094	-27.492450714111328	9	malaysia
-11.030755043029785	31.936098098754883	7	Peaches
-21.886762619018555	4.2305097579956055	0	HIPAA
10.705512046813965	-34.2154655456543	9	Paraguay
-10.768319129943848	27.367528915405273	7	Paine
-7.060374736785889	30.415443420410156	7	puzzling
31.740257263183594	-19.14442253112793	4	Ding
-17.781187057495117	33.63125991821289	10	pvc
0.8993911743164062	28.63828468322754	5	PORN
30.056711196899414	-22.675111770629883	4	Tong
24.11185073852539	-8.114386558532715	3	Jingle
2.7632343769073486	38.62693786621094	7	peppermint
-15.558830261230469	31.968013763427734	10	Pvt
28.077383041381836	-22.962936401367188	4	Bangle
-25.744325637817383	8.240120887756348	0	RATE
9.985613822937012	10.223217010498047	1	chained
11.340609550476074	-23.257701873779297	2	Shri
-31.388574600219727	13.63481330871582	0	PICK
17.42254638671875	-19.985023498535156	2	tamil
3.2284674644470215	-32.61238098144531	9	Khmer
9.306509971618652	21.55298614501953	1	pleated
-19.374975204467773	31.45514678955078	10	PPT
29.92183494567871	-20.644556045532227	4	dong
-12.137778282165527	-27.271413803100586	2	Assam
-5.74713134765625	-11.600137710571289	6	Boolean
14.296561241149902	0.3447261452674866	3	Syntax
0.38308364152908325	-8.988760948181152	6	Mole
8.515694618225098	-1.7243541479110718	3	Rink
13.593977928161621	30.50739097595215	2	Punjabi
-1.2208291292190552	-34.66005325317383	2	Rahul
-7.172773838043213	31.21076202392578	7	Piercing
-16.49749183654785	10.211061477661133	6	SVG
12.82577133178711	-17.25323486328125	2	Yogi
-4.441676616668701	-35.500823974609375	2	Sanjay
-0.1338513344526291	-14.992620468139648	6	mosques
-33.52494430541992	5.835775375366211	0	CHAIN
0.603917121887207	-24.85443687438965	8	Hasan
-23.540781021118164	27.282991409301758	10	PMThis
5.6180100440979	38.13755798339844	7	pigeons
-9.914563179016113	32.72279739379883	7	Pumpkins
7.266757965087891	17.708147048950195	1	Packaged
29.974407196044922	-24.708295822143555	4	Ching
-1.8519675731658936	10.718441009521484	1	Targeting
4.5950446128845215	17.996206283569336	1	Pleated
-26.76079559326172	15.620710372924805	0	PALATE
-4.946774959564209	12.518999099731445	1	Topical
-0.5062240362167358	-25.016313552856445	8	Hanukkah
-13.859535217285156	-17.051673889160156	2	Sheehan
-27.582101821899414	15.009431838989258	0	PAIR
1.1676892042160034	1.774406909942627	6	Rss
5.22373628616333	-11.250752449035645	6	Sensei
9.2001953125	23.503095626831055	1	pickled
-5.651660442352295	15.710610389709473	1	Priorities
-5.4446611404418945	34.301300048828125	7	Pixie
30.390066146850586	-28.381912231445312	4	Chun
5.942360877990723	30.800216674804688	5	pong
-7.702456474304199	-24.523401260375977	9	Samui
-25.72518539428711	14.143754959106445	0	PURE
-17.452545166015625	-9.854422569274902	8	Haines
1.4908794164657593	-23.112058639526367	8	Haiku
-27.410533905029297	22.265348434448242	10	GPRS
-7.26123571395874	34.13784408569336	7	Pecan
-27.072757720947266	24.478731155395508	10	APT
-26.20063591003418	24.494346618652344	10	NPT
-30.6741886138916	7.398163318634033	0	COPY
-7.177789688110352	-2.361855983734131	3	Tinker
2.8107872009277344	36.665191650390625	7	pistons
26.760068893432617	-26.677888870239258	4	thongs
-23.5096378326416	14.465473175048828	5	PROMO
-26.841733932495117	5.51623010635376	0	SINCE
17.170839309692383	-14.184935569763184	2	Kira
-5.979809284210205	-34.92512893676758	2	Bihar
4.91545295715332	-29.40506362915039	9	Zhejiang
-24.509641647338867	26.859882354736328	10	PPV
11.370315551757812	-13.301353454589844	6	badminton
-28.126853942871094	26.625234603881836	10	PCT
10.923295021057129	36.97514343261719	7	pike
11.204411506652832	-19.983821868896484	2	Ayurveda
20.128564834594727	0.7224939465522766	3	tins
16.563138961791992	-30.213991165161133	9	Cambodian
7.151569366455078	7.896669864654541	1	honed
-30.459697723388672	4.681464672088623	0	TOYOTA
-23.820255279541016	25.495319366455078	10	PTO
8.889833450317383	19.076213836669922	1	profiled
-1.3393052816390991	-13.243826866149902	6	Bonsai
5.876204013824463	-8.161232948303223	6	bukkake
10.454505920410156	37.571861267089844	7	paprika
-0.5544426441192627	-16.182552337646484	2	Bora
-26.581830978393555	7.713417053222656	0	OTA
20.012290954589844	-27.098901748657227	9	thailand
-27.223562240600586	15.598474502563477	0	PAD
-7.04331111907959	34.80518341064453	7	Peanuts
-2.8464107513427734	11.999144554138184	1	Oriented
-24.68913459777832	13.52558422088623	0	POD
-8.977985382080078	-25.012752532958984	9	Mongolian
15.120942115783691	31.740724563598633	9	Pinoy
-0.624687671661377	-33.706356048583984	2	Anwar
-24.0460205078125	14.439676284790039	5	POSSIBLE
-5.8270158767700195	22.004825592041016	5	polymeric
1.6692925691604614	-23.337400436401367	8	Hue
-5.08148193359375	-6.305079460144043	3	Tunic
30.7791805267334	-26.695877075195312	4	Chong
-24.001163482666016	15.135964393615723	5	POSITION
-1.7373549938201904	-26.433584213256836	2	Haryana
11.766363143920898	-12.307058334350586	6	ladyboy
31.597362518310547	-21.8854923248291	4	Jiang
-2.466034173965454	9.15677261352539	1	marginalized
-25.255891799926758	29.411426544189453	10	Pcs
7.040877342224121	18.858165740966797	1	Picked
-8.045618057250977	11.18722152709961	1	Customization
11.347216606140137	-4.269328594207764	6	tunic
2.393059253692627	-7.790266990661621	6	soybeans
-7.565358638763428	-23.083599090576172	9	Tahiti
-29.81474494934082	4.274801731109619	0	TOY
-0.6557510495185852	-24.45323944091797	8	Hussain
-2.088780403137207	-3.495654582977295	3	Nippon
3.0472989082336426	25.672183990478516	5	Pose
-3.354238510131836	-13.727163314819336	6	Yoda
-5.449396133422852	-32.106876373291016	2	Amit
-5.844299793243408	-24.962881088256836	9	ASEAN
-7.131442546844482	10.513361930847168	1	attractiveness
-23.805749893188477	11.978557586669922	0	OLED
-15.350604057312012	-17.602760314941406	2	Moshe
17.180696487426758	-22.160490036010742	2	Bengali
5.673277854919434	14.995353698730469	1	purposeful
-27.066234588623047	23.645784378051758	10	LPG
1.5519356727600098	-34.69537353515625	2	Dhaka
-3.1790075302124023	-35.906742095947266	2	Uttar
-12.603031158447266	-10.415305137634277	3	Xeon
-13.979124069213867	11.661846160888672	6	vBSEO
-11.80276107788086	-21.842247009277344	9	Taos
4.863961219787598	13.397339820861816	1	purposefully
-6.5407819747924805	33.71711349487305	7	Pancake
-26.68128776550293	26.74178123474121	10	PMP
31.20410919189453	-15.070006370544434	4	hong
22.530200958251953	-0.7659978270530701	3	thinkin
-4.746938705444336	30.749113082885742	7	Phat
19.323360443115234	-25.661163330078125	9	indonesia
-10.816465377807617	-33.255210876464844	2	Sdn
-12.53151798248291	-24.725046157836914	9	Brunei
17.265037536621094	-18.91377830505371	2	khan
7.4092793464660645	35.506927490234375	7	piercings
5.609564304351807	-13.584589958190918	6	Ayurvedic
22.819978713989258	-1.9239915609359741	3	sine
28.746747970581055	-19.091598510742188	4	Gangbang
5.10011100769043	-19.242151260375977	8	hippies
-1.564679503440857	-31.542264938354492	2	Karan
-2.662075996398926	8.395023345947266	1	choreographed
-8.775493621826172	34.05290985107422	7	Peep
-4.396437644958496	-28.886310577392578	2	DELHI
-21.25501251220703	27.88665199279785	10	PMYou
-0.440337598323822	-25.98263168334961	9	Himalayas
-1.5815714597702026	37.08106994628906	7	Pix
-22.207836151123047	3.8649814128875732	8	HOST
-6.952732563018799	-16.13793182373047	2	Shiite
-27.697650909423828	21.523672103881836	10	MSDN
-26.408159255981445	25.313772201538086	10	PLR
28.24907112121582	-16.26187515258789	4	bong
3.3928534984588623	-12.250423431396484	6	Badminton
-13.414032936096191	16.420740127563477	5	Posey
-4.128444194793701	-5.6085405349731445	3	quinoa
-13.793149948120117	-16.553878784179688	2	Shiraz
6.726958751678467	10.741968154907227	1	Layered
-4.9524712562561035	-12.264466285705566	6	Tofu
-6.34055233001709	-3.656416177749634	3	keychain
-1.4087331295013428	9.84345531463623	1	flatten
-8.201498985290527	29.26131248474121	7	Painful
8.900121688842773	3.499624729156494	3	syncing
15.845099449157715	1.4233245849609375	3	Chickens
-5.047282695770264	37.336029052734375	7	Pile
-2.815659761428833	-10.89171028137207	6	Aikido
-26.21611976623535	28.03860092163086	10	PCP
1.803295373916626	9.645040512084961	1	initialize
-11.244477272033691	-10.18950366973877	3	Kyocera
-22.578439712524414	21.71161460876465	10	RHP
4.481498718261719	38.42304611206055	7	pecan
-4.8916916847229	-31.070337295532227	2	Khalid
-5.581002235412598	-22.14621925354004	9	Phnom
-0.14168082177639008	-10.29853630065918	6	Judo
-4.541418552398682	-31.848737716674805	2	Imran
4.599698543548584	-8.355561256408691	6	burying
-12.053728103637695	-23.507038116455078	9	Mekong
-3.6610183715820312	9.851618766784668	1	Upholstered
-9.557632446289062	-15.896051406860352	3	Anil
-26.619604110717773	27.414100646972656	10	PTC
-27.954668045043945	6.34649133682251	0	BIT
3.6384358406066895	38.807010650634766	7	peacock
29.582054138183594	-16.51270294189453	4	tang
-9.350646018981934	25.64700698852539	7	Paladin
1.671736717224121	31.956045150756836	5	photon
-12.54743766784668	-24.276079177856445	9	Borneo
18.28176498413086	0.560883641242981	3	synths
-17.556995391845703	-10.01699161529541	8	Hoyt
-8.940651893615723	-23.389535903930664	9	Bahia
-27.69965362548828	24.974262237548828	10	IPC
-28.34422492980957	15.96405029296875	0	PAS
-25.71921730041504	25.736324310302734	10	PMIt
-5.814013481140137	-3.7531673908233643	3	synthroid
-6.3452887535095215	-5.482521057128906	3	Anakin
30.58578872680664	-24.171926498413086	4	Yong
4.061760902404785	-3.5139923095703125	6	Token
-27.204261779785156	13.750275611877441	0	PANASONIC
7.537843227386475	-28.64443016052246	4	Boing
-8.72998332977295	-33.964012145996094	2	Chakra
4.080627918243408	-27.670568466186523	4	Hangzhou
-11.88773250579834	-25.645050048828125	9	Sumatra
-3.516735553741455	-7.126654624938965	6	Incense
-22.19576072692871	22.8649959564209	10	PHI
-10.968917846679688	-7.49236536026001	3	Kinetic
-21.092164993286133	25.005264282226562	10	IPTV
5.058907985687256	-21.737308502197266	8	haiku
-24.355743408203125	8.813920021057129	0	IMAP
-33.79574966430664	5.569138050079346	0	COIN
-5.4189863204956055	-22.309837341308594	9	Penh
-9.77126407623291	-15.882749557495117	3	Jindal
-5.055952548980713	33.0423469543457	7	panasonic
-0.8021689653396606	-13.312700271606445	6	bonsai
13.975931167602539	-7.583722114562988	6	coco
-2.829688787460327	-12.95156192779541	6	Taboo
5.733920574188232	24.71750831604004	5	potted
-27.417652130126953	26.00057601928711	10	PCA
-8.57131576538086	10.398677825927734	1	Upside
8.912327766418457	8.904361724853516	1	tickled
-2.0586700439453125	-7.786794185638428	6	invocation
-31.9504337310791	13.326528549194336	0	PAINT
6.455317974090576	-29.33246612548828	4	Nanjing
1.9899319410324097	-2.0496368408203125	6	kiosks
-4.8797478675842285	-7.435365200042725	6	reincarnation
27.515268325805664	-22.958179473876953	4	Xiao
-16.862445831298828	10.09975528717041	10	TXT
-1.07956063747406	37.234371185302734	7	Pyle
-12.337163925170898	-20.816255569458008	4	Geelong
-12.720850944519043	-11.385660171508789	3	Vicious
11.967628479003906	-19.476648330688477	2	Mantra
-7.239177227020264	-32.830604553222656	2	Kamal
17.91448402404785	-20.88666534423828	2	Jaya
-9.761490821838379	-32.358009338378906	2	Sharif
-29.454017639160156	5.203312873840332	0	TIE
-18.310754776000977	31.421825408935547	10	Pte
0.9919852018356323	9.468881607055664	1	situational
-26.441781997680664	7.030881881713867	0	ITIL
-10.175470352172852	-19.010143280029297	3	Aquino
29.872777938842773	-23.843212127685547	4	Jing
13.889830589294434	-20.935972213745117	2	Buddhists
-22.787683486938477	21.86880874633789	10	BHP
-11.65927505493164	-11.07019329071045	3	Ruin
-25.699935913085938	9.172508239746094	0	TAPE
-9.521164894104004	-11.70337200164795	3	Mizuno
-1.530841588973999	27.067325592041016	5	Poodle
-9.497607231140137	-34.78633117675781	2	Shankar
12.517674446105957	-5.594344615936279	6	toons
22.06597137451172	-4.474149703979492	3	Kin
21.00943374633789	-23.206926345825195	9	Muay
-3.3453168869018555	32.23857116699219	7	parrots
-8.464158058166504	34.75931167602539	7	Pickle
30.863128662109375	-20.956077575683594	4	Sang
-5.532983303070068	8.085305213928223	1	Knitted
-6.171706676483154	26.44060516357422	2	Prasad
7.159308433532715	15.184759140014648	1	subsidize
11.141727447509766	-18.639236450195312	2	rupees
0.6631156802177429	26.11130142211914	5	ponytail
-23.69945526123047	8.506311416625977	0	FOIA
-7.943146228790283	9.932823181152344	1	Responsive
-30.816242218017578	6.512125015258789	0	RAP
-12.82593059539795	-16.36073875427246	2	Sachin
24.20619773864746	-9.628405570983887	4	tangle
26.542604446411133	-22.54087257385254	4	Yun
5.19976806640625	-30.585525512695312	9	Tae
-26.950809478759766	6.220430374145508	0	TILT
-5.525467395782471	-14.40493106842041	6	Mankato
-8.228070259094238	-31.7301025390625	2	Sutra
-6.066465854644775	32.81966018676758	7	Pima
-16.267959594726562	28.108928680419922	5	Polypropylene
31.671241760253906	-18.76155662536621	4	Ying
-13.113713264465332	-28.14470863342285	2	Mukherjee
14.384851455688477	-17.883285522460938	2	masala
-6.839210510253906	-15.838127136230469	2	ibn
15.038623809814453	-31.24825668334961	9	Siam
-7.293055534362793	-20.728601455688477	9	Reap
24.209190368652344	-8.168172836303711	4	jingle
7.766814708709717	29.136188507080078	5	pesos
15.2239351272583	31.797542572021484	9	Peking
-26.55265235900879	23.33744239807129	10	NPS
-23.962942123413086	8.14103889465332	0	RAZR
-4.319485187530518	-7.016704559326172	6	Smokin
17.574193954467773	-21.589275360107422	2	Bangla
-25.606094360351562	21.786481857299805	10	HPC
-17.73365020751953	5.937038421630859	10	SMP
-4.876952648162842	-11.156814575195312	6	motocross
9.241286277770996	24.44008445739746	7	peering
-2.4384899139404297	-30.63159942626953	2	Riyadh
-4.0655741691589355	-31.3155574798584	2	Deepak
-6.117695331573486	-33.16455841064453	2	Raman
-8.77784538269043	-22.552114486694336	9	Balinese
27.090904235839844	-29.17008399963379	4	BANG
-6.246640682220459	37.171932220458984	7	Pinky
-24.673114776611328	18.697725296020508	10	IPOD
10.86938762664795	36.24043273925781	7	pita
7.8132710456848145	-10.957208633422852	6	manganese
-32.378849029541016	2.940004348754883	0	KIA
-11.089128494262695	-23.73600959777832	9	Angkor
-13.726911544799805	15.803175926208496	5	Posada
-8.20488166809082	23.37343406677246	6	peacekeeping
-17.33590316772461	5.5406813621521	9	BTS
-25.486604690551758	26.320695877075195	10	PMWhat
22.480361938476562	-4.661882400512695	3	Rin
-27.007856369018555	22.53256607055664	10	UPVC
19.060102462768555	0.6934020519256592	3	kinks
29.075056076049805	-23.487747192382812	4	Qing
5.97032356262207	17.498567581176758	1	principled
-23.701732635498047	22.342863082885742	10	PMHi
-0.945899248123169	35.24441909790039	7	pilates
9.922611236572266	33.60984420776367	7	peaking
-2.048476219177246	-14.469708442687988	6	Mandalay
-28.667041778564453	7.701808929443359	0	LINKAGE
-27.194808959960938	17.194644927978516	10	PACIFIC
8.445381164550781	-0.7245922684669495	3	Sinn
15.172171592712402	2.305645227432251	3	Kip
-13.92166805267334	15.448351860046387	7	Primrose
17.164865493774414	-29.19976234436035	9	Siamese
6.803910255432129	26.17716407775879	5	pooling
-24.3814640045166	29.72641944885254	10	Pts
30.465951919555664	-25.204660415649414	4	Yung
29.207509994506836	-17.582887649536133	4	thang
9.919994354248047	0.7714301943778992	6	Encoding
0.10597575455904007	24.036449432373047	5	Posing
7.477677822113037	36.327491760253906	7	pinky
-8.620808601379395	11.866379737854004	1	Moisturizing
-28.955209732055664	4.520964622497559	0	TON
-2.56217098236084	-31.991830825805664	2	Syed
2.8492603302001953	27.128719329833984	5	polynomial
-8.726097106933594	-4.672120094299316	3	Raisin
3.78576397895813	-22.147701263427734	8	hangar
-22.98242950439453	27.800443649291992	10	PCIe
2.078739643096924	23.318891525268555	5	prong
9.207342147827148	24.87614631652832	7	peeking
-13.438380241394043	28.485109329223633	7	Psoriasis
-0.6866627931594849	11.012260437011719	1	Topping
-11.143428802490234	11.541062355041504	1	Conditional
1.6293705701828003	-26.07929229736328	8	Halong
-1.2759569883346558	7.969152927398682	1	undercut
-3.3184895515441895	-31.728130340576172	2	Mahindra
-5.570173263549805	-20.72076988220215	9	Lula
9.38008975982666	29.884990692138672	5	poise
6.404290676116943	-30.521541595458984	4	Tianjin
-8.350536346435547	-32.03779983520508	2	Vishnu
28.12465476989746	-17.433279037475586	4	bangle
-7.69638729095459	-32.615535736083984	2	Mysore
-10.00337028503418	-12.14189338684082	6	Synagogue
2.6601011753082275	-20.995906829833984	8	Hippie
-6.731810092926025	20.316179275512695	5	Purposes
31.639585494995117	-23.55841827392578	4	Liang
-7.55095100402832	-18.46717071533203	9	Inuit
-6.476629734039307	9.428459167480469	1	downsizing
-28.690444946289062	7.043545246124268	0	BEHIND
-20.374101638793945	26.827098846435547	10	PLoS
-7.403235912322998	-36.21263122558594	2	Mohan
-31.142972946166992	3.626654863357544	0	YAMAHA
-7.710944175720215	32.64623260498047	7	polypeptide
22.8555908203125	-1.0134754180908203	3	rind
-29.239505767822266	14.667916297912598	0	PISTON
-10.202936172485352	-8.028627395629883	3	Sinus
-5.783788681030273	-36.24821853637695	2	Bharat
3.1470441818237305	-23.871885299682617	8	hawaiian
-26.212247848510742	11.90358829498291	0	SUPPLIES
-17.223440170288086	-8.669102668762207	8	Hypnotherapy
-11.226722717285156	22.538545608520508	5	Polynesian