x	y	cluster	word
27.426931381225586	0.793574869632721	10	Africa
26.918411254882812	0.387534499168396	10	African
8.511368751525879	-3.2164759635925293	5	Cape
-3.4706459045410156	-3.5883405208587646	0	Montgomery
26.056509017944336	0.12494420260190964	10	Kenya
-12.24094295501709	-2.1050403118133545	7	Legacy
11.930882453918457	-3.1809375286102295	8	Safari
23.940410614013672	-0.8955492973327637	10	Libya
24.459096908569336	-5.434338092803955	10	Zimbabwe
25.125526428222656	-2.175905704498291	10	Uganda
25.810062408447266	3.5437958240509033	10	Ghana
21.902082443237305	3.111921787261963	10	Ethiopia
-11.434333801269531	-2.383115768432617	7	Transition
-5.842082500457764	4.083737373352051	5	Jeremiah
8.017687797546387	10.16618824005127	9	Guinea
-11.378898620605469	-1.1795547008514404	7	Reflections
-17.524911880493164	-12.108153343200684	6	DEF
24.17757225036621	-4.793622016906738	10	Tanzania
18.448652267456055	-3.4442238807678223	8	Somalia
-14.717329978942871	9.442358016967773	1	LET
5.9358954429626465	8.159815788269043	9	Gwen
21.784849166870117	-0.9110068082809448	10	Johannesburg
24.538333892822266	1.6267683506011963	10	Africans
25.42578125	-2.534189462661743	10	Rwanda
-2.0221128463745117	-6.0585126876831055	0	Vaughan
-5.914401054382324	4.145981788635254	5	Refuge
-8.411500930786133	-0.21624359488487244	7	Hermes
15.644804000854492	4.766260147094727	2	Algeria
21.877519607543945	3.2363131046295166	10	Ethiopian
-8.246566772460938	-2.020345449447632	7	Leafs
23.030990600585938	-1.6250014305114746	10	Madagascar
-22.974224090576172	12.957937240600586	3	Emmanuel
-10.428701400756836	0.05995175242424011	7	Regents
28.529142379760742	-1.7344316244125366	10	Nicaragua
13.212512016296387	1.9228695631027222	2	Antigua
28.882125854492188	-1.421535611152649	10	Nairobi
18.864158630371094	-2.3286900520324707	8	Macedonia
26.264474868774414	-1.1946920156478882	10	Zambia
1.173254132270813	-15.4373197555542	4	Novell
-10.246406555175781	0.6989824771881104	7	Regent
-21.409273147583008	14.448200225830078	3	elf
11.374404907226562	2.6286728382110596	2	Albion
22.624000549316406	-1.784785509109497	10	Libyan
2.6223292350769043	-15.125081062316895	4	Normandy
5.461795330047607	8.0313138961792	9	Ghetto
18.110336303710938	-3.649404525756836	8	Somali
28.309629440307617	-0.3171880841255188	10	Namibia
23.629329681396484	-5.961987495422363	10	Malawi
4.832799434661865	5.1879377365112305	9	Crete
15.18287467956543	3.5129942893981934	2	Albania
21.3856201171875	-2.0173842906951904	10	Mozambique
-3.0211620330810547	-5.2779622077941895	0	Pembroke
26.809310913085938	0.9874667525291443	10	Liberia
25.865371704101562	1.0668723583221436	10	Cameroon
11.917436599731445	-4.534860134124756	8	Slavery
23.80208969116211	0.7238450646400452	10	Benghazi
-21.435012817382812	11.751160621643066	3	Ethel
2.017249822616577	-16.347307205200195	4	Nazareth
23.33098793029785	-0.5775587558746338	10	Senegal
28.67698097229004	-2.7126736640930176	10	Niger
19.959482192993164	-2.1490700244903564	10	Mandela
2.896153450012207	7.0301690101623535	9	Gables
3.653287410736084	-4.2221455574035645	5	Rainier
-8.339272499084473	-3.0495989322662354	7	Oblivion
-11.176319122314453	-9.608892440795898	6	MFA
-17.17630958557129	9.792275428771973	1	ETA
10.959559440612793	-0.37453529238700867	5	ANC
-15.524438858032227	-15.381322860717773	6	Denial
-12.51016902923584	9.501585006713867	1	GED
-14.330083847045898	-12.813361167907715	6	Deuteronomy
12.87682056427002	3.1940829753875732	2	Algarve
-14.711724281311035	11.256789207458496	1	MEET
-15.666229248046875	-13.667238235473633	6	Deception
-15.33237075805664	11.632644653320312	1	MET
8.409550666809082	-1.2922074794769287	5	Camilla
-6.1828179359436035	0.30930837988853455	4	Mennonite
4.340912818908691	-2.0677499771118164	5	Camelot
-4.918088912963867	2.0841946601867676	0	Meth
-9.261665344238281	0.22607435286045074	7	Metabolism
20.464162826538086	-6.601906776428223	10	Tripoli
11.88945198059082	-5.419703483581543	8	Malaria
15.710172653198242	-1.0933613777160645	5	Marrakech
7.056041240692139	9.335333824157715	9	Grenada
-26.705053329467773	12.094375610351562	3	Elves
3.6447222232818604	-6.065608978271484	5	Carthage
-15.974149703979492	-15.212888717651367	6	Dementia
-16.24295997619629	-13.07853889465332	6	Descent
-24.709741592407227	9.655143737792969	3	Egan
4.347243309020996	-15.685556411743164	4	Noida
-5.903501033782959	-1.3008421659469604	0	Metacafe
-3.7032992839813232	-6.0226545333862305	0	Montclair
13.887724876403809	-3.2262706756591797	8	Caledonia
-12.037164688110352	-2.5177457332611084	7	Transitions
-2.541933536529541	-6.959689617156982	0	Odom
4.40860652923584	-1.0078084468841553	5	Chameleon
5.590910911560059	-2.1444687843322754	5	Lourdes
26.17828941345215	2.8645176887512207	10	Gambia
-1.4075238704681396	-14.195671081542969	4	Nightingale
-9.874078750610352	-1.9596694707870483	7	Hermitage
-13.543755531311035	9.262545585632324	1	GEM
0.33747828006744385	-15.446939468383789	4	Nugent
6.882358074188232	10.092625617980957	9	Gauteng
0.7878080606460571	-17.60310935974121	4	Nemesis
-23.87628936767578	11.58074951171875	3	Eczema
11.936990737915039	3.0699117183685303	2	Alhambra
21.31097412109375	2.5375874042510986	10	Eritrea
-15.310266494750977	-13.989307403564453	6	Defiance
-1.6874140501022339	-5.2729363441467285	0	Trafalgar
21.737253189086914	-5.093862056732178	10	Benin
-6.958399295806885	-4.5887556076049805	0	OMFG
15.790322303771973	4.835894584655762	2	Algerian
22.8043155670166	-3.0849571228027344	10	Togo
-3.8646066188812256	-4.584559917449951	0	Othello
22.163429260253906	-6.1684088706970215	10	Burkina
-24.097517013549805	6.478748321533203	3	EMF
-2.25913667678833	1.400430679321289	5	Lambeth
-13.13072395324707	10.001568794250488	1	GETS
20.907068252563477	-4.910069465637207	10	Kilimanjaro
-15.98608684539795	7.804005146026611	1	LEAF
24.508703231811523	-3.5324816703796387	10	Burundi
12.94497013092041	1.499359369277954	2	Accra
-4.757279396057129	-0.4333292543888092	0	Jethro
4.388374328613281	9.308690071105957	9	GEORGIA
-10.98249626159668	-1.7787184715270996	7	Transvestite
25.560941696166992	-1.0292141437530518	10	Ugandan
1.869534969329834	-5.0025954246521	5	Atelier
13.402671813964844	-3.5780982971191406	8	Sylvania
-4.5460944175720215	-7.0968918800354	0	Sedgwick
-14.403117179870605	7.202334880828857	1	NAMES
24.032909393310547	-5.623625755310059	10	Swaziland
1.8978404998779297	-17.05074691772461	4	Nehemiah
-24.696115493774414	11.302661895751953	3	Ephesus
1.4203603267669678	-2.6936542987823486	5	Confetti
8.519432067871094	10.062341690063477	9	Gabon
-14.609590530395508	10.234023094177246	1	LETS
5.209615707397461	8.969687461853027	9	Ghent
-10.530433654785156	-3.439607620239258	7	Ontology
-25.630977630615234	13.780143737792969	3	Eccles
-9.720229148864746	-8.431397438049316	6	Hefner
10.468470573425293	-5.095013618469238	8	Catania
2.0501890182495117	8.797574043273926	9	Guillen
-4.832076549530029	-6.737165927886963	0	Fenwick
-5.236966609954834	-0.6332573294639587	0	Wyeth
23.699033737182617	-1.5945167541503906	10	Kampala
4.499360084533691	-3.460401773452759	5	Rodrigues
-3.458195209503174	-6.550604343414307	0	Twickenham
5.45871114730835	-3.657236337661743	5	Archuleta
24.997426986694336	0.23788408935070038	10	Lesotho
4.362275123596191	6.8640313148498535	9	Jeannette
14.172165870666504	4.041896820068359	2	Algiers
18.53885269165039	-2.440835952758789	8	Mogadishu
3.7846193313598633	7.713611602783203	9	Grenoble
-24.304004669189453	7.427591323852539	3	EMG
-24.136621475219727	14.935342788696289	3	Emancipation
21.386051177978516	-2.7037057876586914	10	Mauritania
15.342439651489258	2.388638973236084	2	Abuja
-17.913732528686523	-11.691438674926758	6	DECT
0.5153610706329346	-2.352363348007202	5	Orpheus
-1.0859229564666748	1.7852400541305542	8	Mallet
-10.300505638122559	-1.4207451343536377	7	Hermit
-24.528701782226562	14.376375198364258	3	Evangelicals
-20.60992431640625	9.840882301330566	3	ETHNIC
4.085151195526123	-2.203125238418579	5	Cabriolet
-25.322662353515625	8.071410179138184	3	EAC
3.425905227661133	-16.40386962890625	4	Negroes
-23.48924446105957	14.254969596862793	3	Ember
22.171703338623047	0.17784802615642548	10	Djibouti
10.78947925567627	1.1927430629730225	2	Fallujah
23.18894386291504	0.2245194911956787	10	Tbilisi
-1.4271618127822876	-14.860427856445312	4	Nightwish
1.140750765800476	-16.707706451416016	4	Nodes
-25.57701301574707	9.583290100097656	3	Eagan
-17.679738998413086	9.209983825683594	1	EDA
5.416665554046631	-3.6806764602661133	5	Arpaio
20.314279556274414	-1.4023427963256836	10	Mombasa
-14.817195892333984	10.501493453979492	1	MEAT
-22.52638053894043	13.32541275024414	3	Etna
-1.8064231872558594	-6.849958419799805	0	Benidorm
-21.7113094329834	9.778355598449707	3	EVGA
28.608890533447266	0.0789194107055664	10	nigeria
13.972569465637207	-1.4846043586730957	5	Calabria
-5.818839073181152	-1.5222645998001099	0	MetLife
25.5548152923584	3.3715031147003174	10	Ghanaian
-5.300125598907471	-5.654758453369141	0	Owensboro
0.7228342890739441	-0.2189633995294571	8	Morpheus
-22.224048614501953	14.232807159423828	3	Emmaus
12.763727188110352	3.849392890930176	2	Almeria
-23.442562103271484	13.287336349487305	3	ethnographic
9.085171699523926	-2.681619167327881	5	Stellenbosch
-27.591886520385742	9.462388038635254	3	Effingham
28.521303176879883	-1.8150365352630615	10	Nicaraguan
1.6599400043487549	8.212666511535645	9	Gauthier
14.079305648803711	4.486328125	2	Alger
-2.2570748329162598	-13.559894561767578	4	Notts
-11.077980995178223	-0.23526716232299805	7	Transvestites
-4.471383094787598	-1.7645795345306396	0	Methuen
8.11777114868164	-3.2244579792022705	5	Cham
1.3641351461410522	-15.71297550201416	4	Neanderthal
-17.085262298583984	-12.559313774108887	6	DESERT
-3.5065832138061523	-8.036718368530273	0	Dagenham
27.01451301574707	1.0811009407043457	10	Liberian
-5.698338985443115	-5.323666572570801	0	Renfrew
-14.59875774383545	-13.041755676269531	6	Delirium
-15.4285888671875	-12.969952583312988	6	Demetrius
2.85416316986084	-4.70557975769043	5	Arquette
-15.364564895629883	7.801340579986572	1	HELMET
-12.074533462524414	-0.7273596525192261	7	LEGACY
1.3265597820281982	0.4628397822380066	8	Mordecai
-0.04406631737947464	1.071144461631775	8	Morissette
-22.25788116455078	15.655618667602539	3	Etobicoke
4.430314540863037	-4.525061130523682	5	Acomplia
0.3936271071434021	-17.26180648803711	4	Notions
-11.549217224121094	-10.451301574707031	6	NFA
-24.884838104248047	7.6316752433776855	3	ECAC
-0.4640304148197174	-12.605001449584961	4	Snoqualmie
-1.248401403427124	-13.415023803710938	4	Nyack
6.720232963562012	10.047124862670898	9	Guadeloupe
-2.994374990463257	0.5195936560630798	5	Lemieux
12.507377624511719	-3.65661883354187	8	Barbarians
-26.32014274597168	10.7926025390625	3	Etruscan
0.644045352935791	-16.124053955078125	4	Noyes
-23.650463104248047	6.875347137451172	3	EDL
3.341346263885498	8.566871643066406	9	Geddes
21.36081886291504	3.0406885147094727	10	Ethiopians
5.099038124084473	8.43139934539795	9	Gwent
-16.014549255371094	8.455166816711426	1	LEC
5.061301231384277	-15.922972679138184	4	Nubian
1.0871217250823975	-14.626392364501953	4	Narragansett
3.153371810913086	-3.012939453125	5	Capote
-23.696142196655273	8.08155632019043	3	EDB
23.26093864440918	-2.684730291366577	10	Zaire
-10.708367347717285	-4.951335906982422	7	Bettman
-23.033166885375977	8.154492378234863	3	EFA
7.63064432144165	-1.8661940097808838	5	Faroe
21.304384231567383	2.843930244445801	10	Eritrean
-16.447677612304688	11.79965591430664	1	MENA
6.31870174407959	9.137149810791016	9	Grenadines
-25.737089157104492	13.199642181396484	3	Emeryville
-13.022634506225586	9.052298545837402	1	GATES
2.2821083068847656	-0.5383598208427429	8	Scituate
-0.8271986246109009	0.0061847008764743805	5	Catheter
15.742415428161621	-1.133009672164917	5	Marrakesh
16.591163635253906	-4.333585262298584	8	Somalis
-10.273852348327637	-8.206242561340332	1	TSM
-4.693851470947266	0.09770023077726364	0	Mellencamp
13.416836738586426	-2.2559266090393066	5	Cappadocia
-24.619709014892578	15.348775863647461	7	ChristianEthnicity
8.251215934753418	-2.0175185203552246	5	Touareg
-10.788333892822266	-9.110326766967773	6	TFA
6.453159332275391	-0.786507785320282	5	Liege
-16.829212188720703	-13.579118728637695	6	Demeter
2.8028931617736816	-15.7510404586792	4	Nineveh
-15.51085090637207	6.928912162780762	1	WALES
-4.846646785736084	-1.7899049520492554	0	Metheny
-16.663496017456055	-14.224465370178223	6	Deflect
-27.189655303955078	13.07620620727539	3	Ellesmere
15.174114227294922	-4.390213966369629	8	Soweto
-27.364620208740234	10.121517181396484	3	Elfman
1.3141530752182007	-2.4009788036346436	5	Hesperia
-18.243751525878906	9.524496078491211	1	ENEMY
6.310955047607422	-5.493449687957764	5	Windhoek
-1.5544812679290771	-15.289800643920898	4	Nightfall
-15.31817626953125	-12.236068725585938	6	Decaf
-15.017241477966309	8.349029541015625	1	METAR
-4.166901111602783	-2.658050060272217	0	MONTGOMERY
0.20951665937900543	-16.691898345947266	4	Notion
-23.68621253967285	7.317210674285889	3	ESF
25.90727424621582	-1.9244343042373657	10	Zambian
-13.041292190551758	9.097436904907227	1	GEMS
-14.715463638305664	8.076150894165039	1	MEETINGS
20.8680419921875	-6.1473822593688965	10	Timbuktu
14.028700828552246	0.9200177788734436	2	Tirana
-21.449857711791992	9.60229778289795	3	EGFR
20.46121597290039	-2.7106335163116455	10	Libyans
-24.476619720458984	11.006670951843262	3	Ephemera
8.645733833312988	-1.0817081928253174	5	Kirkuk
1.9368501901626587	-8.700240135192871	4	Benicia
0.7388134598731995	-4.951933860778809	5	CAUGHT
-12.331147193908691	-3.079587697982788	7	Transfiguration
-22.048017501831055	15.65322494506836	3	Ebola
11.483479499816895	-4.012966156005859	8	Barbary
20.632448196411133	-5.681652069091797	10	Kiribati
3.6950600147247314	-3.6498451232910156	5	Richelieu
13.637931823730469	-4.311812877655029	8	Snowdonia
-1.8569811582565308	-13.368943214416504	4	Natchitoches
2.4600815773010254	8.537445068359375	9	Gallen
2.185652494430542	-3.134465456008911	5	Chambliss
-3.0657846927642822	-5.302598476409912	0	Fermanagh
-21.644575119018555	12.68044662475586	3	Egret
-27.204946517944336	10.842830657958984	3	Eltham
-25.379344940185547	11.978315353393555	3	ethnography
-24.508440017700195	6.481691360473633	3	ESM
-0.08887778222560883	-13.67375659942627	4	Nogueira
7.102595329284668	-2.146608352661133	5	Farouk
-15.925613403320312	-12.799097061157227	6	Deflectors
-0.6354251503944397	-11.683555603027344	4	Annecy
22.859716415405273	-5.161564350128174	10	Zimbabweans
10.555998802185059	-4.529349327087402	8	Franconia
9.832438468933105	-0.6347548961639404	5	Arequipa
1.8746849298477173	-8.431829452514648	4	Tigris
22.307218551635742	-3.7384862899780273	10	Bamako
4.345893383026123	7.483536720275879	9	Gethsemane
22.810335159301758	-0.6711058616638184	10	Juba
-26.040788650512695	9.914467811584473	3	Edom
28.59634017944336	-0.6772205829620361	10	Namibian
-15.85720157623291	11.304633140563965	1	MEG
15.401816368103027	-1.9540420770645142	8	Sahel
15.278575897216797	2.7874598503112793	2	Abidjan
11.247859001159668	3.355085849761963	2	Albeit
-4.6287055015563965	-8.153443336486816	0	Caithness
-0.9230892658233643	-6.556458473205566	0	Cavanagh
-10.953653335571289	-4.691780090332031	7	Metrology
3.581855058670044	7.000471591949463	9	Gnomes
8.647951126098633	1.3707590103149414	2	Antibes
-5.550233840942383	-7.220872402191162	0	Mitchum
1.4538371562957764	-0.8579702377319336	8	Lortab
-4.31400203704834	-3.1285741329193115	0	Monteith
13.407342910766602	-5.36543083190918	8	Macedon
-25.55827522277832	10.966349601745605	3	EQUESTRIAN
1.7289894819259644	6.083810806274414	9	Hebden
-12.247966766357422	-1.774616003036499	7	Legacies
-5.654979705810547	0.9013969898223877	4	Mennonites
3.8478949069976807	9.766707420349121	9	GENEVA
-15.308772087097168	-14.807339668273926	6	Deluge
8.98276424407959	1.3480820655822754	2	Belgravia
-14.168600082397461	10.820294380187988	1	MEETS
26.05547332763672	-3.825368881225586	10	NIGERIA
11.550811767578125	-4.835132122039795	8	Slavs
-9.622715950012207	-4.052386283874512	7	Westfall
-1.3947868347167969	-5.89794397354126	0	Umpqua
15.609981536865234	-4.149425983428955	8	Mogwai
10.77971363067627	1.532257080078125	2	Athabasca
3.7164769172668457	-15.848674774169922	4	Nablus
-1.3692193031311035	-8.31047248840332	0	Alnwick
-24.479717254638672	12.25430965423584	3	Ephrata
13.891610145568848	-0.6131106019020081	5	Escambia
3.309302568435669	-2.303408145904541	5	Capes
-20.738309860229492	10.70805835723877	3	EGGS
12.849138259887695	-5.77510929107666	8	Macedonians
-23.111347198486328	7.1262712478637695	3	ECF
-2.6979782581329346	0.0641418993473053	5	Lemuel
-8.981000900268555	-1.5949242115020752	7	Canaanites
-23.791501998901367	12.342487335205078	3	Etowah
-16.026264190673828	-12.236905097961426	6	Deflector
-16.064659118652344	-14.574390411376953	6	Deceit
-25.921001434326172	12.340578079223633	3	Ellensburg
-25.03215789794922	13.23542594909668	3	Embraces
23.69710922241211	-0.33679941296577454	10	Ngorongoro
-2.7648673057556152	2.831197738647461	1	MERIDIA
-11.110298156738281	-3.6765167713165283	7	Tracts
13.773582458496094	4.346338748931885	2	Algernon
-2.9151339530944824	-6.607259273529053	0	Connacht
5.515566349029541	1.8006120920181274	5	Agamemnon
1.6337661743164062	8.18453311920166	9	Gallaudet
-25.186824798583984	6.580478191375732	3	EDUC
-16.150510787963867	-13.938687324523926	6	Defra
-4.43150520324707	-6.726981163024902	0	Feltham
10.83250904083252	-6.01790189743042	8	Morelia
3.307708978652954	-15.240063667297363	4	Normandie
21.223543167114258	-0.5709684491157532	10	Okavango
-7.836630344390869	-0.21480119228363037	7	Ferrets
-3.7391014099121094	3.0320708751678467	1	MGT
6.304013252258301	6.209349155426025	9	Lesbos
22.595195770263672	-2.881669521331787	10	congo
6.472964763641357	-1.146831750869751	5	Chablis
4.778217315673828	-5.439139366149902	5	Cambro
-0.07446341961622238	-0.061017956584692	8	Moffatt
-0.7332810163497925	-15.32817554473877	4	Nephilim
-4.999615669250488	-14.128588676452637	4	NECA
-27.65241050720215	14.245715141296387	3	ElBaradei
-16.473711013793945	9.12595272064209	1	MEF
-21.06254768371582	14.305336952209473	3	Etnies
-25.564451217651367	11.692708015441895	3	Ethnography
-2.994706153869629	-14.489727973937988	4	KNIGHTS
1.713789463043213	-3.701033115386963	5	Lecavalier
-25.502521514892578	10.324979782104492	3	Ecampus
21.34347152709961	-5.9111223220825195	10	Zamboni
-4.277156829833984	-4.851169109344482	0	Wigwam
-9.899863243103027	-0.4626314640045166	7	lethality
2.1239330768585205	-4.0646772384643555	5	Koufax
1.1440883874893188	8.437070846557617	9	GABRIEL
-14.317716598510742	-12.784102439880371	6	Dembski
-24.132080078125	14.11430835723877	3	Embers
-14.352935791015625	11.423993110656738	1	METS
10.33049201965332	-2.850238800048828	5	Omarion
1.3996225595474243	-4.251769542694092	5	Hammel
-2.662734270095825	-3.802367925643921	0	Omagh
-2.0851387977600098	-13.346760749816895	4	Nuttall
22.96638298034668	-4.410857200622559	10	KENYA
-11.42720890045166	-3.4907782077789307	7	Christology
-26.628772735595703	9.510061264038086	3	Ewald