x	y	effect_size
-8.910287857055664	-17.766162872314453	-0.6108243760081942
-6.611202239990234	-21.429990768432617	-0.4328269886331971
-8.635547637939453	-20.315589904785156	0.5703840630423488
-10.254387855529785	-18.39687156677246	0.6155117469557957
-8.894195556640625	-21.756183624267578	-0.6342522845189511
-35.83918380737305	24.857255935668945	-0.6010589318922922
-56.29179382324219	27.61159324645996	-0.6197180224678508
-57.07572555541992	23.309423446655273	0.0831258681651842
-41.234458923339844	28.411653518676758	0.8922521380017557
-37.17595672607422	26.3486328125	0.8847195495382442
-40.25984191894531	31.950220108032227	-0.760102547937996
-41.0577392578125	32.3543586730957	0.7963850818071752
-40.51005172729492	29.856464385986328	-0.7560585566950423
-42.162391662597656	24.8234806060791	0.9105674008517296
-41.13456344604492	36.92795181274414	-0.6058231153166906
-42.41468811035156	24.18211555480957	-0.6715229008969432
-41.11066818237305	36.31806564331055	0.9336840695388486
-54.76161575317383	25.29570770263672	-0.7240766684453309
-67.67465209960938	19.434688568115234	0.0215381889972904
-63.55188751220703	18.24003791809082	-0.1303815970934961
-65.33409118652344	22.202932357788086	-0.2620993927614769
-67.0771255493164	18.027549743652344	0.0717460816999087
-66.66431427001953	20.826904296875	-0.1841895302797787
-67.42182922363281	21.899587631225586	-0.1899255989468665
-65.1113510131836	23.57265281677246	-0.2227763883115479
-7.409599781036377	-19.825815200805664	0.7028073068728601
-64.70032501220703	16.72515296936035	0.2065756734752677
-66.22557830810547	23.362096786499023	-0.0835284977677715
-64.49617004394531	19.966508865356445	-0.3756295926706103
-62.530643463134766	20.08024024963379	-0.0381655954936163
-70.19418334960938	16.196569442749023	-0.0186594725278221
-70.22850799560547	22.493396759033203	-0.2745409420479063
-68.2438735961914	22.7872257232666	-0.5365484913136045
-65.54975891113281	18.459396362304688	0.1425028830917322
-68.40685272216797	15.210439682006836	-0.6004806120888722
-68.92147064208984	20.569501876831055	-0.4561867558212186
-66.97447204589844	16.70775604248047	-0.1883478448895031
-58.940616607666016	23.197538375854492	-0.0137026678853619
-69.96459197998047	21.06800079345703	-0.3548320087996494
-71.73947143554688	19.037586212158203	-0.3568511158314612
-71.11504364013672	16.971466064453125	-0.4709313952792999
-69.98062133789062	18.443876266479492	-0.1537306375819514
-72.29252624511719	20.05215835571289	-0.6022809476725496
-69.0726318359375	16.895353317260742	-0.3676490836587051
-71.38288116455078	14.699896812438965	-0.0300660795408369
-74.02465057373047	18.484439849853516	-1.068785989205275
13.022202491760254	-26.978958129882812	-0.3314758964982934
-31.57599639892578	-12.627928733825684	-0.7585133892509378
11.521410942077637	-29.816442489624023	-0.2902954517685635
24.226537704467773	-26.079965591430664	-0.5225414713328549
26.52374267578125	-41.48163986206055	-0.3387722764425064
-31.797853469848633	3.9976894855499268	-0.4229415144740115
41.40952682495117	-18.919923782348633	-0.2457056731210953
23.791452407836914	-33.60405731201172	-0.4372565334024359
-5.726349830627441	-24.410430908203125	-0.1761699763135243
-17.565092086791992	-24.09981346130371	-0.0659879420485698
-34.156856536865234	22.1975040435791	-0.2258130950331929
-28.14373207092285	-20.15707015991211	-0.6566269443210252
43.71839904785156	-12.092937469482422	-0.4318281611910529
36.64314270019531	-6.476984024047852	-0.3913883683837765
-15.530500411987305	-50.86231994628906	0.0361394636815184
33.697139739990234	-16.662845611572266	-0.2428244775582005
33.15701675415039	-35.985679626464844	-0.3645815816677458
-51.2232780456543	-4.917739391326904	0.2705236543775051
25.495267868041992	-25.28548812866211	-0.5949438026115176
25.598705291748047	1.500679612159729	-0.4195541401607118
16.121652603149414	-29.709688186645508	-0.3596756132243681
12.881875991821289	11.611106872558594	-0.2528605353982363
-17.840620040893555	-23.955957412719727	-0.0659879420485698
16.117828369140625	-38.78184509277344	-0.613116909450608
21.833675384521484	25.687713623046875	0.1135262136965352
-32.9064826965332	-15.694348335266113	-0.5239751034037964
26.505922317504883	7.055530071258545	-0.1183015768761125
-0.23006652295589447	-37.087013244628906	-0.4314922887084769
-38.59436798095703	-2.0421953201293945	-0.396657324578842
-0.12276748567819595	-35.48851013183594	-0.6186314456027967
-8.245272636413574	-10.17841625213623	-0.5524943181437616
15.298577308654785	-26.629247665405273	-0.3386635213309395
25.640949249267578	-10.28748607635498	-0.413753758033336
-41.02128982543945	-6.308773040771484	-0.5163226909250943
21.269010543823242	-39.16142272949219	-0.6196718381908475
20.91998863220215	-43.720664978027344	-0.2051628045256549
47.22433090209961	-25.87884521484375	-0.286086470043343
-19.851886749267578	-46.66463088989258	-0.5120309365472908
-37.501705169677734	7.25173282623291	-0.3014739735126587
-21.492794036865234	-19.56334114074707	-1.107206233406624
-13.345185279846191	-44.38561248779297	-1.1019284821627646
37.41706466674805	-5.661623954772949	-0.4395985967618789
31.155717849731445	9.936637878417969	0.0006561361340928
17.71980857849121	-31.19744873046875	-0.3275068444376381
33.09648132324219	-10.185358047485352	-0.1069383949335918
54.370540618896484	-20.509708404541016	-0.295202863140506
3.7558608055114746	5.817209720611572	-0.044052774021782
25.682226181030273	-1.3739125728607178	-0.5345803189497903
-7.511157035827637	5.138826847076416	-0.1166704205972668
-17.275421142578125	47.93333053588867	-0.2588671004889727
-5.552320957183838	-48.660667419433594	-0.6606446076119992
14.005367279052734	-35.49101638793945	-0.4297619458969474
39.31462097167969	-22.34589958190918	-0.2344493230889734
25.360633850097656	-7.00039529800415	-0.41659098868909
20.07703399658203	-35.848724365234375	-0.7355212966859555
-12.065024375915527	-34.2817497253418	-0.7728652601685169
14.081902503967285	-28.687482833862305	-0.173443778912562
3.6948914527893066	-34.507442474365234	-0.5167833640796777
-51.2232780456543	-4.917739391326904	0.2705236543775051
-9.576308250427246	-16.60101890563965	-0.1111865157297831
-11.110599517822266	0.8474318981170654	-0.4578577464631783
5.684134006500244	-24.466238021850586	-0.4669399826341133
-34.71720504760742	14.55405330657959	-0.0042004382700718
-17.951818466186523	-29.6724796295166	-0.1323873392275331
39.66275405883789	-32.568904876708984	-0.2057570147684052
43.774620056152344	-13.595680236816406	-0.2347078629362721
43.714195251464844	-21.87912368774414	-0.5444011218506444
-38.18948745727539	-27.975168228149414	-0.4901198936811239
15.005674362182617	-33.68516159057617	-0.1214985211874754
5.674696445465088	31.1901798248291	-0.3031662290235339
-21.65864372253418	-32.9326286315918	-0.9514233672027396
-15.486170768737793	-42.36635971069336	-0.627706006364784
5.185957908630371	-32.43020248413086	-0.1024621439690883
-17.562559127807617	48.0737419128418	-0.2588671004889727
12.24941635131836	-41.667381286621094	-0.8088555320692746
6.875130653381348	20.42047882080078	-0.0367081103432643
13.816265106201172	-6.499449729919434	-0.3451094545666499
11.92962646484375	-38.09014892578125	-0.2370318025500554
-13.230650901794434	29.56108283996582	-0.1432946908393522
17.298192977905273	-25.22332191467285	-0.411986240654299
26.86100959777832	-18.059009552001953	-0.1702267997296649
-46.82356262207031	-29.155540466308594	-0.0360831799194723
26.304290771484375	0.17849695682525635	-0.4313601219168866
-6.280063629150391	40.42316818237305	-0.1927890522295364
35.52882766723633	-25.768138885498047	-0.1909155221315137
9.349477767944336	8.261990547180176	0.5606675593089284
-3.916471004486084	-5.814495086669922	0.4986557525269908
6.869884967803955	-17.03951072692871	0.0431917631865036
-6.996625900268555	28.7760066986084	0.3852761406954225
31.513599395751953	-10.415620803833008	-0.3061820147136017
25.514551162719727	-48.33578872680664	-0.6846710003688896
12.74944019317627	-33.31671142578125	-0.3937461841417241
-38.166542053222656	-0.9109147191047668	-0.2939462849833634
17.073444366455078	-24.5340576171875	-0.7302125459356028
-47.21053695678711	-29.907581329345703	0.0630060820570299
-0.1477174013853073	-19.308788299560547	0.1059484635329266
11.093324661254883	-56.054931640625	-0.1067923987843925
15.552238464355469	22.376150131225586	0.0348065290338449
22.488788604736328	-22.364961624145508	-0.274728065943249
9.192137718200684	-34.058040618896484	-0.437030654797307
-20.28386878967285	-37.37245178222656	-0.716806799138014
0.5697467923164368	-3.872220754623413	0.1466020544527735
30.69460105895996	-41.71992492675781	-0.4698850238517292
13.794017791748047	6.734304428100586	-0.6621870526307045
-5.047188758850098	-23.881940841674805	-0.0841654453141735
-16.319355010986328	-40.02190399169922	0.05676989192633
-0.2510403096675873	31.187475204467773	0.1779080417844009
18.615909576416016	38.62604522705078	-0.1132699051510207
-34.143951416015625	-17.297269821166992	-0.024900965163401
19.746652603149414	-18.495697021484375	-0.5342192749486426
47.306922912597656	-18.793272018432617	0.1791063661425843
-10.254387855529785	-18.39687156677246	0.6155117469557957
21.103023529052734	30.750295639038086	0.0597742333203351
29.445266723632812	-2.810969114303589	-0.294215120192476
-33.825782775878906	36.243064880371094	0.2666504855239829
39.41089630126953	-31.485448837280273	-0.2113976941082925
7.777030944824219	20.564430236816406	-0.0215008851133139
-4.132771968841553	41.93457794189453	0.095533432408298
-31.5484619140625	-12.099470138549805	-0.7585133892509378
11.693197250366211	-3.4851431846618652	-0.3158385049456562
23.77386474609375	-24.680723190307617	-0.543694326868731
4.981579780578613	-53.49604415893555	-0.2211065437744472
-40.62214660644531	0.15572866797447205	-0.3575224104175621
-19.39214324951172	-25.75252914428711	-0.3669124002341444
40.17988586425781	-14.620614051818848	-0.4638323609590833
9.244182586669922	-7.203991413116455	-0.0149308652406437
38.53080749511719	8.258397102355957	0.1091939413511463
-28.39372444152832	11.486515045166016	-0.2477468990520857
0.5458368062973022	14.412014961242676	-0.2959519748230491
-7.605015754699707	-28.88805389404297	-0.6113353341544422
-23.517436981201172	-29.874874114990234	-0.7894895242331241
-24.143878936767578	16.184551239013672	0.1214619627338848
-6.965113162994385	34.49882888793945	-0.122893079871029
-7.543489933013916	-37.098323822021484	-0.7827017303441237
-22.43907356262207	24.28546142578125	-0.442670883767235
52.43061828613281	2.5007266998291016	-0.5117280925072274
8.948857307434082	-21.696247100830078	-0.4734475425490579
-17.910938262939453	-30.47503089904785	-0.2352824638104569
46.746604919433594	-5.808201313018799	-0.1310372395040542
24.69788932800293	-7.029718399047852	0.003954547382735
-16.437881469726562	-14.994230270385742	-0.8690609909467327
-33.470062255859375	2.3300607204437256	-0.2408388963301029
43.10182571411133	-13.68228530883789	-0.1464048704984337
-21.655893325805664	42.04072570800781	-0.0584766057145693
41.612483978271484	3.104999303817749	-0.0226821057950065
-22.052772521972656	-20.0236759185791	-0.5378253452774293
-28.891498565673828	39.4974479675293	0.0387095163322116
-11.129051208496094	8.748737335205078	0.0436714526989745
0.8691396713256836	28.56101417541504	-0.0769096049774053
2.0831217765808105	6.836816310882568	0.1277923238266522
-17.523366928100586	11.772774696350098	-0.1654156224196838
-3.801971435546875	-23.216699600219727	2.260319211604664e-05
7.0198211669921875	-34.63843536376953	-0.5425832447089507
-2.320868730545044	0.837475597858429	0.1460682232414646
-29.628828048706055	-19.639610290527344	0.4077426615393774
27.434131622314453	-20.66206169128418	-0.5037487696223437
0.44673773646354675	35.30349349975586	-0.2287126771322435
-36.80414581298828	29.81273651123047	0.3585928894183373
6.948146343231201	-28.50531768798828	-0.4970668036314575
-17.232507705688477	38.110836029052734	-0.0263535168247392
5.9268622398376465	-51.875064849853516	-0.0331239924726521
19.041278839111328	-32.05282974243164	-0.3142423585665973
30.875518798828125	-3.536033868789673	-0.3174727222234533
-63.55188751220703	18.24003791809082	-0.1303815970934961
-40.232025146484375	-2.3029892444610596	-0.1486352616690691
19.67776107788086	37.118865966796875	-0.1378244052609957
29.46437644958496	30.944110870361328	0.0782300959607807
-27.22392463684082	26.603153228759766	0.1126226303675118
-23.01347541809082	44.956512451171875	-0.505234789776756
7.611359119415283	43.89942932128906	-0.0627556195273642
35.419490814208984	-5.837314605712891	-0.5278707886647477
40.97392654418945	-20.62877082824707	-0.220073070658576
-48.693477630615234	-4.19390344619751	-0.4426907207628201
31.72307014465332	-41.64608383178711	-0.4916853988245257
-42.800262451171875	17.821002960205078	-0.4964842749456115
-11.722745895385742	37.45545959472656	0.0398049232963846
29.02735710144043	-14.146584510803223	-0.0284194691878698
11.025163650512695	31.649553298950195	0.2782067684702696
16.087820053100586	17.991504669189453	-0.5490331454988049
-49.76318359375	-5.903984069824219	0.5931983692023441
33.713924407958984	21.472387313842773	-0.4294584925732452
-19.71792221069336	-7.352590560913086	-0.3105721252793552
-0.38562604784965515	-38.802772521972656	-0.4732526319466334
-37.58155822753906	5.362534523010254	0.3331524035985058
-29.299482345581055	-36.14920425415039	-0.2852004872211876
-12.065024375915527	-34.2817497253418	-0.7728652601685169
-32.672367095947266	23.01001739501953	-0.1255016569484254
-51.95650863647461	-6.417561054229736	0.4804073457167132
38.281375885009766	-14.991998672485352	-0.3975466313366126
-3.984361410140991	31.408647537231445	-0.5463510225441399
14.739968299865723	-21.940956115722656	-0.4041700169122926
8.220793724060059	7.159074783325195	0.4004255410376485
-9.714317321777344	-46.22637176513672	-1.1777290759987398
-8.578254699707031	-4.001313209533691	-0.0359344724963892
-5.638582229614258	9.188414573669434	-0.3670820431565809
45.47095489501953	-34.160423278808594	-0.2984994785408815
23.25349998474121	-14.105674743652344	-0.6496436270058267
22.78207778930664	25.723861694335938	-0.1874008024781036
-16.37744140625	-39.41457748413086	0.0501277096074833
7.003592491149902	11.79954719543457	-0.869303234388831
-27.3707275390625	37.455543518066406	-0.0883959729352256
26.89752960205078	-5.9941205978393555	0.0568912564521313
36.050987243652344	-7.260442733764648	-0.1859920459619651
25.806575775146484	7.7672834396362305	-0.008010634791756
-36.640159606933594	9.071187019348145	-0.396990802280194
44.541419982910156	-0.8318882584571838	-0.4081364042785607
-58.3458366394043	18.181991577148438	-1.1263004704014206
7.706761837005615	-11.86471939086914	-1.0053448185392295
-24.84556007385254	30.276384353637695	0.1392338258371847
22.2148380279541	-43.97907638549805	-0.0810790378216046
26.040254592895508	-41.08343505859375	-0.1553908695930327
15.488916397094727	33.38517761230469	0.5192784220871766
-23.418928146362305	-9.171217918395996	0.0202025441117791
-56.00211715698242	6.415651321411133	-1.4091469073723426
5.973647117614746	24.525808334350586	-0.0372977365022291
-49.077659606933594	-2.390925884246826	-0.3619713417685318
14.5225830078125	-17.21815299987793	-0.233598767084367
1.0914279222488403	44.54097366333008	-0.5584825382243217
19.840484619140625	-34.74247360229492	-0.5071317401797295
44.29270935058594	-1.493614673614502	-0.45500574924305
48.28297424316406	12.012717247009277	-0.5661848171832182
-37.44493865966797	0.32258114218711853	-0.4388336074795811
7.898685932159424	-51.29703140258789	-0.2305096406797482
3.147284984588623	14.836814880371094	-0.9023925692460536
-47.731727600097656	-5.9228386878967285	-0.2426852709796259
5.355055809020996	-44.372859954833984	-0.64607639536293
24.04771614074707	43.163692474365234	0.7963698335545012
-23.088592529296875	-34.789268493652344	-0.9216796641144328
-34.78649139404297	14.866145133972168	-0.0042004382700718
36.14352798461914	-41.51400375366211	-0.8333334429058942
-11.44970417022705	37.539833068847656	0.0398049232963846
12.722844123840332	-27.165863037109375	-0.3314758964982934
20.875112533569336	-17.021656036376953	-0.3628613284036436
17.87274932861328	10.542134284973145	-0.1861717275653586
0.39691686630249023	-24.731151580810547	-0.3125803660977066
-18.118907928466797	1.3670419454574585	0.1140690634420736
-15.364298820495605	10.981912612915039	0.3705292215078342
-38.74163818359375	25.621213912963867	1.1184207922442504
26.065153121948242	-36.879066467285156	-0.7748565873618778
39.30769348144531	-23.249794006347656	-0.4692390083099174
-8.079977989196777	16.569089889526367	0.7804799065047036
-15.229903221130371	37.38576889038086	-0.354173319836668
-28.641178131103516	31.920019149780273	-0.0213087128339224
13.578675270080566	25.131216049194336	0.0632732497125107
26.256412506103516	-10.640267372131348	-0.1846090972329886
0.13164664804935455	2.0648772716522217	-0.1844015298678651
-63.16002655029297	9.210877418518066	-1.1985352904051796
31.139808654785156	2.5497498512268066	-0.9706423431629344
-24.938318252563477	-30.248424530029297	-0.9845189797025916
-47.52433395385742	-3.036903142929077	-0.1534681305728106
17.64255714416504	-33.531829833984375	-0.1919764441818462
11.088946342468262	-23.589773178100586	-0.0546070614252284
36.384559631347656	-25.082592010498047	-0.3470624949653565
18.094846725463867	-5.290451526641846	-0.3470469966101782
9.379353523254395	-31.507028579711914	-0.3563951404764953
11.224981307983398	-38.18705368041992	-0.190424920659531
43.708343505859375	7.947628021240234	-0.5886036862144604
28.37713050842285	-43.75739669799805	-0.6356186635482524
4.897156238555908	-15.67951488494873	-0.162388414466865
-49.2818603515625	-9.413911819458008	-0.8673288691764425
6.304392337799072	-38.21722412109375	-0.5670065448603641
13.292393684387207	-46.77621078491211	-0.3663072185863636
11.24001693725586	19.15322494506836	-0.0441100880549613
8.336493492126465	-5.6248459815979	-0.1883469472469596
21.88287353515625	-3.7687368392944336	-0.066338751145736
48.45809555053711	18.13408088684082	-0.6301591144277416
-14.765146255493164	36.36151123046875	-0.1902392980816318
29.67848014831543	18.163572311401367	-0.1669748988041253
-51.01264572143555	-8.468611717224121	-0.3329567237230067
-37.54023742675781	37.942413330078125	0.0051501528146065
32.588783264160156	9.4851655960083	-0.1697349575384801
32.90966033935547	-27.960365295410156	-0.1274276289806954
-48.528621673583984	-8.131694793701172	-0.1676285356760705
18.149747848510742	-50.23008728027344	0.0297216538061388
0.5040827989578247	-34.03728103637695	-0.3839732325418437
-55.9693603515625	27.750215530395508	-0.6197180224678508
8.784541130065918	-23.423391342163086	-0.7615294284281063
-14.093377113342285	-50.12041091918945	0.1197505440486373
0.6208900809288025	19.593698501586914	-0.2582298896587761
-17.098928451538086	38.39837646484375	-0.0263535168247392
-12.381195068359375	-38.40565490722656	-0.1046605978066108
49.089378356933594	3.892960786819458	-0.5534253853240823
-50.284141540527344	-2.0323679447174072	-0.4257880663493828
-21.49864959716797	-45.52957534790039	-0.6240984602753041
-24.398090362548828	-48.45396041870117	0.6393837126173842
35.890296936035156	-41.707393646240234	-0.8333334429058942
5.4892449378967285	25.794363021850586	-0.104623653894779
-47.81118392944336	-7.164357662200928	0.0344588131739569
41.405330657958984	-30.10605812072754	-0.2541555402475278
-37.81294250488281	7.406139373779297	-0.3014739735126587
-20.580656051635742	20.078170776367188	-0.2335486761801686
11.191481590270996	30.301790237426758	-0.4931428459611754
53.815555572509766	-19.2945556640625	-0.4218227360985708
25.751928329467773	20.849702835083008	0.011966796469299
32.433326721191406	9.139281272888184	-0.1697349575384801
8.895727157592773	-43.33937454223633	-0.6292901659852359
1.2538155317306519	28.141822814941406	-0.2729957971618453
-30.597949981689453	45.003753662109375	0.4326247390361415
-12.182762145996094	30.46724510192871	-0.3297861776728609
-11.291247367858887	51.14139938354492	-0.1729989783360088
-1.2499921321868896	-53.475582122802734	-0.4693279449909456
31.352388381958008	-5.229731559753418	-0.4843892524406293
-21.655893325805664	42.04072570800781	-0.0584766057145693
-52.25341033935547	11.421167373657227	-0.3580295387863955
46.716915130615234	-11.444022178649902	-0.4772173317405771
-1.7288093566894531	28.891788482666016	-0.6452559560233444
-38.18948745727539	-27.975168228149414	-0.4901198936811239
-2.3423867225646973	0.5291292071342468	0.1460682232414646
13.813154220581055	0.5300503373146057	-0.047372853448803
-11.722336769104004	35.596317291259766	-0.2708294726953367
35.89958190917969	-20.6030216217041	-0.3167525084403312
-2.8158578872680664	50.011314392089844	0.0271707850199985
36.65960693359375	-25.891590118408203	-0.2171108414003162
-8.039673805236816	18.30200958251953	-0.2530859788389445
-9.501564025878906	7.441154956817627	-0.6319847752241258
2.8246231079101562	14.669675827026367	-0.9023925692460536
56.63633728027344	15.033224105834961	-0.5678700527464193
-13.076565742492676	18.296031951904297	-0.2185467647613026
-36.50558090209961	-1.2827014923095703	-0.1777473479535415
-51.9957160949707	10.641374588012695	-0.8759825316680075
30.942628860473633	24.824316024780273	-0.0353292811307181
-18.919265747070312	-8.922174453735352	0.2425799924653197
10.17786979675293	27.864423751831055	-0.9099622351979976
-5.716822624206543	-34.825653076171875	-0.7522520962825779
14.31716537475586	-49.47433853149414	-0.5773547743667267
-9.931342124938965	23.875965118408203	-0.018632929351044
-43.2200813293457	-6.372802257537842	0.1123292688855999
4.873324394226074	-37.89223098754883	-0.4865024082816158
34.969974517822266	-47.8758430480957	-0.5810047030204833
0.7807714343070984	-28.8244571685791	-0.2793114426703645
38.23289108276367	8.34711742401123	0.1091939413511463
28.15961265563965	-40.808780670166016	-0.4190328166457781
-35.44780731201172	-16.830562591552734	-0.495138759630843
-33.662208557128906	38.36359405517578	0.0961653948035074
46.468475341796875	-32.863746643066406	-0.319504186242923
0.7943259477615356	-3.4882466793060303	0.1466020544527735
-1.2503511905670166	-17.01863670349121	-0.7701329582561438
19.11453628540039	2.683284282684326	-0.3537479330717015
7.081241607666016	-37.800025939941406	-0.5798325540316904
-33.691078186035156	-9.409579277038574	-0.822717642323908
23.536020278930664	11.486199378967285	0.0484558208722643
-10.051102638244629	36.9537353515625	0.0518130327203444
27.854106903076172	16.799365997314453	-0.1585530604753458
13.422539710998535	-6.628790378570557	-0.3451094545666499
19.981163024902344	-11.702897071838379	-0.5045065184735257
39.96778106689453	18.837278366088867	-0.6298738960401934
20.96202278137207	-9.482211112976074	-0.4643058880510815
-38.078495025634766	23.75675392150879	-0.7028389450334012
46.892147064208984	-16.38587760925293	-0.1153688760899677
19.25864601135254	-30.376707077026367	-0.1783391180876628
4.5744829177856445	-36.33349609375	-0.3652615949054442
31.139808654785156	2.5497498512268066	-0.9706423431629344
5.015071868896484	11.83493709564209	0.0534317391556124
-5.552320957183838	-48.660667419433594	-0.6606446076119992
-15.044768333435059	23.160860061645508	-0.0876612632896684
18.858623504638672	-43.568878173828125	-0.4850783570000309
-16.672502517700195	20.546308517456055	-0.0061934275463007
-28.641178131103516	31.920019149780273	-0.0213087128339224
4.633265972137451	-39.159080505371094	-0.7043375263425962
32.079551696777344	-17.59268569946289	-0.3435526853042489
-2.7655344009399414	-42.944496154785156	-0.6355529764423173
3.175776720046997	-24.55203628540039	-0.7600848094106546
28.05071258544922	12.616877555847168	-0.7174226788404596
1.7568525075912476	-51.273681640625	-0.0566247147878904
-28.14373207092285	-20.15707015991211	-0.6566269443210252
5.858990669250488	14.431657791137695	0.1160426780471258
-13.061773300170898	-44.58857727050781	-1.1019284821627646
-0.867967426776886	-44.131805419921875	-0.359578362482351
35.38761901855469	16.090978622436523	-0.0739674362543618
24.488555908203125	8.707362174987793	-0.0872389389517434
20.100500106811523	7.44832706451416	-0.1619236359282511
-25.405588150024414	-5.9680328369140625	-0.4064117703348859
33.40196228027344	-35.75661087036133	-0.3645815816677458
14.193868637084961	26.98232078552246	-0.1494684951821678
-18.71550750732422	-27.382850646972656	-0.667450747381627
39.515525817871094	31.64208221435547	-0.0457601909626572
45.541900634765625	-11.374423027038574	-0.3033408324004276
48.060150146484375	18.72968864440918	-0.5375226226494447
16.412336349487305	-42.973793029785156	-0.5592410648009016
26.951107025146484	38.073448181152344	-0.8695247463622165
-26.38218116760254	18.962718963623047	0.1115378393320487
-17.568668365478516	19.088022232055664	0.1628511028872265
-0.10711121559143066	-32.70267105102539	0.0604254666303754
-0.5168056488037109	-28.627506256103516	-0.1366527931730136
3.981982946395874	-8.113998413085938	-0.902064673970703
-42.37638854980469	-2.9702489376068115	-0.0340453729586281
-19.851886749267578	-46.66463088989258	-0.5120309365472908
5.798398017883301	-25.50402069091797	-0.3023257498913913
14.675302505493164	13.938455581665039	-0.3575218602661826
0.48770248889923096	1.413978934288025	0.3995177804356192
15.577472686767578	29.743457794189453	-0.1225908672479786
39.630130767822266	-6.538356304168701	-0.2002099680864718
21.703643798828125	-4.264621734619141	-0.1961942631273098
2.096203327178955	-54.81640625	-0.2855614517026423
-1.9285709857940674	11.784947395324707	-0.5786075735464373
-50.86982727050781	11.566261291503906	-0.5633073676477643
53.10237503051758	-20.466785430908203	-0.2626197764343321
-3.0265438556671143	18.091890335083008	-0.2193828409851487
-9.67928409576416	17.422361373901367	-0.1324221802025011
-29.876272201538086	-10.994195938110352	-0.3259865439594479
9.438241958618164	3.354635238647461	-0.4465798856351677
-31.797853469848633	3.9976894855499268	-0.4229415144740115
2.0690202713012695	-24.169700622558594	-0.385922900080933
-23.45468521118164	-48.37124252319336	0.1356254090134294
38.366065979003906	-31.994882583618164	0.0336591556414431
15.847631454467773	-21.308757781982422	-0.9797594998320748
-4.395051956176758	1.6613205671310425	-0.3838856759603404
4.398610591888428	19.868534088134766	-0.288230413622802
37.92637634277344	6.742891311645508	-0.437407898128581
-8.407140731811523	30.197856903076172	0.3978785688095209
-59.13154220581055	14.870596885681152	-0.16281413167394
8.501099586486816	-24.609424591064453	-0.6650067926772288
10.307693481445312	23.5754451751709	-0.0230096481272381
3.620396852493286	13.526095390319824	-0.877156073982975
30.3868350982666	-29.939165115356445	-0.2317116234729768
21.377321243286133	-31.956809997558594	-0.2107874072654821
25.557022094726562	-48.94889450073242	-0.6414780476134544
34.242061614990234	11.069314002990723	-0.2929694648753697
-18.471338272094727	-31.740692138671875	-0.0942044921015788
-19.54736328125	13.133795738220215	-0.3567860553145238
-6.030258655548096	23.299745559692383	-0.8692481888266143
21.993553161621094	24.664058685302734	0.0867284738257607
-57.07572555541992	23.309423446655273	0.0831258681651842
-18.05010986328125	35.04826354980469	-0.3299502938038914
-20.41961097717285	-37.764732360839844	-0.716806799138014
46.06839370727539	-27.291099548339844	-0.8417833278280423
-24.606016159057617	40.014862060546875	-0.1725645084276801
19.67776107788086	37.118865966796875	-0.1378244052609957
-19.803417205810547	9.775215148925781	0.1905310459688451
38.10077667236328	-26.452905654907227	-0.4830550113070577
20.502273559570312	-28.871828079223633	-0.2755596070784402
-12.503400802612305	12.731793403625488	0.4182222206792265
30.929616928100586	6.86191987991333	-0.3070547644156865
-3.916471004486084	-5.814495086669922	0.4986557525269908
18.21230697631836	11.043303489685059	-0.2351414694769937
-17.664522171020508	-47.089107513427734	-0.4573879972142388
41.76804733276367	-19.031082153320312	-0.2457056731210953
-39.75300979614258	-0.8093169927597046	-0.4325279646230093
-6.238636016845703	-21.071908950805664	-0.4328269886331971
-26.99894142150879	18.339054107666016	0.1399563675505141
19.201717376708984	38.91914367675781	-0.1132699051510207
-17.841129302978516	-35.49917221069336	-0.7404696477313722
-11.20765495300293	24.341249465942383	-0.6232975340724117
54.5787467956543	-18.333858489990234	-0.0728597933373081
-18.118907928466797	1.3670419454574585	0.1140690634420736
17.30158805847168	-0.3427982032299042	-0.0486485579323649
12.304627418518066	17.643844604492188	-0.4236043571825798
7.947971820831299	3.312429904937744	-0.9173020891155584
9.477874755859375	-52.84388732910156	-0.5072603935640484
-26.915061950683594	41.26982498168945	-0.1031135655191962
-5.771732330322266	-37.634559631347656	-0.5397496192282301
-35.54429626464844	29.048398971557617	0.4039572363514965
-25.15403938293457	-1.2171686887741089	-0.552135919055482
-25.77306365966797	9.46080207824707	-0.5925201326204746
19.894149780273438	8.107210159301758	0.02473432829673
-16.680065155029297	25.398069381713867	0.1945664207943234
-5.028223037719727	32.88456726074219	-0.9248103738785856
31.445924758911133	14.346818923950195	-0.0289189090452786
50.554386138916016	23.9206485748291	-0.806571343518177
28.72077751159668	-34.159263610839844	-0.2891405465927041
-4.711871147155762	37.403377532958984	0.2697248868051443
13.813154220581055	0.5300503373146057	-0.047372853448803
11.693197250366211	-3.4851431846618652	-0.3158385049456562
-7.511157035827637	5.138826847076416	-0.1166704205972668
-22.20574378967285	-40.77839660644531	-0.0850446151317582
-24.163225173950195	32.823543548583984	-0.4279398948942908
-7.58314847946167	-28.590557098388672	-0.6113353341544422
-38.05577850341797	37.93119430541992	-0.1336988263018531
19.11518669128418	13.274930953979492	0.58301131522223
16.117828369140625	-38.78184509277344	-0.613116909450608
34.950260162353516	-16.674827575683594	-0.3507491972196968
34.229148864746094	-24.06048583984375	-0.3854287407846706
37.31071472167969	12.557568550109863	-0.240448631069567
-9.898947715759277	4.387160778045654	0.097233814035558
-11.895565032958984	22.66522789001465	0.5233579600360169
-16.408945083618164	42.71458053588867	-0.616868213109784
-17.71577262878418	11.975314140319824	-0.1654156224196838
-37.26036834716797	30.27267074584961	0.5075286411375141
-20.829227447509766	19.824748992919922	-0.2335486761801686
32.24271774291992	-2.487130880355835	-0.2079511584657141
23.111675262451172	-35.523616790771484	-0.5857947311599214
-63.961490631103516	22.541488647460938	-0.2430669111813181
34.04384231567383	8.35492992401123	0.3339319310455522
-43.20984649658203	4.733053684234619	-0.2679456438773392
29.29856300354004	-14.679864883422852	0.0102132682499342
6.696726322174072	-44.32758712768555	-1.2540779642225413
-16.989482879638672	7.973081588745117	0.0097951943723623
-22.433969497680664	-13.550129890441895	-0.639076602636617
19.003061294555664	12.537423133850098	0.3946147446191463
24.10075569152832	-33.751609802246094	-0.4372565334024359
-1.3397960662841797	22.829452514648438	-0.8063567809912162
45.273460388183594	6.73801851272583	-0.241614201802455
20.397123336791992	18.448333740234375	-0.0480812227796981
25.316537857055664	34.069766998291016	-0.8763884843355512
-28.9888973236084	13.10417652130127	-0.3274403722253303
40.12413024902344	-10.212942123413086	-0.2591075247241297
-34.16117477416992	-2.1921350955963135	-0.548766732342182
29.608320236206055	5.704185485839844	-0.3870771691688252
-34.984779357910156	33.286338806152344	0.1858555944666661
-24.9148006439209	8.74262809753418	-0.8382272993991069
0.22740404307842255	33.26512145996094	-0.0273486818744263
11.149222373962402	-18.68458366394043	-0.28625012027672
-22.43907356262207	24.28546142578125	-0.442670883767235
-3.9635276794433594	12.280144691467285	-0.1747233179758498
-12.928321838378906	8.306861877441406	0.0140851821788336
16.2241268157959	-29.346342086791992	-0.3596756132243681
-36.14422607421875	-15.760619163513184	-0.7084703079271523
-0.03677765280008316	33.34318923950195	-0.0273486818744263
-15.530500411987305	-50.86231994628906	0.0361394636815184
19.996957778930664	-17.30792236328125	-0.3180735516617535
5.1845784187316895	-15.288214683532715	-0.0146007830762123
-20.808439254760742	36.74073791503906	0.1470605152760377
36.49814224243164	13.855977058410645	0.3591764920445782
-3.421029567718506	-32.43870544433594	-0.8668617353051843
-21.35289192199707	-3.823185682296753	-0.887354693399516
19.839191436767578	31.486003875732422	0.0154339811506164
-29.933639526367188	5.601545810699463	-0.0737316568021474
6.960256576538086	-0.43890810012817383	0.0160008454237225
2.1674420833587646	-53.3844108581543	0.3923122625607316
-11.719620704650879	-38.97062301635742	-0.3514945546428279
-7.431558132171631	12.358648300170898	0.1859494832934908
55.570499420166016	-4.51171350479126	-0.4157966490320706
25.220237731933594	-12.239007949829102	-0.5580434081469026
-57.59617233276367	4.811563491821289	-1.623634165881506
42.76142501831055	-21.167896270751953	-0.0757253707909246
4.1747612953186035	1.3426414728164673	-0.620723147419216
27.11341094970703	34.73549270629883	-0.4151273519700094
-20.571136474609375	5.137485980987549	0.008843575250419
14.117263793945312	-31.483701705932617	-0.3093714193802479
-34.63975524902344	25.110187530517578	-0.1728554395463489
7.638059139251709	-43.95042419433594	-0.6633321312808972
52.50151824951172	3.3450095653533936	-0.6862698322628709
43.388980865478516	8.434112548828125	-0.3252597430244446
49.059783935546875	16.07927131652832	-0.6705407182640649
-9.791604042053223	-2.1534016132354736	-0.0580172593962125
11.148077011108398	28.48494529724121	-0.3644842510318388
-63.69377136230469	10.823073387145996	-0.7195723154894831
27.882892608642578	-15.050301551818848	-0.2710146937796157
40.442657470703125	-10.769929885864258	-0.1528470374608594
-22.231582641601562	-13.999231338500977	-0.2695680158306682
29.016584396362305	-44.108524322509766	-0.5172493691972152
-2.904273748397827	49.622589111328125	-0.1007025015962012
-8.85454273223877	10.352924346923828	-0.0929063779361069
25.502004623413086	-13.657546997070312	-0.4190861879933112
38.61182403564453	-18.125686645507812	-0.4452879953785988
-1.7427985668182373	-33.74634552001953	-0.7839145895212651
28.05071258544922	12.616877555847168	-0.7174226788404596
-10.036382675170898	22.675844192504883	-0.3344240246314096
8.841846466064453	-28.018321990966797	-0.419228917942781
20.229045867919922	-25.606786727905273	-0.4112609846851245
40.71929168701172	2.7744195461273193	-0.5099286596579491
18.301698684692383	26.599340438842773	-0.3329784069955199
20.96202278137207	-9.482211112976074	-0.4643058880510815
4.581860542297363	16.12129020690918	-0.9681493536591148
-56.278926849365234	-2.595078468322754	-1.2466979713899926
-52.29496765136719	16.999845504760742	-0.8262286855265039
15.333783149719238	-0.7019400000572205	-0.0055865293329736
52.70116424560547	-7.72409200668335	-0.4317117827077168
1.1588563919067383	24.51919937133789	-0.0295738156960574
-16.335237503051758	13.209333419799805	-0.2947672257424904
-10.788525581359863	27.187959671020508	0.3367055116095885
54.42769241333008	-21.343181610107422	-0.1526025647045203
42.07484817504883	14.18627643585205	-0.2698467280357683
-23.88480567932129	32.640316009521484	-0.4279398948942908
16.572021484375	22.649105072021484	-0.4796596178608061
17.680307388305664	-28.105613708496094	0.1248882252857513
-45.386695861816406	4.322627544403076	-0.2086095276983343
-14.563152313232422	-4.397236347198486	-0.8517555165218355
7.3999786376953125	19.258615493774414	-0.1074367316593157
27.28306007385254	-25.733734130859375	-0.5736770642115827
19.621206283569336	-30.591373443603516	-0.1783391180876628
27.381044387817383	-38.43638229370117	-0.3488874994468331
47.80278778076172	9.454343795776367	-0.2493669435893994
-44.77217102050781	5.043260097503662	0.0849823196181762
18.743061065673828	2.3674113750457764	-0.3537479330717015
58.6788444519043	8.309175491333008	-0.3734720045838532
33.09648132324219	-10.185358047485352	-0.1069383949335918
-61.38105010986328	14.22964096069336	0.045193591961258
2.759471893310547	-16.695192337036133	-0.3655740422243843
23.88187026977539	-29.784460067749023	-0.3495395318905615
12.95644474029541	-46.17558288574219	-0.1255089032736279
41.45528030395508	22.70548439025879	-0.3041927896862016
6.239017486572266	29.942195892333984	0.0925218491236179
-37.884761810302734	20.875457763671875	-1.283918537505956
6.334409713745117	-22.154190063476562	-0.5737349125852101
-3.0414302349090576	18.631017684936523	0.053933469061065
26.130958557128906	21.195192337036133	0.0468787266825119
8.210777282714844	15.590544700622559	0.299311801521167
-12.520329475402832	42.76863479614258	0.2847006489320196
-7.321346759796143	34.38243865966797	-0.2828982796758012
1.7130382061004639	39.808345794677734	-0.3402310772548757
19.988195419311523	-0.0838337317109108	-0.6872881971815521
-16.743383407592773	32.21923065185547	-0.1211050641133919
24.361011505126953	16.028505325317383	-0.0660338508845665
-51.74855422973633	28.088197708129883	-0.5181027030247837
-37.94459915161133	20.20747947692871	-0.9918070569611368
-23.753021240234375	14.697799682617188	0.5995258390197616
16.31698989868164	29.439777374267578	-0.30876149132337
50.923545837402344	-3.61035418510437	-0.4818661740515216
-21.069597244262695	-33.3315544128418	-0.5226783477126044
-15.035576820373535	-53.28701400756836	0.5191743548851842
52.38704299926758	4.6831135749816895	-0.5799651482914343
-23.517436981201172	-29.874874114990234	-0.7894895242331241
5.387510776519775	20.90268325805664	0.2690512953731998
-6.605373382568359	-32.844173431396484	-1.1132284871267837
33.16257858276367	-14.324542999267578	-0.5717515175564996
-3.794349193572998	-31.066936492919922	-0.2064359314267831
2.0500712394714355	15.97668743133545	-1.0095831270882376
17.124958038330078	-35.1092643737793	-0.2157244994126855
-7.587564468383789	42.938995361328125	-0.0923569920217931
58.550804138183594	-13.74276065826416	-0.8160290812761267
-1.2520287036895752	5.03863000869751	-0.2773612408112397
38.97970962524414	10.144320487976074	-0.4145472001132378
-18.039918899536133	-10.929563522338867	0.2921742444017007
4.8493852615356445	-0.6208252906799316	-0.6712805940917687
12.365426063537598	17.00643539428711	-0.1705347108662808
-1.7455146312713623	-11.57249927520752	-1.0607081003120702
40.32194900512695	-23.704570770263672	-0.1653105915792249
40.008323669433594	-5.985288143157959	-0.3435154988507922
-12.154237747192383	-43.01018142700195	-0.0057251982448024
-2.949756145477295	14.97704029083252	0.0578832342544869
42.378334045410156	5.240332126617432	-0.353468758519644
-7.683497428894043	-41.1361083984375	-0.8216355835482436
-17.274717330932617	31.520782470703125	-0.2817011420136412
58.6788444519043	8.309175491333008	-0.3734720045838532
6.084911823272705	31.25560760498047	-0.3031662290235339
-17.51774024963379	23.898433685302734	0.0499770173717682
3.955915689468384	6.075063228607178	-0.044052774021782
-10.774679183959961	1.0010477304458618	-0.4578577464631783
23.755950927734375	-22.816055297851562	-0.5789236245256366
48.279781341552734	0.8156988620758057	-0.4840182182531837
6.207300662994385	-28.346607208251953	-0.1208085709104388
29.966629028320312	-10.416062355041504	-0.2457933933900561
47.92994689941406	12.11142349243164	-0.5661848171832182
-23.91840362548828	-9.02059555053711	-0.5059881758170023
-7.281617641448975	27.614625930786133	0.3436445563231629
2.4588921070098877	-50.859619140625	-0.3476469946427482
-39.02561569213867	6.094696998596191	-0.5259499253121876
-32.40076446533203	46.573585510253906	1.0377430899033688
1.6707583665847778	-22.030677795410156	-0.0635767541633847
12.894939422607422	41.974998474121094	-0.5400627866292493
-59.80234909057617	15.439784049987793	-0.3782626148563389
17.80605697631836	-51.46607971191406	-0.0378131013087719
36.15196228027344	-2.0444815158843994	0.3867064696863609
-23.22621726989746	-6.666420936584473	-0.266581699977845
44.2675666809082	-9.487977981567383	-0.510618717911011
-53.48842239379883	-1.8111158609390259	-0.1571374513987116
-17.895280838012695	19.27852439880371	0.1628511028872265
36.08062744140625	3.7765731811523438	0.200023346512696
-6.7173333168029785	19.610549926757812	-0.4636636026333426
43.95578384399414	-8.93153190612793	-0.4894551128620587
-0.8895565271377563	25.14801597595215	-0.5282443985688069
17.88027000427246	16.2581729888916	0.0867969932588505
18.2012996673584	-45.73567581176758	-0.5109114999412978
21.389217376708984	19.20119857788086	0.0463791438213565
-20.55251121520996	-18.506031036376953	-0.348864840598757
15.50685977935791	39.9508171081543	0.0173074050442761
-27.3707275390625	37.455543518066406	-0.0883959729352256
-7.49102258682251	-36.69609069824219	-0.7827017303441237
-2.225330114364624	32.45098876953125	0.794780759167145
12.744888305664062	44.262351989746094	-0.1157066850607588
49.94688415527344	25.198232650756836	-0.4250343511410049
26.217275619506836	-24.591758728027344	-0.4861004452650111
-30.72513771057129	-19.531156539916992	0.3104527027294013
-22.85699462890625	43.72178649902344	-0.2383320470959089
6.273266792297363	0.2347823828458786	-0.2896144514395568
-12.287602424621582	-29.036834716796875	-0.3798525105993965
19.496782302856445	-9.485940933227539	-0.6410092875502674
50.554386138916016	23.9206485748291	-0.806571343518177
-59.063594818115234	13.031896591186523	-0.553605162051391
-1.184150218963623	38.07223892211914	0.8729954130738962
10.615328788757324	35.799705505371094	-0.7247567083009349
14.336487770080566	-47.941436767578125	-0.5031103992217802
43.13839340209961	-15.281362533569336	-0.3415723409608328
-44.6324348449707	2.7875287532806396	-0.2726939571120121
9.881619453430176	8.331441879272461	0.1791727315330779
-10.09017276763916	14.582592010498047	0.9786164029494502
-45.19697189331055	18.89275550842285	-0.9078347542308378
36.97881317138672	1.4836993217468262	0.3810338478377797
34.060203552246094	21.507020950317383	-0.234179372732971
-57.388946533203125	6.213932514190674	-1.5391984650770103
-57.07678985595703	14.755300521850586	-0.8750529784158605
13.401569366455078	-20.763578414916992	-0.2899852215423928
50.22235870361328	-15.312439918518066	-0.0787655688286162
31.647485733032227	-1.5335183143615723	-0.2290714516245067
27.76158905029297	-18.686681747436523	-0.3194578567299057
5.150804042816162	-2.1540842056274414	-0.5807031513186477
-44.65524673461914	-19.005428314208984	0.5348274797079658
46.44462203979492	-4.454376220703125	-0.4289858654488036
15.382962226867676	-13.13247299194336	-0.7011932301637314
-0.13644669950008392	-49.018272399902344	-0.2457402998176832
-16.989482879638672	7.973081588745117	0.0097951943723623
-5.581173419952393	23.59345817565918	-1.2340334309799204
-1.377786636352539	10.649438858032227	-0.5875119201144084
-12.035242080688477	-29.891176223754883	-0.2511512712958419
16.961074829101562	3.8013057708740234	0.0046716624406707
36.22671127319336	1.5792685747146606	-0.081338491366783
12.340476989746094	11.720125198364258	-0.1986714177344501
-2.510268211364746	-49.07988739013672	-1.017380166166622
-52.544715881347656	23.930490493774414	-0.1759773654738087
-9.789060592651367	10.315668106079102	-0.3303705967158413
28.163572311401367	-33.870967864990234	-0.3171923703189811
-27.79057502746582	51.19522476196289	-1.1152296798168682
-50.29836654663086	10.87319278717041	-0.4387801880934863
-21.51267433166504	35.47216796875	-0.0066349587155071
52.923553466796875	-6.864068508148193	-0.0099281416686142
-25.251663208007812	-37.3586311340332	-0.836044087230633
13.210360527038574	41.540283203125	-0.4679457886907749
-12.272665977478027	2.4212820529937744	-0.7331959260896678
-1.7455146312713623	-11.57249927520752	-1.0607081003120702
0.5883131623268127	-48.283477783203125	-0.3726485687269472
54.849342346191406	2.7109014987945557	-0.6570033247994524
34.969974517822266	-47.8758430480957	-0.5810047030204833
-2.0546913146972656	-43.49235153198242	-0.8463683978608396
-17.611629486083984	16.824752807617188	0.5094433375010622
-51.503482818603516	27.826045989990234	-0.5181027030247837
-21.2607364654541	44.14096450805664	0.3826084195138499
-21.440393447875977	1.0739854574203491	-0.223804326124609
-21.433837890625	-44.00979995727539	-0.190595592796563
20.000770568847656	-16.16301918029785	-0.5485837731666469
23.31232452392578	35.185123443603516	0.3715512968225725
36.10308074951172	-46.97686004638672	-0.5307809762533328
-0.6663468480110168	-18.522653579711914	-0.5756891052528254
-56.440879821777344	4.810275077819824	-1.2712489442648374
50.92619323730469	-12.457539558410645	-0.2388247533432744
36.38711166381836	2.703981876373291	0.5075863920707143
1.3831102848052979	44.93609619140625	-0.8841208277413494
-33.845420837402344	28.955039978027344	0.187135801617389
30.89221954345703	-29.72359275817871	-0.2459123387499022
-5.373387336730957	9.060874938964844	-0.3670820431565809
-27.490371704101562	51.494930267333984	-0.8234154143850293
20.858549118041992	30.43739128112793	0.0597742333203351
6.186844825744629	33.24701690673828	-0.018431228074063
-28.39372444152832	11.486515045166016	-0.2477468990520857
5.639528751373291	-2.1071977615356445	-0.5807031513186477
11.714049339294434	-30.094648361206055	-0.2902954517685635
52.48381042480469	9.903824806213379	-0.1902566816173094
26.18128776550293	8.521146774291992	-0.1363198022319842
-20.75495147705078	-49.16931915283203	-0.2391157011587498
52.48233413696289	10.339008331298828	-0.1824197555590569
25.01639175415039	-31.100650787353516	-0.3850573475731979
-46.92927932739258	-3.3653202056884766	-0.2086275098433418
-50.567867279052734	-0.18246431648731232	-0.4934694602133853
-16.327655792236328	1.5730485916137695	0.0238887105972299
-54.285987854003906	23.18778419494629	0.0285443965268687
48.96538162231445	-25.871572494506836	0.0548416852627173
38.217350006103516	-14.688955307006836	-0.3975466313366126
-34.156856536865234	22.1975040435791	-0.2258130950331929
-58.28940200805664	6.190022945404053	-1.2132123953293057
4.981579780578613	-53.49604415893555	-0.2211065437744472
-63.84412384033203	13.39671802520752	-0.2209741571911354
-19.685142517089844	-44.25230026245117	-0.4244683819452258
-11.156414031982422	50.85391616821289	-0.1729989783360088
30.856609344482422	-21.82509994506836	-0.1285190587902994
45.998191833496094	3.545727491378784	-0.3277156515371623
-37.1281623840332	-29.480106353759766	-0.1544144066342822
30.552709579467773	26.730937957763672	-1.2115573268871191
-5.727543354034424	-46.89887619018555	-0.3163049041957567
12.696660041809082	-34.79706954956055	-0.6643290783798874
20.43931007385254	5.975338459014893	-0.1649652349664384
41.39363479614258	1.6609586477279663	-0.3967733113686267
-24.706331253051758	-39.22724151611328	-0.8919211414071546
11.771665573120117	-10.791534423828125	0.0427237992298103
4.042604923248291	11.181214332580566	-0.7438602987102242
-11.26878547668457	39.535865783691406	0.4462334963585289
15.989241600036621	33.518760681152344	0.1755217636069105
-42.23702621459961	4.181190490722656	-0.7984507148181568
23.60118865966797	2.9892807006835938	-0.2951367891544696
-16.66451072692871	42.527950286865234	-0.616868213109784
-18.181137084960938	26.113122940063477	-0.2693436832969239
-6.562321662902832	14.54985523223877	-0.1630326707218526
1.9847906827926636	12.679303169250488	-1.0940750782328517
-5.7414727210998535	41.004608154296875	-0.1419065577952148
-1.6959887742996216	-13.939714431762695	-0.8788910437130657
-32.733245849609375	-12.13393783569336	-0.8050018797206696
41.41374969482422	23.418357849121094	-0.5450042505854349
-14.625286102294922	39.26251983642578	-0.7037953901517815
-5.125978946685791	-34.8553581237793	-0.5430258335725112
-26.25863265991211	-5.775668144226074	-0.505797864017999
-43.660675048828125	2.323070764541626	-0.5365049299227103
-10.714566230773926	17.61078453063965	0.4275274488894419
-61.53770065307617	12.829492568969727	0.1671018467015472
-16.437881469726562	-14.994230270385742	-0.8690609909467327
-41.2943229675293	27.689849853515625	0.9751624983947076
-18.15228271484375	28.092721939086914	-0.4203031338455048
-42.35490036010742	2.8351173400878906	-0.014691871600268
-1.3266522884368896	-15.87331771850586	-0.9058499678586052
-18.62824058532715	-38.268409729003906	-0.6841979225278022
-12.928321838378906	8.306861877441406	0.0140851821788336
-24.656503677368164	-31.447998046875	-1.212820619931721
-38.74163818359375	25.621213912963867	1.1184207922442504
-20.133277893066406	1.0586751699447632	-0.0616853356360044
4.179347515106201	37.16794967651367	-0.763114729725355
-26.48220443725586	40.79197692871094	-0.0570952884615158
-32.9064826965332	-15.694348335266113	-0.5239751034037964
49.94656753540039	-16.04686737060547	0.599831537632384
-0.03104599192738533	21.095561981201172	-0.8646013070026768
48.58658218383789	1.665971040725708	-0.7588113527424752
-0.7759701013565063	5.478517055511475	-0.2950031304312884
-24.143878936767578	16.184551239013672	0.1214619627338848
45.898372650146484	-33.3995246887207	-0.4065813421726503
-21.500587463378906	26.77566146850586	-0.3443020283836118
-45.99356460571289	-7.3720703125	0.2110142656911769
46.58061218261719	-17.64881134033203	-0.1905171384320561
38.58378601074219	-2.633469581604004	-0.6532502616528589
14.813026428222656	-16.894575119018555	-0.2525968715471329
4.422850131988525	-44.001792907714844	-0.752372293698772
-63.194915771484375	15.200501441955566	0.110813770339037
58.93825149536133	-13.454200744628906	-0.6065791757111688
24.04771614074707	43.163692474365234	0.7963698335545012
-34.13389205932617	36.28851318359375	0.2666504855239829
23.625118255615234	24.399578094482422	-0.4106990000650675
31.50232696533203	14.048299789428711	-0.0289189090452786
8.101190567016602	-5.809922695159912	-0.1883469472469596
-16.10921859741211	-34.09894561767578	-0.965513622675531
26.530494689941406	-30.820817947387695	-0.1360341097005533
10.081786155700684	23.235746383666992	0.0522574481479984
-21.79488182067871	35.72355270385742	-0.0066349587155071
46.711463928222656	19.83424186706543	-0.2311546901295043
16.675825119018555	3.340888023376465	0.0046716624406707
8.702909469604492	-16.359210968017578	-0.5119677069265403
-26.781930923461914	-31.24539566040039	-0.6401778817284219
-64.84220886230469	14.007822036743164	-0.1184961571920928
-12.518519401550293	-27.45005226135254	-0.9183115442589568
20.473552703857422	-24.813968658447266	-0.2819868330516996
10.829458236694336	-56.24464416503906	-0.1067923987843925
31.11663246154785	27.78215789794922	-0.6069399390308992
36.88166809082031	-10.985189437866211	-0.3560842273127705
14.243375778198242	10.324748992919922	-0.3096844936469625
2.111693859100342	40.6015739440918	-0.7995359193211921
-10.549805641174316	-1.024446725845337	0.0024979005631356
-23.33948516845703	23.1693058013916	-0.3518573843542251
-18.640644073486328	-8.737698554992676	0.2425799924653197
23.2112979888916	11.815069198608398	0.0517868638571667
-37.37026596069336	33.41446304321289	0.0206868256776133
4.663450717926025	37.21485900878906	-0.931611585390548
17.8179874420166	19.736026763916016	-0.2119221675385048
-1.3397960662841797	22.829452514648438	-0.8063567809912162
-25.15403938293457	-1.2171686887741089	-0.552135919055482
13.756811141967773	24.13888931274414	-0.0638535178462339
3.8348917961120605	30.29434585571289	-0.0037407450876218
-0.12276748567819595	-35.48851013183594	-0.6186314456027967
28.056161880493164	32.09409713745117	-0.04276307289948
-2.1832640171051025	38.175716400146484	-0.2901424404150879
-9.688121795654297	15.761625289916992	0.7191866421986435
25.93377113342285	1.6548818349838257	-0.4195541401607118
-36.58737564086914	-14.988801002502441	-0.6690878856907582
35.38761901855469	16.090978622436523	-0.0739674362543618
7.133666038513184	38.194602966308594	-0.0256993019149919
-24.83136749267578	27.915756225585938	-0.1305579184592376
-55.30582046508789	-4.540648937225342	-0.8034941673486564
48.6493034362793	13.593913078308105	-0.3180211908809239
-52.544715881347656	23.930490493774414	-0.1759773654738087
-34.546749114990234	32.042747497558594	0.8317755785531599
4.007065296173096	-7.587349891662598	-0.6734078431114098
-21.24493408203125	16.81968116760254	0.5784716677607374
46.29094314575195	-19.013620376586914	0.1138928992877993
-19.32295799255371	-48.507389068603516	-0.4087966157571011
39.96778106689453	18.837278366088867	-0.6298738960401934
34.84200668334961	26.616302490234375	-0.1455838850583623
5.063096523284912	48.845401763916016	-0.7247347714597454
28.925390243530273	36.33476257324219	-1.0707441725740814
16.79400634765625	-13.172019958496094	-0.5345299448980705
-32.41709518432617	15.282695770263672	-0.6612751972221169
-25.022706985473633	-39.767066955566406	-0.778809077298858
-15.044768333435059	23.160860061645508	-0.0876612632896684
28.374826431274414	27.106950759887695	-0.8705808884032556
-19.587785720825195	33.069759368896484	0.2603865904450839
-46.2705078125	-30.004749298095703	0.092386037643555
5.159206390380859	1.3526803255081177	-0.4469861157865315
20.96229362487793	-39.2465705871582	-0.6196718381908475
-7.522646903991699	28.70309829711914	0.3852761406954225
5.803254127502441	-30.786945343017578	-0.3454176519344857
10.231454849243164	34.34695816040039	-0.5657143864390405
1.7959296703338623	-4.3462114334106445	0.389834113170685
30.841995239257812	-4.711523056030273	-0.3728812712942261
47.69538879394531	-20.006027221679688	-0.016237648896781
-17.620948791503906	-36.562721252441406	-0.3636089822307132
-28.22510528564453	36.29227828979492	-0.3577657922240098
40.31779479980469	-31.067359924316406	-0.4213694086673237
-15.166897773742676	-31.415996551513672	-0.3653005590859522
42.108863830566406	13.781563758850098	-0.4368439129460706
41.06780242919922	-0.796174943447113	-0.1979499268501363
11.225549697875977	15.313610076904297	0.0902927277724255
-21.92679786682129	-47.80683135986328	-0.1863489384251491
2.6850152015686035	-41.95182800292969	-0.2965742136207029
-21.216636657714844	-2.5970492362976074	-0.0763488123297262
-12.907322883605957	17.616140365600586	-0.1525855173772495
-31.552852630615234	26.624370574951172	0.4080176291798493
2.7472620010375977	32.84637451171875	-0.4866177356930514
17.76181411743164	28.072416305541992	-0.101502110680157
50.75651168823242	-12.891700744628906	-0.4283327806175044
32.70844650268555	-17.833538055419922	-0.3235785153258047
-54.346923828125	-6.879945278167725	-0.7804312911443362
-14.327083587646484	33.76678466796875	-0.4012875755693377
-13.43708324432373	29.879343032836914	-0.1432946908393522
-53.5307731628418	-4.08240270614624	-0.9172002703315628
-8.245272636413574	-10.17841625213623	-0.5524943181437616
17.936296463012695	-13.365472793579102	-0.264809705342275
15.333783149719238	-0.7019400000572205	-0.0055865293329736
-20.63459587097168	29.714656829833984	-0.3053051466314584
-20.118484497070312	40.03544235229492	-0.3226198755399058
-29.765653610229492	-36.19249725341797	-0.330725070648732
8.837346076965332	-50.10087966918945	-0.4788007605492821
5.127286911010742	4.683597564697266	-0.5724261181058838
27.36501121520996	22.650634765625	-0.3155235931086506
56.331478118896484	15.138469696044922	-0.5678700527464193
38.98344421386719	-3.0854570865631104	-0.550003630677018
46.703651428222656	-6.495369911193848	-0.2351643362055332
-14.120116233825684	26.30976676940918	-0.1604806560759462
-18.492238998413086	34.1894645690918	-0.2605190300529457
-31.038379669189453	45.45481872558594	0.4209271653529132
49.17233657836914	-4.5450944900512695	-0.3334106673342436
-8.278613090515137	-41.36398696899414	-0.3936066003233814
46.536155700683594	-25.904193878173828	-0.07608118109714
41.24199295043945	-4.575520992279053	-0.7534004033620618
-50.53049087524414	-10.572815895080566	-0.6809938703152775
-27.439966201782227	17.065584182739258	0.461426844326859
-12.830677032470703	4.363288402557373	-0.1142660707942028
-37.254669189453125	1.7573134899139404	-0.5522391928199515
-3.505474328994751	16.5418701171875	0.2096302236546302
-53.89192199707031	-9.574188232421875	-0.8472343226702203
31.835847854614258	28.808229446411133	-0.8888961905251703
-4.073496341705322	26.783985137939453	-0.1891422247388316
-17.848922729492188	28.0878849029541	-0.4203031338455048
-53.11699295043945	16.727783203125	-0.6047763669095565
25.06346893310547	16.553504943847656	-0.2572840995054503
-44.24458694458008	-19.02742576599121	0.7901480431914654
5.4892449378967285	25.794363021850586	-0.104623653894779
4.178841590881348	22.384151458740234	-0.2457973080733285
-13.108379364013672	16.282642364501953	0.1969183984288005
-60.84477615356445	12.214269638061523	0.1869921525965426
-8.897613525390625	-4.190361499786377	-0.0359344724963892
-44.35247802734375	18.413835525512695	-0.8093372815218173
12.814778327941895	-4.343844413757324	-0.2268601390912956
-38.547828674316406	33.4550895690918	0.4045928403485931
33.06373596191406	27.807035446166992	-0.3721204017435711
-27.366086959838867	26.890810012817383	0.1126226303675118
-46.083648681640625	-9.245816230773926	-0.2007006508952686
9.127096176147461	-15.945602416992188	-0.2111334746740173
-1.9673311710357666	-53.67440414428711	-0.3039676363973572
-41.07307815551758	-5.959943771362305	-0.5163226909250943
-20.896259307861328	5.108591079711914	0.008843575250419
9.029708862304688	27.312061309814453	-0.1731128417900818
-25.583072662353516	30.64218521118164	-0.3187377802339186
7.694769859313965	44.265506744384766	0.260399078186746
9.04055404663086	-33.7775764465332	-0.437030654797307
24.375160217285156	-13.138886451721191	-0.609949926390912
24.800148010253906	-22.6466064453125	-0.7918119836639232
48.29490661621094	-9.614123344421387	-0.357656937536076
30.39784049987793	-21.988445281982422	-0.0671936206878651
55.66969680786133	-4.9577412605285645	-0.2470895184563918
-51.90587615966797	-9.666882514953613	-0.6847259087728127
39.16196823120117	31.61667823791504	-0.0893235560459116