x	y	effect_size
1.7839281558990479	15.084017753601074	0.5838641790915011
5.152709007263184	17.22873306274414	1.0397734545350448
2.9684090614318848	17.034154891967773	0.5903701263171564
0.7796660661697388	16.133052825927734	0.5348101954330059
3.9073994159698486	15.703227043151855	0.6232090942633968
-21.855867385864258	22.56777000427246	0.7431470970363941
-23.514938354492188	43.469295501708984	0.3034961063567992
-27.416671752929688	41.392333984375	0.5475481997295921
-17.99151039123535	25.959524154663086	0.6823776623886293
-20.113964080810547	23.580810546875	0.6778997687475304
-15.773524284362793	23.10848045349121	-0.0499317607399096
-15.071928024291992	23.306005477905273	0.3923729967887662
-16.9332218170166	24.569671630859375	0.5480243776110529
-15.065410614013672	27.296369552612305	0.5995343866947163
-11.641632080078125	17.724063873291016	0.6856955568667623
-14.500929832458496	27.312244415283203	0.551848821827732
-11.808320999145508	18.156553268432617	0.887082762190978
-24.4818115234375	41.06856155395508	-0.381932211615705
-34.46096420288086	49.40431594848633	-0.8498506887809555
-34.18613815307617	45.367801666259766	0.5714330371711065
-38.128108978271484	48.74997329711914	0.5673381867803774
-34.88945770263672	48.15427780151367	-0.5176037766839858
-36.562950134277344	49.15119552612305	-0.5046707015247186
-36.850040435791016	50.30367660522461	-0.6699089665447668
-39.27666473388672	49.25613784790039	0.5044902494646134
3.3102834224700928	18.158018112182617	1.08511353124098
-35.97160339355469	45.13825225830078	0.4507685134481882
-38.590362548828125	50.02070617675781	0.3786881200681499
-36.83455276489258	46.86503219604492	0.6085757020311445
-32.2371826171875	45.49177551269531	0.8143617812535344
-30.911922454833984	48.80221176147461	0.1457306390270856
-35.88016128540039	52.76194381713867	-0.9632714755393956
-37.16975021362305	51.35771942138672	-0.7348230198754716
-35.425506591796875	46.747535705566406	0.2413395686033805
-31.96649169921875	47.554595947265625	-0.2235395361841797
-35.06694412231445	50.855228424072266	-1.023889768608408
-33.77330780029297	47.658836364746094	-0.4541255242347947
-28.407812118530273	42.87215042114258	0.4247322971614891
-34.86420822143555	51.88908386230469	-0.9686844368270155
-32.200618743896484	52.06169128417969	-0.3563790283218758
-30.901508331298828	50.04716873168945	-0.4237252579153275
-32.694183349609375	50.52975082397461	-0.5213453623465621
-32.55366516113281	53.003143310546875	-0.7038423812416623
-32.1955680847168	49.06098937988281	-0.6390945227737563
-29.226116180419922	48.403804779052734	0.1949818502258074
-30.124296188354492	52.675357818603516	0.5057326656592092
33.0142936706543	5.679074287414551	0.6815939478501456
-8.693045616149902	35.05622863769531	0.4078718703351238
22.44560432434082	5.212231636047363	0.571315497636717
38.179386138916016	-7.051742076873779	1.005258822367049
28.615856170654297	4.7027788162231445	0.5614976421782495
-25.931577682495117	4.660247802734375	0.7506513476775467
36.68231201171875	-22.63773536682129	0.5713990243255678
28.884410858154297	-0.4277527332305908	0.1807883271877166
43.092464447021484	29.93229103088379	0.4390534514408161
9.033928871154785	34.26504135131836	0.0654619194005784
-22.442462921142578	18.827478408813477	0.7866640937681415
-0.20975983142852783	36.19004440307617	0.4358449404543166
32.74236297607422	-28.103775024414062	0.3554283303819323
22.68720817565918	-26.856592178344727	1.034329292581268
25.02770233154297	41.59317398071289	0.4633988743351911
29.386648178100586	-12.079350471496582	0.7275907716877678
24.725631713867188	-1.538413166999817	0.5079939933175679
-51.90939712524414	27.049659729003906	0.3926167719130276
38.88750457763672	-8.333065032958984	0.8516456046990846
9.048173904418945	-23.488798141479492	0.533918162886904
32.82325744628906	2.442605495452881	0.1273972936814047
-4.948146343231201	-7.7978196144104	0.5497309603448152
9.03238582611084	34.264652252197266	0.0654619194005784
42.52962875366211	0.2702937126159668	0.6224907755914596
-4.458155632019043	-30.232271194458008	0.4901403077998478
-6.383057117462158	37.33740234375	0.4288301777506578
3.3043010234832764	-38.30663299560547	0.781845771401811
32.61164474487305	22.041658401489258	0.6106363908947677
-45.470462799072266	18.75292205810547	0.8870867283881795
32.50921630859375	20.595457077026367	0.4912837255583712
5.609841823577881	44.038326263427734	0.2405374118742735
34.196598052978516	4.026529788970947	0.4833834287760377
22.350351333618164	-16.003143310546875	0.2954702633923698
-49.685462951660156	17.879653930664062	0.5788253593451045
19.850933074951172	9.785689353942871	0.3460587972902885
46.22829055786133	0.6455032229423523	0.7395414863687049
37.289405822753906	-37.54163360595703	0.6785789126361936
19.428123474121094	24.91461181640625	0.6562500730763723
-38.112701416015625	17.256704330444336	0.5481827972420483
4.457900047302246	25.040109634399414	0.6693211131132014
29.133174896240234	32.716217041015625	0.3200737153935119
22.522701263427734	-27.880338668823242	0.9117700038065278
5.56242561340332	-28.69620132446289	0.3899291042220779
35.224769592285156	0.2269604206085205	0.4231006809459832
23.62122917175293	-21.925071716308594	0.697100813102767
45.846435546875	-31.598934173583984	0.3041107583741515
-0.372803270816803	-8.860010147094727	0.2256885574843431
12.007681846618652	-23.298538208007812	0.7304002823953071
-17.918630599975586	8.758468627929688	0.1471544293094896
-10.528265953063965	11.683093070983887	0.3260251773757043
35.585323333740234	29.070205688476562	0.0403129770899039
40.526512145996094	4.174500465393066	0.6755407599843678
39.64170837402344	-19.989482879638672	0.4061654745051998
19.36345863342285	-17.259279251098633	0.2467146328159384
37.98982620239258	-2.9808712005615234	0.2910290162572852
11.119406700134277	27.469074249267578	0.8335783395916598
32.49884796142578	7.427317142486572	0.329577903486726
30.615175247192383	15.975703239440918	0.4387322151055774
-51.90939712524414	27.049659729003906	0.3926167719130276
0.8602607250213623	14.28557300567627	0.5066342960467454
-7.136993885040283	8.126137733459473	0.2319269000756866
38.255863189697266	9.460515022277832	0.4880083987112018
-32.977962493896484	14.694622993469238	0.4028474337250155
14.015507698059082	38.16261672973633	0.473897847206721
27.760459899902344	-22.882850646972656	0.446881070257464
34.121150970458984	-27.859773635864258	0.5203240677219451
38.9833984375	-24.101051330566406	-0.1237123748336344
18.655757904052734	49.71463394165039	-0.0373241790665003
30.757627487182617	5.674152374267578	0.5581818175260559
-8.827754974365234	-4.8265509605407715	0.5653451889407759
23.870601654052734	32.20000457763672	0.197053626076837
26.77537727355957	34.63784408569336	0.6836667346981837
33.17621994018555	13.653421401977539	0.2383336058054557
-10.531027793884277	11.683391571044922	0.3260251773757043
41.38503646850586	15.321244239807129	-0.4688702304461905
-17.215251922607422	-15.945038795471191	0.6727618792018739
11.254645347595215	-5.243801593780518	0.678964643789651
29.991605758666992	7.966346263885498	0.5649624580454263
-36.45621871948242	-13.710859298706055	0.1673171343764667
36.21903991699219	2.5727245807647705	0.3082084965640627
32.69712829589844	-14.001208305358887	0.4361221968966718
-0.14390021562576294	56.812171936035156	0.1745096775386603
10.449573516845703	-23.406696319580078	0.7760110069905789
-16.60310935974121	-6.571658134460449	0.5716308154162336
39.39934539794922	-16.53129005432129	0.70239997239404
-2.072420597076416	-14.249716758728027	0.4859108870965979
2.6034884452819824	5.543118953704834	0.3067846619139005
16.135738372802734	5.929886817932129	0.0797078499728865
-26.0666561126709	-18.076942443847656	0.3328088160511354
24.094440460205078	-20.5385799407959	0.8437448583238668
43.180381774902344	3.756922960281372	0.7644126126507094
38.31785202026367	5.467246055603027	0.9310661999818892
-44.39657974243164	18.66522789001465	0.7732774025910337
36.92950439453125	2.5541326999664307	0.4526389533974901
0.3393539786338806	57.35195541381836	0.16692560585764
13.978019714355469	12.749207496643066	0.2311779240142447
52.71976852416992	14.630688667297363	0.0522179097447837
-6.377162456512451	-14.131714820861816	0.2944188413029592
34.99237060546875	-8.938204765319824	0.8359494155029215
37.82041549682617	15.6647367477417	0.6561080753669362
19.75155258178711	34.72690963745117	0.4517100025774575
5.318293571472168	-7.133037090301514	0.181436342535165
47.7847785949707	-5.208587169647217	0.3132382982604534
7.6247758865356445	4.575664043426514	0.3752622351372519
43.519432067871094	29.317811965942383	0.5659828619415304
25.035322189331055	36.19798278808594	0.1815666543243053
-13.237333297729492	-12.719788551330566	0.633280193207191
-23.065387725830078	-30.91495704650879	0.3559255492633871
-6.128393650054932	39.25515365600586	0.2410464804513765
24.422149658203125	-7.319826126098633	0.0470706730971622
42.690303802490234	-25.860595703125	0.2118516674577419
0.7796660661697388	16.133052825927734	0.5348101954330059
-8.814905166625977	-31.280109405517578	0.1756154957798378
16.357831954956055	-22.5180721282959	0.4244784365655646
-17.792322158813477	15.439400672912598	0.4601756820518637
27.566286087036133	-23.824542999267578	0.5935586476343168
-16.659854888916016	-15.205665588378906	0.890681584906111
-18.232688903808594	-7.2910380363464355	0.4959767056142898
-8.809920310974121	34.711708068847656	0.4078718703351238
8.327322959899902	-3.4074251651763916	0.4971409289069103
37.355594635009766	-8.215502738952637	0.2918817482861831
47.894866943359375	17.72417449951172	0.904556031041589
-43.78963088989258	20.990367889404297	0.4952981417489419
10.422035217285156	35.931053161621094	0.414441638760615
32.88754653930664	-23.930131912231445	0.2933644654917748
10.538612365722656	-8.356673240661621	0.4414573562103622
9.857242584228516	-33.92763137817383	0.7509877899616336
-49.51234817504883	-6.375128269195557	0.1046730370917454
-14.031933784484863	-24.0546817779541	0.4815068279200773
11.79845142364502	17.800687789916992	0.2513057456305826
23.109283447265625	28.45381736755371	0.3761539220168825
-42.22630310058594	-12.629622459411621	0.8751527104721067
-20.92376136779785	-9.419922828674316	0.5544221370972252
24.140926361083984	21.73747444152832	0.4737861026312744
-41.241600036621094	-5.620164394378662	-0.2869988957891842
23.441608428955078	-43.51248550415039	0.5152939543548595
42.01731872558594	10.9608793258667	0.4293101027487768
14.699190139770508	38.43080139160156	0.4472088020477895
27.728744506835938	-32.17220687866211	0.379872065192217
19.11634635925293	-16.764305114746094	0.1940272334236603
5.737936019897461	29.38573455810547	0.6325654241148599
-42.5944938659668	14.9840726852417	0.674250354026141
34.02832794189453	-27.288978576660156	0.5929499695081928
-33.47336959838867	4.083547115325928	0.6461235966963619
17.168949127197266	-35.44820785522461	0.6068058113959972
4.529934883117676	25.65239143371582	0.7783634014009894
-24.31401252746582	14.641858100891113	0.318957110488601
-21.314517974853516	5.618523120880127	0.0864519256811982
-9.554885864257812	-9.337359428405762	0.3200866987656698
-1.704553484916687	-7.809996128082275	0.1873147999471537
-27.033924102783203	-7.0611443519592285	0.2517950112179069
44.31794738769531	28.23781394958496	0.8791784906792682
34.99790954589844	15.702946662902832	0.793084961756125
-2.252119302749634	1.6869854927062988	0.4655022004138883
-1.575683832168579	36.69837188720703	0.4274700934867519
34.824249267578125	-13.451665878295898	0.4390087529180834
-15.698774337768555	-12.356101989746094	0.4092817832954566
-19.041370391845703	19.809541702270508	0.7575130118193689
35.27751922607422	10.232450485229492	0.3413393850101041
-34.96317672729492	8.047994613647461	0.3667391789540238
47.010250091552734	16.1839542388916	0.5541063022726962
35.691165924072266	-0.9557013511657715	0.3311011361585305
17.571245193481445	-23.445999145507812	0.6426438455954154
-34.18613815307617	45.367801666259766	0.5714330371711065
-46.19562911987305	20.027616500854492	0.8273394811206078
-21.56243896484375	-31.5572452545166	0.4044283795780994
-11.918122291564941	-37.97193908691406	0.6142125029381739
-39.508331298828125	-0.9752785563468933	0.6247908304946537
-31.140789031982422	5.495894432067871	0.4364425252161098
-28.969518661499023	-23.068096160888672	0.5423327459358794
21.58271026611328	-26.25660514831543	1.0544806630572785
38.025203704833984	-21.561996459960938	0.5111942260369766
-50.551246643066406	25.123130798339844	0.4425941186089021
47.16529846191406	-5.831279277801514	0.2505768918314691
-28.461971282958984	27.046268463134766	-0.2700036023283542
-30.755403518676758	9.9227933883667	0.8286966859916954
27.83710479736328	-17.513349533081055	0.8036523400895211
-7.05360746383667	-17.83586311340332	0.5341139099184219
-3.3946988582611084	-16.680179595947266	0.6970959623766032
-52.37040328979492	25.450908660888672	0.4640077736326179
-7.852697849273682	-46.15817642211914	-0.0370260583054604
-2.445305347442627	24.92377281188965	0.8650198354902806
33.21231460571289	23.600025177001953	0.575705962879544
-39.16313552856445	18.763456344604492	0.58580262839697
14.342862129211426	32.006534576416016	0.4928928945744341
11.119406700134277	27.469074249267578	0.8335783395916598
-23.31694221496582	20.087890625	0.7031195909185406
-53.43933868408203	27.21584701538086	0.3262409640817498
32.68266677856445	-21.906923294067383	0.8026388299600637
-18.387428283691406	-11.170379638671875	0.2424844576976343
21.90872573852539	-0.09084713459014893	0.4905564273503026
-0.709079384803772	-13.483442306518555	0.4058053523413224
32.364749908447266	31.325305938720703	0.3486788401829616
-2.0167083740234375	8.08645248413086	0.2489194021381061
-17.938844680786133	3.1234567165374756	0.2793551095488858
48.41956329345703	-18.329906463623047	0.8085120098374403
23.948883056640625	-12.52350902557373	0.4435066716483162
-3.80824613571167	-30.759109497070312	0.5599097799902221
24.74493408203125	36.68545150756836	0.2737423271086114
-7.768245220184326	-25.70688819885254	0.4431082645144117
-23.214923858642578	12.491469383239746	0.227397729837894
19.357257843017578	-19.074174880981445	0.4760839476935273
23.046178817749023	-26.024805068969727	0.7960731222169594
2.4155733585357666	-38.51671600341797	0.7284016084953542
-37.7113037109375	15.266777038574219	0.4059242780147746
22.47532844543457	-35.93097686767578	0.2624435566686312
-32.74386215209961	40.37271499633789	0.6028447563220716
-6.656618595123291	-3.9675498008728027	-0.2379234479959675
-43.61268997192383	1.1942850351333618	0.8527760765180447
47.2675666809082	0.9286378622055054	0.4127728771866535
29.041412353515625	4.5807600021362305	0.4986590879607862
-18.451875686645508	-26.846534729003906	0.0818967236228081
-5.313126087188721	28.26568603515625	0.8843181754360432
-29.7117862701416	33.909420013427734	1.016762568260171
-19.90395736694336	-21.98155975341797	0.3366434126845571
-49.013648986816406	25.905773162841797	-0.0020025949211449
22.139984130859375	-4.536070346832275	0.4098139592334697
-27.737384796142578	-13.47929573059082	0.5475454274392011
37.336673736572266	-2.2379329204559326	0.3761245532199485
22.83452033996582	-35.483848571777344	0.6280278980091938
15.397793769836426	-43.89251708984375	0.6579923167020832
-43.30322265625	18.065385818481445	1.0354679190324834
47.64476776123047	14.232484817504883	0.7529300561122528
-11.433148384094238	-24.640296936035156	0.7921121273823545
-51.8087043762207	23.666322708129883	0.524503177843342
21.08460807800293	16.144426345825195	0.7236797868532937
-14.803278923034668	-44.320411682128906	0.4191615372665686
22.19999885559082	31.465940475463867	0.355009904770363
-32.978084564208984	14.69536304473877	0.4028474337250155
46.94160461425781	-9.745662689208984	0.4874397980976445
-30.759931564331055	9.919303894042969	0.8286966859916954
33.11422348022461	5.728092193603516	0.6815939478501456
23.71527862548828	-8.91112232208252	0.1853155456104611
-1.8317619562149048	-24.6743221282959	0.7419211423991297
23.413362503051758	11.573591232299805	0.2552369962465424
-36.78036880493164	-29.852386474609375	-0.1145603644682162
-25.72527503967285	-5.599728107452393	0.0989570899081035
-20.73992347717285	25.02305793762207	0.5311108000328498
24.586442947387695	3.164243459701538	0.5665006975163398
40.4340934753418	-19.907442092895508	0.3149323077119632
-13.015235900878906	2.3229498863220215	0.4341087071639308
-35.035072326660156	9.865348815917969	0.8989315758969306
-45.03184509277344	5.063616752624512	0.488307895512154
-8.983131408691406	-15.377370834350586	0.8248008709471064
22.8352108001709	-16.34379768371582	0.5792296327141474
-1.0864534378051758	-0.6535282135009766	0.5388057029089331
-42.52834701538086	42.2235107421875	-0.109957815901658
12.777865409851074	-27.014434814453125	0.4155454381615561
24.126785278320312	27.59326934814453	0.4580890605308014
-49.21156311035156	24.38393211364746	0.1233239883497682
37.90878677368164	-0.0005684926290996373	0.3626516414154293
43.355934143066406	8.898540496826172	0.578698845496839
40.30047607421875	-16.147340774536133	0.6690329062857748
5.941951751708984	1.3159105777740479	0.194350510732009
38.09433364868164	13.314284324645996	0.7463678817494068
30.021535873413086	8.573637008666992	0.6286364130971783
13.026650428771973	-38.28211975097656	0.523190390337119
49.276824951171875	-2.782742738723755	0.2453620382667132
13.929771423339844	6.568353176116943	0.1311838614965403
-55.26432418823242	23.91898536682129	0.073773564237663
28.51604461669922	13.303717613220215	0.48327881831958
48.2089958190918	6.860614776611328	0.7398618121414289
-10.784774780273438	-12.217977523803711	0.5425242037414731
8.959110260009766	-8.846677780151367	0.3218065672170614
10.573230743408203	1.0827301740646362	0.9184879947274576
11.696857452392578	-48.869178771972656	0.3053627800431402
-34.4023551940918	10.585822105407715	0.7978688421495956
1.7205438613891602	-28.906356811523438	0.6215003162202941
-54.96625518798828	25.72718048095703	0.3579136624998368
-14.145537376403809	15.600642204284668	0.8702436864355929
6.947959899902344	-28.99094009399414	0.2680425197518152
36.57670593261719	-16.882068634033203	0.4692003038237696
-53.92338180541992	23.585243225097656	-0.0797902295554329
53.26761245727539	3.96985125541687	0.4407835807393816
31.934797286987305	19.306934356689453	0.5567181454908366
-23.498878479003906	43.462032318115234	0.3034961063567992
40.88057327270508	9.79023551940918	0.0914238572724677
23.53777503967285	42.048316955566406	-0.0495655122606278
-28.457983016967773	-35.316184997558594	0.4722910483969993
-34.973018646240234	8.048574447631836	0.3667391789540238
14.531280517578125	26.26133155822754	0.495820517585028
20.498504638671875	-41.69114685058594	0.3210626618823217
-48.90778350830078	27.03472900390625	0.0675234420928324
17.592575073242188	25.07403564453125	0.4668404355677064
15.782980918884277	21.650161743164062	0.4339606466451899
46.932064056396484	-9.72819709777832	0.4874397980976445
-21.022871017456055	-22.43497085571289	0.289434156722392
-52.86404800415039	23.222383499145508	0.2008315234832822
29.31308364868164	-25.081945419311523	0.3065754205129593
-38.11555862426758	17.25653076171875	0.5481827972420483
-31.771244049072266	-0.974202036857605	-0.750680821923966
-8.120409965515137	-17.829389572143555	0.5128307213354059
44.62289810180664	-31.30724334716797	0.6294429053160122
14.180891036987305	-17.09166145324707	0.2960959141271513
6.933701992034912	-29.036724090576172	0.2680425197518152
20.805633544921875	12.992463111877441	0.5028278998065626
-9.857843399047852	-9.132716178894043	0.3436502256660628
-26.93070411682129	18.553096771240234	0.2859642211181152
-36.78496551513672	-14.988353729248047	0.0444619503834227
-3.1929001808166504	47.2911376953125	0.5204787409981741
43.00384521484375	21.74118423461914	0.517698216776511
19.130725860595703	-23.176027297973633	0.7859406121399185
-33.47336959838867	4.083547115325928	0.6461235966963619
-34.7215461730957	33.57876968383789	0.1733363287698999
32.41999816894531	-30.84642219543457	0.6243677969510133
-8.222809791564941	-10.354848861694336	0.7985872111341338
18.655757904052734	49.71463394165039	-0.0373241790665003
-2.251213312149048	1.6852363348007202	0.4655022004138883
6.328135967254639	-12.71835994720459	0.3041448794787403
-29.974388122558594	11.872320175170898	0.77808822625267
45.56696319580078	-24.610536575317383	0.1624518238544851
-6.538228988647461	14.979888916015625	0.7376613739824793
40.54283905029297	-16.816070556640625	0.8429034694248766
-11.316071510314941	2.726853132247925	0.6377301670939303
-19.55514907836914	6.223357200622559	0.1194118539324176
-11.433730125427246	-24.64011573791504	0.7921121273823545
29.469655990600586	-47.13875961303711	0.4358151822117325
-14.259258270263672	7.101271629333496	0.3065114236632819
-44.79398727416992	17.072050094604492	0.8872708651763449
-35.19062423706055	33.076995849609375	0.1379162879753405
-7.86680793762207	-40.90399932861328	0.1309383785074092
-1.5202430486679077	26.207448959350586	0.4707382559236866
-10.343605041503906	-17.861799240112305	0.3697561017144514
25.698457717895508	19.854455947875977	0.2505005608993689
50.851585388183594	7.343169689178467	0.5643896443364104
-31.091346740722656	-17.83634376525879	0.0845630054033306
-50.86225128173828	19.50092887878418	0.5066664491026395
29.766185760498047	13.194696426391602	0.6115084368949054
52.978851318359375	-8.725173950195312	0.1363652220933022
30.873342514038086	40.02187728881836	0.6364389420605775
9.856722831726074	-33.92768859863281	0.7509877899616336
27.71506690979004	3.3988444805145264	0.6024112997884499
-7.558353900909424	39.197296142578125	0.4528723400208421
-16.824426651000977	13.761126518249512	0.2646171800234737
48.08635330200195	-19.73904037475586	0.769658434039275
5.487636089324951	-7.2479705810546875	0.181436342535165
11.806018829345703	12.350611686706543	0.4257516982266698
5.669148921966553	-17.778976440429688	0.5310809991522576
28.067745208740234	13.989151954650879	0.5884105303787551
-11.293692588806152	35.39160919189453	0.7746971766319589
-1.2295864820480347	-40.064144134521484	0.5560535904024273
-31.571748733520508	11.096098899841309	0.8209669509983301
2.029663324356079	-27.131900787353516	0.3459785693154522
11.286667823791504	-5.060638427734375	0.678964643789651
19.890369415283203	-10.806379318237305	0.3182733089832592
9.301254272460938	-43.167076110839844	0.6567634314286995
18.72492790222168	-12.835583686828613	-0.0526041341026863
-22.455629348754883	24.402624130249023	0.8112297035731676
42.07160949707031	-28.273340225219727	0.5668069440344118
34.080020904541016	-0.8631694912910461	0.4424097732167385
30.020694732666016	14.71040153503418	0.7621101459967817
12.777865409851074	-27.014434814453125	0.4155454381615561
-9.160736083984375	-24.334224700927734	0.4999670079428873
35.585323333740234	29.070205688476562	0.0403129770899039
-37.30992126464844	-9.423816680908203	-0.1350578536313282
30.344097137451172	-6.030488014221191	0.7103383178921667
-35.2125244140625	-2.799725294113159	-0.3319004741677205
-45.03184509277344	5.063616752624512	0.488307895512154
29.856298446655273	11.937037467956543	0.2651829248080822
30.05884552001953	-10.575258255004883	0.7021044658381324
37.585784912109375	21.503141403198242	0.4419976473373797
25.315486907958984	10.467671394348145	0.3820848949802001
3.1134626865386963	-24.170394897460938	0.2907058191490885
44.54425048828125	18.864526748657227	0.2864883083792268
-0.20975983142852783	36.19004440307617	0.4358449404543166
-10.413371086120605	-26.88264274597168	0.6503757796187098
29.133895874023438	32.715816497802734	0.3200737153935119
38.55287551879883	19.62491226196289	0.5822848725959433
1.5265675783157349	-33.35053253173828	0.6161391644803839
0.870246946811676	-38.25301742553711	0.2958942017245323
10.778082847595215	-19.046178817749023	0.7920755807777567
-8.934873580932617	26.007274627685547	0.5677887903779982
24.725269317626953	-1.5378435850143433	0.5079939933175679
-17.642261505126953	-24.538923263549805	0.4606911007691993
11.570895195007324	37.32732009887695	0.1613501737123734
-1.7267820835113525	-45.806846618652344	0.8762708726177456
32.14764404296875	-29.78377914428711	0.3498042736774217
11.133849143981934	-49.16086196899414	0.3308889037880164
26.33914566040039	9.228323936462402	0.4031695512287915
-21.409225463867188	-38.86349105834961	-0.0912381982834346
-44.91471862792969	-11.134881019592285	0.476686115665158
-33.5969123840332	-3.2001922130584717	-0.2812894662545961
30.505895614624023	19.33699607849121	0.3007773289841109
29.871984481811523	40.76609802246094	0.4163675008054267
15.080160140991211	-1.678926706314087	0.1304485269508522
-47.56549072265625	21.254865646362305	0.3984346144316371
19.428123474121094	24.91461181640625	0.6562500730763723
37.86595916748047	8.306350708007812	0.8162023060353738
-4.406004428863525	-10.847451210021973	0.4208716077244965
-0.5516613721847534	-0.3777051568031311	1.157395536893632
-17.279083251953125	-19.644920349121094	0.5359708117037345
23.889657974243164	-29.513559341430664	0.7536036335135966
10.746928215026855	1.5164201259613037	0.4826754348133003
47.08318328857422	20.736408233642578	0.2473191668745269
-17.418617248535156	-1.1222368478775024	0.6004150792308274
-33.98923110961914	32.48553466796875	0.4260278488496204
45.54762268066406	-30.48329734802246	0.5133085479969361
-21.743005752563477	-5.366086006164551	0.6373394407327007
-12.429322242736816	4.253940105438232	0.194873760605919
-9.260977745056152	32.664485931396484	0.6676591990874516
2.557685613632202	-11.598485946655273	0.3948583752443566
-25.931577682495117	4.660247802734375	0.7506513476775467
24.408140182495117	10.408231735229492	0.4246335370675733
16.507694244384766	22.108617782592773	0.5989093945494443
26.62738609313965	-23.588760375976562	0.4879617851292205
21.788591384887695	-1.1720716953277588	0.6425889234731913
-4.2933669090271	2.8170552253723145	0.9311766337427588
-19.701602935791016	-16.161577224731445	0.2020356300604549
11.336074829101562	-34.096107482910156	0.5885281143432926
-27.8455753326416	-19.153745651245117	0.5875575938430972
-36.14461898803711	40.1824836730957	0.7316807473313752
40.3753547668457	8.971405982971191	0.6234824167938731
-23.159259796142578	-15.191618919372559	0.5575465607752784
-11.933293342590332	-25.68100357055664	0.7157650796848402
32.00365447998047	-5.6482415199279785	0.4489041478970491
31.85053825378418	0.3127051591873169	0.0881480518386598
42.8295783996582	4.0535783767700195	0.8052895488177146
6.557976245880127	-31.216083526611328	0.5066603944003575
15.689627647399902	39.264137268066406	0.4869189258733469
-28.425756454467773	-8.248856544494629	0.2357414325560594
1.8612343072891235	43.67906951904297	0.701952540198394
-3.807431697845459	-29.56553077697754	0.6877442974661814
-27.416671752929688	41.392333984375	0.5475481997295921
-39.044097900390625	8.017412185668945	0.0028328268358056
19.91443634033203	34.70397186279297	0.4517100025774575
38.87419128417969	-36.72080993652344	0.8274922285883669
-26.29362678527832	10.546135902404785	0.7976072584928084
-21.56243896484375	-31.5572452545166	0.4044283795780994
-24.489215850830078	-3.26442289352417	0.7320824641927507
42.14116287231445	-16.561798095703125	0.4292972303072362
34.5731315612793	-2.663968086242676	0.749343099595575
-23.580677032470703	1.0279345512390137	0.4296054370090909
7.34731912612915	-26.34199333190918	0.5982406478577962
2.6034884452819824	5.543118953704834	0.3067846619139005
-2.3411173820495605	-24.656803131103516	0.5572078502445841
21.24794578552246	22.743579864501953	0.7232951683723757
36.67643356323242	-22.623010635375977	0.5713990243255678
-44.614261627197266	20.095766067504883	0.7485005072587397
5.066892623901367	17.56010627746582	1.0397734545350448
-45.71965789794922	-11.118796348571777	0.1297915262235338
-23.207561492919922	-31.4056453704834	0.3559255492633871
19.433738708496094	37.22449493408203	0.4014782639067253
-30.976503372192383	-16.504432678222656	0.0425157963217696
43.83340835571289	-32.06351089477539	0.5726307506908993
-36.78036880493164	-29.852386474609375	-0.1145603644682162
8.13634967803955	-15.235241889953613	0.1637381886289346
11.935157775878906	-13.141613960266113	0.7672037321004513
2.275865316390991	-10.286218643188477	0.5169341440810514
49.565128326416016	13.858833312988281	0.1605740563706982
-26.57402801513672	12.990628242492676	0.5672026391138723
23.438644409179688	20.075117111206055	0.5698118354800633
-18.419431686401367	21.589614868164062	0.6542125341271021
-3.9971110820770264	22.966386795043945	0.6125643008886231
-35.94162368774414	-19.801530838012695	0.5074256617558927
10.748889923095703	-19.64399528503418	0.6963662926127145
-35.53064727783203	-7.958414554595947	0.2386303743344581
-19.788970947265625	-11.377341270446777	0.4636483146323025
3.4422543048858643	-21.001514434814453	0.4553572354818003
5.626744747161865	-52.43455123901367	0.6466667888942441
42.01251220703125	-4.313543796539307	0.842760549942495
-26.01251983642578	-0.2545778453350067	0.7732689195055988
6.328135967254639	-12.71835994720459	0.3041448794787403
8.327322959899902	-3.4074251651763916	0.4971409289069103
-17.918630599975586	8.758468627929688	0.1471544293094896
18.28544807434082	32.570560455322266	0.4379587627388526
-45.26961135864258	-0.5016025900840759	0.9632346120266726
11.798050880432129	17.80084228515625	0.2513057456305826
-13.775146484375	15.835224151611328	0.7898287638478043
-4.204654693603516	-23.405529022216797	0.5188429388118083
42.52962875366211	0.2702937126159668	0.6224907755914596
29.378936767578125	-13.247159957885742	0.957184445961028
39.2490234375	-14.353142738342285	-0.0031558477562415
5.295276641845703	-34.24671936035156	0.4416482180903398
-10.536072731018066	7.089593410491943	0.1065794167587049
-32.61552810668945	-16.639020919799805	0.0988788317402697
-36.10023880004883	1.124078631401062	0.298970928479101
-27.03469467163086	-7.059837818145752	0.2517950112179069
-19.11372184753418	19.24517822265625	0.4833963494535203
-31.85858726501465	-0.9492177367210388	-0.750680821923966
17.28975486755371	-25.071348190307617	0.7310492736910877
27.683101654052734	0.7071249485015869	0.4219906460880265
-39.01942443847656	47.816688537597656	0.6257741333117822
8.629241943359375	-29.432437896728516	0.4417432432955404
-39.98187255859375	24.21794319152832	0.6382342217510238
28.32074546813965	-17.52153778076172	0.641363138956479
20.24431037902832	15.175712585449219	0.7376307064007033
-27.363113403320312	-3.4726333618164062	0.4670027649023567
0.24810345470905304	30.522253036499023	0.8377189649662138
-3.7252438068389893	-23.853748321533203	0.3518745978888842
28.87537956237793	-0.435608446598053	0.1807883271877166
-23.617900848388672	-36.99604797363281	0.405997723764279
14.518746376037598	-39.37037658691406	0.1743073398256527
0.02597915753722191	-19.115692138671875	0.2435084591028158
-17.20957374572754	-36.460670471191406	0.3197901863714314
-49.02386474609375	-4.868598461151123	0.3399700194817976
34.57170486450195	-33.59099578857422	0.7033288140647908
-45.98917770385742	14.605789184570312	0.5591808890021183
5.984555721282959	-25.338977813720703	0.93420413362515
-13.936734199523926	19.99751853942871	0.9657639120709528
-35.07780838012695	-19.99298667907715	0.5756463005341713
-14.775028228759766	-10.793932914733887	0.5382230533767178
18.75396156311035	2.0158872604370117	0.738696368407622
-41.241600036621094	-5.620164394378662	-0.2869988957891842
-19.156986236572266	-1.2327221632003784	0.4671907534680789
-22.734764099121094	6.762359142303467	0.0519279863377096
32.82360076904297	2.4253735542297363	0.1273972936814047
-7.93690824508667	40.309539794921875	0.4349304758002886
-14.775242805480957	-10.793710708618164	0.5382230533767178
25.02770233154297	41.59317398071289	0.4633988743351911
23.59390640258789	-8.123283386230469	0.3962995993939344
13.799397468566895	6.23614501953125	-0.0587853583131861
-39.248809814453125	4.782193183898926	0.5156723519397683
3.964632511138916	-33.753395080566406	0.6439286373450488
28.695226669311523	22.430883407592773	0.2517124157503373
-8.31492805480957	21.977031707763672	0.5440299779221993
-10.11331844329834	-31.55052947998047	0.327494361337035
-26.01582908630371	2.6205227375030518	0.5267509813127843
3.3112244606018066	-4.444724082946777	0.3332070834933873
46.17832946777344	19.77958869934082	0.4314656742593655
14.604659080505371	25.520374298095703	0.2539212605120566
-20.507627487182617	1.5139198303222656	0.5740241787945941
28.409082412719727	-40.34714126586914	0.2688582890703357
23.799375534057617	-14.90383529663086	0.6564628267881676
-27.89188575744629	34.94316864013672	0.6974542132753819
38.83368682861328	-23.07347297668457	0.6075136691645736
0.38272517919540405	-4.375169277191162	0.0610265181057316
-17.265796661376953	-38.2832145690918	0.0688317105046895
-34.008697509765625	-24.761232376098633	0.4919103822031271
36.33236312866211	5.323078155517578	0.423231286582487
-21.316020965576172	21.750207901000977	0.571946685282086
20.497663497924805	14.241847038269043	0.7406700869951238
22.872713088989258	-44.00822830200195	0.4116984862361946
12.569148063659668	-38.132442474365234	0.341704780683143
13.116368293762207	-47.450050354003906	0.7385245468942784
-4.147714138031006	8.315534591674805	0.2124606477262136
-9.627408981323242	-18.702457427978516	0.5042394946538793
-41.21862030029297	43.06673812866211	0.6389329684008631
27.692537307739258	-16.2867431640625	0.7150932167896936
34.663230895996094	-34.088985443115234	0.3978265067560383
0.5640156865119934	30.634279251098633	0.3589669041541661
49.486019134521484	-3.285648822784424	0.4806567508396182
-6.7156853675842285	15.003044128417969	0.6677743306187197
-20.994468688964844	3.3367252349853516	0.8561662819801243
25.078697204589844	-14.648791313171387	0.6456529909696651
35.4112663269043	-19.9339656829834	0.5545450243382545
30.30923843383789	21.199663162231445	0.3588233313923694
3.1134626865386963	-24.170394897460938	0.2907058191490885
-32.08909225463867	-18.231348037719727	0.1933199049347879
35.21453857421875	8.536503791809082	0.6292425651574061
35.11663055419922	-5.304476737976074	0.785680302667768
17.074010848999023	-34.62250518798828	0.4530028278023391
-13.696991920471191	-19.821226119995117	0.4280371156353612
18.72492790222168	-12.835583686828613	-0.0526041341026863
-12.137520790100098	-27.790159225463867	0.4295716683428953
-51.02430725097656	32.23983383178711	-1.0718954585204143
-40.08903503417969	35.409202575683594	-0.0503830120295918
7.967313766479492	-13.3762788772583	0.2693885547729995
30.95604133605957	-37.23276901245117	-0.0245777188330173
-15.823742866516113	-32.01722717285156	0.2963166670010217
-25.70242691040039	-8.16554069519043	0.4095311404820609
-31.959247589111328	-12.456581115722656	-0.0081233131149947
46.566402435302734	-31.491838455200195	0.6156619892857869
7.770646572113037	-39.21430587768555	0.6244207595671529
-45.24943923950195	-0.5142441391944885	0.9632346120266726
-6.393271446228027	-13.213166236877441	0.0926647597084555
34.51076126098633	1.821932077407837	0.2408092663651223
-41.015403747558594	26.039430618286133	0.7208386538204752
-31.136993408203125	-11.443312644958496	0.344259437865021
-16.114084243774414	-16.300687789916992	0.7412673319442618
40.61936569213867	-8.723333358764648	0.9823680077724226
34.153865814208984	-1.002444863319397	0.4424097732167385
25.814245223999023	4.880302429199219	0.4352292883517075
16.92650032043457	-41.948612213134766	0.1177243766432136
-40.236839294433594	25.713838577270508	0.717014293795025
5.49072790145874	-18.043291091918945	0.5310809991522576
18.94212532043457	-52.981719970703125	0.1505024074678786
23.62122917175293	-21.925071716308594	0.697100813102767
-37.67490768432617	41.74342727661133	0.3035628192362637
13.780905723571777	8.85946273803711	0.4638373921650054
31.021440505981445	-2.38210129737854	0.0204904122034175
47.61593246459961	6.811563491821289	0.8381485202354696
5.360353946685791	-43.970977783203125	0.7152608128001431
-8.950806617736816	-3.625145673751831	0.5472623887359803
-25.032217025756836	23.47775650024414	0.7825409253828665
39.121578216552734	11.504219055175781	0.397463513398033
-21.401639938354492	-5.632725238800049	0.4777471652119714
14.247252464294434	-17.513582229614258	0.2642688350323199
-12.325540542602539	-13.727898597717285	0.686549424706293
-29.24007225036621	-33.768314361572266	0.8838794281586579
-21.135719299316406	-9.654583930969238	0.4643429624534591
-14.515178680419922	-4.998339653015137	0.5654786353062473
8.130793571472168	-17.316314697265625	0.2476933194455019
-38.535972595214844	11.346113204956055	0.8854648857699554
16.106475830078125	-8.010384559631348	0.1246776345719221
-20.5342960357666	40.090576171875	0.220405349537412
-25.571544647216797	23.528688430786133	1.066102972909352
-41.15850830078125	-13.540024757385254	0.889322919436405
-16.69865608215332	-19.88319969177246	0.6145204188379363
27.091110229492188	-36.52504348754883	0.289865036278697
24.225357055664062	32.90336608886719	0.3606932605172224
27.357702255249023	41.8969612121582	0.5543089109075342
21.812679290771484	-44.664306640625	0.9986479359197916
23.109283447265625	28.45381736755371	0.3761539220168825
-18.656864166259766	-16.699499130249023	0.5199032616120673
27.002492904663086	18.32215690612793	0.5789338138885579
27.256534576416016	-11.264455795288086	0.4830648112319385
28.42620086669922	23.605510711669922	0.3770277043832148
-12.338313102722168	-23.61774253845215	0.9566218535020355
39.31192398071289	0.2884560525417328	0.905151404592559
-18.03805923461914	-4.490011215209961	0.6568540003875217
44.73360061645508	-38.03493881225586	0.0974595027399506
-3.278264045715332	-2.406283378601074	-0.0598421062147269
8.18853759765625	-34.66691589355469	0.51336999999843
0.3901672065258026	26.65041160583496	0.6891395832826847
2.0464577674865723	-2.952914237976074	0.3540176264767179
12.413166046142578	-13.218152046203613	0.9161761477236072
7.573305130004883	9.570039749145508	0.9722947018267694
41.11308288574219	-20.53631591796875	0.469220264216492
23.59629249572754	-29.98204803466797	0.891240066335911
28.584821701049805	31.099231719970703	0.6548142632835366
-21.421443939208984	-2.4913241863250732	0.1598148485700493
15.510260581970215	-36.864253997802734	0.3708629291689532
17.920820236206055	17.87807273864746	0.5333570708250045
-39.090003967285156	11.860146522521973	0.3993404041236685
18.94212532043457	-52.981719970703125	0.1505024074678786
-9.014383316040039	-4.822967052459717	0.5653451889407759
-37.02588653564453	-7.097394943237305	-0.0573284743136339
-0.3758966624736786	-8.870866775512695	0.2256885574843431
-7.1168622970581055	7.983736515045166	0.2319269000756866
36.27693176269531	-9.615346908569336	0.8700814068018825
22.41900062561035	-39.45826721191406	0.4758553684318694
35.45707702636719	10.747297286987305	0.4309595814368966
24.494218826293945	-19.17378044128418	0.7262394402295254
15.394644737243652	-43.88554000854492	0.6579923167020832
-5.68331241607666	28.271106719970703	0.973061861021952
-26.048946380615234	-19.17503547668457	0.3417310040094705
44.627254486083984	18.1540470123291	0.5410152388907153
-37.89971923828125	19.142316818237305	0.8228087551793571
-28.507549285888672	20.049285888671875	0.8243441398558626
24.1142635345459	7.4878973960876465	0.5843923153157073
-25.43433952331543	-26.149106979370117	0.5296651347090249
-35.915245056152344	40.916709899902344	1.0693300975862845
54.152427673339844	4.7070631980896	-0.0063467852593031
18.267112731933594	-28.92632484436035	0.8147044563312141
-5.869446277618408	25.96530532836914	0.8639468512349904
30.385358810424805	-28.49376106262207	0.6173062023140511
-49.785621643066406	29.730009078979492	-0.0765787877112941
-33.624603271484375	-3.2155823707580566	-0.2812894662545961
13.706160545349121	-31.895357131958008	0.4647435042733031
-9.294126510620117	2.0873050689697266	0.2812850500673894
29.92081642150879	-28.25893783569336	0.9913231270739896
-18.394071578979492	-32.10466766357422	0.2376999604018409
-4.9043169021606445	-20.025419235229492	0.3720018677799259
29.34016227722168	-7.695616245269775	0.6182643366065194
-0.03383253514766693	-20.304983139038086	0.3924130466335406
4.002681255340576	23.707386016845703	0.818064231895827
-23.30571937561035	-28.018314361572266	0.2833511412495595
-23.214923858642578	12.491469383239746	0.227397729837894
23.983755111694336	21.721017837524414	0.4737861026312744
-16.775005340576172	-10.130105972290039	0.4929995961631273
-24.6247501373291	-24.184181213378906	0.4257687159955349
4.3384809494018555	-52.52179718017578	0.4158959489496607
39.174232482910156	-9.210952758789062	0.8776013774825251
-2.233187198638916	37.44523239135742	0.420037147150107
-31.945444107055664	4.810798645019531	0.7064831973689565
2.4677772521972656	-4.374956130981445	0.5153683448446407
10.557539939880371	22.7125186920166	0.8069498271128035
17.96258544921875	-11.768138885498047	0.2119132356187504
5.626744747161865	-52.43455123901367	0.6466667888942441
-37.72740173339844	39.536659240722656	0.1739526683944821
-12.631516456604004	-1.3783949613571167	0.5625544011401301
-24.959564208984375	-11.331027030944824	0.546417671811217
49.623626708984375	6.645388603210449	0.5994417203709105
35.240692138671875	-26.502031326293945	0.2424659923763682
-42.1483039855957	24.903682708740234	0.6223861206827083
-2.3521318435668945	-14.085284233093262	0.5027750752463088
-15.107502937316895	3.9940953254699707	-0.2442686137953304
-30.63559341430664	26.017257690429688	0.8045400856810596
15.619704246520996	-30.661636352539062	0.6393121670902691
-7.8348469734191895	-46.328617095947266	0.1914561674200517
-29.149076461791992	35.074398040771484	0.7788902963637837
-35.87959671020508	38.325435638427734	-0.0745256743779825
20.235198974609375	0.31676551699638367	0.4264444540438252
38.85300827026367	-28.7365665435791	0.6221426880289619
16.2886962890625	-24.91598129272461	0.3842660930961511
33.47990417480469	-14.586607933044434	0.7231088702353056
3.373220682144165	-2.1875016689300537	0.4914558087080611
-27.566390991210938	-29.511383056640625	0.5972146311608881
26.510478973388672	-32.593345642089844	0.2891967524317022
17.9855899810791	-5.734113693237305	0.563050978933239
41.92439270019531	18.854196548461914	0.1925996042468435
-27.363113403320312	-3.4726333618164062	0.4670027649023567
1.4923138618469238	43.93800735473633	0.5889197859890889
-16.90350341796875	-0.11283780634403229	0.2703426251509039
11.29483699798584	23.0494327545166	0.8589023878528883
3.9709575176239014	-16.554615020751953	0.701161177335517
15.627232551574707	-31.258623123168945	0.7045269983956324
-4.666417121887207	-7.4802021980285645	0.6879846196593167
37.405025482177734	27.593828201293945	-0.4357632913205349
-24.04619598388672	38.69511413574219	0.1405667311076518
-21.5891056060791	3.8900437355041504	0.0193552304937983
41.68052291870117	-3.954716444015503	0.5403461837732366
-18.697690963745117	31.8732852935791	1.0090544492315905
-34.39997863769531	31.777637481689453	0.0529612217156616
-40.021732330322266	3.697053909301758	0.7370755734505345
30.294992446899414	-37.63270950317383	0.2287684023340339
17.41139030456543	30.259679794311523	0.384005894059566
-25.447668075561523	-26.604427337646484	0.5866903158824898
-41.745643615722656	-22.0382080078125	0.2757593808156269
7.573305130004883	9.570039749145508	0.9722947018267694
41.453487396240234	18.094911575317383	0.4348724525574665
24.451980590820312	-45.586307525634766	0.6430744139900816
52.978851318359375	-8.725173950195312	0.1363652220933022
38.011314392089844	20.838943481445312	-0.1979059086825583
-31.509370803833008	-4.2401652336120605	0.234753032744539
-20.53705406188965	40.085838317871094	0.220405349537412
-31.57542610168457	3.3743889331817627	0.4723270838163736
-33.69221496582031	-29.02998161315918	0.0047239094733205
17.205556869506836	26.3635311126709	0.6486072557698286
22.666439056396484	-8.678705215454102	0.4693065993254669
-19.106464385986328	-35.22273254394531	0.6163877439048617
52.09144592285156	-9.70414924621582	0.5385712042971125
13.207066535949707	12.799861907958984	0.1423800823184079
-28.188928604125977	33.92673873901367	0.5161936494182624
37.30826187133789	-31.018253326416016	0.3654200104313628
14.607948303222656	-31.412708282470703	0.6379758609443118
-27.72892189025879	-13.839369773864746	0.2607585028110211
-17.309467315673828	21.32859992980957	0.4568429898693998
31.825244903564453	-6.041415691375732	0.4318922545170202
-17.930654525756836	3.134535312652588	0.2793551095488858
-18.574323654174805	32.08829116821289	0.9161510338813352
-8.79240894317627	-31.463327407836914	0.1756154957798378
-10.889057159423828	-4.217835903167725	0.6558427437264157
-49.51234817504883	-6.375128269195557	0.1046730370917454
3.587873697280884	-2.42838454246521	0.4914558087080611
22.44240379333496	5.229508399963379	0.571315497636717
17.702850341796875	-47.74224090576172	0.6067552223852971
2.2291579246520996	-39.19170379638672	0.5222102444825024
18.826244354248047	22.44504165649414	0.4722332635839616
17.441551208496094	-47.88603210449219	0.795716548207889
29.711591720581055	-2.7267212867736816	0.3640580048816811
-49.364322662353516	23.854759216308594	-0.1435690380618874
-47.34877395629883	27.80748748779297	0.4613827274501114
-38.45259094238281	-30.561172485351562	0.4823034448147773
-25.641260147094727	39.430973052978516	0.2361808219786152
36.3976936340332	-38.94438552856445	-0.0337237428861983
32.6782112121582	-21.90363121032715	0.8026388299600637
-22.442462921142578	18.827478408813477	0.7866640937681415
-29.136751174926758	35.84294128417969	1.0060222690427074
47.894866943359375	17.72417449951172	0.904556031041589
-39.012481689453125	43.632328033447266	-0.4617692159379338
18.652921676635742	26.880569458007812	0.8735438896089442
-3.1948623657226562	47.29022216796875	0.5204787409981741
32.02574157714844	-18.467575073242188	0.5607886846693143
19.06193733215332	-38.816131591796875	0.4126674538339265
19.743404388427734	48.39426040649414	0.2620053602719825
-8.614359855651855	-39.29134750366211	0.5088023938037766
34.286582946777344	27.94825553894043	0.7927444006722363
39.56045150756836	5.112279415130615	0.7250294132754203
10.64399528503418	-17.594253540039062	0.6774302548974366
18.25490379333496	-34.62825012207031	0.4306353255473436
19.078189849853516	30.437755584716797	0.5691827049460109
20.965229034423828	4.772957801818848	0.5699294314578751
-9.097134590148926	-23.269033432006836	0.6567126006104175
-28.763517379760742	9.449183464050293	0.8912975435302086
-18.735767364501953	-27.058841705322266	0.2346039477419893
-40.150184631347656	23.203266143798828	0.8937731091268971
6.841635704040527	-22.141063690185547	0.5880265819265827
-36.08489227294922	1.0986474752426147	0.298970928479101
-35.12818145751953	-6.447840690612793	-0.3088844783888984
-14.178180694580078	-0.8122956156730652	0.4243306710935859
-13.561800003051758	-26.094985961914062	0.6460237221768239
-16.870813369750977	-6.066740036010742	0.4837328833881733
9.341018676757812	10.879279136657715	0.9570076049947474
-7.712305545806885	34.496559143066406	0.6602094807516756
4.8178181648254395	-44.19549560546875	0.8784207380945576
-33.079620361328125	8.329414367675781	0.6984838898690411
25.714982986450195	19.279861450195312	0.3161588502037976
-9.71937084197998	26.204309463500977	0.618848927300938
-42.21969985961914	23.930776596069336	0.8039447397265648
-12.2720308303833	5.320467948913574	0.1968250364734814
-38.92731857299805	41.37285232543945	0.3052954524171613
5.737936019897461	29.38573455810547	0.6325654241148599
-18.512296676635742	26.375076293945312	0.4548635311184729
-33.051273345947266	-7.613246440887451	0.3994394605987802
-41.37504577636719	22.92728614807129	0.7898995051014585
10.964488983154297	11.69918155670166	0.5227989746273757
21.779699325561523	35.7393684387207	0.2884138956611463
-22.734764099121094	6.762359142303467	0.0519279863377096
23.387346267700195	26.733978271484375	0.5951688199378666
-20.73992347717285	25.02305793762207	0.5311108000328498
-34.9687614440918	-29.16884994506836	0.6271380978804684
-13.481321334838867	-7.196671485900879	0.5854111208374819
-26.25119972229004	12.574178695678711	0.917472611246419
-6.383057117462158	37.33740234375	0.4288301777506578
38.91864013671875	-28.049524307250977	0.457980566287386
-26.20103645324707	-36.13743591308594	0.0809050623097318
21.933008193969727	-40.09882354736328	0.4864742446289181
-3.0827829837799072	-2.8986711502075195	0.123485916579418
-42.22630310058594	-12.629622459411621	0.8751527104721067
48.159088134765625	-19.056873321533203	0.891820381943251
-39.10164260864258	-4.471535682678223	0.4790439378484365
-52.548919677734375	21.520462036132812	0.6336702759148412
42.16744613647461	-26.976728439331055	0.4949411929449596
20.296335220336914	-30.113059997558594	0.6901520643444516
21.950881958007812	-4.668544769287109	0.5059192775575955
22.09544563293457	16.36504364013672	0.8402912516302066
-36.95722198486328	43.48393249511719	0.5415238950409024
44.83399200439453	-38.352684020996094	-0.0542045696674477
-14.803278923034668	-44.320411682128906	0.4191615372665686
-17.792367935180664	15.43956184387207	0.4601756820518637
-2.475510358810425	-30.226486206054688	0.5643534132371979
3.4456160068511963	-21.003936767578125	0.4553572354818003
8.959007263183594	-8.846845626831055	0.3218065672170614
17.750036239624023	37.64847946166992	0.6949567778198446
28.674560546875	-3.9647555351257324	0.6563118236965901
-23.136016845703125	-15.43896484375	0.6051398418957149
-39.871517181396484	3.6075754165649414	0.7370755734505345
9.674365043640137	-49.51542663574219	0.3688810246230922
4.220795631408691	-16.24199867248535	0.701161177335517
16.35862922668457	4.156543731689453	0.006685591154517
25.59141731262207	26.796772003173828	0.6227366091337637
-38.48886489868164	44.403350830078125	-0.5373368870828737
9.261337280273438	22.12586212158203	0.6298289127596473
35.635494232177734	-5.872847080230713	0.8208332803195525
52.72526931762695	14.635541915893555	0.0522179097447837
-8.755345344543457	-38.219566345214844	0.5195063504446061
26.55440330505371	-27.861928939819336	0.969133565478235
-6.502814769744873	-8.701937675476074	0.5394873243868252
-14.019830703735352	-4.370814323425293	0.4091742018445055
-5.398465633392334	8.346650123596191	0.6628416631861351
-42.407264709472656	-6.175778865814209	0.0186163191768194
-1.5344270467758179	26.210737228393555	0.4707382559236866
-1.4459893703460693	-40.24374008178711	0.6909036118216755
-16.80248260498047	18.355735778808594	0.8224045418010196
-13.233667373657227	-7.380602836608887	0.6417343416970936
-2.1897828578948975	-18.218231201171875	0.8541204307605725
-23.617900848388672	-36.99604797363281	0.405997723764279
-3.9971110820770264	22.966386795043945	0.6125643008886231
-8.678590774536133	-14.659836769104004	0.6446746265392629
-10.058794975280762	-6.635810375213623	0.5196644421634944
32.50921630859375	20.595457077026367	0.4912837255583712
-13.590205192565918	-37.83192825317383	0.3944317825725055
-11.681099891662598	-1.2505178451538086	0.8398816202954312
-13.939805030822754	3.824204921722412	0.1881415846404631
9.049555778503418	-23.492290496826172	0.533918162886904
-8.111029624938965	41.0623779296875	0.4310733038359294
1.5265675783157349	-33.35053253173828	0.6161391644803839
-17.00103187561035	-29.98988151550293	0.3052021410807211
-41.1508903503418	0.6784589886665344	0.3703072737796904
-52.533843994140625	30.81511878967285	-0.4267359469049008
14.467422485351562	-45.11791229248047	0.8557459138088844
-24.04619598388672	38.69511413574219	0.1405667311076518
-14.554239273071289	20.97549057006836	0.439519836722762
14.695978164672852	-1.7994921207427979	0.402013840652741
-43.43830490112305	-15.573208808898926	0.1675652651315862
41.87696838378906	-25.704038619995117	0.4809026990457735
19.780261993408203	23.373315811157227	0.8440967112519575
9.301254272460938	-43.167076110839844	0.6567634314286995
-5.063122272491455	-36.252201080322266	0.0865498955834546
-29.763471603393555	-36.96343994140625	0.1374537238637714
-19.081491470336914	-39.621360778808594	0.467007667012581
17.80698013305664	-7.309037208557129	0.5033198463659753
-31.599985122680664	16.381427764892578	0.6177144050641876
19.552499771118164	30.2562255859375	0.6812323240922966
-37.30992126464844	-9.423816680908203	-0.1350578536313282
-14.586675643920898	-32.66758346557617	0.077935599739065
-41.227455139160156	8.690244674682617	0.2469226108009378
0.7274613380432129	56.623783111572266	0.1127936887616454
1.1088379621505737	-4.875655174255371	0.4156330979279043
19.85137939453125	9.786376953125	0.3460587972902885
-26.412607192993164	-18.080835342407227	0.3328088160511354
34.15828323364258	12.357316970825195	0.2984257969002034
-23.82138442993164	-11.790473937988281	0.4956813174092911
4.769528865814209	-8.200906753540039	0.3257854777986358
18.545570373535156	-22.99600601196289	0.7088332270499869
43.74231719970703	-25.39792251586914	0.1065698276455169
20.525236129760742	37.368492126464844	0.3388605664038789
-21.884614944458008	12.487829208374023	0.2373367807302222
28.39101219177246	-24.18814468383789	0.6695864701755209
16.05500030517578	36.36959457397461	0.4460099485627573
7.830305099487305	-39.01568603515625	0.491930036766705
20.125179290771484	-33.32651901245117	0.8789813921578855
14.201173782348633	-13.318603515625	0.3344439348336671
17.54213523864746	23.224300384521484	0.807080852506385
24.264110565185547	17.559423446655273	0.7591895525237413
-7.3930816650390625	22.70417022705078	0.4533474188673753
-13.778145790100098	7.355982303619385	0.425564001115982
-22.6842041015625	27.83287239074707	-0.2586294458963028
-12.7115478515625	-9.941426277160645	0.7740663474396783
-15.084181785583496	-20.121129989624023	0.4643160312413021
37.52042007446289	-30.775634765625	0.3229451847630408
30.381561279296875	-11.036063194274902	0.8935117779481111
-54.514381408691406	29.202510833740234	-0.4347024365112338
-26.687925338745117	1.1520441770553589	0.4110433081384597
-36.635189056396484	-13.676873207092285	0.1673171343764667
-51.82975387573242	29.31037139892578	-0.9332766965698148
5.609841823577881	44.038326263427734	0.2405374118742735
18.847152709960938	-8.030022621154785	0.6402983179539007
7.967313766479492	-13.3762788772583	0.2693885547729995
-30.291515350341797	-7.360374927520752	0.7557355355165976
-35.888763427734375	4.91894006729126	0.8247008456351562
14.034452438354492	31.99736976623535	0.5727701131527821
47.283294677734375	12.8160400390625	0.6080600008609044
1.16573965549469	-8.907505989074707	0.4504579811607117
14.76939868927002	-19.22263526916504	0.3876614652037526
29.469539642333984	-47.13764190673828	0.4358151822117325
20.734907150268555	-30.355308532714844	0.8286732499244082
28.22093963623047	-31.836505889892578	0.4798644056542215
-34.835384368896484	-10.80413818359375	0.087679182301576
-39.908897399902344	8.271733283996582	0.3602564096233792
-27.404844284057617	18.857698440551758	0.2696670217696258
27.760774612426758	-34.77262878417969	0.2945038154882978
17.56029510498047	18.267871856689453	0.2355240477324415
37.63591003417969	-37.07882308959961	0.9373357510324812
22.908296585083008	-31.63387680053711	1.2105822603057974
-56.6697998046875	24.677722930908203	-0.3713006222717167
-46.87425994873047	-11.56441879272461	0.545885758239052
-43.19441604614258	-22.0669002532959	0.2345101862055941
-41.97710037231445	18.081472396850586	0.85629826662034
-22.53316307067871	-3.756134033203125	0.2530762963276068
-56.767269134521484	27.952804565429688	-0.1450590902503544
-8.711182594299316	-37.11595153808594	0.6396727558415765
-22.495399475097656	-19.57892417907715	0.7929708360146617
-33.05121994018555	-7.616696834564209	0.3994394605987802
-40.68122482299805	35.824256896972656	0.0811794232439633
15.264233589172363	-8.538762092590332	0.0886964341012232
-27.836570739746094	-29.51516342163086	0.7157519832221757
-21.022871017456055	-22.43497085571289	0.289434156722392
-20.725053787231445	-18.55140495300293	0.6412174543571036
-12.987231254577637	8.343040466308594	0.7714703136745436
-39.278648376464844	40.62786102294922	0.3084847402764984
-2.0154733657836914	8.116092681884766	0.2489194021381061
-29.93083381652832	26.572994232177734	0.5873472363261615
9.067922592163086	-4.496903419494629	0.5829102667956388
-16.133167266845703	18.962553024291992	0.6049230418643543
-7.2098307609558105	-36.823970794677734	0.5430259002509167
-39.514129638671875	-0.9755350947380066	0.6247908304946537
-54.23695755004883	21.03046989440918	0.4298899443358326
16.285470962524414	3.719897508621216	0.1221438601446757
42.79039764404297	22.326309204101562	0.2963339539354057
-49.652339935302734	17.90938377380371	0.5788253593451045
-34.011478424072266	-24.7623233795166	0.4919103822031271
-11.58530044555664	-17.567581176757812	0.3127093558711488
-44.23712158203125	1.6274973154067993	0.9188487013146492
-28.959218978881836	-22.924936294555664	0.4197277618033297
37.81829833984375	15.667677879333496	0.6561080753669362
24.19236946105957	-13.858500480651855	0.6319800212233259
37.0426025390625	-10.323151588439941	0.8478923339619125
31.522350311279297	-32.988365173339844	0.8414607378737589
31.952451705932617	-18.096630096435547	0.6276975499081353
28.5534610748291	-40.119102478027344	0.4584666955223615
-56.27689743041992	26.161500930786133	0.040047727369725
-1.8227649927139282	-45.70315933227539	0.963251481087378