x	y	effect_size
-12.326278686523438	-43.801849365234375	0.4236540215596061
-11.462517738342285	-48.28712844848633	0.6111203625479122
-12.762618064880371	-46.31828689575195	0.807144083971549
-13.86784553527832	-44.122737884521484	0.6378966854644584
-11.12044620513916	-45.765724182128906	0.6491244117430455
-33.094547271728516	6.850732326507568	0.1897083449660748
-51.920902252197266	32.05548858642578	-0.5117334101543216
-53.619590759277344	27.691438674926758	0.6705766680376991
-38.077457427978516	11.217391967773438	0.6180239634345737
-33.41291427612305	8.80170726776123	0.4129855784679943
-36.96189880371094	15.273560523986816	0.7861410880823043
-36.84910202026367	16.070112228393555	0.8153863786365432
-37.73126220703125	12.958395004272461	0.5789715923463524
-34.853607177734375	3.829166889190674	0.437223855094567
-34.808650970458984	19.4488468170166	0.322854801660165
-34.530357360839844	3.2723875045776367	0.1916039992440049
-34.89768600463867	18.87702751159668	0.6674677415530023
-51.06269073486328	29.434343338012695	0.4023717769174976
-65.17534637451172	28.382349014282227	1.0743706155215904
-62.41959762573242	25.633975982666016	0.4935464528705393
-61.95036315917969	29.869543075561523	1.037553227771209
-64.45423126220703	27.12938117980957	0.9678806507140498
-63.66868591308594	29.262428283691406	1.1149208647616238
-64.0730209350586	30.505146026611328	1.1657957786455009
-61.260379791259766	31.03699493408203	0.9201249219629152
-13.222043991088867	-47.54777526855469	0.3037669707488835
-64.09781646728516	23.906352996826172	0.6571990369818396
-62.369224548339844	31.25775718688965	0.7979956281198316
-62.29075622558594	27.461599349975586	0.7646963538171108
-60.56411361694336	26.73094367980957	0.3077062019569405
-68.55062103271484	25.58609390258789	-0.7778049815836152
-66.58585357666016	31.819368362426758	1.0753750913395417
-64.54141998291016	31.612337112426758	0.997218715311954
-64.23515319824219	25.470306396484375	1.0098510355657762
-66.95802307128906	24.404443740844727	-0.2915779984037172
-65.9622573852539	29.81984519958496	1.1212192246638537
-65.62097930908203	26.244823455810547	0.6772551322864565
-55.42496109008789	28.166160583496094	0.5976554564263776
-66.95027923583984	30.408275604248047	1.0905229354987604
-69.15357208251953	28.821367263793945	-0.3200286327048544
-69.1080322265625	26.686721801757812	-0.373852185255454
-67.61480712890625	27.915021896362305	-0.4045285366187259
-69.47354125976562	29.90796661376953	-0.3767957966829656
-67.38521575927734	26.15345573425293	-0.3637168764617139
-69.92291259765625	24.441253662109375	-0.9873933067813032
-71.48110961914062	28.584699630737305	-0.7057207051668951
9.313958168029785	-37.38932418823242	0.6952091738547823
-37.74164962768555	-11.239738464355469	0.729343020910907
13.598929405212402	-24.881975173950195	0.5691752201023945
24.379865646362305	-36.08327865600586	0.6234092480261118
7.55679178237915	-34.022552490234375	0.2019004319323905
-16.588031768798828	20.688865661621094	0.6669748793119196
36.83201599121094	-23.931846618652344	0.7616089768901598
15.901884078979492	-31.18058967590332	0.6904121016444058
-7.886317253112793	-47.067142486572266	0.6530919169613896
-21.686243057250977	-19.806066513061523	0.6285117452518487
-29.83025360107422	5.920061111450195	0.7523299249816652
-35.56896209716797	-19.92150115966797	1.0505581027668576
39.99520492553711	-17.138227462768555	0.3516145742327553
30.565757751464844	-8.661178588867188	0.4856005537714819
-12.96660041809082	-13.915318489074707	0.5907970935090502
26.730878829956055	-23.511905670166016	0.5231916499602473
17.49831771850586	-26.341461181640625	0.1876102756304707
-59.258480072021484	-2.292839288711548	0.8028594481967943
25.88895606994629	-36.392295837402344	0.4469258970923469
20.941028594970703	0.6848578453063965	0.6882243882093991
13.094478607177734	-35.8883171081543	0.6484097612057009
14.333788871765137	10.391473770141602	0.5428035888548677
-21.561174392700195	-19.558971405029297	0.6285117452518487
24.30708122253418	-40.90571975708008	0.3856891519579099
16.74068832397461	14.098118782043457	0.3798192407637674
-39.39750289916992	-14.17553997039795	0.8157674476600502
37.86915969848633	12.59269905090332	0.5239698696674641
-5.638515472412109	-36.079498291015625	0.7029326079657626
-46.98462677001953	-2.8695032596588135	0.6536608492126272
-4.2200188636779785	-35.51716232299805	0.7088151015149023
-30.166303634643555	-36.53755187988281	0.2849557046175514
11.821293830871582	-37.62576675415039	0.934495425885845
16.572622299194336	-9.954424858093262	0.8487493354578912
-50.04161834716797	-6.662391662597656	0.7333711189859831
9.596345901489258	-21.285282135009766	0.3194209907004507
24.120691299438477	-45.667667388916016	0.1129452537023796
52.066959381103516	-15.980451583862305	0.7451159634544804
52.332923889160156	20.800048828125	0.4545784516907177
-44.354896545410156	6.209096431732178	0.5524565408533467
-20.113454818725586	-13.240714073181152	0.6814367863900707
-9.91817855834961	-28.441869735717773	0.987617344074552
31.630598068237305	-8.101880073547363	0.2495687279841454
23.662813186645508	10.067554473876953	0.604180690793529
16.351526260375977	-37.17720031738281	0.544065239838319
29.03803253173828	-14.92710018157959	0.5665112132757001
45.99609375	-29.839859008789062	0.8710229766073492
16.04505157470703	30.796377182006836	0.8802108535771654
22.818164825439453	-1.8956772089004517	0.6562251727185515
-18.321535110473633	6.173530578613281	0.5706737203707408
-24.013469696044922	14.341347694396973	0.660709472263085
-2.051548719406128	-52.32529830932617	0.7251628790208753
8.15237045288086	-40.62102508544922	0.5060375437358833
36.376686096191406	-28.383405685424805	0.8244349300330042
18.299713134765625	-6.676422595977783	0.8354290257518444
20.672901153564453	-38.604148864746094	0.761949816050413
-3.437396764755249	-17.080846786499023	0.0785576889184671
7.166070938110352	-38.35098648071289	0.515315600590973
-1.1604238748550415	-38.981754302978516	0.8049362919264005
-59.258480072021484	-2.292839288711548	0.8028594481967943
-12.65672492980957	-42.52353286743164	0.7960170673320129
-15.283687591552734	2.364870548248291	0.30183270177712
13.754389762878418	-44.29555130004883	0.2959151419626042
-33.3325080871582	24.983091354370117	0.7287126883321497
-16.585168838500977	-19.744022369384766	0.9083713129383358
32.75409698486328	-14.703015327453613	0.3243298790115477
40.573509216308594	-18.543554306030273	0.5528540757841469
39.29128646850586	-26.42951202392578	0.8947036640947906
-46.826595306396484	-26.273164749145508	0.4649931281318141
7.125094413757324	-36.364990234375	0.6302253275351788
5.2518086433410645	17.97403907775879	0.8070152975351501
-16.212635040283203	-28.050792694091797	0.7788458769818114
-11.458561897277832	-26.749114990234375	0.5794841436291972
0.738568902015686	-39.583740234375	0.6253173068142603
-24.129474639892578	14.590890884399414	0.660709472263085
6.261245250701904	-49.34172439575195	0.383638806792102
4.672788143157959	24.614057540893555	0.670879835789001
27.597082138061523	-2.2579352855682373	0.7524714303644604
4.450669288635254	-36.7927360534668	0.4146746535528283
-8.145326614379883	39.209110260009766	0.7348049552637802
14.026668548583984	-39.268436431884766	0.7422466268734486
12.204290390014648	-16.944387435913086	0.035356291003993
-53.422874450683594	-19.29878807067871	0.5076307860293173
21.532676696777344	-0.7790546417236328	0.6357834977326573
-5.553899765014648	21.85602378845215	0.5098124506594559
32.984710693359375	-29.515697479248047	0.0667737144409697
15.501077651977539	24.751920700073242	0.5714078669144176
-12.793885231018066	-7.20115327835083	0.8233329357789386
2.5106396675109863	-32.38827133178711	0.452694649152413
-5.191977500915527	30.403596878051758	0.8608018223204424
27.547889709472656	-14.404234886169434	0.0466630170786566
28.11435317993164	-43.268707275390625	0.2799417341926042
9.553512573242188	-41.78532028198242	0.5615190847723123
-46.260772705078125	-1.9231334924697876	0.7080233254373283
14.306517601013184	-40.00000762939453	0.0806388746724357
-53.88998794555664	-19.98963737487793	0.6479431442220573
-25.214550018310547	-22.355690002441406	0.4702346719655646
12.967230796813965	-59.55555725097656	0.608591662651444
8.343408584594727	15.11499309539795	0.6934180234718628
25.27530288696289	-32.52643966674805	0.7423216254882501
4.952851295471191	-44.773109436035156	0.3018460150867955
-11.338909149169922	-21.73883819580078	0.4645844001982816
27.285282135009766	36.56108856201172	0.6294247724447303
31.037485122680664	-47.62479019165039	-0.2679364688512936
5.579224109649658	-13.149524688720703	0.5397322470615159
-8.096797943115234	-47.9200553894043	0.659111640833767
-13.290716171264648	-25.963958740234375	0.5635724075605796
-0.69465571641922	15.271862030029297	0.7687960471642721
-0.7366989254951477	-1.2133346796035767	0.7817101496720903
-40.51162338256836	-15.919455528259277	0.6664928018795647
19.710880279541016	-22.295259475708008	0.5722070638922697
42.51163101196289	-23.302993774414062	0.4973793645686246
-13.86784553527832	-44.122737884521484	0.6378966854644584
9.308095932006836	31.89763832092285	0.9500011131224904
22.868064880371094	-7.069474220275879	0.4883034012714694
-30.415416717529297	17.646642684936523	1.0619682762036076
33.25649642944336	-13.76161003112793	0.5041729161519412
4.339297294616699	23.63495635986328	0.2909980771317376
-3.661707878112793	21.541213989257812	0.4936474863994328
-37.33881759643555	-10.944488525390625	0.729343020910907
22.866559982299805	24.642139434814453	1.048661089164849
25.397687911987305	-34.88648986816406	0.9285056595750566
7.690098285675049	-56.572540283203125	0.5919102691775863
-48.237037658691406	-0.14682288467884064	0.7012327121053451
-20.17411231994629	-21.374956130981445	0.5506399504361672
36.05534362792969	-18.56102752685547	0.7287657700718475
32.02195358276367	30.102046966552734	0.2521504945081058
32.91047286987305	5.084319591522217	0.7865062472628146
-23.948362350463867	49.529640197753906	0.6518579681112902
-4.092187404632568	9.342793464660645	0.2445790179558071
-5.428976058959961	-25.899442672729492	0.6774449031403241
-19.301177978515625	-25.393726348876953	0.421508011844648
-5.120382785797119	47.901634216308594	0.742006058806558
-9.921600341796875	25.069318771362305	0.424139368220305
-1.536829948425293	-22.7220516204834	0.5808573881788405
-16.26365089416504	46.7741813659668	0.8484707824842861
49.842288970947266	-8.312361717224121	0.5757467440064055
17.41588592529297	-46.38957977294922	0.4659210426389841
-15.987648963928223	-19.21512794494629	0.6182949360521942
36.83136749267578	-8.284184455871582	0.8404872014624435
17.75465202331543	-6.95792293548584	0.7635202343830081
-26.240135192871094	-27.9914608001709	0.8328996074299932
-41.8387336730957	-0.7976493239402771	0.8725546332590274
39.945133209228516	-18.78748893737793	0.7694604152385935
-28.533449172973633	30.406818389892578	0.976762592425636
37.727237701416016	0.6399021148681641	0.7351935665406374
-20.543432235717773	-13.798415184020996	0.5856935112950555
-27.98663902282715	21.99856948852539	0.9589199471125054
-17.804874420166016	16.68811798095703	0.6249295616298265
4.209541320800781	14.096096992492676	0.6267599898519346
14.309122085571289	31.388582229614258	0.713823401063421
-4.226670265197754	42.140159606933594	0.7262819854092132
-8.268763542175293	-49.361602783203125	0.7112381196748071
1.7448666095733643	-42.51531219482422	0.2277760015202546
13.184765815734863	35.184532165527344	0.7799796647100349
-36.78285598754883	-18.925535202026367	1.1303811256644118
10.001468658447266	-16.173044204711914	-0.0393396224868609
-1.5060274600982666	19.468082427978516	0.756116089837206
-33.218082427978516	12.761606216430664	0.6155436676210874
10.787728309631348	-46.692237854003906	0.5094566925357297
-24.759414672851562	29.95001792907715	0.5618055426511425
8.636248588562012	-54.97946548461914	0.9013106949869558
17.772537231445312	-37.40496826171875	0.6542266339207007
24.096424102783203	-8.014026641845703	0.6427057265043605
-62.41959762573242	25.633975982666016	0.4935464528705393
-48.586055755615234	-2.6505045890808105	0.6979272775751426
0.9859901070594788	-1.6012241840362549	1.0096776424408105
7.831314563751221	3.571620464324951	0.3058112991678921
-20.565492630004883	39.38002014160156	0.5248137232519221
-31.466869354248047	29.793031692504883	0.5671574537674543
10.639335632324219	45.00192642211914	0.175747540642192
29.270566940307617	-8.589561462402344	0.5201855552641833
36.46733856201172	-25.780641555786133	0.914059517070306
-56.046043395996094	-1.8450708389282227	0.3307034126009192
31.99992561340332	-47.4003791809082	0.1740217777709691
-39.72237014770508	21.680837631225586	0.8919225830577192
-21.23809051513672	26.333696365356445	0.8800560039949722
25.369386672973633	-17.938337326049805	0.365102094713816
13.113327980041504	18.467817306518555	0.655328771803752
16.169536590576172	21.673295974731445	0.6962396061834089
-57.74413299560547	-3.4247913360595703	0.5894435402351166
15.356325149536133	-2.0254485607147217	0.6162974054362635
-28.268083572387695	-9.684118270874023	0.591324031660056
-7.230070114135742	-36.897701263427734	0.5344108943729793
-43.96413040161133	4.303695201873779	0.3975541122875212
-20.631072998046875	-33.71953201293945	0.414722782992543
-3.437396764755249	-17.080846786499023	0.0785576889184671
-30.2520694732666	4.24271821975708	0.3170979917890161
-57.77685546875	-1.7412782907485962	0.6422922698363761
34.58871841430664	-20.0103702545166	0.668231628589297
-6.550355434417725	26.6047420501709	0.6413024788850689
12.125575065612793	-32.69283676147461	0.4842279687781659
16.836854934692383	25.746593475341797	0.6779899080188453
-9.969561576843262	-31.312440872192383	0.627664357730027
-14.761137008666992	-2.984166145324707	0.5130526258773626
-8.416682243347168	10.378003120422363	0.3013796892856012
53.018775939941406	-23.461883544921875	0.4000435883257534
14.547995567321777	-13.85512638092041	0.3570767558884709
17.27737045288086	13.267786026000977	0.5274801641252321
-13.803117752075195	-25.5722713470459	0.4609614445735662
3.764172077178955	7.24365758895874	0.8376319969529498
-25.571256637573242	22.26528549194336	0.7572675541617095
19.15415382385254	-4.861354351043701	0.5807821577975018
30.254146575927734	-9.650300025939941	0.5740693033009243
37.81035614013672	13.565123558044434	0.7510492856965043
-44.11806106567383	8.219419479370117	0.583182932026312
42.08043670654297	-5.666708946228027	0.8439966197142802
-57.13740539550781	24.195972442626953	0.6875648939419984
-0.21603722870349884	-11.471220970153809	0.9723308625153056
-24.56867218017578	42.471405029296875	0.5177391908781158
23.88815689086914	-46.83012008666992	0.2862699383257679
7.902169227600098	-34.47412109375	0.2534466210811881
5.617796897888184	34.32597351074219	0.8889725014528617
-27.410358428955078	-4.720252990722656	0.9477220241120996
-49.57773971557617	19.848859786987305	0.6621707695454765
3.177938222885132	30.245195388793945	0.5951401970236542
-56.21272659301758	0.11666633188724518	0.7670938935034699
27.773569107055664	-28.41002082824707	0.4237983613738495
-8.649641990661621	15.173691749572754	0.1840186425354701
19.585660934448242	-38.59968566894531	0.2370049253739801
41.881900787353516	-6.323080539703369	0.6765507007167039
49.49790573120117	0.3891506791114807	0.7049312084718484
-45.30369567871094	-0.9120800495147705	0.6847742056605358
10.7822847366333	-54.628536224365234	0.4227310477976422
-0.7192476987838745	10.051287651062012	0.2218659820563723
-55.717864990234375	-3.9457950592041016	0.3149908338193776
3.1720404624938965	-19.506793975830078	0.0703547466514039
34.2981071472168	9.995756149291992	0.9262583488233108
-15.48731803894043	-30.310300827026367	0.5583229092285374
-33.60515594482422	24.87268829345703	0.7287126883321497
33.6835823059082	-40.79438018798828	0.6018003544649968
-21.180387496948242	26.61486053466797	0.8800560039949722
9.295205116271973	-37.7076301574707	0.6952091738547823
20.986923217773438	-20.787025451660156	0.6443633630157625
8.318249702453613	-5.0919365882873535	0.6763090191985659
5.583961009979248	-23.87026023864746	0.44369876159258
-21.482126235961914	1.794817328453064	0.7631777325043364
-4.468754768371582	40.19249725341797	0.988151546396118
-35.11046600341797	8.625896453857422	0.7832677345841669
12.229989051818848	-27.83058738708496	0.4957243755442656
36.801734924316406	-29.180391311645508	0.7617494350759998
-13.432046890258789	11.817985534667969	0.4269047982825412
-22.600341796875	30.248201370239258	0.5768969587673539
-30.434280395507812	42.56798553466797	0.7168894569269835
11.368545532226562	15.75175952911377	0.6456888801272149
15.852005004882812	-9.918951034545898	0.8202015744337222
15.793456077575684	36.363101959228516	0.2346726837130081
-58.02473831176758	16.14310073852539	0.5934345881082127
28.1667537689209	2.223088264465332	0.553158197452453
-20.110811233520508	-26.648693084716797	0.4878663259834144
-54.91261672973633	-0.819317102432251	0.6249614481626992
16.9947566986084	-39.34149932861328	0.5935485924896735
16.941877365112305	-43.60539245605469	0.7668050025380698
33.17837142944336	-30.60287094116211	0.2669318295630622
3.6369540691375732	-10.052330017089844	0.3771736428832011
7.405797004699707	-45.50828170776367	0.5365245267910154
3.760037660598755	-37.023536682128906	0.1807832967689017
42.618045806884766	-0.18225014209747314	0.3093220356688329
28.22037124633789	-49.330875396728516	0.1270369044130428
0.3209248483181	-31.614124298095703	0.9425986789782902
-58.81906509399414	-6.419859886169434	0.390153384438116
-3.823983907699585	-42.05202102661133	0.2120975610812992
18.98006248474121	-50.861698150634766	0.4645191002724039
6.99040412902832	10.632475852966309	0.4589859465178713
30.224584579467773	29.88986587524414	0.5588633082173061
10.186177253723145	-10.298470497131348	0.6898794076540653
53.20329284667969	5.003000736236572	0.4770619855522023
-22.05153465270996	29.316652297973633	0.5499163819932176
16.32304573059082	5.119174480438232	0.9414714292087054
-59.9942741394043	-4.819676399230957	0.8122186813154866
-28.801298141479492	14.193082809448242	1.0375997462369086
24.847991943359375	9.09091567993164	0.7105547526265555
31.22709846496582	-26.767333984375	0.5233684683461356
-57.484107971191406	-5.7228288650512695	0.5718900709407532
22.719486236572266	-54.79374313354492	0.1680903166087914
-3.003247022628784	-34.774105072021484	0.5210641344889679
-52.230926513671875	31.957433700561523	-0.5117334101543216
15.702112197875977	-45.31708908081055	0.4888318640255552
-14.475101470947266	-14.474336624145508	0.9539236347997666
-1.7436102628707886	34.57484436035156	0.9251709854427338
-24.802419662475586	30.241567611694336	0.5618055426511425
47.14289093017578	17.785512924194336	0.7891256717001275
47.76404571533203	-5.190297603607178	0.3491395874988777
-57.13625717163086	0.8470838069915771	0.7732935512797993
50.4383659362793	20.371732711791992	0.3766859781545669
48.86026382446289	24.219066619873047	0.4534412897322992
33.50043869018555	-41.02859878540039	0.6018003544649968
1.844218373298645	30.73141098022461	0.4027384425701525
-56.45780944824219	-5.029430389404297	0.1878406769130974
35.46185302734375	-14.409428596496582	0.6528496468613877
-44.66566467285156	6.291912078857422	0.5524565408533467
-16.613346099853516	31.91952133178711	1.0668124280615618
11.944257736206055	18.148740768432617	0.5942683839610177
45.61153793334961	-28.581859588623047	0.6198395969858737
22.611919403076172	16.437297821044922	1.0100238960628891
24.616830825805664	8.816611289978027	0.7105547526265555
6.485337734222412	-20.362600326538086	0.4806268478860825
3.8273396492004395	14.437002182006836	0.4764203594973553
-27.096506118774414	9.621020317077637	0.9827863803249828
-7.3918538093566895	38.039215087890625	0.9963627766531752
-38.05659103393555	-31.10912322998047	0.297527725277725
1.629955768585205	-56.583892822265625	0.809215903490756
24.44188117980957	-9.709808349609375	0.8702397513138272
-28.533449172973633	30.406818389892578	0.976762592425636
-53.78690719604492	15.676003456115723	0.6529451205887674
42.32270431518555	-15.381863594055176	0.3394028222980059
4.594097137451172	12.384062767028809	0.2220161248950318
-46.826595306396484	-26.273164749145508	0.4649931281318141
13.083296775817871	35.470458984375	0.7799796647100349
28.342689514160156	24.462509155273438	0.8010431084962228
-21.341989517211914	24.51565170288086	1.056243685540888
20.346315383911133	-10.935688018798828	0.5080983911499275
-9.597203254699707	-0.5134138464927673	0.8225633276842639
33.93866729736328	-30.388813018798828	0.2091913099210143
-13.608804702758789	10.072510719299316	0.454534201943145
-18.22100830078125	14.995240211486816	0.4467045456417003
-0.9392493367195129	10.232891082763672	0.2218659820563723
57.69341278076172	-8.997184753417969	0.7426670216582284
-18.921175003051758	11.576301574707031	0.6708548907514212
-44.877864837646484	-2.785290002822876	0.7516266243248998
-53.880332946777344	14.891623497009277	0.5795165462537119
11.128806114196777	-0.8643277883529663	0.258117999776392
-26.82674217224121	-10.580050468444824	0.4708364736831049
9.444721221923828	19.423250198364258	0.7438643406017424
-0.6041537523269653	-24.899457931518555	0.5909702799801726
18.630857467651367	-53.715999603271484	0.247179886126499
-8.83624267578125	33.49903869628906	0.9154824771137404
-52.119998931884766	-6.034489154815674	0.6893081683111784
-2.473640203475952	-42.01799011230469	0.6020228130744412
37.818965911865234	-44.55710983276367	0.6865489554062987
-13.209773063659668	-36.04527282714844	0.5944950084136947
32.87390899658203	5.359165668487549	0.7865062472628146
8.530817985534668	-32.671051025390625	-0.0440284621363175
-41.794189453125	-15.358460426330566	0.5134392752405926
-28.353849411010742	17.745210647583008	0.6844698171675357
51.55088806152344	-24.001802444458008	0.8857764919888143
27.648365020751953	36.33194351196289	0.6294247724447303
-26.933284759521484	-20.705543518066406	0.4887994943701112
28.333791732788086	18.884931564331055	0.744868606568587
-4.43226957321167	-41.39324188232422	0.0989585155192054
-39.4067268371582	-8.876774787902832	0.3226394099008678
37.134727478027344	17.89960289001465	0.6205980619533098
-19.700477600097656	26.164012908935547	1.0033545298348872
17.399572372436523	3.3771440982818604	0.3309993187834212
27.961933135986328	-2.1020545959472656	0.7524714303644604
20.577415466308594	-16.812501907348633	0.7677494080184254
45.19367599487305	5.420921802520752	0.6599229374721007
21.826610565185547	-14.754895210266113	0.8649637373648891
-35.331275939941406	6.8072686195373535	0.6383940612924207
44.5727424621582	-24.902902603149414	0.381385370450788
17.337284088134766	-35.83133316040039	0.3407827290711935
-2.261683940887451	-40.43238830566406	0.7958818427025129
28.1667537689209	2.223088264465332	0.553158197452453
1.6589614152908325	7.812135696411133	0.2099450575931646
-2.051548719406128	-52.32529830932617	0.7251628790208753
-13.95823860168457	37.64143371582031	0.8730909133006223
21.719051361083984	-28.237812042236328	0.0923381302109102
-14.873381614685059	34.61750030517578	1.1742582997777906
-30.434280395507812	42.56798553466797	0.7168894569269835
-2.305114507675171	-43.34873580932617	0.6906282996309294
24.69219398498535	-23.93408203125	0.4921578147655807
0.7222875356674194	-47.148887634277344	0.56490496986335
6.467872619628906	-26.10545539855957	0.4138800397293142
20.805429458618164	6.77401876449585	0.5781227337816692
4.5486555099487305	-54.59770965576172	0.7049837952538986
-35.56896209716797	-19.92150115966797	1.0505581027668576
1.657984733581543	10.079273223876953	0.3610432376426469
-9.819459915161133	-28.69934844970703	0.987617344074552
2.9200832843780518	-47.762996673583984	0.6982674304194105
30.408958435058594	12.240259170532227	0.772015439618144
37.15902328491211	15.042566299438477	0.9969685896308615
11.951398849487305	-5.672512054443359	0.4459271680773867
-29.630266189575195	-1.4393224716186523	0.3826315877456663
17.27589988708496	-26.53339195251465	0.1876102756304707
13.149195671081543	21.641117095947266	0.6038999872615807
-18.611722946166992	-20.477201461791992	0.5130853076452107
38.38089370727539	23.935548782348633	1.2134780871080315
41.145931243896484	-15.6373929977417	0.802513747537912
53.24760818481445	5.7125749588012695	0.5563422876943538
7.018679618835449	-27.6376953125	0.0755863933409128
-0.7956055998802185	2.8317525386810303	1.0685278514914156
-8.955354690551758	48.00310134887695	0.8696008939922807
-13.519972801208496	33.343135833740234	1.282065118943782
-2.186636209487915	-33.55998611450195	0.94959910421704
-14.276439666748047	-35.410682678222656	0.5367862418301176
25.21923065185547	30.975358963012695	0.6942793880747827
-50.7186393737793	-2.7286558151245117	0.7058354663928776
52.332923889160156	20.800048828125	0.4545784516907177
13.113727569580078	-43.0898323059082	0.2929929223994046
17.775354385375977	8.807466506958008	0.584349979925762
15.849740982055664	35.612850189208984	0.1442894520728837
9.012219429016113	27.70709228515625	0.3515306636573025
30.448444366455078	-5.555859088897705	0.3563336407659402
9.751605033874512	-10.679571151733398	0.5465584491003013
4.948895454406738	-58.12150192260742	0.800538445855316
-4.651220321655273	13.036422729492188	0.3464381460630626
-52.43196105957031	15.3717622756958	0.8243367738468702
44.74006271362305	-29.597110748291016	0.8939080581089129
-0.775841474533081	25.390541076660156	0.4784343958558738
-15.382267951965332	10.954375267028809	0.4965419214894767
-35.74159622192383	-9.64986515045166	0.6055742604655219
20.523359298706055	28.825231552124023	0.3662471167641989
-16.588031768798828	20.688865661621094	0.6669748793119196
6.697530746459961	-25.19650650024414	0.4911093257791746
49.683616638183594	23.757585525512695	0.5032029395683267
32.30944061279297	-13.258816719055176	0.5165407665386132
12.948455810546875	-31.885465621948242	0.5228710242938144
-23.60079574584961	17.58247947692871	0.9316306132497468
5.598824977874756	27.406288146972656	0.952150769234442
34.47257614135742	5.653757572174072	0.6210506674028372
-4.413333892822266	32.00769805908203	0.7913481065011961
-58.632591247558594	21.10971450805664	0.4699376501441402
14.92894172668457	-46.210853576660156	0.1037448330702612
8.10733413696289	39.40153884887695	0.6642669121004829
-0.7080368399620056	8.74867057800293	0.4136864099988582
22.86439323425293	-29.834854125976562	0.4782875975100699
15.517486572265625	-34.29837417602539	0.5515164303629724
28.676319122314453	-43.07744216918945	0.3152757271219242
26.891878128051758	9.890936851501465	0.7609719731941599
-15.131210327148438	-18.302379608154297	0.7170666233160635
-6.054452419281006	43.59663009643555	0.6390873499160726
-32.64560317993164	-33.13658905029297	0.5158609509201693
17.669862747192383	14.364300727844238	0.4161353690624091
-53.619590759277344	27.691438674926758	0.6705766680376991
-28.845582962036133	35.93721389770508	0.8796824421188973
-11.205886840820312	-22.066974639892578	0.4645844001982816
52.40591049194336	-17.864316940307617	-0.3154948691542448
-26.227453231811523	25.9382266998291	0.3536088501177039
0.9859901070594788	-1.6012241840362549	1.0096776424408105
-1.8497397899627686	38.9945068359375	0.8217406689922807
34.53546142578125	-32.048309326171875	0.5508537659288641
19.477508544921875	-35.76298141479492	0.5714758496622452
-11.178906440734863	12.489826202392578	0.2431390514903988
24.063037872314453	5.3380255699157715	0.499096242144018
-12.793885231018066	-7.20115327835083	0.8233329357789386
7.721774101257324	-5.15164852142334	0.7247166830787856
54.73472595214844	20.767763137817383	0.4304579141900645
36.48371124267578	-23.964569091796875	0.7616089768901598
-47.71406936645508	-1.3428317308425903	0.6974654833247845
-11.188547134399414	-47.89339065551758	0.6111203625479122
-8.997533798217773	48.83872985839844	0.6887815565428628
-0.7393343448638916	-1.842861533164978	0.7817101496720903
-13.547130584716797	-21.081090927124023	0.4836976332683663
-9.39258098602295	34.816654205322266	1.173092226838009
46.61803436279297	-27.878828048706055	-0.1233802042426115
-21.482126235961914	1.794817328453064	0.7631777325043364
30.674848556518555	21.663516998291016	0.6806368050861049
8.121048927307129	9.05837631225586	0.5906950644159928
19.715038299560547	29.964078903198242	0.3916641682353982
11.996827125549316	-56.296295166015625	0.3018360104392286
-28.432968139648438	24.774320602416992	0.9735217920614754
0.2856859266757965	-22.655994415283203	0.0642804985636804
-34.90718078613281	12.539813041687012	0.1684429779562229
-30.226186752319336	-7.423666477203369	0.7500634978236842
-16.417036056518555	27.209470748901367	0.9810242844194944
11.309260368347168	-5.4810590744018555	0.6556502616610969
-15.382375717163086	39.763160705566406	0.3196396757918306
-7.574156284332275	25.427291870117188	0.1893209524089444
26.530559539794922	14.42949104309082	0.4800970137775692
58.63349914550781	6.1614298820495605	0.5678648230603746
20.703466415405273	-42.903995513916016	0.1417006061790121
-11.979812622070312	22.379276275634766	0.267090752342385
28.342689514160156	24.462509155273438	0.8010431084962228
22.866559982299805	24.642139434814453	1.048661089164849
-18.321535110473633	6.173530578613281	0.5706737203707408
-9.247303009033203	-20.02318572998047	0.4045357205229948
-26.63752555847168	40.84156036376953	0.7128327940944
-5.311309337615967	-25.6735897064209	0.6774449031403241
-29.10536766052246	13.97057056427002	0.7211483567530907
5.302931308746338	-5.239683628082275	0.2415677131819521
24.30708122253418	-40.90571975708008	0.3856891519579099
28.00055694580078	-23.877235412597656	0.5181297197175305
31.1423397064209	-30.939645767211914	0.2709203830996835
30.045400619506836	7.801630020141602	0.8623337549817147
-16.770761489868164	8.259485244750977	0.0935768428306229
-11.161087036132812	34.0289192199707	1.0672985816288636
-20.64900779724121	34.8768196105957	0.5728972221202547
-4.462881088256836	42.25258255004883	0.7262819854092132
-32.64469528198242	13.07259750366211	0.7646902667771424
-16.78230094909668	32.223445892333984	1.0668124280615618
25.149187088012695	-6.614795207977295	0.4359665274911748
15.104635238647461	-29.460803985595703	0.2490315339700201
-60.591461181640625	29.61615753173828	0.8615657309221763
26.013185501098633	7.747951030731201	0.74162356952675
-49.57809066772461	5.136922836303711	0.708413927365017
25.454116821289062	-18.517372131347656	0.5228419317617722
4.3939127922058105	-19.039419174194336	0.2464386044751133
0.1508331596851349	41.3690071105957	0.7936999897947563
-22.299175262451172	-7.695901870727539	0.6052822401318058
6.048428535461426	-5.196954727172852	0.5295583944289289
16.094968795776367	-30.941774368286133	0.6904121016444058
-3.474299192428589	2.238473892211914	1.0090937624634868
41.38599395751953	-1.959797739982605	0.8292369997192932
19.565410614013672	19.620134353637695	0.6038693865388405
4.354071140289307	1.7864739894866943	0.9281159155382364
-25.019590377807617	48.23930740356445	0.6178316370061758
46.729923248291016	-14.068742752075195	0.3625389849648726
-43.153289794921875	-4.4088239669799805	-0.0971507291191244
24.617944717407227	3.6079206466674805	0.273775629973895
-30.70490074157715	10.488901138305664	0.7932335995562342
-15.504353523254395	27.35228729248047	0.9860007538461592
-1.3943049907684326	17.544715881347656	0.7523651974485625
6.223463535308838	-30.894798278808594	0.4964431976979442
-16.26365089416504	46.7741813659668	0.8484707824842861
-4.560094833374023	15.064461708068848	0.4369087971742629
-19.320890426635742	18.003292083740234	0.6123883519581055
13.434494972229004	-35.789459228515625	0.6484097612057009
-42.5566520690918	-14.335820198059082	0.6120727680402441
-1.5583479404449463	17.417207717895508	0.7523651974485625
-12.96660041809082	-13.915318489074707	0.5907970935090502
20.178659439086914	-21.176511764526367	0.5763086300737024
0.5401431918144226	-31.171037673950195	0.7122725035494927
-24.989871978759766	35.87579345703125	0.2386476933963111
30.22517204284668	9.426105499267578	0.737083696698306
-3.7606863975524902	-30.351661682128906	0.6558043050810012
-26.42768096923828	-0.8747313618659973	0.7067697177704586
7.946177005767822	31.978618621826172	1.034377178623901
-15.297920227050781	22.352916717529297	0.5439158523386625
22.580501556396484	35.09111404418945	0.8309883426564113
4.961175918579102	-56.67143249511719	0.6548785424804624
46.48622131347656	18.367929458618164	0.5191805279079421
-13.156877517700195	17.906620025634766	0.3962419594710941
42.03932189941406	-9.765524864196777	0.6032579395189921
16.195476531982422	-11.763023376464844	0.6991538970717747
-49.10896682739258	22.140195846557617	-0.0586463453950026
38.33108901977539	-25.74012565612793	0.7818144288115649
19.543071746826172	34.57315444946289	0.588977352057814
3.320350408554077	3.244234800338745	0.6347021178505073
-10.519684791564941	29.389108657836914	0.7352693957840533
10.668224334716797	-40.35219192504883	0.7455346752925951
-32.38995361328125	5.960535526275635	0.5160369134723628
5.308887004852295	-19.583683013916016	0.3259589009555195
50.320064544677734	-7.61639404296875	0.8322061929143793
42.916404724121094	0.28991416096687317	0.4416865834194576
52.458961486816406	3.102111577987671	0.3780145778039818
-15.269527435302734	-0.8374956846237183	0.3467028404701473
10.198643684387207	18.623281478881836	0.7006979108412459
-59.2297477722168	17.205617904663086	0.6989714014386029
24.01262092590332	-18.083208084106445	0.3836130601927125
47.248069763183594	-14.42170524597168	0.5899654813757199
-21.809032440185547	-7.879210948944092	0.9158062342110388
28.870176315307617	-49.3377799987793	-0.0591005434878476
-9.748048782348633	-0.17102034389972687	0.7169758215810194
-15.048267364501953	17.147994995117188	-0.005440592841495
16.82986068725586	-12.954237937927246	0.3414334054077156
33.5854606628418	-23.851131439208984	0.2609812518620899
-3.654592275619507	-32.59695053100586	0.7845370932373031
20.805429458618164	6.77401876449585	0.5781227337816692
-9.83469009399414	32.81907653808594	1.0885296107491755
10.651280403137207	-44.78608703613281	0.3212359172838324
21.627216339111328	-33.6635627746582	0.8181840230892169
36.85295867919922	1.033738374710083	0.7276206573279901
10.768637657165527	24.05925178527832	0.582952275576464
21.826610565185547	-14.754895210266113	0.8649637373648891
0.33151310682296753	11.537348747253418	0.1731705196561722
-62.30042266845703	2.792912244796753	1.2073104886794406
-41.604408264160156	28.670272827148438	1.2256166148321286
29.970474243164062	23.49141502380371	0.6059982881287819
38.74626159667969	-11.61609172821045	0.9247904020518553
-5.054100513458252	5.185826778411865	1.049008653895017
-2.837247133255005	43.355403900146484	0.4920136110769737
3.795942544937134	36.30193328857422	0.7768328574512299
45.93089294433594	-30.641847610473633	0.8089296480843228
42.286678314208984	10.097744941711426	0.3654097597200784
-26.413930892944336	40.64157485961914	0.7128327940944
8.302877426147461	14.027155876159668	0.9612503822765892
14.448176383972168	-37.415767669677734	0.6827351406360459
-51.753299713134766	5.370639801025391	0.5905698013702377
3.6247975826263428	37.88941955566406	0.8278812639266894
5.72578763961792	23.924148559570312	0.4239997004810681
27.397985458374023	-37.76401901245117	0.0531051456055209
17.71512222290039	-35.890785217285156	0.3407827290711935
10.364458084106445	-28.349340438842773	0.2388030483480968
47.266357421875	-0.6438429355621338	0.7614939002440003
-50.98564529418945	5.885420322418213	0.7080004182677266
28.01226806640625	18.517934799194336	0.744868606568587
59.49098587036133	-1.4505386352539062	0.6761495232426328
29.03803253173828	-14.92710018157959	0.5665112132757001
-61.59760284423828	20.26544189453125	1.1473715247510905
-6.1109113693237305	-32.73284912109375	0.6000151270176751
18.73826789855957	-32.42280197143555	0.355807287868067
19.16762351989746	-50.18348693847656	0.2513669284721411
46.70400619506836	9.598984718322754	0.6718100317789358
5.724773406982422	19.252376556396484	0.7659345550477857
-38.212371826171875	6.579883098602295	0.6784831763358143
13.966181755065918	-48.58652114868164	0.3408866217156607
-0.7062800526618958	24.886844635009766	0.2672627619419164
22.463470458984375	15.913979530334473	0.6398366763569108
-0.09811203926801682	13.79480266571045	0.452857302587896
-3.1300063133239746	35.11569595336914	0.8672293673238614
-10.105969429016113	25.43895721435547	0.5740591117591669
-6.2754950523376465	18.79207420349121	0.4029047346522477
31.50425148010254	19.380577087402344	0.4142618519490587
-32.607059478759766	35.10793685913086	0.5000706224462113
14.43701457977295	1.3284227848052979	0.5500857115672931
-47.66364669799805	31.7401065826416	0.2765894847028503
-38.82378387451172	6.376707077026367	0.1167676714291195
-3.570298671722412	47.65959167480469	0.899549959666678
9.478350639343262	27.179073333740234	0.8012723159585432
38.32172393798828	-3.8319222927093506	0.6966815245667235
-15.642074584960938	-27.568084716796875	0.5578593191575113
-11.769033432006836	-12.135544776916504	0.8544496189579948
50.8773307800293	-6.413087368011475	0.5595174238793283
-19.301177978515625	-25.393726348876953	0.421508011844648
4.588757038116455	26.307823181152344	0.9250021409872544
-1.7202823162078857	-26.436447143554688	0.6906969072350096
27.232824325561523	-21.370189666748047	0.470771714227844
-3.7214062213897705	-29.15519142150879	0.7707472759731623
-2.289034605026245	10.140963554382324	0.2402163369144578
4.687867164611816	-40.83911895751953	0.8604400082459909
-7.651432991027832	22.289770126342773	0.0034684641574247
42.63983917236328	-34.9568977355957	0.6681017529106401
15.263882637023926	39.85523223876953	1.060290415711464
31.049789428710938	5.371877670288086	0.6767681023424729
-25.56412124633789	-12.131915092468262	0.4889596909421884
20.736318588256836	36.38457107543945	0.62721661075294
8.690593719482422	8.764636993408203	0.4922508492634962
-29.461782455444336	-16.05030632019043	0.3449633219106452
37.766563415527344	-29.431346893310547	0.7167581354813645
31.110231399536133	-5.438849925994873	0.436243218644932
-8.310802459716797	-27.726890563964844	0.4810682329390063
-3.667084217071533	25.104724884033203	0.2770336122378193
39.928348541259766	1.1649513244628906	0.6844573671079013
0.9808326959609985	-16.9392032623291	0.4886269214423068
-33.32594299316406	35.58099365234375	0.2302215457043442
59.49098587036133	-1.4505386352539062	0.6761495232426328
4.96042537689209	18.239364624023438	0.8070152975351501
-16.600004196166992	38.68984603881836	0.9015481549388532
15.977038383483887	30.487964630126953	0.8802108535771654
-15.580218315124512	2.5213072299957275	0.30183270177712
26.582630157470703	-33.415069580078125	0.3533244544683099
45.817535400390625	-7.515566349029541	0.8506161871798749
10.4469575881958	-47.47835159301758	0.5739335726949821
26.01348114013672	-13.904099464416504	0.1931866287535387
49.297908782958984	0.6777431964874268	0.7049312084718484
-27.858570098876953	-4.570065498352051	1.0521929926632807
-6.24741792678833	30.969011306762695	0.9848607773743266
5.231712818145752	-54.177677154541016	0.3839145444860382
-45.46059036254883	4.743211269378662	0.3501531092857708
-25.552600860595703	7.880178928375244	0.4357698899185344
9.535869598388672	-26.163450241088867	0.1551360914848843
-3.8593034744262695	-5.882266044616699	0.7491937571587532
-59.125953674316406	21.728052139282227	0.7336563188059859
22.464208602905273	-56.02313995361328	1.0567384841140657
32.845787048339844	1.422203540802002	0.7361349295191985
-25.622821807861328	-6.198904514312744	0.2463462880742512
38.84743881225586	-14.92989444732666	0.6461148927023679
-59.52869415283203	1.5724281072616577	0.6167322412891874
-13.7857084274292	33.12146759033203	1.282065118943782
38.06916046142578	7.247271537780762	0.6869204731428081
-12.094627380371094	8.564291954040527	0.3487397303389443
38.269676208496094	-14.896622657775879	0.3582334124360388
-6.1708149909973145	3.665574312210083	0.6381639830217107
19.159103393554688	1.4171558618545532	0.6718399793431036
22.14271354675293	-26.08921241760254	-0.3179574884768409
20.70285987854004	20.2159423828125	0.4394038414816739
-19.34223175048828	-11.931772232055664	0.5294228737503216
-3.386988639831543	-2.76507568359375	0.6326097502167465
-25.571256637573242	22.26528549194336	0.7572675541617095
-1.426892876625061	-22.348834991455078	0.5808573881788405
-3.426002264022827	17.726280212402344	0.7372648767390765
-1.3529740571975708	-6.440308570861816	0.3892158318285987
59.10748291015625	7.476128101348877	0.6302582237120699
26.883331298828125	-36.33753204345703	0.4943179330916801
-37.809043884277344	-18.540252685546875	0.7848693538373138
-30.515474319458008	30.569520950317383	0.7293299890161774
21.662317276000977	34.986202239990234	0.6303579773118471
-6.659253120422363	-14.888177871704102	0.1721202330245544
20.391460418701172	-14.825504302978516	0.784166631077944
58.63349914550781	6.1614298820495605	0.5678648230603746
-59.654518127441406	19.600671768188477	0.8387085623534605
-10.018542289733887	19.413034439086914	0.5988700825314044
5.095285415649414	45.003639221191406	0.4530290269175779
19.275312423706055	-52.30973815917969	0.0886117252427144
39.40876388549805	-20.207324981689453	0.8667731230453005
-51.39931869506836	3.69695782661438	0.5791350697881207
15.015569686889648	25.026742935180664	0.6789031573373165
-15.055219650268555	13.670634269714355	0.5946528497184652
-41.85237121582031	20.298707962036133	0.2369656866419259
38.22999572753906	4.945872783660889	0.7356345376052057
15.338886260986328	-2.3712825775146484	0.7843125558010485
-50.03325271606445	21.14378547668457	0.222261366619984
-56.753326416015625	20.801929473876953	0.3588412350950033
10.736153602600098	-31.700843811035156	0.7315080354141879
45.720481872558594	-20.986282348632812	1.0186140822783878
26.017864227294922	-7.332013130187988	0.6559981782905991
11.686155319213867	-15.957442283630371	0.4703619741554256
21.73995018005371	37.680240631103516	0.5123711837130704
-7.221390247344971	-4.349515914916992	0.7662561764416741
36.12702941894531	-7.132418155670166	0.7975898264913632
15.348416328430176	-19.46855354309082	0.4090862728673803
2.8204524517059326	-52.26184844970703	0.61976595011526
0.1508331596851349	41.3690071105957	0.7936999897947563
-33.14219665527344	-32.88551330566406	0.390371731940929
-5.4525251388549805	12.115324974060059	0.3273807663732566
-7.37052059173584	-15.461583137512207	0.6078961050109922
26.322505950927734	19.92424774169922	0.8415208172211911
38.946407318115234	5.235640048980713	0.9598024939716612
14.792664527893066	10.54215145111084	0.4867345047579364
0.6612561941146851	-52.432743072509766	0.7982816315369828
-49.038875579833984	27.910327911376953	0.5599957027276635
-15.916738510131836	17.021862030029297	0.6941139139054027
20.377140045166016	-42.37947463989258	0.3855238243986663
-34.943233489990234	-1.459669589996338	0.5949069568846622
-52.26232147216797	14.46909236907959	0.3803709987912241
-24.303319931030273	37.16450881958008	0.6910562832511459
39.25068283081055	-10.911124229431152	0.7353104023656781
-8.014406204223633	-22.456554412841797	0.353605465813752
-4.186511993408203	-5.482079982757568	0.8100189986097981
-13.856718063354492	3.746936798095703	0.2779988361654328
-29.461782455444336	-16.05030632019043	0.3449633219106452
3.540419578552246	-51.43772888183594	0.7169317458057317
52.05986404418945	-9.212170600891113	0.2825687570578873
37.818965911865234	-44.55710983276367	0.6865489554062987
1.5348650217056274	-47.483062744140625	0.9324612182078622
-13.349403381347656	30.65386199951172	0.8864114518861139
-47.48643493652344	31.453336715698242	0.2765894847028503
-29.83258628845215	29.018932342529297	0.8269014147749386
-21.648616790771484	-1.5656803846359253	0.6949305134755367
50.065982818603516	19.047611236572266	0.4959099974576411
20.07798957824707	-20.025531768798828	0.5690916362612793
3.873950242996216	-0.3275242745876312	0.7893673288890616
37.71162033081055	-43.130924224853516	0.4688284328071223
-25.92144775390625	-21.855152130126953	-0.023938654422726
-48.42174530029297	21.213056564331055	0.4472588305111295
45.856624603271484	-17.99330711364746	1.134852877745088
38.44596481323242	6.211551189422607	0.5903076896576761
-8.730913162231445	14.724501609802246	0.5617845065209875
-35.43937683105469	13.692924499511719	0.3424444307018389
23.03391456604004	-29.337915420532227	0.4174510268787547
-8.330687522888184	10.127819061279297	0.3013796892856012
-35.21488571166992	-1.7618050575256348	-0.0498311066235328
9.235422134399414	31.517528533935547	0.9500011131224904
3.415444850921631	17.650360107421875	0.466425930826806
-23.948362350463867	49.529640197753906	0.6518579681112902
22.14733123779297	37.41392517089844	0.5123711837130704
13.275009155273438	-24.849815368652344	0.5691752201023945
53.481204986572266	-2.086216926574707	0.3920500322619503
38.537376403808594	13.935050964355469	0.8505854108691155
52.48701095581055	23.418230056762695	0.1693487669790581
53.628658294677734	-1.701172947883606	0.2258143049972021
18.497140884399414	-30.941408157348633	0.524900524128565
-54.41154861450195	-1.304455041885376	0.6566525822013562
-56.86655807495117	2.657853364944458	0.7624444016475337
-22.17142677307129	3.583711862564087	0.7461735032379616
-50.836368560791016	27.283103942871094	0.9081381069573422
52.824459075927734	-14.473503112792969	1.0470257656695798
34.407527923583984	-19.7857666015625	0.668231628589297
-29.83025360107422	5.920061111450195	0.7523299249816652
-50.6921272277832	21.70464324951172	-0.2665650171580997
7.690098285675049	-56.572540283203125	0.5919102691775863
-61.074989318847656	22.211301803588867	1.1065729182542388
51.82088851928711	18.41446876525879	0.6876505549542208
-37.95062255859375	-30.837677001953125	0.297527725277725
31.12279510498047	-20.380863189697266	0.6433638440723078
45.019466400146484	-3.6994669437408447	0.7795062129554571
-45.4622688293457	-27.430309295654297	0.0939534534555593
9.986930847167969	0.630703866481781	-0.1941736748762334
-3.7631659507751465	-52.76085662841797	0.6784277110956428
8.186079025268555	-41.927181243896484	0.6925269484387647
13.323927879333496	-6.058693885803223	0.3569156838623017
36.82192611694336	-0.2663423418998718	0.8229327676484169
-6.916197299957275	-20.86546516418457	0.5976438819902559
13.628087997436523	-23.236103057861328	0.6565899041265827
0.6329830884933472	7.1005754470825195	-0.0173876301584449
-23.433488845825195	26.085731506347656	0.9163954639999836
5.99419641494751	34.0086555480957	0.8991415936840236
-48.84294128417969	4.307868957519531	0.2859614379630373
21.03089141845703	3.6624748706817627	0.5659182351441494
-20.40753746032715	35.027320861816406	0.5728972221202547
-16.35658836364746	41.04252243041992	1.040507482848286
-11.00422191619873	18.145061492919922	0.5092739630126457
-2.1573541164398193	7.7335309982299805	0.5569239896663337
-5.734651565551758	21.180622100830078	0.483871486639603
-28.704513549804688	-18.25730323791504	0.3957127910989375
-36.786006927490234	-12.036849975585938	0.6962819348938286
46.73625946044922	10.291440963745117	0.8614983802415012
-23.597240447998047	31.906497955322266	0.473651195939782
-0.1332467645406723	-25.277999877929688	0.6422119576265781
-30.24338150024414	-0.782129168510437	0.4710606249011088
-50.617679595947266	2.961212396621704	0.5908336656607357
-16.49406623840332	10.66693115234375	0.5339729466933506
-62.76445388793945	19.47541046142578	0.9497429151502712
-26.240135192871094	-27.9914608001709	0.8328996074299932
-37.919498443603516	10.434686660766602	0.95165537411324
-13.895344734191895	42.00044250488281	0.6897277579102332
-49.2477912902832	3.0355937480926514	0.4360092217928488
-27.652292251586914	-19.807905197143555	0.4136064191286832
-12.308051109313965	-23.646041870117188	0.3430527251784124
-19.320890426635742	18.003292083740234	0.6123883519581055
-19.12875747680664	-27.251564025878906	0.3430457877569798
-35.11046600341797	8.625896453857422	0.7832677345841669
-21.867069244384766	-0.28030553460121155	0.1552355965866204
0.16129501163959503	22.276439666748047	0.5297758432953446
-27.806337356567383	24.824024200439453	0.6936593131775276
-39.39750289916992	-14.17553997039795	0.8157674476600502
45.065162658691406	-21.378576278686523	0.9202974853338708
-5.041622638702393	0.9044743776321411	1.184842807086029
46.44134521484375	-6.900601863861084	0.4874586121010877
15.215108871459961	39.20552444458008	0.8310290487227874
-5.120382785797119	47.901634216308594	0.742006058806558
52.16220474243164	-23.52788543701172	0.5489522713384928
-16.382078170776367	44.11848831176758	0.2088237710935414
-54.92610168457031	-5.980024814605713	0.3736354973563738
43.30921173095703	-24.40981101989746	0.5611747585268028
32.28594207763672	-2.2873997688293457	0.4726484184075456
27.914480209350586	-28.02056121826172	0.5503929460217317
2.6934940814971924	-20.457834243774414	-0.1698752452996326
-63.1785888671875	22.00912857055664	0.7751535875690677
42.60392379760742	-35.41653823852539	0.4798198156002116
34.2981071472168	9.995756149291992	0.9262583488233108
-30.430038452148438	17.91839027404785	1.0619682762036076
18.874820709228516	13.333173751831055	0.3656230208072557
26.738441467285156	14.623723983764648	0.4800970137775692
30.27838897705078	29.600013732910156	0.5588633082173061
-12.381688117980957	-18.782800674438477	0.4422669816066378
19.420780181884766	-29.597196578979492	0.4532809605100972
8.43479061126709	39.25738525390625	0.8276295966766133
-24.659379959106445	37.276126861572266	0.6910562832511459
52.910423278808594	7.383306503295898	0.6389750676852032
26.642303466796875	20.363309860229492	0.8415208172211911
3.2768845558166504	-30.407155990600586	0.5211020020028537
-20.56891441345215	-28.719970703125	0.3794645891821941
-61.72605895996094	22.989587783813477	1.024466066480116
-5.77866268157959	-13.542834281921387	0.2539613214463395
22.4328556060791	-34.008941650390625	0.7815907822771564
12.705766677856445	-59.70237731933594	0.608591662651444
10.059927940368652	1.8534516096115112	-0.1813352639404399
33.780025482177734	-9.913599014282227	0.6186537546259577
12.503885269165039	11.964455604553223	0.0176215335266955
-6.517497539520264	17.907814025878906	0.6100413656061608
-15.599798202514648	0.47772398591041565	0.1054194937862947
-15.814818382263184	48.12724685668945	0.8258094735098994
-26.646068572998047	-10.330022811889648	0.4708364736831049
36.96159744262695	18.32553482055664	0.7855922585249482
-32.871360778808594	15.496285438537598	1.1260597759818542
0.6120291352272034	22.338024139404297	0.6603193988741011
17.190353393554688	19.737707138061523	0.6824734615771095
-3.474299192428589	2.238473892211914	1.0090937624634868
-30.226186752319336	-7.423666477203369	0.7500634978236842
10.769497871398926	14.98997974395752	0.7644488652237668
3.5791990756988525	20.039268493652344	0.3138414195541001
-4.2200188636779785	-35.51716232299805	0.7088151015149023
6.232409477233887	3.5354650020599365	0.7185716620913623
-10.133122444152832	20.497228622436523	0.8474702618723617
-15.014266014099121	12.476808547973633	0.428438843927604
21.201791763305664	0.8357143998146057	0.6882243882093991
-43.00242614746094	-13.57107162475586	0.4896885485339076
30.408958435058594	12.240259170532227	0.772015439618144
-6.6370930671691895	6.072680950164795	0.7895232937131152
-22.50408172607422	40.91728210449219	0.2752710735984111
-62.14011764526367	0.6817300319671631	0.2747806459146005
50.64120864868164	1.5206711292266846	0.6753300236086304
-49.038875579833984	27.910327911376953	0.5599957027276635
-32.060302734375	10.072141647338867	0.7086405759203854
24.738548278808594	31.04250144958496	0.9899264348639484
-3.9980380535125732	51.090126037597656	0.9912697379832892
42.05424499511719	-24.328353881835938	0.5128091625492844
53.50208282470703	22.29096221923828	-0.1519857665077767
45.19367599487305	5.420921802520752	0.6599229374721007
11.861502647399902	5.399744510650635	0.6900096569958243
0.06848327070474625	34.627235412597656	0.6173282248393822
1.360615611076355	3.4376797676086426	0.7422859383970811
16.329715728759766	-18.400264739990234	0.2231754108758038
-34.611541748046875	26.952293395996094	0.6712219921044937
-6.292318344116211	-20.6832332611084	0.622863406432012
-13.95823860168457	37.64143371582031	0.8730909133006223
7.943716526031494	0.14865966141223907	0.5109425829141603
-30.685606002807617	37.51073455810547	0.8951441799776321
-52.981163024902344	-20.194232940673828	0.6327836344843701
20.42815399169922	34.09567642211914	0.659534934085784
9.533929824829102	-21.56483268737793	0.3194209907004507
-5.530847072601318	30.063119888305664	0.8608018223204424
12.440834045410156	-45.99932098388672	0.5783658926370213
4.478726863861084	43.73401641845703	0.5569618188773502
26.740718841552734	35.31184005737305	0.7583104424562412
23.936756134033203	-9.19924545288086	0.7742550606171342
41.409645080566406	-22.94442367553711	0.4704454986801526
-13.828418731689453	-22.232818603515625	0.4204215922285972
-24.438377380371094	21.35200309753418	0.9554687605999796
34.14780044555664	-14.187572479248047	0.4034126333710732
-10.857101440429688	-16.741668701171875	0.5677541296131156
41.903358459472656	10.056487083435059	0.3717453726469635
35.412776947021484	-2.1997642517089844	-0.3291973907749771
10.674808502197266	8.607880592346191	0.4780870627892412
50.84221649169922	22.602373123168945	0.4752043698513258
1.95823335647583	-23.96592140197754	0.521782806670585
-25.375234603881836	-1.6402803659439087	0.5468187176336433
-19.198537826538086	11.042007446289062	0.5648722583159105
-40.6870231628418	13.70384407043457	1.020465297733541
1.1272997856140137	18.54436683654785	-0.0384028805376028
10.265790939331055	25.478906631469727	0.7100259099089632
45.868831634521484	-18.43793487548828	1.2177797616080093
25.354755401611328	-24.014135360717773	1.0236152413770585
-63.01050567626953	-1.595214605331421	0.7877749433453524
-13.710798263549805	23.294696807861328	0.3517151808051457
-8.4174222946167	38.965457916259766	0.7348049552637802
-60.70436096191406	-0.49623382091522217	1.0905497285082797
-30.166303634643555	-36.53755187988281	0.2849557046175514
17.465309143066406	-18.065017700195312	0.521001270779154
29.970474243164062	23.49141502380371	0.6059982881287819
-9.20077896118164	43.327301025390625	0.5014565654852556
-26.992353439331055	32.79833221435547	0.7039794268042432
-20.716529846191406	-34.13939666748047	0.1837546187979324
12.002479553222656	-53.65180206298828	-0.0325307682611331
17.691282272338867	30.55499267578125	0.6953102012808291
21.820825576782227	14.056536674499512	0.410745481235661
57.93273162841797	-9.174816131591797	0.7426670216582284
32.793006896972656	-2.7755937576293945	0.606953706593755
37.01763153076172	-8.955485343933105	0.693179581002676
-11.780027389526367	39.75543212890625	1.0670030602510767
-29.619142532348633	36.52559280395508	0.9219877797046884
-26.622535705566406	9.190543174743652	0.5459393394943186
38.45372009277344	-5.664572238922119	0.6607569443861316
0.5025302767753601	-16.55571174621582	0.7450425669776192
51.804996490478516	-16.604686737060547	0.7486334128651314
33.06512451171875	-5.235029220581055	-0.570929480736576
-60.46692657470703	-6.869149208068848	0.5705140882523819
-8.369437217712402	50.042396545410156	0.4425751098398413
-12.455974578857422	4.890399932861328	0.5847028478229378
-44.926353454589844	0.48949211835861206	0.4828356234937542
-2.4321508407592773	26.10379981994629	0.9403678729414616
-62.95500564575195	-4.275949954986572	0.7491355649232077
10.931746482849121	2.5053210258483887	0.301481966560419
-0.721114456653595	29.58381462097168	0.3990283327877067
-13.673399925231934	41.891639709472656	0.6897277579102332
-41.48438262939453	29.517181396484375	1.1797108043769404
14.986518859863281	2.0330235958099365	0.9018685823197292
-7.6135172843933105	-4.5052571296691895	0.5527465849574823
1.844218373298645	30.73141098022461	0.4027384425701525
2.759730100631714	27.33163070678711	0.5927932271627546
-20.287668228149414	10.201563835144043	0.297018611880781
-62.23052978515625	18.66157341003418	0.5159171940236394
-15.101236343383789	-3.0576376914978027	0.5130526258773626
-41.23270797729492	20.971418380737305	0.5280460750147214
24.057069778442383	25.46263313293457	0.9834095063188372
-33.91981887817383	16.202478408813477	0.9405621256377996
10.483182907104492	3.9088079929351807	0.0131976114206854
-20.4786376953125	39.66164016723633	0.5248137232519221
-55.755184173583984	-7.676605224609375	0.3848036887012627
3.2584595680236816	-29.800735473632812	0.5402139978662974
0.9331757426261902	-56.844398498535156	0.4179421640244851
-49.99817657470703	-6.330543518066406	0.7333711189859831
-10.796492576599121	29.297348022460938	0.7352693957840533
8.99459171295166	20.746944427490234	0.5507784172539489
-25.147369384765625	43.099361419677734	0.3261314575432724
10.797292709350586	45.307342529296875	0.4790679384355085
5.064222812652588	-45.073856353759766	0.3018460150867955
15.53592586517334	-12.788963317871094	0.4537439091648754
27.594009399414062	-33.905845642089844	0.6461363921593097
43.68960189819336	-13.51987361907959	0.9122995033071396
30.65097427368164	-20.466184616088867	0.5102847002674179
41.956398010253906	-10.149541854858398	0.714952861692402
-61.30257034301758	-5.41619873046875	0.8589778591573894
38.05203628540039	23.92739486694336	1.2316385810551256