x	y	effect_size
0.6295901536941528	-20.49616241455078	0.8212193534421155
-0.4613628685474396	-24.395265579223633	1.2612987511180338
-1.116639256477356	-22.1594181060791	1.1140524428547802
-0.6894690990447998	-19.68600845336914	1.0013415117515716
0.553017258644104	-22.641902923583984	0.9892419850967502
-29.480497360229492	5.454310894012451	0.9246165058396972
-54.5115852355957	32.82761764526367	-0.3925784979339724
-55.02024841308594	28.052291870117188	0.8084141462261812
-38.107582092285156	8.905770301818848	1.1699931384375106
-30.9530086517334	6.721530914306641	1.0271305115602651
-35.20464324951172	11.948539733886719	0.6356339637217349
-35.86159133911133	12.519152641296387	0.95478955618587
-36.79145431518555	10.1943941116333	1.0207463802322592
-30.011871337890625	1.6629631519317627	0.9786292134664368
-34.77680969238281	16.470590591430664	0.872374783334973
-30.005735397338867	0.9495881795883179	0.6769294227633275
-35.043052673339844	15.857259750366211	1.2585727811367562
-52.89312744140625	30.53594207763672	0.0725140855027939
-66.34925842285156	27.10222625732422	0.5934315969431326
-63.785247802734375	24.264102935791016	0.862426257416978
-63.0826416015625	28.605531692504883	1.087471907395137
-65.95218658447266	25.666927337646484	0.8220706613876664
-64.9202651977539	28.220073699951172	0.9901811612834058
-65.39527130126953	29.46912384033203	0.899733622330245
-62.36692428588867	29.82537269592285	1.032441344852513
-2.1954898834228516	-22.922245025634766	1.245340977993804
-64.72496032714844	22.2885799407959	0.7926543705511393
-63.55060577392578	30.039216995239258	0.8398245022159839
-62.30967712402344	25.774988174438477	0.9965260604073956
-64.14228057861328	26.21978759765625	0.9770476073636948
-69.93963623046875	24.14189910888672	-0.7219028132486003
-67.98062133789062	30.718067169189453	0.4143922841332857
-65.8087158203125	30.6608943939209	0.6183196912535268
-65.60942840576172	23.678165435791016	0.8776331722191324
-68.29102325439453	22.81747055053711	-0.3995478400353331
-67.28520965576172	28.588464736938477	0.4118019023931247
-66.95600128173828	24.64103126525879	0.3979389720866109
-56.93893814086914	28.091323852539062	0.6596189566642627
-68.32687377929688	29.223548889160156	0.2923293772434133
-70.58439636230469	27.479421615600586	-0.4830093183800472
-70.541259765625	25.285314559936523	-0.5678484034505759
-68.93903350830078	26.581565856933594	-0.6151927195070174
-70.90486907958984	28.640716552734375	-0.689024144023324
-68.74675750732422	24.726863861083984	-0.6489771612529839
-71.37330627441406	22.92633628845215	-0.9062806275549368
-73.00125122070312	27.277992248535156	-0.5854298088591087
9.064456939697266	-26.290573120117188	1.107290375148262
-34.42265319824219	-12.683489799499512	0.958210460699528
15.060302734375	-21.028396606445312	0.9778850283040036
24.295948028564453	-33.142093658447266	1.3001413859984878
7.537066459655762	-23.212345123291016	0.6930535850857749
-18.652475357055664	22.453842163085938	1.1290465102311027
39.00482177734375	-24.33076286315918	1.1572450969210653
18.539779663085938	-24.225000381469727	0.7752955698279307
3.2174994945526123	-24.220598220825195	0.9059124442160446
-23.77423858642578	-23.80902099609375	0.6769994930763165
-25.87687110900879	4.75073766708374	1.4731518171733764
-30.071075439453125	-19.462553024291992	1.4216428573627835
48.364784240722656	-19.9647274017334	0.6156463226662928
37.66817092895508	-8.445853233337402	1.2063008531499515
-15.89109992980957	-38.23638916015625	1.027745871989654
33.339115142822266	-19.892656326293945	1.0463797761391471
13.19187068939209	-15.716832160949707	0.5618870441745384
-55.611106872558594	0.6512521505355835	1.1547059427855233
25.88163948059082	-33.44831848144531	1.2149834556317078
25.652755737304688	-2.5447065830230713	0.9585931741124462
12.972932815551758	-29.022781372070312	0.6967626601855478
9.655237197875977	-1.621141791343689	0.942258983408184
-24.063459396362305	-23.534704208374023	0.6769994930763165
17.54813003540039	-38.07944869995117	0.9042367181726186
16.910964965820312	14.318060874938965	0.700815152612316
-35.72238540649414	-15.693209648132324	1.0826007601820478
38.30404281616211	4.703512191772461	1.064823463885165
-9.054500579833984	-31.476760864257812	1.1529157058878308
-44.845191955566406	-3.923959732055664	1.3106900342238983
-8.178690910339355	-30.020042419433594	1.0705899830686163
-37.92106628417969	-29.870567321777344	0.487200484118015
12.143157958984375	-26.486248016357422	1.2185132833231969
26.747394561767578	-10.430411338806152	1.0122732906531613
-48.66279220581055	-0.36797288060188293	1.0906515464557438
22.143844604492188	-36.8236198425293	0.6462555233004548
18.175369262695312	-42.05486297607422	0.9060544274727382
58.4471435546875	-14.572880744934082	1.186046876686497
-16.33553695678711	-50.58757019042969	0.979903579920524
-42.431434631347656	2.459972858428955	0.9598140271169264
-22.863134384155273	-17.6892032623291	1.2160588102687009
-15.887446403503418	-31.540130615234375	1.1943658917158673
38.4516716003418	-7.500701904296875	1.077936457765459
33.19375991821289	12.045600891113281	0.8170276169841496
15.1630277633667	-30.642601013183594	0.8676626033629298
34.88408279418945	-13.268513679504395	1.1036378974699708
51.51427459716797	-29.73583984375	1.0839584314072026
16.326135635375977	33.93608474731445	1.0015622551279648
26.115005493164062	-5.595387935638428	1.0875581250530908
-15.292352676391602	17.803590774536133	0.6187617208278052
-22.493858337402344	10.673979759216309	0.8321785578721875
-13.56605339050293	-23.960847854614258	0.7449349233396909
8.181880950927734	-30.28982162475586	0.9561866812264032
36.98564529418945	-28.599714279174805	1.0801058827487862
30.624820709228516	-2.0563852787017822	1.0043631274370084
20.127065658569336	-33.693111419677734	0.8812278652675308
-12.029733657836914	-41.87700271606445	0.7007760780959829
10.008397102355957	-28.031721115112305	0.7050146625661258
-1.7413504123687744	-34.50798797607422	1.1044696652141233
-55.611106872558594	0.6512521505355835	1.1547059427855233
1.6837422847747803	-19.742094039916992	1.1093144484881283
-19.388444900512695	14.743391990661621	0.4764772121836577
7.6834259033203125	-41.109764099121094	0.7460043529571246
-21.70427131652832	29.014516830444336	1.0610175460520253
-26.442340850830078	-29.43670654296875	1.272638100091486
40.52342224121094	-13.078605651855469	0.6682595644452065
49.86650085449219	-20.71474838256836	0.9149259250070252
40.53022384643555	-27.600345611572266	0.916519217408944
-21.04499053955078	55.668304443359375	0.4281375841422771
6.706038951873779	-26.590808868408203	0.9637615785121691
3.0793209075927734	0.8258089423179626	1.150494267051552
-21.685474395751953	-39.02949142456055	0.9373615331556784
-18.025175094604492	-33.69397735595703	1.0700634830561255
0.15782664716243744	-35.540504455566406	0.8201737360320237
-22.6970157623291	11.022364616394043	0.8321785578721875
5.620073318481445	-33.669700622558594	-0.0106103159936096
5.476600170135498	21.760009765625	1.1463600523315378
23.230003356933594	2.1090807914733887	1.2055533096898836
5.199990749359131	-28.623960494995117	0.8409968297258446
-12.543752670288086	42.624366760253906	0.8848476633510718
14.935550689697266	-26.04332160949707	0.8654710044552377
26.98642921447754	-20.054174423217773	0.467105284363253
-50.635948181152344	-22.08134651184082	0.7033516248879338
25.232318878173828	-4.093092918395996	1.096705655781038
-1.8136457204818726	9.549980163574219	0.9062398438188412
33.32311248779297	-26.375747680664062	0.5568856774007316
14.71181583404541	27.536375045776367	0.8362216262461006
19.713943481445312	28.904985427856445	0.98498846235731
0.4016655385494232	-13.83261489868164	0.4795755577671827
-1.8653603792190552	25.077417373657227	1.0246521114329037
33.201107025146484	-13.504435539245605	0.8918545573695469
25.581491470336914	-45.09923553466797	0.8212648281950272
9.553104400634766	-31.901615142822266	1.150896363854437
-43.85570526123047	-4.906423568725586	1.2046685681367433
14.9666166305542	-25.271894454956055	0.4584597509577819
-49.85389709472656	-21.625791549682617	0.8096808656354171
-8.349825859069824	-16.849821090698242	0.6361494402810025
6.565837383270264	-17.76277732849121	0.5665788234091923
7.806164264678955	8.368021965026855	0.8665093750427371
24.683340072631836	-29.11763572692871	1.260980659272246
5.351843357086182	-36.37978744506836	0.8976344729896318
-24.338329315185547	-36.522281646728516	0.869711650994491
27.73086166381836	38.89583206176758	0.6560692293973973
31.338150024414062	-43.675846099853516	0.1115289723634985
5.394404888153076	-7.589023590087891	0.8027721527672482
2.7458279132843018	-24.983816146850586	1.0794247107451198
-20.105815887451172	-33.9806022644043	0.7353793309062665
1.7801698446273804	11.983774185180664	1.093553616590525
16.613948822021484	19.017240524291992	0.8897976161683235
-36.754722595214844	-17.491714477539062	0.8254837429233478
21.156234741210938	-19.468753814697266	0.578303184776581
44.573020935058594	-28.32902717590332	0.6338950486929856
-0.6894690990447998	-19.68600845336914	1.0013415117515716
18.629390716552734	24.11549186706543	1.0680947074853948
29.8974609375	-6.614817142486572	0.806385337025259
-27.952117919921875	13.194466590881348	1.3028275671609018
39.79634475708008	-14.095748901367188	1.0181304935286108
5.671703815460205	20.749086380004883	1.0157279180870529
-2.60965895652771	11.525691986083984	0.7650828928565353
-34.45342254638672	-12.094072341918945	0.958210460699528
20.372835159301758	3.948312520980835	1.2293621016741234
24.969100952148438	-31.82067108154297	1.203882299851885
8.995244026184082	-55.3038444519043	1.1568680378609542
-45.82293701171875	-6.7488579750061035	1.0944147667370232
-25.557226181030273	-25.384977340698242	0.9131672562239046
41.604400634765625	-18.895395278930664	0.8968552712122447
27.528491973876953	12.865421295166016	0.6978411530701737
42.73380661010742	6.711349010467529	1.1873962013724102
-21.495607376098633	51.001976013183594	0.748498029444967
4.186762809753418	33.40225601196289	0.64421490967204
-8.45621109008789	-22.839496612548828	0.8124489387108748
-25.221418380737305	-41.13722610473633	0.7939888052792179
-8.231893539428711	49.08018112182617	1.1554325291873442
0.1873827576637268	20.150707244873047	0.9552664662635618
-7.628458023071289	-40.45148849487305	0.907947143059114
-18.913097381591797	43.21320724487305	0.5458245347139057
56.2801628112793	-1.1018399000167847	0.9025918939070826
12.143290519714355	-43.06249237060547	0.7753388333644121
-26.713647842407227	-30.24582290649414	0.9119377435637104
45.4595947265625	-11.51943588256836	1.0519596260933413
30.020038604736328	-1.6973638534545898	0.8564171257324773
-16.714452743530273	-15.899527549743652	1.1772525413322543
-39.76435470581055	-2.2299835681915283	1.2813167372642915
49.45454406738281	-21.372846603393555	1.1759485193472028
-32.7685432434082	27.59125328063965	1.333023308543988
45.1297721862793	-0.15791204571723938	1.0686876942784191
-23.480728149414062	-18.15580940246582	1.1979508540660002
-29.375093460083008	19.292701721191406	1.1640653280334774
-13.526518821716309	22.329973220825195	0.5959005793756932
3.4674124717712402	7.533080101013184	0.8054936123777106
14.518196105957031	34.8916015625	0.8566769728899442
-4.9134674072265625	42.928680419921875	0.9156165856650252
1.9686213731765747	-26.195636749267578	1.2747898850980146
2.3135597705841064	-36.31879806518555	0.8984681437589072
12.635732650756836	38.998931884765625	1.061822224622702
-31.652067184448242	-19.06997299194336	1.4582348013386086
29.647478103637695	-33.126129150390625	0.4251308196216657
2.0439610481262207	14.804381370544434	0.9798894979878984
-34.993133544921875	7.4187235832214355	1.2057631559257098
11.468372344970703	-37.08724594116211	0.6830802704200843
-28.404151916503906	27.443580627441406	0.8673794203233668
9.830270767211914	-53.45114517211914	1.1658251934428556
16.60238265991211	-29.870319366455078	0.8628475639946326
31.277830123901367	-7.490477085113525	1.096246760015261
-63.785247802734375	24.264102935791016	0.862426257416978
-46.40261459350586	-4.218928337097168	1.2910949603787305
18.446020126342773	19.033308029174805	1.184618319016624
25.7083683013916	22.883275985717773	0.8488525140917788
-23.08376693725586	38.69792938232422	0.9666537680825248
-35.46616744995117	25.868816375732422	0.8947136106028513
9.510217666625977	50.55605697631836	0.6257296207282494
36.40532684326172	-7.814979076385498	1.2586231531636087
38.0160026550293	-26.047788619995117	1.269663066109379
-57.53496551513672	-1.0677822828292847	0.6938730791184126
31.269495010375977	-42.626888275146484	0.3690318335380685
-40.69534683227539	22.23699378967285	0.7053095499353464
-24.354806900024414	25.01491928100586	1.3715009901063393
28.82168960571289	-16.147672653198242	0.9849577549979252
11.622682571411133	13.28087043762207	1.0036194684517876
4.309435844421387	15.672141075134277	1.1332752083845423
-54.47304916381836	-0.6773511171340942	1.0315498549248774
17.538997650146484	7.876668930053711	0.5465133511317796
-17.300525665283203	-7.066295623779297	1.2878702288655328
-10.637235641479492	-32.4128532409668	0.8772924775563288
-43.97673797607422	3.551314115524292	0.7902457176216027
-31.058191299438477	-40.2259407043457	0.804406932032102
-12.029733657836914	-41.87700271606445	0.7007760780959829
-26.214887619018555	3.0327305793762207	0.881361263997752
-57.67305374145508	0.5658554434776306	0.961001394341018
40.14284896850586	-20.429201126098633	1.1269406034125025
-0.9172815680503845	16.766006469726562	0.7702924664745022
10.361470222473145	-14.361433029174805	0.8926408112380559
15.952342987060547	28.77008056640625	0.9472265286366328
-14.165756225585938	-28.38170623779297	0.9174119288175232
37.2845458984375	38.49241638183594	0.6557534165320078
-10.06137466430664	19.471479415893555	0.4565081695528952
57.552146911621094	-22.47136688232422	1.002861302845133
23.83224105834961	-13.75682544708252	0.7836604110954891
17.94407081604004	14.274683952331543	0.8613569947473418
-20.70606231689453	-33.62178421020508	0.7112660076822942
8.985943794250488	28.94771385192871	0.9845108186043272
-27.017719268798828	19.619848251342773	0.9477231831833433
32.672061920166016	-1.6999480724334717	0.9590354657728648
37.04799270629883	-9.29447078704834	1.1467417594710556
37.656978607177734	5.46043586730957	1.177463660532028
-26.980682373046875	32.63059997558594	0.8607831895256048
47.445556640625	-3.978090286254883	0.964863771960204
-54.973201751708984	17.889202117919922	1.0786953913631678
2.9866325855255127	-1.704742670059204	0.7854962222033994
-27.590940475463867	42.1396369934082	1.1717532715732684
17.096403121948242	-42.788063049316406	0.6606735344045885
7.151134014129639	-23.67823028564453	0.6739649353667596
11.7659330368042	18.736665725708008	0.952676193360879
-22.735755920410156	-6.332610607147217	1.4833572981331282
-49.88486862182617	20.58521270751953	1.4097680292232562
4.989413261413574	27.154462814331055	0.8233590323290753
-60.01419448852539	-2.120656967163086	0.8042930919259884
15.766424179077148	-11.34060001373291	0.7441544534372403
-9.185205459594727	26.396472930908203	0.6619001934908788
19.12890625	-33.05695343017578	0.5620672397426683
47.04032897949219	-4.632287979125977	1.0314233335041432
53.38977813720703	7.446008682250977	1.0910419824746789
-43.429298400878906	-3.190678358078003	1.411715345546883
11.720829963684082	-52.55963897705078	1.101814901354534
7.432249546051025	32.816287994384766	0.7982557676333132
-54.74440002441406	-2.3096635341644287	0.8529403407476089
-3.754626512527466	-45.4036750793457	0.7019200309774881
36.30714416503906	31.2047176361084	1.1283357690534694
-20.970096588134766	-41.10091781616211	0.824136104131831
-21.915040969848633	29.347782135009766	1.0610175460520253
35.44618606567383	-40.96179962158203	0.9389181087363878
-24.322059631347656	25.40009117126465	1.3715009901063393
8.74298095703125	-26.59164047241211	1.107290375148262
22.737777709960938	-18.1710262298584	0.7380080949329427
15.187836647033691	-1.6081870794296265	1.1119859546105526
1.6837024688720703	-42.28583526611328	0.6707076375794714
-18.37234115600586	6.700039863586426	0.8332823203051926
-5.030468940734863	40.853355407714844	1.1056999706293495
-32.25886917114258	5.370906352996826	1.2169168542829931
12.248071670532227	-22.64617156982422	0.8952119835692088
37.2576904296875	-29.483657836914062	0.8945248631520586
-9.854762077331543	14.55994701385498	0.7734892596631215
-26.329774856567383	28.198137283325195	1.245007200031205
-32.46726989746094	41.18599319458008	1.0950205063805143
10.886019706726074	10.201709747314453	1.2017110079918516
26.120342254638672	-10.016231536865234	1.2089023397621876
15.435236930847168	40.129371643066406	0.6936467873428351
-56.57622146606445	21.81892204284668	0.6485354773456348
33.953857421875	1.9795836210250854	0.8678497431025398
-26.1457462310791	-42.364776611328125	0.8286282819723769
-58.416664123535156	-2.5092389583587646	0.7501189869848983
14.289005279541016	-32.39947509765625	0.8701286316605129
10.104647636413574	-44.837955474853516	1.0241394037074574
33.07088088989258	-27.532672882080078	0.7798978190002219
5.818381309509277	-3.632829427719116	0.5523903690299803
8.017436981201172	-35.766807556152344	1.105302127094215
4.653804302215576	-29.182010650634766	0.7408621168179662
48.31458282470703	4.1057305335998535	0.6823928201267699
30.157081604003906	-46.7784309387207	0.3283578151855323
-1.7829151153564453	-12.409760475158691	0.9941203763923968
-57.06333541870117	-5.9105353355407715	0.4773438061870325
0.7824139595031738	-31.367412567138672	0.648105563832148
16.402952194213867	-47.50475311279297	1.1515782007196822
9.691680908203125	5.649855136871338	0.8562448203494515
26.15536117553711	13.97963809967041	0.8005531486380671
12.022568702697754	-6.055055618286133	1.2948736079314676
55.310585021972656	13.440885543823242	0.6970463101581561
-25.174821853637695	28.248666763305664	1.1791108275540176
29.966211318969727	16.83880615234375	1.1728287517381597
-59.19763946533203	-5.134888172149658	0.973088288014137
-31.052656173706055	15.472616195678711	1.4807495520196492
34.877830505371094	12.224806785583496	0.8264888179127855
29.508920669555664	-24.703277587890625	0.8046572080435496
-55.88059997558594	-4.837346076965332	0.5752761751452518
21.632568359375	-49.85749816894531	0.5663687755081109
-6.982586860656738	-28.841190338134766	0.9778082531596958
-54.134925842285156	33.045875549316406	-0.3925784979339724
10.369302749633789	-42.26011276245117	0.5341026779805543
-17.49541473388672	-38.58068084716797	1.0351976250964074
4.797355651855469	39.9130744934082	1.269375955377636
-28.636695861816406	27.771976470947266	0.8673794203233668
-14.32766342163086	-45.59191131591797	1.1303425987889362
54.77362823486328	-4.055453777313232	0.54704164005388
-60.76729202270508	-3.7289650440216064	0.8037635473475064
-15.633088111877441	-48.86751937866211	0.7494607868278748
-12.473085403442383	-54.053836822509766	0.8071792416264881
35.11068344116211	-40.72869110107422	0.9389181087363878
3.670825719833374	27.792518615722656	0.60087479002166
-55.49139404296875	-3.6008472442626953	0.4343481975969006
42.1226921081543	-15.186641693115234	0.9170012215552992
-42.525596618652344	2.0280921459198	0.9598140271169264
-10.992684364318848	33.66975021362305	0.5830409156848806
10.571066856384277	12.642653465270996	0.936754699450262
50.10400390625	-29.94993019104004	1.082646861336897
22.110647201538086	10.573224067687988	1.0597791416281204
34.70785903930664	11.816566467285156	0.8264888179127855
-0.10108549892902374	-45.95724868774414	0.84976408109939
4.037370681762695	7.31682825088501	0.6840343557148121
-39.83857727050781	14.546464920043945	1.1922861021617273
-11.627580642700195	41.506107330322266	1.0857120117015375
-27.884931564331055	-10.300626754760742	0.8007334054382097
3.2596070766448975	-51.621673583984375	1.090750386231996
31.544755935668945	-9.262094497680664	1.396641254916956
-32.7685432434082	27.59125328063965	1.333023308543988
-53.13740921020508	14.271183967590332	0.990317249384732
48.94634246826172	-17.294052124023438	0.9021782483423036
1.8830746412277222	8.579145431518555	0.8669413383585162
-21.04499053955078	55.668304443359375	0.4281375841422771
12.506726264953613	39.39629364013672	1.061822224622702
26.05215072631836	8.380545616149902	1.001568445808893
-24.018556594848633	23.208938598632812	1.479636957814736
-8.066300392150879	-50.36808776855469	0.7082622020075321
-1.3071606159210205	-4.239284515380859	1.1736571069436073
33.95201873779297	-27.493303298950195	0.7822510604227563
-9.646947860717773	12.7697172164917	0.9274960221296672
-13.745675086975098	20.41527557373047	0.484182935282764
7.035222053527832	32.93669891357422	0.7982557676333132
62.39280700683594	-4.499250411987305	0.96760989172918
-14.884255409240723	12.186241149902344	0.9291202497668593
-42.280487060546875	-4.611109256744385	1.2892198258186414
-52.86933135986328	13.459527015686035	0.7186559651558947
32.10975646972656	25.966720581054688	0.3430431706898063
-17.552223205566406	-8.881163597106934	0.8436685195176785
7.63797664642334	12.801437377929688	0.9769128802782444
-5.29133939743042	-38.30570602416992	0.7603075110268135
17.48092269897461	-50.28388214111328	0.7366075932927442
-4.303676128387451	29.809476852416992	1.0050364048397595
-50.447208404541016	-1.7915211915969849	1.1396252937796838
-0.6641198992729187	-31.24237823486328	0.982324410202832
37.43254089355469	-47.109100341796875	0.8201741745209733
15.817319869995117	-34.79964828491211	1.0384704910609543
43.138160705566406	6.715801239013672	1.1873962013724102
7.967629432678223	-21.568986892700195	0.5681986567336351
-38.167274475097656	-17.129480361938477	0.7947529656628878
-26.043842315673828	14.02294921875	0.8717269641889083
56.59902572631836	-23.818788528442383	1.281709894269203
27.31948471069336	39.25167465209961	0.6560692293973973
-9.521695137023926	-14.715850830078125	0.8941551382557834
30.486875534057617	5.8911333084106445	1.0382879159367469
1.4000762701034546	-32.097991943359375	0.6928195314898806
-36.86956024169922	-9.694478034973145	0.9416132442932658
38.18315124511719	26.224472045898438	0.9955882208711848
-22.711883544921875	25.17259407043457	1.4067002948292964
28.905954360961914	18.502992630004883	0.6095044718053451
22.861055374145508	1.7964931726455688	1.2055533096898836
21.113719940185547	-10.788712501525879	0.9350080049662668
47.17112350463867	15.779499053955078	1.0626314143142217
21.699871063232422	-8.389262199401855	0.8502488253065397
-31.95673370361328	3.6119959354400635	1.3119127281851617
46.59544372558594	-26.542354583740234	0.8433768308357674
16.96278190612793	-31.321680068969727	0.7381170004767036
-0.9297035336494446	-32.905250549316406	1.294429451742226
33.953857421875	1.9795836210250854	0.8678497431025398
8.989068031311035	30.904510498046875	0.6182342509366175
-13.56605339050293	-23.960847854614258	0.7449349233396909
-14.038689613342285	36.04966735839844	0.7517746163329514
20.08546257019043	-41.682716369628906	0.7792840968382789
-8.425070762634277	35.04318618774414	0.9998231655415588
-32.46726989746094	41.18599319458008	1.0950205063805143
-0.750110924243927	-29.85462760925293	0.8396628570691332
31.48751449584961	-20.44078254699707	1.051871516134037
-3.166322708129883	-53.67399597167969	0.9742864271447612
4.548737049102783	-42.712589263916016	0.7047517431485043
40.369300842285156	19.730209350585938	0.7092457463487517
6.73879861831665	-51.76315689086914	0.8467562740092752
-30.071075439453125	-19.462553024291992	1.4216428573627835
8.182809829711914	35.877227783203125	0.8430381515563496
-16.259592056274414	-31.727537155151367	1.1943658917158673
-0.8852301836013794	-53.78300857543945	1.146044886889823
41.6653938293457	14.16476821899414	1.288093097658771
36.2750244140625	6.472199440002441	1.169202877503355
18.99436378479004	-2.4094693660736084	0.996896636805006
-23.72545051574707	-1.971095085144043	0.8554892237318066
12.879252433776855	-15.986082077026367	0.5618870441745384
13.274709701538086	15.861618995666504	0.908119566638097
-26.65794563293457	-26.926237106323242	0.7224466788575689
44.28596878051758	27.58522605895996	1.4882136614860828
47.809749603271484	-18.016977310180664	1.1086715386491828
55.07056427001953	14.161312103271484	0.8148712590411114
5.435631275177002	-44.43135070800781	0.4909063994097327
-12.98388957977295	1.1680468320846558	1.0818798616718983
-12.44849681854248	48.46493148803711	1.1913078924963632
-7.677696704864502	33.28836441040039	1.2126039909085682
-5.4851274490356445	-29.27518653869629	1.1003881856102222
-11.79869270324707	-37.20405197143555	0.8225338054708488
26.00167465209961	33.6503791809082	0.7724431114417484
-48.34286880493164	-3.906956434249878	0.9943454671724584
-16.33553695678711	-50.58757019042969	0.979903579920524
6.5995354652404785	-40.395301818847656	0.9471792480579264
10.091952323913574	1.5149868726730347	0.840160340091804
15.4728364944458	39.3159294128418	1.2334602206276373
10.384653091430664	23.95145606994629	0.7886615619953573
40.5473747253418	-8.835840225219727	0.839083676085167
11.825927734375	-6.676728248596191	0.9297736176720832
5.51657772064209	-55.014530181884766	0.99441580192886
-5.6594672203063965	16.407962799072266	0.7743405533875712
-51.649391174316406	14.444311141967773	1.0386182100263264
50.750457763671875	-28.73584747314453	1.1690616701171033
-1.794136881828308	35.906280517578125	0.8834894002848631
-11.486313819885254	13.419331550598145	0.6281207137115508
-32.95652389526367	-10.749639511108398	1.0133515599171856
21.301130294799805	32.95060729980469	0.6493888433393905
-18.652475357055664	22.453842163085938	1.1290465102311027
3.430518865585327	-42.630393981933594	0.779748794736413
-13.301790237426758	-53.504032135009766	0.9519932419925772
39.130455017089844	-13.078483581542969	0.9177601593697678
11.171792984008789	-13.16816234588623	0.8937030380307286
-5.453023433685303	37.43173599243164	1.3484390692035086
6.84425163269043	24.24602699279785	0.9735246785288356
43.15507507324219	5.05482816696167	0.9716275977146064
-4.063237190246582	25.599132537841797	1.1511416153634062
-59.6439094543457	18.751184463500977	1.0021152565207463
10.404951095581055	-41.10834503173828	0.6613994359337522
7.681377410888672	45.34862518310547	0.9663689854280524
7.047673225402832	34.270015716552734	0.8993259382704357
26.092634201049805	-25.678237915039062	0.8296655974183201
17.66149139404297	-27.95206642150879	0.5788727807037318
25.462411880493164	-45.749290466308594	0.8539678197482906
37.387176513671875	12.577987670898438	1.0957787948877575
-27.707860946655273	-31.28264617919922	1.0536734643213548
-6.711688995361328	44.54493713378906	0.7944504723839548
-36.453311920166016	-26.102155685424805	1.003249808903605
17.17917823791504	13.25078296661377	0.9007058584334054
-55.02024841308594	28.052291870117188	0.8084141462261812
-33.64866638183594	34.2393913269043	0.938554793299638
-24.77890396118164	-36.37199783325195	0.869711650994491
58.80192184448242	-16.597393035888672	0.5795551697642352
-29.219043731689453	23.285259246826172	0.9175320437650346
18.446020126342773	19.033308029174805	1.184618319016624
-1.878264307975769	39.77620315551758	1.2282886013741303
33.97864532470703	-29.299457550048828	0.8013107866364269
16.692201614379883	-33.32950973510742	1.1014699395746197
-17.572856903076172	19.665409088134766	0.6036181410740401
33.83238983154297	14.903377532958984	0.8940991474307446
19.713943481445312	28.904985427856445	0.98498846235731
15.220271110534668	-0.9541738629341125	1.074121138687651
-13.391727447509766	-50.436798095703125	0.9888218757463074
38.569522857666016	-24.191526412963867	1.1572450969210653
-45.324676513671875	-5.561263084411621	1.2508048644220493
-0.9983987212181091	-24.49445915222168	1.2612987511180338
-12.50627613067627	49.365631103515625	0.8297017661392634
16.750289916992188	18.33369255065918	0.8897976161683235
-25.089401245117188	-33.726287841796875	0.7693690182653956
-5.737007141113281	29.420194625854492	1.082627032701398
49.73284149169922	-31.148849487304688	0.4270469263685721
-18.37234115600586	6.700039863586426	0.8332823203051926
26.83095359802246	4.964935302734375	0.7797229605340544
11.663012504577637	5.439624309539795	1.0663997651919574
20.22957420349121	33.95183181762695	0.7336475878900367
13.445521354675293	-53.44550323486328	0.4190321284780406
-31.28068733215332	21.61680793762207	1.1909635849836848
-5.795197010040283	-40.95174026489258	0.5804232892695425
-34.81986618041992	9.156196594238281	0.796309888401964
-17.635202407836914	-3.7870280742645264	1.22359342819962
-13.224535942077637	29.45621109008789	1.2644920597170484
18.28156280517578	-2.6064224243164062	1.0721007680809027
-16.89134979248047	35.4876594543457	0.4704379101756969
0.2070474624633789	17.944202423095703	0.599490015458501
37.2861213684082	16.67507553100586	0.7556237969896883
58.1033821105957	19.239734649658203	0.9328983252608776
24.620357513427734	-40.08207702636719	0.9914144036152116
-16.273588180541992	27.53583526611328	0.914930663940892
26.05215072631836	8.380545616149902	1.001568445808893
20.372835159301758	3.948312520980835	1.2293621016741234
-15.292352676391602	17.803590774536133	0.6187617208278052
-19.242090225219727	-45.534183502197266	0.7630968770658159
-26.867591857910156	44.62684631347656	1.3980320534130712
-8.61279582977295	-22.47378921508789	0.8124489387108748
-31.59987449645996	15.722477912902832	1.2418226505307095
15.195062637329102	1.5637143850326538	0.6539465100513832
17.54813003540039	-38.07944869995117	0.9042367181726186
34.660621643066406	-20.140363693237305	1.2308724377986362
30.921056747436523	-27.412073135375977	0.2877833934921013
40.72146224975586	10.212743759155273	1.1436220219511757
-15.583891868591309	14.594547271728516	0.2102967004795843
-5.909817218780518	31.58194923400879	1.224784383824403
-22.614887237548828	34.19010543823242	0.8513755518472635
-5.283933639526367	43.00521469116211	0.9156165856650252
-35.35575485229492	6.7771430015563965	1.1081565405661111
-11.111798286437988	33.23727798461914	0.5830409156848806
32.87692642211914	-6.6022725105285645	0.971817883468336
18.78693389892578	-22.3549747467041	0.6454480112233302
-61.64175033569336	28.269094467163086	1.2117933044880782
35.78824234008789	10.453944206237793	0.962242262385154
-48.65465545654297	-11.73838996887207	1.0720537827517589
28.97462272644043	-16.783493041992188	1.003311735615565
-2.6774909496307373	-46.31783676147461	0.8127116459624552
-0.5382738709449768	42.8989372253418	1.1403363684894354
-22.106157302856445	-11.119717597961426	1.207204796725328
15.35910415649414	0.7791810035705566	0.7484994622474407
18.9586181640625	-24.128437042236328	0.7752955698279307
-11.493315696716309	3.3421831130981445	1.1694147654103806
49.350860595703125	2.3327155113220215	0.9585424755067248
34.03912353515625	20.84552574157715	0.7365263870157256
22.957069396972656	19.66119956970215	1.0968527424206638
-22.89426040649414	49.8729362487793	0.8981280856448681
53.29794692993164	-17.64870262145996	1.0012999530203512
-40.11473083496094	-5.790065288543701	0.3707619830774988
33.152645111083984	16.87236213684082	0.9364605236446818
-29.904945373535156	10.104907035827637	1.3558371292667208
-12.36136531829834	28.938400268554688	1.47727150522383
0.2218601256608963	13.564480781555176	1.0796512403290064
6.116610050201416	-13.406439781188965	1.006634753813724
-18.913097381591797	43.21320724487305	0.5458245347139057
-5.278806209564209	14.243167877197266	0.9220003118885994
-14.534844398498535	23.9472713470459	0.7027368912520398
12.981762886047363	-28.571317672729492	0.6967626601855478
-39.09681701660156	-16.18170166015625	0.8892202141109214
-0.03403410688042641	13.312122344970703	1.0796512403290064
-15.89109992980957	-38.23638916015625	1.027745871989654
21.807449340820312	-18.3967342376709	0.862219621488329
-1.4773542881011963	-11.927820205688477	0.6631203139340707
-27.14872932434082	36.181888580322266	0.7029606938654548
41.177513122558594	11.726643562316895	1.1422688164710284
-6.751424312591553	-34.06045913696289	0.8779225002520412
-20.89434051513672	0.31124094128608704	1.128008858747369
17.161399841308594	23.816701889038086	1.2324864317441049
-18.14980125427246	24.634777069091797	0.9716555803784708
22.73780632019043	39.28001022338867	1.011177099589188
6.399471759796143	-53.87021255493164	0.9139322281965532
-13.386563301086426	-45.82460403442383	0.7567164198553695
-7.855156898498535	22.3209285736084	0.8426300451855673
50.10039520263672	-11.673107147216797	0.7895503881591315
26.00695037841797	-12.051589012145996	1.168668267772976
-49.51193618774414	23.028718948364258	0.6163918529999484
39.82661819458008	-26.603822708129883	1.201061744844397
19.55552864074707	38.79069519042969	0.6241428384800213
21.676742553710938	21.172481536865234	0.6344876920795408
0.09609813988208771	31.899717330932617	1.0951335382890932
10.9970703125	-30.72111701965332	0.951902345081314
-28.247758865356445	5.6461334228515625	1.156248398589811
-1.5497207641601562	-46.19266891479492	0.9126677700102628
55.93354797363281	-0.3331242799758911	0.975204408043184
48.07603454589844	4.695583820343018	0.6890848842047823
55.2182502746582	11.312825202941895	0.94445121395458
35.35133361816406	39.24383544921875	0.501701415795485
8.77573013305664	13.232603073120117	1.017200675508229
-58.32680892944336	22.156705856323242	1.0557307725597422
27.480451583862305	-16.712614059448242	0.954356415203544
53.58460998535156	-16.99763298034668	0.9579143953970288
-22.058094024658203	-11.67922306060791	1.0534331829552093
30.869009017944336	-46.62131118774414	0.41867760981242
-1.0029000043869019	-3.8568830490112305	1.094425083653208
-10.58707332611084	22.461395263671875	0.6750317643693213
26.365453720092773	-13.469903945922852	0.847740377389207
35.47947692871094	-23.8422908782959	0.6587566352145199
-6.617295742034912	-31.655582427978516	1.1022115047078598
40.369300842285156	19.730209350585938	0.7092457463487517
-4.335609436035156	31.026351928710938	1.328950681011019
13.059062957763672	-36.65818786621094	0.7864200801082272
20.936941146850586	-29.194791793823242	1.3143410979023662
44.12349319458008	-0.2247454822063446	1.0444314422652992
14.102948188781738	22.068498611450195	0.8870770504235104
21.699871063232422	-8.389262199401855	0.8502488253065397
9.422301292419434	34.03140640258789	0.5328734254864833
-55.995933532714844	6.02682638168335	0.5253625631663641
-44.04767990112305	27.302257537841797	1.1411598031110732
25.474163055419922	6.5049943923950195	0.8110905952972673
53.27387237548828	-10.343292236328125	0.8923797599753964
-8.723329544067383	6.634970664978027	1.118148633396677
-3.6755967140197754	44.40838623046875	0.7667568232516059
9.313450813293457	17.950572967529297	0.6266115591031731
52.31877899169922	-29.499122619628906	1.237574821257447
47.53145980834961	10.727322578430176	0.763611525402767
-26.48057746887207	44.4348030090332	1.3980320534130712
7.176678657531738	9.238948822021484	1.0168675127180913
14.97192668914795	-28.243398666381836	0.7675714777253076
-50.5887565612793	-10.472874641418457	1.0150681993931765
8.433323860168457	16.582849502563477	1.05496025411878
4.308052062988281	21.195507049560547	0.972440497193114
26.963790893554688	-35.107418060302734	0.9173979604572438
17.433507919311523	-31.091073989868164	0.7381170004767036
10.598336219787598	-21.165674209594727	0.6016651624698346
52.7373046875	4.848262786865234	0.7577830803420748
-50.31781768798828	-11.437955856323242	1.1816248200996209
29.921249389648438	5.898268222808838	1.0382879159367469
63.52238082885742	8.827877044677734	0.7046706855080515
34.88408279418945	-13.268513679504395	1.1036378974699708
-62.37303924560547	18.980321884155273	1.1589772165392065
-4.264851093292236	-13.780261993408203	0.9340774351546648
20.710140228271484	-26.312952041625977	0.3123867855630177
15.901269912719727	-46.94754409790039	1.0510286961500217
47.6033821105957	19.971492767333984	1.2398753612195272
4.265941619873047	1.4904838800430298	1.059759892999375
-35.22734069824219	2.500128984451294	1.3284441901433957
8.404495239257812	-38.76906204223633	0.6348526863210076
-2.044618606567383	35.380523681640625	0.5837179633930734
22.159160614013672	11.131364822387695	0.7301577355176556
3.0968058109283447	11.388849258422852	0.9818437305665608
3.4700968265533447	40.92000198364258	1.359808223867819
0.47106555104255676	20.595964431762695	0.9853337768604616
-3.08601450920105	6.621143341064453	0.8613393244494769
28.295024871826172	3.059180498123169	0.5447059964691896
-29.244571685791016	33.36251449584961	1.2076151639682453
30.227760314941406	21.783676147460938	0.706189625990535
-49.73908996582031	33.81095886230469	0.4550924307871456
-35.7020263671875	1.974007487297058	1.1581388545099451
-6.634736061096191	48.888553619384766	1.3393296508877646
11.142909049987793	23.725830078125	1.1897205930036476
49.41132354736328	-7.762692451477051	0.905998103249526
-21.44272232055664	-38.184417724609375	0.8754680984065448
-13.89691162109375	-36.940155029296875	1.134494781101743
55.016448974609375	0.7479217052459717	1.1832213961312037
-25.221418380737305	-41.13722610473633	0.7939888052792179
5.503571033477783	23.318613052368164	1.2105820265726752
-4.112312316894531	-36.4343376159668	1.0447850806987906
33.106258392333984	-17.484798431396484	0.7273685253613916
-7.560906887054443	-35.048187255859375	0.97554086252951
5.84579610824585	32.22479248046875	0.991830867122611
12.908637046813965	-33.19584274291992	1.4151828888139468
-4.874242305755615	9.882155418395996	0.6574448048299899
46.054996490478516	-35.734535217285156	0.7110666477228037
14.86076545715332	43.87773895263672	0.9230709400807868
43.17682647705078	8.616487503051758	0.9974621749238932
-17.501882553100586	-11.162552833557129	1.1363583520639755
20.87024688720703	40.685935974121094	0.8598482272136313
12.328551292419434	5.17971658706665	1.1264295494146082
-10.70916748046875	-9.462305068969727	1.1234143426642786
38.10840606689453	-30.101736068725586	1.0053838281623613
41.00423049926758	-8.271992683410645	1.0535785509424942
-16.872175216674805	-29.973390579223633	0.9695957915428574
0.8971037268638611	36.999847412109375	0.3788281670738667
46.32087326049805	1.7678502798080444	0.8626000219267345
-8.172566413879395	-45.819576263427734	0.814839898762948
-29.456787109375	34.18359375	0.5918522219333083
63.52238082885742	8.827877044677734	0.7046706855080515
2.9713191986083984	1.3279300928115845	1.150494267051552
-16.351102828979492	33.94551467895508	0.8363464367136607
16.384769439697266	34.357765197753906	1.0015622551279648
-18.941097259521484	14.812532424926758	0.4764772121836577
25.907705307006836	-30.182329177856445	0.9589600721637312
51.89999771118164	-4.139699935913086	1.087074658665366
10.809008598327637	-36.61188888549805	0.8621779176186428
31.45211410522461	-13.56723403930664	0.9084005242783576
52.9821662902832	7.634809970855713	1.0910419824746789
-23.11052894592285	-5.90557861328125	1.494289842827542
-2.1635470390319824	26.286666870117188	1.120500369071885
7.564923286437988	-51.53221130371094	0.7925026834448652
-44.273033142089844	1.9501436948776245	0.958428920502188
-41.99600601196289	13.31917953491211	1.0954200804183485
11.555986404418945	-19.92633819580078	0.6635300791838687
-4.945328235626221	-1.232330322265625	0.960640414884109
-60.405792236328125	19.11086082458496	1.3715548319653124
21.670249938964844	-51.20317840576172	1.0756018578257869
37.226348876953125	-3.3840577602386475	1.3388180307653264
-21.04120445251465	-4.474113941192627	1.0489856150199874
45.791934967041016	-16.839067459106445	1.1350677124343949
-60.996437072753906	-0.444489985704422	0.5188530819610158
-8.086682319641113	33.09125900268555	1.2126039909085682
40.50680160522461	1.8708503246307373	0.9630029196474688
-8.317073822021484	11.211668014526367	0.6115153484223638
45.206634521484375	-16.52747344970703	1.0981634763568544
-8.904295921325684	4.726831912994385	0.7027791784848866
14.231411933898926	10.46652603149414	0.9472557276276418
21.043333053588867	-43.63490676879883	0.321812137985659
35.10383605957031	21.710819244384766	0.6967100215887343
-22.023778915405273	-16.512866973876953	1.1316113341224188
-7.091403007507324	1.09224534034729	0.7425175532185537
-27.017719268798828	19.619848251342773	0.9477231831833433
-7.680883884429932	-40.957191467285156	0.907947143059114
-1.526466727256775	14.966547012329102	1.0717977656527926
-3.4214060306549072	0.9214325547218323	0.6926729757021606
57.6163444519043	20.62968635559082	0.832035522590613
26.910505294799805	-33.39519119262695	1.2107118192205932
-32.80448532104492	-19.138769149780273	1.1663942357117625
-34.206764221191406	26.113393783569336	1.215310953018533
21.763275146484375	39.21043014526367	0.997219430463296
-18.873472213745117	-25.8422908782959	0.8793480072854536
20.178054809570312	-8.43117618560791	0.8785249878264019
58.1033821105957	19.239734649658203	0.9328983252608776
-60.77072525024414	17.08340072631836	0.8583240147201434
-4.165721893310547	20.720714569091797	0.9348713339577728
2.2257351875305176	48.982421875	0.8507075817916251
17.56110954284668	-48.606178283691406	0.7262684018150306
50.281070709228516	-22.8472900390625	0.9691539024871324
-49.17634201049805	-9.377013206481934	0.9967392340442744
14.338550567626953	27.06751251220703	0.9306101492533831
-11.724698066711426	16.420289993286133	0.3814652126114193
-41.2703742980957	19.67319107055664	0.9255101888162026
39.925960540771484	-0.4973360002040863	1.1694354437944543
17.939903259277344	7.787601947784424	0.9124512694546598
-50.42778778076172	21.91596794128418	1.0154012558420895
-58.26969528198242	17.484220504760742	0.2593707241220499
8.778006553649902	-13.999665260314941	0.9331484909092612
43.7186393737793	-23.67533302307129	1.3310074510584935
32.332252502441406	-5.593111038208008	0.906256184688064
27.818540573120117	-20.926441192626953	0.98176598391443
21.893770217895508	42.03889465332031	0.8417439893338159
-7.773688316345215	-3.947765350341797	1.2175573644226032
44.86000442504883	-10.25251579284668	0.8562418118362412
17.879148483276367	-15.508893966674805	0.8846352181448814
5.828828811645508	-49.289588928222656	0.7472632388989058
-0.5382738709449768	42.8989372253418	1.1403363684894354
-36.426170349121094	-25.484092712402344	0.88907212781885
-6.415053844451904	17.573108673095703	0.5391697279495985
-18.785736083984375	-26.805143356323242	1.2782199858315069
30.515653610229492	8.152745246887207	1.2177551833042854
39.215576171875	-0.07906464487314224	1.2713139413673216
10.232666969299316	-1.8936336040496826	1.0214111801601573
-12.239089965820312	-25.726268768310547	0.5088836599928833
-50.51416778564453	29.53409194946289	0.6561522027667419
-11.360177993774414	23.090356826782227	0.624882340535466
25.10501480102539	-39.5738639831543	0.7961656082043589
-29.878419876098633	-3.774569511413574	1.3337095807453692
-51.163352966308594	13.5824556350708	0.5072747748796815
-26.868139266967773	37.61785888671875	1.1234425533957664
52.51288604736328	-9.838214874267578	0.9462856587723268
-22.83794403076172	-44.8523063659668	0.6534386032201333
-5.482086181640625	-1.4621235132217407	1.0741780571658164
-19.83811378479004	16.63064956665039	0.4633345275364553
-10.70916748046875	-9.462305068969727	1.1234143426642786
6.291834831237793	-48.48663330078125	1.0657219942894645
58.26667785644531	0.5341348052024841	0.7827210155791623
37.43254089355469	-47.109100341796875	0.8201741745209733
-2.2519776821136475	-53.81830596923828	0.8975191040453242
-9.073214530944824	30.702667236328125	0.943109313918049
-49.39006423950195	33.54751968383789	0.4550924307871456
-34.8612060546875	27.73964500427246	1.1577515992911616
-17.232498168945312	3.407942295074463	0.7750780537739796
-16.646841049194336	-47.63344955444336	0.9901497769394558
21.89787483215332	-17.223854064941406	0.8835706233121297
22.062007904052734	17.84834098815918	1.2143399167053432
37.948753356933594	-45.69200897216797	0.9092544251673188
-8.950882911682129	-16.17595100402832	0.1108318386109745
-48.75028610229492	22.069805145263672	0.9729723359874716
44.56586456298828	-20.92987823486328	1.266032811942362
39.869781494140625	0.8985636234283447	0.9566973583969984
-8.839566230773926	26.77371597290039	0.843686220983869
-33.455970764160156	9.689419746398926	0.7582865536006033
26.6992130279541	-25.57653045654297	0.767536839573928
-9.684486389160156	19.409088134765625	0.4565081695528952
-30.19230842590332	-4.163142681121826	0.8615543358142872
18.63426971435547	23.641672134399414	1.0680947074853948
1.0036650896072388	1.5473130941390991	0.9961999609155566
-21.495607376098633	51.001976013183594	0.748498029444967
22.376440048217773	41.72660827636719	0.8417439893338159
14.673277854919434	-20.887786865234375	0.9778850283040036
58.170772552490234	6.64118766784668	0.8150591515951202
38.096981048583984	6.222139358520508	1.21426385447027
-16.142135620117188	-53.45225524902344	0.6278003206942536
58.16909408569336	7.14018440246582	0.8537835318912987
21.497825622558594	-24.94750213623047	0.848112406191832
-57.78190231323242	-2.7518084049224854	0.5965466879011043
-62.59966278076172	-3.4230568408966064	1.1973927780682738
-8.98739242553711	39.27897262573242	1.1330516328686355
-52.15348434448242	28.38789939880371	1.0233188572818084
59.08094787597656	-12.929247856140137	0.9295688368422133
39.843971252441406	-20.16693115234375	1.1269406034125025
-25.87687110900879	4.75073766708374	1.4731518171733764
-51.12754821777344	22.530153274536133	0.6045216788012759
8.995244026184082	-55.3038444519043	1.1568680378609542
-60.74568557739258	21.54956817626953	1.0702864443919338
-17.95500946044922	-48.848663330078125	1.2407526496292374
-27.975461959838867	-9.907441139221191	0.8007334054382097
33.944358825683594	-34.34395217895508	0.9556660680349632
51.09920883178711	-0.6212374567985535	1.033093972371307
-21.195608139038086	57.57072448730469	0.3366197752947324
30.207319259643555	26.31663703918457	0.3419441158969895
-13.718135833740234	-21.884050369262695	1.138050263316731
8.106635093688965	-31.654146194458008	1.0792269981035931
20.48972511291504	-2.087595224380493	0.8519144503784354
44.51707077026367	-1.5188024044036865	1.10499813771967
-21.857040405273438	-46.46536636352539	0.9654272035194672
15.38800048828125	-19.27312469482422	1.019216594723661
10.191768646240234	31.586641311645508	0.6549748179242343
-26.446332931518555	24.12126922607422	1.422075599229797
12.046873092651367	19.313533782958984	1.1317691648651191
-47.47000503540039	-11.70719051361084	0.971387205653036
26.60533905029297	-0.011307809501886368	0.9783061405427764
-22.22785758972168	34.297637939453125	0.8513755518472635
-18.81690788269043	35.68977737426758	0.8647266402326139
-5.4657464027404785	21.897438049316406	0.7644131416712289
5.651139736175537	35.254085540771484	0.9561150074270446
-2.6294336318969727	9.549590110778809	0.8407995304975081
-9.930017471313477	-11.679550170898438	1.0782240358149522
-35.6726188659668	-12.254922866821289	1.086758834786703
47.71843719482422	20.719566345214844	1.3467482041976924
-27.690847396850586	29.545352935791016	0.9585947422831196
-4.552788257598877	-38.266685485839844	0.8417617746682398
-24.55558204650879	-1.4551095962524414	0.9785409142143188
-48.02972412109375	-9.433225631713867	1.1479826652499605
-12.510625839233398	12.871105194091797	0.6609251322813052
-63.585079193115234	18.110275268554688	1.0605204803699968
-16.714452743530273	-15.899527549743652	1.1772525413322543
-38.3851318359375	8.121673583984375	1.2432546566936589
-17.981245040893555	38.01567840576172	0.8958374489837473
-46.920860290527344	-10.396769523620605	0.9795671531690596
-9.472453117370605	-13.532154083251953	0.8072952677863731
-22.738828659057617	-35.336490631103516	0.6293664551304107
-14.534844398498535	23.9472713470459	0.7027368912520398
-24.99658203125	-43.015655517578125	0.8899147710387889
-32.25886917114258	5.370906352996826	1.2169168542829931
-17.989635467529297	4.588979244232178	0.8230064949927888
-0.3303784430027008	5.695509910583496	0.9163254814147694
-30.598587036132812	21.782978057861328	1.257812426136817
-35.72238540649414	-15.693209648132324	1.0826007601820478
43.06298828125	-24.21343231201172	1.157693681440646
-12.314058303833008	5.449182510375977	1.2563632990962723
52.60228729248047	-3.520073652267456	0.7727359211087997
14.917641639709473	43.15378189086914	0.773320841268279
-8.231893539428711	49.08018112182617	1.1554325291873442
56.80661392211914	-22.98996925354004	1.2179772042906982
-19.615686416625977	40.51441192626953	0.6730883524311495
-53.11283493041992	-3.153548240661621	1.0748159699050217
45.36155700683594	-27.168733596801758	0.9046869029787667
39.81291198730469	-4.633625030517578	1.0098072989430884
15.852455139160156	-10.855216979980469	0.8977615925487391
-3.6738264560699463	-44.270389556884766	0.7224884368824118
-63.265560150146484	20.836082458496094	0.9190948939769916
45.90679931640625	-36.262638092041016	0.3842283907377014
36.30714416503906	31.2047176361084	1.1283357690534694
-28.066068649291992	13.572440147399902	1.3028275671609018
18.75978660583496	12.849226951599121	0.7701427393505565
37.0526237487793	17.00224494934082	0.7556237969896883
26.42802619934082	14.267791748046875	0.8005531486380671
-27.010093688964844	-33.81230163574219	0.9001323607089429
22.88023567199707	-24.12619972229004	1.0067879349371534
8.139056205749512	45.37064743041992	1.1089931282567165
-27.346418380737305	37.664710998535156	1.1234425533957664
54.02383804321289	15.57673168182373	0.8866278048591794
29.901399612426758	8.229619979858398	1.2177551833042854
2.213773012161255	-13.054778099060059	0.4480229401623126
-26.74851417541504	-44.460205078125	0.8304096058928696
-61.705055236816406	22.082456588745117	0.8586363830588392
-18.876052856445312	-24.157291412353516	0.7409287230380083
21.809459686279297	-29.556856155395508	1.2696232595310524
6.16548490524292	-17.71115493774414	0.5665788234091923
28.92243003845215	26.024484634399414	0.3040029184100293
37.30148696899414	-17.29187774658203	1.3060068621133645
7.58937931060791	-0.8609150648117065	0.4503618809462907
-3.361194610595703	5.660231590270996	0.8874147905960983
-19.2293701171875	12.847314834594727	0.6240245124795958
-18.25480842590332	44.55680847167969	0.7282030514512785
-17.96187400817871	-8.793781280517578	0.8436685195176785
38.710182189941406	26.23652458190918	1.2592060412688972
-31.73972511291504	12.052586555480957	1.6398795044592132
-0.22318191826343536	5.16562032699585	1.0028622405968364
5.267345905303955	17.587383270263672	1.2158388020709978
-11.493315696716309	3.3421831130981445	1.1694147654103806
-17.635202407836914	-3.7870280742645264	1.22359342819962
10.286632537841797	9.35291576385498	1.0796968475988935
3.5761332511901855	3.957096815109253	0.6937876344379619
-8.178690910339355	-30.020042419433594	1.0705899830686163
24.592201232910156	21.36138916015625	0.9208904684044602
-3.725071668624878	19.688488006591797	1.3866783646216636
-11.503290176391602	15.110930442810059	0.5451260185414062
26.06270408630371	-2.7175939083099365	0.9585931741124462
-39.61552429199219	-15.385741233825684	0.8035951605606778
41.6653938293457	14.16476821899414	1.288093097658771
-6.612489223480225	6.128121852874756	0.863090919623854
-25.286401748657227	40.32463836669922	0.5522829507646595
-57.436405181884766	3.672701835632324	0.0041041881890686
53.912925720214844	9.077244758605957	1.1381042940974635
-50.51416778564453	29.53409194946289	0.6561522027667419
-30.586708068847656	8.797822952270508	0.974680779738374
25.44746971130371	33.79499435424805	1.1380486272593375
-6.168999671936035	52.21743392944336	0.979390827980838
43.916629791259766	-27.64969825744629	0.8529021001887573
-17.10894775390625	-52.25529861450195	0.7180215380891553
47.17112350463867	15.779499053955078	1.0626314143142217
24.874897003173828	26.12596321105957	0.720481459101071
6.787981033325195	40.04277038574219	0.6037420301110192
-10.93632698059082	-0.3234015703201294	1.0305187492661263
19.055950164794922	-14.542232513427734	0.7503078974842708
-19.5502872467041	30.412368774414062	0.9900252911114864
-21.932924270629883	-47.178443908691406	1.1054059005266124
-14.038689613342285	36.04966735839844	0.7517746163329514
30.115428924560547	28.734458923339844	0.5736252095403456
-31.777456283569336	35.988162994384766	1.0789125874132386
-49.71421813964844	-22.622333526611328	0.7467586748322588
20.48872947692871	38.27198791503906	0.9703644481840978
21.808361053466797	-37.04188537597656	0.6462555233004548
-2.409230947494507	24.994474411010742	1.0246521114329037
11.422270774841309	-39.0447998046875	0.8025116555113528
0.7889675498008728	49.4234619140625	0.9063893812139352
26.60286521911621	38.03522491455078	0.8870473259033705
31.04758071899414	-8.678650856018066	1.2280861373499483
44.51142883300781	-29.616012573242188	0.5234209347354694
-23.90155792236328	-33.5707893371582	0.7309950153743257
-25.756101608276367	18.718690872192383	1.101113039568842
40.82773208618164	-14.527411460876465	1.0997291656606265
-22.875001907348633	-29.94552230834961	1.0095363656450291
47.41054153442383	10.255511283874512	0.7572339679234131
43.509521484375	-3.848219633102417	0.7564850052563536
14.326909065246582	5.155506134033203	0.7299464085925216
-14.625021934509277	-52.39938735961914	1.0754152614525594
-3.2483291625976562	-40.91889190673828	1.0947270633303865
-19.55922508239746	0.21660421788692474	0.9523337311357618
-14.534444808959961	11.559706687927246	0.8643894438299382
-26.914384841918945	8.49612045288086	0.8999467046025702
6.003804683685303	4.389275074005127	0.6733716397717625
12.819416999816895	22.83266258239746	1.1044267821152711
44.672325134277344	-21.42960548400879	1.334658908705269
32.10191345214844	-20.837182998657227	1.548856892603628
-58.929264068603516	2.231583595275879	0.5976805619017379
-17.648386001586914	26.52664566040039	0.649740630314936
-12.84432601928711	42.25041198730469	0.8848476633510718
-55.054527282714844	2.9275400638580322	0.411628317034753
-37.92106628417969	-29.870567321777344	0.487200484118015
20.053743362426758	-13.958600997924805	1.084216645354488
25.474163055419922	6.5049943923950195	0.8110905952972673
-8.878477096557617	43.826316833496094	1.0971390460314416
-31.40936279296875	30.038501739501953	1.2279000946310024
-31.57663345336914	-40.277278900146484	0.6989195780884893
12.320636749267578	-51.05168914794922	0.5036539185221145
18.075937271118164	34.200260162353516	0.9392390069217942
22.110872268676758	13.05696964263916	0.6682490380304659
62.176666259765625	-4.850555419921875	0.96760989172918
40.26625442504883	-5.156588077545166	1.2424635784079925
45.64351272583008	-12.25059700012207	1.0962047331880298
-14.748992919921875	38.89297866821289	1.085872088199444
-32.84239196777344	34.90521240234375	1.0811866803170311
-40.46591567993164	14.291472434997559	0.7615114431345578
47.5394172668457	-8.947036743164062	0.8410244975314689
-8.822382926940918	-46.12187576293945	0.8086613608640912
58.203346252441406	-15.260290145874023	1.4155183180036202
42.43043518066406	-6.9494500160217285	0.7658752076543138
-58.12305450439453	-7.154472351074219	0.288779564303575
-11.76677131652832	50.6278190612793	0.8154998809574735
-20.113895416259766	18.381792068481445	0.7487157212998351
-43.18556594848633	-1.7694495916366577	1.178179851380018
-0.9690884947776794	37.581298828125	0.9031628432689688
-61.757598876953125	-5.952094078063965	0.6844209454268386
27.951745986938477	26.78524398803711	0.8107369364611261
1.344261884689331	25.73790168762207	0.9357214158764432
-17.635005950927734	38.142887115478516	0.8958374489837473
-43.714500427246094	28.166540145874023	1.1775052047420649
29.828853607177734	20.931102752685547	0.896886943822641
-8.065227508544922	-4.345788478851318	1.1265312807836794
3.670825719833374	27.792518615722656	0.60087479002166
3.3836605548858643	24.32501983642578	1.0879389311736358
-14.277359008789062	10.180956840515137	0.8702699685954036
-63.14155197143555	17.181455612182617	0.6422195998994209
37.40142059326172	38.937686920166016	0.6557534165320078
-41.337005615234375	20.698928833007812	0.8907904915793572
21.821863174438477	4.284768104553223	1.2495006118836771
-32.86943054199219	12.524046897888184	1.2955647759088724
26.791345596313477	25.572738647460938	0.4784201296499156
-23.015636444091797	39.098262786865234	0.9666537680825248
-53.296051025390625	-5.179643154144287	0.7478875051754539
2.7111806869506836	-12.680859565734863	0.5522749230464705
2.6034183502197266	-51.23789596557617	0.5835101836120846
-48.94014358520508	-0.02597634308040142	1.0906515464557438
-0.08391523361206055	31.536317825317383	1.0951335382890932
6.268209934234619	12.883837699890137	0.8511677817597961
-28.466590881347656	42.47404861450195	1.0201601625991512
9.913235664367676	50.757686614990234	0.7756342300972056
5.0033416748046875	-36.59846878051758	0.8976344729896318
25.14580535888672	-12.96121597290039	0.9580413740351256
26.977214813232422	-30.631378173828125	1.1370254572337557
50.32416915893555	-15.524547576904297	1.2784016347025096
33.398216247558594	-34.363014221191406	0.9784395541160548
49.71714401245117	-12.044384002685547	1.0412783288749552
-59.77231216430664	-6.445066452026367	0.7772074850446381
43.85213851928711	27.680377960205078	1.618766494968991