x	y	cluster	word
-0.01747998408973217	10.65773868560791	8	his
39.673946380615234	-14.584846496582031	3	sister
1.1218230724334717	10.357928276062012	8	hers
31.636003494262695	13.55986213684082	4	european
-25.55345344543457	17.55266571044922	8	would
-46.57734298706055	-15.586783409118652	0	time
-41.9631462097168	-28.649066925048828	5	people
-27.24929428100586	15.372764587402344	8	make
-19.360973358154297	21.680206298828125	8	could
-16.304969787597656	12.50788402557373	8	think
-53.47651290893555	-7.445683479309082	0	years
4.061954975128174	38.23153305053711	1	really
-32.448097229003906	33.9537239074707	2	made
21.66238021850586	27.31354331970215	4	free
-23.802034378051758	15.641361236572266	8	using
-14.856562614440918	34.248870849609375	2	found
-10.538002014160156	23.95768928527832	1	How
-32.08073806762695	15.372581481933594	8	When
-54.037757873535156	-6.072997093200684	0	days
-18.6491641998291	18.016225814819336	8	must
-2.69010853767395	3.401503324508667	8	thing
2.2017223834991455	24.773571014404297	1	today
-24.05230140686035	10.281778335571289	8	read
19.380207061767578	-17.468576431274414	9	book
28.153804779052734	17.32185173034668	4	left
-3.0783088207244873	10.876992225646973	8	Our
0.4750378131866455	22.686908721923828	1	ever
-37.43535614013672	-30.14887809753418	5	children
-52.25226974487305	-7.03376579284668	0	months
-24.631893157958984	8.79541301727295	8	making
27.66599464416504	-4.798869609832764	9	state
-22.829835891723633	15.090858459472656	8	provide
27.417055130004883	26.309833526611328	4	local
20.873733520507812	26.946565628051758	4	Free
-20.03672981262207	13.371243476867676	8	let
-9.7099609375	16.164735794067383	8	try
-31.235414505004883	13.866120338439941	8	makes
17.521095275878906	-26.912281036376953	9	room
24.13711929321289	17.053081512451172	4	public
54.53279495239258	3.943784475326538	7	John
-54.860836029052734	-7.253365516662598	0	hours
1.2343660593032837	35.09162521362305	1	already
15.58198356628418	-8.30466365814209	10	price
27.66599464416504	-4.798869609832764	9	State
0.47994017601013184	3.1679704189300537	10	problem
23.761009216308594	-16.69582748413086	9	County
0.6125724911689758	1.5518536567687988	10	process
-24.782312393188477	11.818745613098145	8	After
-3.0884170532226562	27.485857009887695	1	often
-32.29159927368164	14.201007843017578	8	means
22.477169036865234	-16.11566162109375	9	country
-40.038734436035156	-29.7540340423584	5	friends
-32.89988327026367	32.29460906982422	2	started
24.40093231201172	-2.4774608612060547	4	level
-16.7119140625	-38.76163864135742	5	government
-16.191282272338867	4.1730523109436035	8	comes
15.83486270904541	-8.207427978515625	10	Price
-52.5896110534668	-5.920516014099121	0	minutes
-24.05862045288086	10.280734062194824	8	Read
-11.953401565551758	14.368992805480957	8	trying
-48.6634407043457	-13.417935371398926	0	million
-40.56880187988281	-26.388795852661133	5	States
-41.78413391113281	-31.194889068603516	5	men
3.784902572631836	20.076045989990234	1	everyone
-1.1194871664047241	3.344740867614746	10	question
-3.7421412467956543	-11.667953491210938	10	plan
-30.346027374267578	10.387446403503418	8	About
-32.03762435913086	10.577336311340332	10	article
-18.664085388183594	12.682242393493652	8	create
-46.57707214355469	-15.5868501663208	0	Time
-35.17292404174805	-16.738643646240234	10	history
48.862876892089844	-0.6676920652389526	7	America
-6.979767322540283	14.228216171264648	1	Why
-9.578109741210938	39.218772888183594	2	wanted
26.36077308654785	-8.303388595581055	9	class
-23.875993728637695	13.602457046508789	8	whether
-52.661922454833984	-8.033740997314453	0	weeks
-0.01719733513891697	10.65921688079834	8	His
-0.7733489274978638	-3.0057313442230225	10	reason
-4.20311164855957	35.240848541259766	8	rather
5.028675556182861	-9.73887825012207	10	property
20.321380615234375	-23.979618072509766	9	hotel
40.07614517211914	-7.868821620941162	3	friend
-13.359402656555176	13.972412109375	8	understand
26.15459632873535	19.49351692199707	4	major
-12.187067985534668	-10.855533599853516	10	credit
36.49568557739258	-13.63348388671875	3	couple
14.43940258026123	17.35409927368164	4	original
-1.5249556303024292	-29.21613311767578	10	energy
-30.095935821533203	14.433520317077637	8	Are
20.321380615234375	-23.979618072509766	9	Hotel
-22.107269287109375	-10.269474029541016	6	stuff
-12.303787231445312	15.856674194335938	8	cannot
1.608054280281067	32.22805404663086	1	usually
-37.006900787353516	-29.004169464111328	5	guys
20.15317726135254	-13.905182838439941	9	store
23.944307327270508	-14.567665100097656	9	field
34.385772705078125	-18.610380172729492	3	guy
-27.030466079711914	-21.8231201171875	6	books
-6.404755592346191	-1.3365260362625122	10	leave
-27.175460815429688	-16.569128036499023	6	prices
5.803536415100098	25.250308990478516	1	wrong
0.1789904534816742	4.45950984954834	10	cause
9.619827270507812	17.41962432861328	4	general
-30.73177719116211	33.81768798828125	2	created
-16.22031593322754	16.300148010253906	8	shall
20.639429092407227	12.521620750427246	4	private
-51.171871185302734	-13.25708293914795	0	morning
39.9437141418457	-21.281837463378906	3	model
47.98395919799805	-1.8959964513778687	7	USA
-25.06590461730957	36.910484313964844	2	designed
23.724998474121094	21.317363739013672	4	professional
-14.590571403503418	10.792052268981934	8	hear
-32.961769104003906	-15.553390502929688	6	rights
-26.10429573059082	13.504148483276367	8	Can
21.13479995727539	28.699066162109375	4	common
46.574676513671875	-18.433135986328125	3	President
54.99872589111328	2.8112471103668213	7	James
17.927696228027344	21.173707962036133	4	popular
-29.57701301574707	-37.16238021850586	5	players
9.619763374328613	17.419490814208984	4	General
45.52177047729492	-27.424697875976562	3	player
3.498992443084717	5.331151008605957	10	choice
-19.865182876586914	13.764549255371094	8	Let
-41.39324188232422	-28.452035903930664	5	People
59.09086227416992	4.533045768737793	7	Michael
2.2017223834991455	24.773571014404297	1	Today
8.921749114990234	28.460512161254883	1	fine
23.065275192260742	27.094722747802734	4	final
27.343576431274414	-6.605139255523682	9	Department
-49.570125579833984	-12.550724983215332	0	Thursday
-13.671601295471191	-14.954880714416504	4	specific
-1.6323240995407104	-9.571218490600586	10	meeting
-50.66450881958008	-12.181659698486328	0	Tuesday
-50.527626037597656	-11.440934181213379	0	Wednesday
22.458171844482422	-13.868935585021973	9	Club
19.380207061767578	-17.468576431274414	9	Book
-15.756632804870605	35.328895568847656	2	tried
3.013037919998169	37.566810607910156	1	easily
-25.463008880615234	15.662217140197754	8	Have
-29.600095748901367	32.81070327758789	2	decided
-40.187461853027344	-31.565847396850586	5	parents
1.4784187078475952	-9.626678466796875	10	collection
2.552828311920166	0.15063324570655823	10	title
-5.523642539978027	-6.8588175773620605	10	purchase
7.387665271759033	43.94815444946289	1	excellent
-12.661859512329102	42.29786682128906	2	shot
5.909154415130615	36.537132263183594	1	wonderful
0.14482729136943817	29.782493591308594	1	completely
-8.302696228027344	-0.19833150506019592	10	moment
-18.117908477783203	24.38714599609375	8	knew
16.80036735534668	-20.612966537475586	9	band
22.465911865234375	-22.62152862548828	9	Church
-32.898963928222656	35.1751594543457	2	built
-18.718116760253906	5.442942142486572	8	wants
-22.626325607299805	41.78847122192383	2	born
-54.38715744018555	-9.373446464538574	0	hour
21.662504196166992	-11.029820442199707	9	device
-34.6306037902832	-14.959485054016113	6	feet
18.37419319152832	-26.092639923095703	9	bed
-5.388070106506348	9.381683349609375	8	Will
-10.649782180786133	7.997130393981934	8	guess
-25.11810302734375	-14.174880027770996	6	plans
-25.7217960357666	33.399600982666016	2	published
-9.535504341125488	18.054218292236328	8	happen
-27.24929428100586	15.372764587402344	8	Make
12.125057220458984	-22.641752243041992	9	wedding
-29.493925094604492	34.362098693847656	2	brought
24.13711929321289	17.053081512451172	4	Public
30.166213989257812	-3.990381956100464	3	Man
-23.055198669433594	-13.857799530029297	6	rates
-31.533754348754883	-27.230247497558594	5	countries
-3.1489477157592773	-8.110148429870605	10	walk
2.9152467250823975	28.726938247680664	1	directly
25.637773513793945	-5.401493072509766	9	item
0.676002562046051	-12.707283973693848	10	Press
8.21738338470459	47.41440963745117	1	definitely
49.741554260253906	0.864416241645813	7	Europe
-27.779483795166016	31.749279022216797	2	paid
59.23538589477539	6.0873284339904785	7	George
24.440902709960938	26.690658569335938	4	legal
36.0470085144043	-9.446099281311035	3	Star
16.22832679748535	-11.63579273223877	9	estate
-34.11663818359375	-8.928750038146973	6	lots
50.506256103515625	2.526200771331787	7	England
-35.41069030761719	-16.764404296875	10	History
-35.90589904785156	-15.283387184143066	10	Science
57.5397834777832	5.740622043609619	7	Robert
15.853155136108398	-14.181413650512695	9	brand
22.465911865234375	-22.62152862548828	9	church
-41.62472915649414	-30.65911102294922	5	Men
-11.559577941894531	34.64902877807617	2	happened
20.957120895385742	-9.577127456665039	9	shop
46.38352584838867	-9.160794258117676	3	father
18.08687973022461	23.309337615966797	4	regular
18.16790771484375	25.844860076904297	4	normal
12.796510696411133	24.162796020507812	4	serious
16.405723571777344	-11.830533027648926	9	Estate
-28.078866958618164	34.577598571777344	2	bought
-40.56880187988281	-26.388795852661133	5	states
58.04764175415039	3.785628318786621	7	William
-25.69191551208496	-23.063770294189453	6	rooms
31.46175193786621	13.27232837677002	4	European
-32.25275421142578	-11.256304740905762	6	articles
41.09146499633789	-13.312735557556152	3	author
18.592571258544922	-12.833117485046387	9	channel
29.948177337646484	-1.291418194770813	4	official
22.509841918945312	25.162002563476562	4	basic
3.5336313247680664	11.83626937866211	1	double
5.231414794921875	-18.226078033447266	10	force
20.93421745300293	-9.576435089111328	9	Shop
19.58746910095215	-15.781475067138672	9	drug
22.25656509399414	13.577818870544434	4	commercial
22.458171844482422	-13.868935585021973	9	club
-28.38675880432129	-28.40089988708496	6	names
0.6759911179542542	-12.707324981689453	10	press
36.04689407348633	-9.444890975952148	3	star
1.4787131547927856	-9.626280784606934	10	Collection
6.302466869354248	-11.027393341064453	10	construction
-35.90589904785156	-15.283387184143066	10	science
-23.807636260986328	38.928611755371094	2	named
-5.882172107696533	-5.252624988555908	10	Quote
46.574676513671875	-18.433135986328125	3	president
-51.62390899658203	-7.992057800292969	0	seconds
25.637773513793945	-5.401493072509766	9	Item
-28.345413208007812	-9.541304588317871	6	reasons
-7.003499507904053	-16.473873138427734	10	supply
-12.746403694152832	36.2498893737793	2	finished
8.411988258361816	23.331823348999023	1	Welcome
27.417055130004883	26.309833526611328	4	Local
3.2459845542907715	-8.623139381408691	10	print
40.79719543457031	-12.054789543151855	3	owner
-16.712068557739258	-38.761756896972656	5	Government
-0.1353018432855606	32.47990417480469	1	immediately
-37.43535614013672	-30.14887809753418	5	Children
-9.66241455078125	-6.501423358917236	10	buying
-5.038599491119385	27.383522033691406	1	generally
-13.245821952819824	12.443317413330078	8	understanding
8.974349021911621	26.08785057067871	1	responsible
7.935776710510254	46.931663513183594	1	correct
-16.167808532714844	11.043856620788574	8	finding
51.81855010986328	2.4363319873809814	7	France
-21.658689498901367	12.921167373657227	8	creating
-31.418241500854492	-31.751510620117188	5	stars
7.21084451675415	37.0479850769043	1	comfortable
17.521095275878906	-26.912281036376953	9	Room
-9.387816429138184	-8.324189186096191	10	discussion
12.124900817871094	-22.641969680786133	9	Wedding
3.4988977909088135	7.990910053253174	10	mine
27.488309860229492	23.065095901489258	4	federal
-24.989683151245117	40.72853469848633	2	married
20.8973445892334	-20.546756744384766	9	Library
44.310020446777344	-16.28388786315918	3	Manager
-25.984329223632812	33.244747161865234	2	Published
21.386066436767578	26.63579559326172	4	FREE
52.781982421875	3.2597153186798096	7	Christ
-7.932499885559082	17.93366050720215	8	happens
-26.527681350708008	-21.83697509765625	6	Books
-53.3936653137207	-10.058083534240723	0	minute
-48.793636322021484	-14.695172309875488	0	evening
-27.47124671936035	13.398314476013184	8	Their
39.9437141418457	-21.281837463378906	3	Model
8.412025451660156	23.331817626953125	1	welcome
19.413841247558594	16.882043838500977	4	Grand
-49.738948822021484	-13.335721969604492	0	century
41.53061294555664	-12.856861114501953	3	Author
-23.73210334777832	-21.220428466796875	6	tickets
-27.653400421142578	35.937522888183594	2	described
14.745589256286621	-24.519031524658203	9	dress
-23.408370971679688	35.0029411315918	2	established
11.227478981018066	25.490283966064453	1	famous
25.255661010742188	25.01188850402832	4	primary
-50.19967269897461	-6.93281364440918	0	thousands
-19.356109619140625	-14.161890029907227	6	steps
44.777828216552734	-10.910398483276367	3	doctor
9.022017478942871	41.52098083496094	4	classic
-1.2075196504592896	-29.031450271606445	10	Energy
-31.308712005615234	35.73392105102539	2	placed
28.414703369140625	19.170814514160156	4	adult
-19.584104537963867	-16.745363235473633	6	plays
42.79043197631836	-13.73294734954834	3	leader
-22.968469619750977	-15.65743350982666	6	standards
44.310020446777344	-16.28388786315918	3	manager
22.477169036865234	-16.11566162109375	9	Country
3.554140567779541	36.18757629394531	1	clearly
20.15317726135254	-13.905182838439941	9	Store
3.6418023109436035	1.5106945037841797	10	Edition
2.552828311920166	0.15063324570655823	10	Title
14.254435539245605	-28.783260345458984	9	garden
-33.24644088745117	-34.09423065185547	5	owners
-32.03762435913086	10.577336311340332	10	Article
-23.53914451599121	-37.00732421875	5	parties
-2.2151660919189453	5.008725166320801	8	meaning
51.067752838134766	1.7249759435653687	7	Germany
-23.625873565673828	16.01384925842285	8	Using
25.77685546875	-17.161209106445312	9	capital
-24.624462127685547	27.983776092529297	4	expensive
-22.880611419677734	34.389312744140625	2	caused
2.3848154544830322	-2.8255810737609863	10	operation
-29.59845733642578	10.194025039672852	1	Both
-35.985923767089844	-33.395591735839844	5	workers
17.786022186279297	15.240160942077637	4	creative
-26.15350914001465	-20.415651321411133	6	drugs
-14.701480865478516	32.37023162841797	2	enjoyed
24.797714233398438	19.568605422973633	4	independent
25.265525817871094	17.48337173461914	4	foreign
43.76342010498047	-12.41637897491455	3	teacher
55.464935302734375	5.3024725914001465	7	Jim
3.375600576400757	-1.1050807237625122	10	recipe
-5.479837894439697	-3.400789499282837	10	rule
-18.86192512512207	23.12468910217285	8	meant
-30.111080169677734	-17.985841751098633	6	laws
7.42399787902832	39.98590087890625	1	lovely
17.21851348876953	-9.903613090515137	9	Foundation
12.712199211120605	27.879974365234375	1	proper
14.254435539245605	-28.783260345458984	9	Garden
26.36077308654785	-8.303388595581055	9	Class
-32.961769104003906	-15.553390502929688	6	Rights
15.52023696899414	14.778975486755371	4	critical
-8.782160758972168	16.912477493286133	8	discuss
-5.289894104003906	-24.1578369140625	10	discount
-22.806182861328125	-26.223424911499023	6	dollars
13.801431655883789	15.61123275756836	4	ideal
40.91645050048828	-8.4234619140625	3	partner
20.898025512695312	-20.546890258789062	9	library
6.014736652374268	37.47724914550781	1	fantastic
12.704133033752441	-17.38356590270996	9	drink
2.0622758865356445	-4.997518539428711	10	trial
26.978412628173828	-6.594549179077148	9	department
-27.283504486083984	-34.0406608581543	5	guests
55.9665641784668	3.2873761653900146	7	Charles
20.42127227783203	-22.412595748901367	9	hospital
-12.12402629852295	39.35736846923828	2	caught
17.485069274902344	-13.916187286376953	9	seat
-32.1346321105957	-37.20824432373047	5	artists
-4.164376735687256	-17.655075073242188	10	rental
27.654972076416016	-16.248037338256836	9	Centre
23.50056266784668	-17.14588165283203	9	county
-5.677333831787109	-5.2857890129089355	10	quote
27.488309860229492	23.065095901489258	4	Federal
-13.0954008102417	25.5523681640625	8	Originally
18.5134334564209	-11.240700721740723	9	birthday
-2.6449124813079834	-3.4554994106292725	10	agreement
37.7718505859375	-10.17108154296875	3	Master
0.7505479454994202	-7.436009883880615	10	Commission
-6.377326965332031	14.32451057434082	10	fix
-20.559661865234375	38.50444793701172	2	managed
-0.6130692958831787	-30.62359046936035	6	breakfast
-31.3276309967041	17.170730590820312	8	Was
23.724998474121094	21.317363739013672	4	Professional
5.028675556182861	-9.73887825012207	10	Property
-9.13636302947998	-11.148941993713379	10	capacity
-25.55345344543457	17.55266571044922	8	Would
-12.186835289001465	-10.860304832458496	10	Credit
30.424245834350586	14.137307167053223	4	Royal
60.77375411987305	9.559029579162598	7	Georgia
44.26757049560547	-14.779608726501465	3	agent
2.721362590789795	23.388776779174805	1	tomorrow
-0.13816197216510773	-21.50238609313965	10	birth
18.612585067749023	-24.43300437927246	9	bedroom
-2.4508302211761475	-20.48114776611328	10	vacation
3.245884656906128	-8.62321662902832	10	Print
3.5894906520843506	1.5358864068984985	10	edition
-3.7420365810394287	-11.668103218078613	10	Plan
37.77206039428711	-10.1708984375	3	master
-27.64139175415039	-12.282980918884277	6	actions
-9.080860137939453	14.289277076721191	8	imagine
-48.6816520690918	-9.329000473022461	0	inches
17.571325302124023	-17.429353713989258	9	magazine
17.571325302124023	-17.429353713989258	9	Magazine
-11.410903930664062	41.3129997253418	2	broken
-52.02627182006836	-12.106668472290039	0	afternoon
-32.448097229003906	33.9537239074707	2	Made
-25.479686737060547	10.24289608001709	8	paying
3.5431723594665527	44.51874923706055	1	tonight
-6.33486795425415	38.831600189208984	2	fixed
4.748668670654297	43.219058990478516	1	seriously
18.51662254333496	-21.70029640197754	9	apartment
-7.464935779571533	-18.843700408935547	10	surgery
20.846532821655273	-22.52334213256836	9	Hospital
-33.997798919677734	-31.519264221191406	5	readers
20.639429092407227	12.521620750427246	4	Private
-33.40565490722656	-28.358379364013672	5	forces
-16.84415626525879	17.36892318725586	8	Should
15.89254379272461	-13.869688987731934	9	Brand
27.655105590820312	-16.248165130615234	9	centre
-4.110995292663574	-16.546438217163086	10	prescription
-3.6582794189453125	28.897483825683594	1	properly
9.28174114227295	41.32146453857422	4	Classic
-11.632720947265625	31.846643447875977	2	approved
-24.041461944580078	-11.566055297851562	6	charges
-26.61444091796875	-9.582964897155762	6	purposes
-30.396791458129883	32.254661560058594	2	intended
0.309261292219162	-18.293426513671875	10	freedom
-29.02889060974121	-10.702728271484375	6	answers
14.250378608703613	-13.427680015563965	9	cross
-27.11678695678711	35.03630828857422	2	purchased
27.037317276000977	15.43959903717041	4	electric
-24.173282623291016	32.50236892700195	2	forced
45.52177047729492	-27.424697875976562	3	Player
-40.038734436035156	-29.7540340423584	5	Friends
13.523601531982422	26.698644638061523	1	usual
42.66828155517578	-19.24690055847168	3	writer
-25.229076385498047	-10.77965259552002	6	causes
-21.616796493530273	36.40376281738281	2	registered
-6.404755592346191	-1.3365260362625122	10	Leave
6.901828765869141	27.710084915161133	1	automatically
6.164621829986572	-8.115972518920898	10	license
-32.25275421142578	-11.256304740905762	6	Articles
29.102886199951172	7.807125091552734	3	expert
-20.34147071838379	33.644771575927734	2	discovered
-54.037757873535156	-6.072997093200684	0	Days
14.439477920532227	17.35392951965332	4	Original
7.035790920257568	42.73198318481445	1	obvious
-38.70682907104492	-33.62042999267578	5	professionals
-2.9079244136810303	-9.515698432922363	10	measure
-24.15833282470703	13.857056617736816	8	Whether
16.80036735534668	-20.612966537475586	9	Band
49.76025390625	5.7732768058776855	7	Senate
24.401092529296875	-2.4774701595306396	4	Level
-20.58989906311035	-14.17105484008789	6	measures
4.230705738067627	40.679256439208984	1	obviously
-29.98768424987793	35.146331787109375	2	formed
-23.514163970947266	-19.36478614807129	6	taxes
14.839995384216309	-21.446043014526367	9	novel
-30.13652992248535	17.08418083190918	8	defined
5.231499195098877	-18.226173400878906	10	Force
14.639150619506836	27.37069320678711	1	comprehensive
29.423587799072266	-13.800287246704102	9	Academy
-27.46468734741211	33.900550842285156	2	charged
-11.627910614013672	9.339330673217773	10	replace
60.20052719116211	7.494775295257568	7	Henry
-9.311452865600586	0.44587191939353943	0	EST
51.399417877197266	5.914028644561768	7	Queen
3.5336949825286865	11.836294174194336	1	Double
-9.881486892700195	16.490142822265625	8	Try
62.179927825927734	8.799370765686035	7	Sarah
-34.49733352661133	-34.72379684448242	5	agents
56.47509765625	6.230536460876465	7	Frank
35.01713180541992	-21.597461700439453	3	Lady
-23.51719093322754	-10.75318717956543	6	instructions
0.30818450450897217	-5.284674167633057	10	invention
7.059699058532715	-3.1899609565734863	10	authority
3.1543900966644287	32.550785064697266	1	suitable
27.037317276000977	15.43959903717041	4	Electric
14.250378608703613	-13.427680015563965	9	Cross
-2.4028375148773193	6.262744903564453	8	definition
-37.58698654174805	-32.410526275634766	5	partners
-24.730165481567383	28.668716430664062	2	Ltd
22.727731704711914	15.525036811828613	4	historical
51.303375244140625	3.451920747756958	7	Ireland
-18.422176361083984	13.049954414367676	8	Create
5.028509616851807	37.38312911987305	1	reasonable
61.28256607055664	7.392488956451416	7	Adam
45.34334945678711	-13.231715202331543	3	officer
43.56221389770508	-20.620386123657227	3	judge
-13.095273971557617	25.552457809448242	8	originally
23.684158325195312	-14.953652381896973	9	Field
-32.3271598815918	-28.957509994506836	5	agencies
13.762351989746094	25.41819953918457	1	massive
46.38352584838867	-9.160794258117676	3	Father
-24.283065795898438	-17.64189338684082	6	supplies
-21.58159828186035	-16.7726993560791	6	talks
43.6414680480957	-18.107728958129883	3	Minister
52.39965057373047	4.2191386222839355	7	Spain
-39.03957748413086	-29.447982788085938	5	persons
-18.254384994506836	16.348386764526367	8	Having
35.14207458496094	-21.787309646606445	3	lady
-17.207042694091797	38.412925720214844	2	issued
-1.6324876546859741	-9.571792602539062	10	Meeting
-11.002747535705566	-10.660849571228027	10	perspective
-1.0730223655700684	-15.6915864944458	10	accident
-21.149335861206055	8.978581428527832	8	thinks
-50.439823150634766	-7.5079121589660645	0	millions
0.568195104598999	23.942453384399414	1	forever
29.948177337646484	-1.291418194770813	4	Official
-34.58242416381836	-29.94140625	5	Members
18.37419319152832	-26.092639923095703	9	Bed
-21.449459075927734	7.2124552726745605	8	lets
-24.840486526489258	34.25861740112305	2	planned
1.5270204544067383	25.40296173095703	1	everyday
7.095300674438477	25.0721435546875	1	dangerous
22.990896224975586	26.394954681396484	4	Final
-12.629072189331055	10.249662399291992	8	discover
-32.02437973022461	-34.69871520996094	5	citizens
43.123416900634766	-25.69695472717285	3	designer
64.37542724609375	12.167143821716309	7	Eric
-53.47651290893555	-7.445683479309082	0	Years
-19.360973358154297	21.680206298828125	8	Could
-23.73210334777832	-21.220428466796875	6	Tickets
6.302466869354248	-11.027393341064453	10	Construction
14.745589256286621	-24.519031524658203	9	Dress
-10.53123664855957	12.077003479003906	8	prepare
27.029457092285156	21.18097686767578	4	civil
3.784902572631836	20.076047897338867	1	Everyone
-7.074588298797607	38.06690216064453	2	pleased
-20.27360725402832	-17.841632843017578	6	recipes
-31.116363525390625	-31.67446517944336	5	Stars
-27.3465576171875	-16.936965942382812	6	Prices
6.7568182945251465	29.09196662902832	1	reliable
-10.278421401977539	42.549217224121094	2	tired
2.348217248916626	30.382505416870117	1	normally
23.95362663269043	24.815921783447266	4	scientific
46.96800231933594	-4.014767646789551	7	dad
6.486686706542969	1.0759518146514893	10	ISBN
-20.09764289855957	37.116798400878906	2	identified
25.5257625579834	13.46930980682373	4	academic
20.271459579467773	21.018705368041992	4	illegal
-21.666601181030273	-26.32857894897461	6	pounds
-8.146612167358398	38.387413024902344	2	unable
22.44715118408203	13.28964614868164	4	Commercial
-18.460105895996094	29.173818588256836	2	printed
-24.704872131347656	8.795879364013672	8	Making
54.34807205200195	8.031848907470703	7	Massachusetts
58.50361251831055	5.53172492980957	7	Elizabeth
10.934799194335938	-28.774932861328125	9	Theatre
-19.011497497558594	11.576993942260742	8	describe
-0.4988817572593689	30.468801498413086	1	constantly
4.870850563049316	-0.8275610208511353	10	LLC
-9.685763359069824	-15.16382122039795	6	drinking
-32.42091369628906	32.00370407104492	2	Started
-34.76161193847656	-33.725738525390625	5	officers
-18.143749237060547	4.73800802230835	8	finds
-4.403817176818848	41.45158004760742	2	stuck
42.4184684753418	-15.64799690246582	3	Professor
33.54170608520508	-11.277383804321289	9	manufacturer
-23.312101364135742	31.035737991333008	2	explained
-14.646541595458984	36.88624954223633	2	discussed
27.541614532470703	20.940155029296875	4	Civil
24.226131439208984	14.652868270874023	4	electrical
-30.70512580871582	-18.988492965698242	6	weapons
-16.159482955932617	38.22861099243164	2	replaced
18.039352416992188	-15.890176773071289	9	newspaper
36.918304443359375	-23.945030212402344	3	Saint
18.5134334564209	-11.240700721740723	9	Birthday
-10.7708158493042	36.062557220458984	2	believed
-25.328643798828125	38.23164749145508	2	directed
-2.4626176357269287	28.380130767822266	1	regularly
-33.096168518066406	-14.299368858337402	6	Archives
-20.212223052978516	40.170597076416016	2	talked
15.512760162353516	10.753641128540039	4	contemporary
13.831006050109863	-20.109539031982422	9	column
-14.79489803314209	12.316497802734375	8	afford
-6.554296970367432	-12.719132423400879	10	investigation
29.033504486083984	-15.27982234954834	9	Republic
10.758903503417969	28.029203414916992	4	constant
56.9085807800293	10.413015365600586	7	Wisconsin
-16.349830627441406	13.048542976379395	8	Think
14.399470329284668	11.286269187927246	4	Vintage
-51.171871185302734	-13.25708293914795	0	Morning
-8.678939819335938	-16.61786651611328	6	legislation
-32.87821960449219	-30.400558471679688	5	ladies
11.835221290588379	27.208324432373047	1	immediate
-25.64896011352539	32.123146057128906	2	controlled
45.23092269897461	-21.217267990112305	3	lawyer
-31.85555076599121	-35.780601501464844	5	authors
-36.55948257446289	-34.638545989990234	5	doctors
-7.4608988761901855	-23.737720489501953	10	capture
6.012617111206055	-26.92951202392578	9	pocket
-10.835421562194824	-10.066052436828613	10	efficiency
-26.136478424072266	-12.312846183776855	6	regulations
24.440902709960938	26.690658569335938	4	Legal
17.927696228027344	21.173707962036133	4	Popular
25.974151611328125	19.90781021118164	4	Major
28.153804779052734	17.32185173034668	4	Left
18.74716567993164	2.218641996383667	9	downtown
-1.0705580711364746	3.8358795642852783	10	Question
-12.525367736816406	31.867538452148438	2	preferred
-31.013174057006836	-37.22896957397461	5	writers
-26.346925735473633	-14.240517616271973	6	titles
57.709007263183594	6.546051502227783	7	Edward
16.868249893188477	24.977155685424805	4	permanent
-10.060256958007812	-13.799341201782227	10	principles
18.664979934692383	17.787944793701172	4	liquid
3.4429805278778076	39.574649810791016	1	literally
20.016700744628906	28.216766357421875	4	favourite
0.7611919641494751	33.92353057861328	1	suddenly
-2.2907774448394775	-14.861658096313477	10	mistake
-21.167068481445312	30.823637008666992	2	estimated
25.776439666748047	-17.16499900817871	9	Capital
7.317747592926025	30.621530532836914	1	severe
-11.797908782958984	15.414321899414062	8	enjoying
5.359845161437988	27.795042037963867	1	breaking
17.21851348876953	-9.903613090515137	9	foundation
3.7800068855285645	4.002282619476318	10	permission
-5.024518013000488	16.342243194580078	8	celebrate
61.66625213623047	13.529248237609863	7	Halloween
-17.396162033081055	11.554485321044922	8	causing
5.771142959594727	42.80231857299805	1	confirmed
-0.6130692958831787	-30.62359046936035	6	Breakfast
-21.956480026245117	32.69746780395508	2	answered
6.242918014526367	30.458831787109375	1	brilliant
-20.16545867919922	7.766781806945801	8	creates
55.59596633911133	6.7528462409973145	7	Gary
5.661214351654053	44.35134506225586	1	hopefully
-2.3162457942962646	-24.423147201538086	10	conflict
19.414445877075195	16.882415771484375	4	grand
-13.403702735900879	35.408260345458984	2	desired
35.27469253540039	-20.281341552734375	3	giant
14.04973030090332	-23.071266174316406	9	prison
-24.702228546142578	-17.666494369506836	6	Supplies
17.338747024536133	13.307119369506836	4	historic
52.65227127075195	5.082688808441162	7	Scotland
17.786022186279297	15.240160942077637	4	Creative
2.8449089527130127	-10.236863136291504	10	publication
-7.974720478057861	40.96105194091797	2	arrested
19.628816604614258	22.555803298950195	4	automatic
-39.03859329223633	-27.734058380126953	5	authorities
45.32527542114258	-11.274406433105469	3	Doctor
-4.168882369995117	-17.643314361572266	10	Rental
12.982973098754883	-28.007190704345703	9	garage
33.58212661743164	-11.283743858337402	9	Manufacturer
14.012310981750488	22.66830062866211	4	Simple
-2.6879775524139404	-27.034360885620117	10	murder
7.455265045166016	44.5955924987793	1	Excellent
21.13479995727539	28.699066162109375	4	Common
-25.785192489624023	35.34994125366211	2	equipped
-23.434585571289062	-23.602420806884766	6	beds
20.338241577148438	13.699731826782227	4	amateur
-9.293495178222656	41.18275451660156	2	elected
19.975706100463867	-15.99123764038086	9	Drug
38.42416000366211	-21.7514705657959	3	guard
-14.550712585449219	33.96739196777344	2	Found
16.077913284301758	11.912084579467773	4	generic
15.261063575744629	25.8131046295166	1	instant
-15.061823844909668	-19.497207641601562	6	pricing
8.921749114990234	28.460512161254883	1	Fine
-18.7015438079834	36.69270706176758	2	claimed
-14.252744674682617	9.715570449829102	8	establish
-14.491995811462402	35.140846252441406	2	specified
22.509841918945312	25.162002563476562	4	Basic
27.154518127441406	-9.99409294128418	9	factory
-30.068592071533203	13.741911888122559	8	ARE
32.49168014526367	12.89315414428711	7	Atlantic
-18.084970474243164	-13.438254356384277	6	directions
45.34334945678711	-13.231715202331543	3	Officer
-12.514571189880371	8.089921951293945	8	blame
-15.969999313354492	33.77339172363281	2	occurred
9.031290054321289	38.939125061035156	1	equivalent
-22.244346618652344	9.140766143798828	8	explains
-19.244354248046875	4.491176128387451	8	meets
-28.59939956665039	-35.15546798706055	5	researchers
41.80241012573242	-27.35916519165039	3	suspect
-9.387816429138184	-8.324189186096191	10	Discussion
39.23583221435547	-16.481182098388672	3	speaker
4.358612537384033	10.966584205627441	1	dude
1.1796035766601562	30.89467430114746	1	correctly
-13.487683296203613	11.105716705322266	8	arrive
-25.452951431274414	-36.4570426940918	5	buyers
40.62236785888672	-23.17642593383789	3	Publisher
-2.2779347896575928	-30.099855422973633	10	GPS
-3.104219436645508	-25.401586532592773	10	strike
-25.69440460205078	-37.330928802490234	5	speakers
-26.180278778076172	29.773941040039062	2	licensed
-23.378572463989258	36.685516357421875	2	founded
-36.45146179199219	-35.723411560058594	5	soldiers
11.522859573364258	-11.630374908447266	9	sentence
-22.757320404052734	-21.860933303833008	6	drinks
-0.19285014271736145	34.57540512084961	1	understood
18.163171768188477	3.4213979244232178	4	Canon
-34.74287414550781	-36.06053924560547	5	scientists
15.503010749816895	-15.634572982788086	9	Battle
-5.289894104003906	-24.1578369140625	10	Discount
6.267909526824951	-8.186700820922852	10	License
57.1611213684082	4.889803409576416	7	Kate
-30.16579246520996	36.96739959716797	2	awarded
1.562907338142395	-2.0382673740386963	10	occasion
-5.595789432525635	-22.67920684814453	10	escape
-4.587060451507568	28.039918899536133	1	commonly
14.399470329284668	11.286269187927246	4	vintage
34.385772705078125	-18.610380172729492	3	Guy
62.59648513793945	9.80066204071045	7	Susan
-9.938725471496582	8.864946365356445	8	letting
4.643269062042236	30.718223571777344	1	naturally
4.694376468658447	41.81024932861328	1	surely
42.4184684753418	-15.64799690246582	3	professor
-35.41014862060547	-37.969482421875	5	brothers
-23.055198669433594	-13.857799530029297	6	Rates
-25.088808059692383	-35.179508209228516	5	personnel
-6.160257816314697	-17.976346969604492	10	healthcare
-6.518953323364258	40.91537094116211	2	struck
-2.4508302211761475	-20.48114776611328	10	Vacation
-1.8974286317825317	-22.034448623657227	10	anniversary
-18.034154891967773	-15.615069389343262	6	breaks
-19.228424072265625	37.673095703125	2	confused
-10.500319480895996	40.32374954223633	2	situated
-7.303603649139404	-26.989646911621094	10	reform
4.45920467376709	-12.176945686340332	10	medication
-9.711491584777832	-24.59620475769043	10	purchasing
-6.764531135559082	-16.37212562561035	10	Supply
37.3447265625	-15.161039352416992	3	dealer
24.797714233398438	19.568605422973633	4	Independent
-38.45964431762695	-30.59693717956543	5	troops
18.310028076171875	9.61628246307373	4	romantic
2.0344576835632324	-0.8471115231513977	10	formula
-26.073387145996094	14.407535552978516	8	define
8.781717300415039	48.30013656616211	2	satisfied
-18.0728702545166	-19.563758850097656	6	prints
-49.20132064819336	-7.767062187194824	0	tons
45.49781799316406	-18.861560821533203	3	Captain
13.887862205505371	13.705412864685059	4	cheaper
-49.881351470947266	-14.002076148986816	0	Century
-18.6491641998291	18.016225814819336	8	Must
7.36068058013916	26.55220603942871	1	officially
-21.522674560546875	38.72431564331055	2	appointed
-2.6207218170166016	-29.038818359375	10	electricity
-30.014245986938477	-35.743934631347656	5	voters
11.82927417755127	21.372329711914062	4	temporary
35.20079803466797	2.18044114112854	9	heaven
0.4750378131866455	22.686908721923828	1	Ever
1.6000112295150757	30.03223991394043	1	Simply
3.2010271549224854	-26.99595069885254	9	Paperback
-22.623510360717773	41.790191650390625	2	Born
55.8524055480957	8.540658950805664	7	Rome
3.3731253147125244	-1.1093007326126099	10	Recipe
60.57256317138672	10.976555824279785	7	Oxford
-15.378969192504883	-21.72360610961914	6	interviews
0.9632163643836975	27.81931495666504	1	rarely
49.292869567871094	5.6031293869018555	7	Empire
-19.21804428100586	6.902713775634766	8	describes
-13.530088424682617	16.132843017578125	8	deserve
58.76476287841797	6.943126678466797	7	Jimmy
-30.07538604736328	-34.105010986328125	5	suppliers
-10.505112648010254	4.557545185089111	10	communicate
63.72042465209961	10.156227111816406	7	Laura
44.6109733581543	-24.886159896850586	3	photographer
-32.87821960449219	-30.400558471679688	5	Ladies
43.56221389770508	-20.620386123657227	3	Judge
1.0509939193725586	-19.533447265625	10	childhood
14.760639190673828	-27.414396286010742	9	Castle
5.751067638397217	40.16664505004883	1	confirm
18.728084564208984	8.705302238464355	4	conservative
40.79719543457031	-12.054789543151855	3	Owner
-16.77594566345215	6.206614971160889	8	preparing
13.224111557006836	-18.968881607055664	9	prize
-19.666913986206055	3.80928373336792	6	tries
-19.377565383911133	34.46177673339844	2	reviewed
15.9281005859375	-21.85759735107422	9	instrument
61.39106369018555	10.53197193145752	7	Berlin
57.77375411987305	7.671097755432129	7	Billy
17.642879486083984	-14.31275463104248	9	Seat
6.079174041748047	39.02552032470703	1	relax
-16.39373779296875	-22.86115264892578	6	contracts
-1.1214454174041748	-7.789177417755127	10	Amendment
12.529141426086426	25.681610107421875	1	intense
-35.59033966064453	-38.29026794433594	5	Brothers
12.769780158996582	-26.008304595947266	9	coat
1.8059171438217163	32.0949592590332	1	Usually
44.26757049560547	-14.779608726501465	3	Agent
34.749080657958984	-14.928422927856445	3	maker
40.07614517211914	-7.868821620941162	3	Friend
-14.733442306518555	-12.820630073547363	6	credits
-23.45866584777832	-22.453927993774414	6	dresses
-27.59360694885254	-20.442123413085938	6	instruments
-20.27360725402832	-17.841632843017578	6	Recipes
16.152360916137695	13.465585708618164	4	conventional
59.197940826416016	10.858859062194824	7	Cambridge
-29.442792892456055	-12.14534854888916	6	references
0.30913710594177246	-18.29378890991211	10	Freedom
-16.16559410095215	-18.17793846130371	6	demands
-0.08264436572790146	-9.004289627075195	10	mechanism
-10.80344009399414	39.10520553588867	2	destroyed
18.08687973022461	23.309337615966797	4	Regular
-17.067455291748047	-17.73073959350586	6	discussions
-54.860836029052734	-7.253365516662598	0	Hours
45.280765533447266	-20.34710693359375	3	Governor
-5.446264266967773	17.226499557495117	8	argue
7.27341890335083	-1.2514179944992065	10	Wikipedia
36.59061050415039	-12.795673370361328	3	girlfriend
-25.238676071166992	-22.869537353515625	6	Rooms
-2.6435489654541016	-3.4613516330718994	10	Agreement
-13.292952537536621	7.209883689880371	8	estimate
-32.1346321105957	-37.20824432373047	5	Artists
-2.2088167667388916	27.478296279907227	1	rapidly
-21.41036605834961	40.39964294433594	2	accused
2.6076929569244385	4.858297824859619	10	origin
0.7759113311767578	-7.450710296630859	10	commission
-33.325653076171875	-36.49761962890625	5	lawyers
-17.260210037231445	35.4023323059082	2	acquired
-20.449573516845703	35.56306838989258	2	supplied
25.18610382080078	5.86478853225708	3	specialist
-27.18546485900879	-34.90719223022461	5	volunteers
43.80094909667969	-24.09432601928711	3	producer
7.059755325317383	-3.1899023056030273	10	Authority
3.499138355255127	5.331071853637695	10	Choice
-3.149144411087036	-8.110236167907715	10	Walk
-48.586578369140625	-12.309381484985352	0	twenty
45.0346794128418	-23.265419006347656	3	pilot
24.775634765625	6.147444248199463	4	volunteer
-29.57701301574707	-37.16238021850586	5	Players
-21.126314163208008	-26.51759147644043	0	acres
18.2448787689209	-24.252321243286133	9	Bedroom
13.997641563415527	6.06489372253418	4	Reserve
33.999977111816406	-22.17843246459961	3	bitch
44.0365104675293	-18.05912971496582	3	minister
36.62153244018555	-21.25775718688965	3	lesbian
43.123416900634766	-25.69695472717285	3	Designer
0.6125724911689758	1.5518536567687988	10	Process
46.96800231933594	-4.014767646789551	7	Dad
-5.443886756896973	-9.241849899291992	10	principle
-5.388026714324951	9.381688117980957	8	WILL
44.1629638671875	-21.98512077331543	3	Engineer
-14.510030746459961	-20.50585174560547	6	provisions
-5.523642539978027	-6.8588175773620605	10	Purchase
13.997641563415527	6.06489372253418	4	reserve
-21.774532318115234	31.145967483520508	2	measured
-31.289203643798828	-29.983179092407227	5	governments
4.305966377258301	-6.457978248596191	10	regulation
-15.582581520080566	25.94171142578125	8	initially
-0.6652219891548157	29.412273406982422	1	instantly
59.33512496948242	9.522457122802734	7	Madison
13.753327369689941	-24.339134216308594	9	venue
-29.327428817749023	36.35096740722656	2	operated
-1.7800993919372559	-27.8193359375	10	Constitution
38.71356201171875	-14.278483390808105	3	employer
6.25895881652832	45.2760009765625	1	honestly
-27.22878646850586	-24.60457992553711	5	churches
2.010953187942505	-11.89813232421875	10	ownership
-4.173631191253662	-27.86005973815918	10	publishing
-17.1281681060791	3.042525291442871	8	reads
-7.277608394622803	-24.875600814819336	10	Deal
9.568609237670898	5.800722122192383	10	Abstract
64.41373443603516	11.17818546295166	7	Ian
-2.5533368587493896	-13.54047679901123	10	formation
-5.641822814941406	-11.969295501708984	10	provision
36.79529571533203	-11.890043258666992	3	boyfriend
-32.5733642578125	-33.655364990234375	5	colleagues
43.94057083129883	-13.026087760925293	3	Teacher
60.57395935058594	6.395520210266113	7	Fred
46.114837646484375	-23.338172912597656	3	Mayor
-4.751640796661377	42.35802459716797	2	refused
-5.880833148956299	-25.785659790039062	10	settlement
-5.815678119659424	41.38158416748047	2	captured
-30.80953025817871	-38.91514205932617	5	farmers
21.201398849487305	24.219165802001953	4	casual
26.61642837524414	18.488000869750977	4	Premier
57.24763107299805	8.575675964355469	7	Graham
-4.173631191253662	-27.86005973815918	10	Publishing
-2.7487008571624756	-17.137298583984375	10	rescue
-28.152570724487305	-38.14862823486328	5	actors
54.20125198364258	5.376107692718506	7	Arthur
-30.855426788330078	34.39563751220703	2	Created
-0.7295800447463989	-24.409332275390625	10	patent
-16.167808532714844	11.043856620788574	8	Finding
-13.621444702148438	9.348126411437988	8	locate
13.985979080200195	-27.46822166442871	9	Cafe
15.365267753601074	4.2505693435668945	4	Heritage
37.91496658325195	-15.444079399108887	3	supplier
19.628816604614258	22.555803298950195	4	Automatic
5.852609634399414	41.750144958496094	1	acceptable
-40.187461853027344	-31.565847396850586	5	Parents
-50.425289154052734	-8.394059181213379	0	meters
1.2542719841003418	-3.7818398475646973	10	experiment
24.224695205688477	14.650911331176758	4	Electrical
5.661214351654053	44.35134506225586	1	Hopefully
61.274688720703125	11.687105178833008	7	Montana
39.17353439331055	-11.806396484375	3	operator
46.531497955322266	-12.096501350402832	3	Senator
22.727731704711914	15.525036811828613	4	Historical
-12.989466667175293	42.02107238769531	2	Shot
-13.004167556762695	33.92280960083008	2	settled
38.424015045166016	-21.751075744628906	3	Guard
-34.11663818359375	-8.928750038146973	6	Lots
-24.590801239013672	36.203800201416016	2	constructed
-25.775293350219727	16.04018211364746	8	HAVE
39.23583221435547	-16.481182098388672	3	Speaker
-27.02073097229004	-37.04026794433594	5	dealers
-5.226377487182617	-21.675731658935547	10	cure
25.255661010742188	25.01188850402832	4	Primary
-14.213361740112305	-22.43570327758789	6	arrangements
-12.98218822479248	-23.871395111083984	6	discounts
-0.6568760871887207	-19.316734313964844	10	discovery
59.78266143798828	12.606999397277832	7	Liberty
-28.651456832885742	-39.07478332519531	5	politicians
-10.968043327331543	11.160675048828125	8	publish
-16.99077033996582	40.2626838684082	2	dressed
42.686012268066406	-11.889525413513184	3	worker
36.979000091552734	-24.881423950195312	3	Knight
-9.596924781799316	37.18783187866211	2	convinced
9.568868637084961	5.800930500030518	10	abstract
-20.134033203125	-15.066646575927734	6	Dimensions
-0.5655189752578735	31.341533660888672	1	shortly
-5.549487113952637	-27.1212100982666	10	lease
-16.572463989257812	-10.83081340789795	6	abroad
38.216304779052734	-19.453472137451172	3	founder
-0.5004850029945374	-17.5499267578125	10	Revolution
-6.452512741088867	42.377445220947266	2	locked
-38.10987091064453	-32.424842834472656	5	Partners
-16.941722869873047	-9.717629432678223	5	Mens
42.79043197631836	-13.73294734954834	3	Leader
-23.94998550415039	-15.167611122131348	6	collections
18.361419677734375	-22.053125381469727	9	Apartment
-21.324312210083008	-12.787846565246582	6	estimates
7.498658657073975	39.04130554199219	1	enjoyable
5.014133930206299	25.668685913085938	1	drunk
-0.13782744109630585	-21.502376556396484	10	Birth
60.01543426513672	8.492743492126465	7	Albert
-17.085962295532227	37.449119567871094	2	priced
-4.432473659515381	-23.60848617553711	10	outlet
58.858863830566406	8.099700927734375	7	Carl
-15.574522972106934	-16.982646942138672	6	possibilities
45.87588882446289	-22.2775821685791	3	nurse
1.5743619203567505	36.55812072753906	1	thoroughly
2.275393486022949	-26.604351043701172	9	documentary
-4.664955139160156	-29.83806800842285	10	democracy
-6.616272449493408	-24.36559295654297	10	encounter
27.62959098815918	-9.791537284851074	9	Factory
62.526588439941406	10.908215522766113	7	Eve
16.966270446777344	16.995635986328125	4	fancy
0.94170081615448	3.295748233795166	10	Problem
6.019102096557617	27.040761947631836	1	sudden
10.934799194335938	-28.774932861328125	9	theatre
40.56105041503906	-19.583621978759766	3	killer
1.7280950546264648	-23.185344696044922	0	quantity
-52.5896110534668	-5.920516014099121	0	Minutes
-33.73186111450195	-38.49518966674805	5	neighbors
-18.42865562438965	-16.91874885559082	6	trials
-17.55107879638672	-19.19511604309082	6	publications
-29.468124389648438	-38.43815994262695	5	musicians
44.050907135009766	-26.396137237548828	3	Explorer
14.56656551361084	-10.699372291564941	10	Dictionary
56.72816848754883	7.436924934387207	7	Francis
41.568382263183594	-25.724609375	3	tourist
10.251412391662598	24.176509857177734	2	authorized
-34.49733352661133	-34.72379684448242	5	Agents
-8.482552528381348	-21.877225875854492	10	interpretation
35.20079040527344	2.18043851852417	9	Heaven
-25.83904266357422	39.94169235229492	2	armed
16.757503509521484	11.092103958129883	4	Deluxe
15.607200622558594	-20.053024291992188	9	genre
-31.235414505004883	13.866120338439941	8	Makes
-29.416749954223633	-10.495732307434082	6	Answers
12.228260040283203	-20.18061065673828	9	territory
-54.38715744018555	-9.373446464538574	0	Hour
58.25698471069336	10.255655288696289	7	Cooper
45.19524383544922	-28.165071487426758	3	actress
-22.99431037902832	38.660560607910156	2	hired
58.12001419067383	9.008354187011719	7	Walter
-25.49919891357422	-21.034955978393555	6	magazines
-21.75824737548828	-24.23545265197754	6	pockets
-27.02073097229004	-37.04026794433594	5	Dealers
-7.955599308013916	42.8347282409668	2	buried
-4.071931838989258	-21.753732681274414	10	arrest
-5.707208156585693	16.165807723999023	8	settle
-18.3099365234375	39.18303680419922	2	manufactured
17.079355239868164	9.587723731994629	4	magnetic
-2.1535842418670654	6.313357353210449	8	Definition
-33.103641510009766	-35.60750961303711	5	producers
-21.55428123474121	-22.58907127380371	6	newspapers
-6.160257816314697	-17.976346969604492	10	Healthcare
-6.4201154708862305	-11.404829978942871	10	possession
44.1629638671875	-21.98512077331543	3	engineer
10.761971473693848	-24.407106399536133	9	Chamber
-7.678418159484863	-22.65222930908203	10	capability
-5.479837894439697	-3.400789499282837	10	Rule
-24.038015365600586	-20.086170196533203	6	medications
3.7220520973205566	9.566113471984863	3	mate
-25.078807830810547	-13.731770515441895	6	Plans
-21.11208152770996	37.190582275390625	2	fitted
-25.06590461730957	36.910484313964844	2	Designed
-18.761981964111328	-18.197111129760742	6	occasions
-15.203804969787598	39.1573371887207	2	converted
7.901089668273926	38.151763916015625	1	spacious
-12.920459747314453	38.16168975830078	2	quoted
1.8225946426391602	-6.185564994812012	10	establishment
54.55940246582031	6.944207668304443	7	Margaret
-7.21713399887085	-19.037168502807617	10	Surgery
63.13207244873047	11.724245071411133	7	Marie
-32.663761138916016	-39.138668060302734	5	sisters
-7.891616344451904	-6.100737571716309	10	consent
-4.048470973968506	-4.597714424133301	10	intention
10.82840633392334	22.67852020263672	4	adjustable
-1.8974484205245972	-22.0345458984375	10	Anniversary
-28.30813217163086	-28.967987060546875	5	counts
17.699567794799805	8.302173614501953	4	classical
10.154715538024902	21.050840377807617	4	locally
-12.226871490478516	41.2186164855957	2	stolen
29.102886199951172	7.807125091552734	3	Expert
10.762214660644531	-24.40720558166504	9	chamber
-8.181958198547363	-12.314840316772461	10	measurement
40.62350082397461	-23.175880432128906	3	publisher
-48.6634407043457	-13.417935371398926	0	Million
-9.66241455078125	-6.501423358917236	10	Buying
37.79459762573242	-13.184688568115234	3	citizen
-28.804645538330078	13.771303176879883	8	Were
42.244754791259766	-17.364429473876953	3	lover
-36.36124038696289	-37.53508758544922	5	lovers
18.74716567993164	2.218641996383667	9	Downtown
-7.846134662628174	-27.936321258544922	10	bankruptcy
-8.144793510437012	16.56484031677246	8	discussing
-11.791678428649902	37.811920166015625	2	attempted
-0.729540228843689	-24.409223556518555	10	Patent
4.230705738067627	40.679256439208984	1	Obviously
7.090059757232666	32.11792755126953	1	steady
6.0124101638793945	-26.92946434020996	9	Pocket
-30.3612117767334	-28.973556518554688	5	corporations
2.0622758865356445	-4.997518539428711	10	Trial
21.670215606689453	16.872303009033203	4	collective
-13.802763938903809	-21.94704818725586	6	repairs
-18.097957611083984	3.5566158294677734	8	pays