x	y	cluster	word
-3.9601612091064453	23.433780670166016	9	african-american
-30.307960510253906	8.646628379821777	1	Orlando
-29.35235023498535	-1.2770954370498657	7	Robinson
-26.25027847290039	8.922589302062988	1	Delta
-7.65593147277832	41.00926971435547	3	Kenya
-22.260690689086914	8.381871223449707	8	ebony
-8.123098373413086	38.04482650756836	3	Haiti
-14.581232070922852	15.564225196838379	5	Safari
-30.31569480895996	9.411310195922852	1	Savannah
-28.991130828857422	9.367326736450195	1	Newark
1.4430413246154785	12.542011260986328	8	Rihanna
-8.236220359802246	41.75458908081055	3	Sudan
-28.582185745239258	8.146217346191406	1	Ferguson
-22.259702682495117	8.382028579711914	8	Ebony
-1.3815207481384277	38.65386199951172	3	Cairo
-21.423967361450195	6.820789813995361	8	Kobe
-9.935900688171387	40.7078742980957	3	Ghana
2.533264398574829	13.141759872436523	8	Beyonce
-13.00213623046875	16.026920318603516	5	cocoa
-13.461735725402832	18.24689292907715	7	Nile
-8.542842864990234	40.756683349609375	3	Guinea
3.8412580490112305	5.633639335632324	8	Beckham
-28.659717559814453	10.379436492919922	1	Harlem
-4.423694133758545	41.148277282714844	3	Tanzania
-27.22127914428711	6.953598499298096	1	Fulton
-21.17465591430664	18.245561599731445	10	piston
-22.41785430908203	3.5835087299346924	7	Julius
-8.652440071105957	-1.0167452096939087	7	Jubilee
-13.002025604248047	16.026945114135742	5	Cocoa
-7.10366153717041	37.809391021728516	3	Trinidad
-27.41234016418457	8.616728782653809	1	Stockton
-0.4114837944507599	38.944923400878906	3	Johannesburg
-24.081262588500977	-3.552699327468872	7	Elijah
-17.188329696655273	5.921288967132568	8	Dre
-9.126489639282227	27.445219039916992	9	Africans
-5.377411842346191	41.608482360839844	3	Rwanda
-26.768306732177734	4.345667362213135	7	Medina
7.408685684204102	18.430938720703125	5	Voodoo
-22.375099182128906	1.2506667375564575	7	Emmanuel
-15.83612060546875	4.188435077667236	8	Minaj
25.17422866821289	13.170723915100098	5	reggae
-5.122481346130371	37.80120849609375	3	Nairobi
-28.587764739990234	0.390094518661499	7	Glover
-21.33037757873535	17.542251586914062	10	Pistons
-5.350769519805908	40.56953048706055	3	Zambia
23.66570472717285	2.989961624145508	4	Dreamweaver
-22.612607955932617	-2.986530065536499	7	Miriam
25.17422866821289	13.170723915100098	5	Reggae
-28.03255271911621	-0.21934105455875397	7	Jarvis
-27.141393661499023	2.2555503845214844	7	Morales
30.95221519470215	-15.328186988830566	1	Potomac
14.729971885681152	6.1406168937683105	4	Honeywell
0.8974277973175049	35.09382247924805	3	Darfur
-25.01180648803711	-0.5767635703086853	7	Nelly
2.656740427017212	-0.7420496344566345	7	Beanie
-8.181560516357422	40.27073669433594	3	guinea
-24.347349166870117	3.3948566913604736	7	Tyrone
-29.70445442199707	-3.1423909664154053	7	Domingo
31.97645378112793	-13.942862510681152	1	Shreveport
-7.271078109741211	39.4039421081543	3	Liberia
-5.9989118576049805	41.268218994140625	3	Cameroon
22.3699893951416	10.53547191619873	5	undocumented
-6.570472240447998	41.656471252441406	3	Senegal
7.141761302947998	-3.129758834838867	6	Terrell
-10.326412200927734	39.59896469116211	3	Niger
-6.789405345916748	37.23741149902344	3	Tobago
-8.084790229797363	8.611550331115723	8	Mandela
-25.82525062561035	-6.653411865234375	0	Mahmoud
-16.972454071044922	9.52902889251709	7	boon
-5.141280174255371	9.004923820495605	8	Mugabe
6.925047874450684	15.966720581054688	5	Motown
5.2314934730529785	13.911591529846191	1	NAACP
-27.919490814208984	0.7779086828231812	7	Dorsey
-25.12961769104004	-3.792313814163208	7	Jamal
29.059707641601562	-14.314813613891602	1	Peachtree
31.769498825073242	-14.83016300201416	1	Binghamton
26.5050106048584	9.695272445678711	5	Zumba
-17.49506187438965	5.816697597503662	8	dre
-8.735793113708496	-5.704934120178223	6	Granger
-6.6855387687683105	38.654998779296875	3	Guyana
-23.012235641479492	6.124835014343262	7	Yao
-23.873180389404297	2.723921775817871	7	Cedric
29.649084091186523	-17.239280700683594	1	Selma
-25.117469787597656	3.4056060314178467	7	Douglass
7.554648399353027	-9.493459701538086	2	Hoodia
-31.036380767822266	-4.45736026763916	7	Banda
-20.743953704833984	18.343557357788086	10	Piston
7.554648399353027	-9.493459701538086	2	hoodia
15.1737699508667	8.70826530456543	8	Jermaine
-22.742082595825195	0.5404288172721863	7	Marlon
-9.338685989379883	28.907272338867188	9	Sudanese
-20.977237701416016	17.321996688842773	10	pistons
3.728315591812134	8.926586151123047	8	Akon
28.11709213256836	7.720417499542236	7	assassinated
-14.133892059326172	13.959649085998535	5	Tarzan
26.108713150024414	-11.485328674316406	6	Blackstone
-6.680663108825684	-21.611045837402344	4	DSS
-6.52938175201416	7.860805511474609	8	Zuma
-16.982568740844727	9.52463436126709	7	Boon
-0.06118626892566681	1.4386879205703735	8	Lupe
-24.886545181274414	-6.740036964416504	7	Barak
5.3443121910095215	6.183863162994385	8	Trayvon
-21.37471580505371	0.23470817506313324	7	Patrice
31.59794807434082	-9.872549057006836	1	Brownsville
8.654830932617188	17.540937423706055	5	gangsta
4.278505802154541	-19.449264526367188	0	Shiite
-27.90222930908203	-6.221896648406982	8	Khalid
7.283022880554199	18.529191970825195	5	voodoo
-27.490398406982422	-1.8459608554840088	8	Odom
15.16789722442627	9.548439025878906	8	Sandman
-6.644518852233887	-7.499150276184082	6	Felton
-9.288674354553223	40.02373504638672	3	Gambia
-9.70124626159668	38.786460876464844	3	DRC
0.19149763882160187	37.364158630371094	3	Dakar
-21.88759994506836	2.681248903274536	7	Bane
-1.011612057685852	3.163757801055908	8	Beastie
-2.3358471393585205	-16.75171661376953	4	Addis
17.45701026916504	10.285122871398926	5	Hustler
16.604692459106445	-2.0813467502593994	4	MDC
1.342054843902588	-8.63044261932373	2	Randi
-5.875943183898926	7.057760238647461	8	Rawlings
3.1035871505737305	36.28689956665039	3	Gauteng
-21.87276840209961	10.934651374816895	10	Afro
-9.714404106140137	-0.8995755910873413	1	PNC
-9.99821949005127	-18.686460494995117	2	Sabha
22.851781845092773	9.57359790802002	5	underserved
-25.794921875	-6.268406391143799	7	Rashid
7.619760513305664	-10.562715530395508	2	Busta
-8.57189655303955	38.998680114746094	3	Benin
-26.698001861572266	-6.822140216827393	7	Yusuf
-25.380741119384766	-5.134596347808838	7	Umar
-11.371604919433594	-4.978340148925781	7	dey
0.9448181390762329	5.828014850616455	8	Batista
-22.66630744934082	-5.509945392608643	8	Kofi
16.859174728393555	-6.3902387619018555	4	AMThis
-21.621686935424805	6.908541202545166	8	kobe
-9.515833854675293	-9.570563316345215	2	Tonya
1.4771333932876587	7.235261917114258	8	Aretha
8.735021591186523	17.516159057617188	5	Gangsta
5.222457408905029	9.60788631439209	8	Coltrane
-6.418255805969238	40.291404724121094	3	Togo
1.2921172380447388	12.624646186828613	8	rihanna
6.46040678024292	-0.6046157479286194	6	Sharpton
-8.685253143310547	39.82418441772461	3	Burkina
-30.319486618041992	10.012636184692383	1	savannah
-16.918298721313477	2.8367583751678467	8	Jah
-20.487037658691406	1.174293041229248	7	Chadwick
-23.836708068847656	-7.768755912780762	7	Asha
14.941418647766113	16.006628036499023	5	Calypso
-7.9458088874816895	-21.17442512512207	4	jot
13.984813690185547	14.723608016967773	5	Pentecostal
-20.405620574951172	18.0585880279541	10	PISTON
1.6216777563095093	9.29743766784668	8	biggie
30.633832931518555	-10.872941017150879	1	Jonesboro
1.2714617252349854	-0.10112442076206207	7	Delilah
9.322271347045898	-6.115837574005127	6	Freedman
-5.3153228759765625	-23.520004272460938	4	NiMH
-1.0186541080474854	-16.220579147338867	2	Machu
-20.39479637145996	-18.548559188842773	6	Kwon
3.2460594177246094	34.797264099121094	3	Kilimanjaro
2.656806707382202	-0.7421326041221619	7	beanie
-4.558816432952881	39.017852783203125	3	Faso
23.1661434173584	0.857679009437561	4	Polycom
-1.777199387550354	4.5606842041015625	8	Denzel
-3.973238229751587	37.29244613647461	3	Accra
-3.462573528289795	-10.213748931884766	6	Elmore
11.736749649047852	-19.046525955200195	0	Ebenezer
-18.548912048339844	-5.190096855163574	7	Yoo
-11.432723999023438	-8.320150375366211	6	Samuels
5.2442779541015625	-3.5892515182495117	7	Marcellus
-14.732954978942871	0.08214208483695984	8	Sosa
20.660757064819336	10.3390474319458	5	antiretroviral
30.36372184753418	-8.948606491088867	1	Brookhaven
-15.493851661682129	3.2613463401794434	8	Soulja
3.2671568393707275	-29.61269760131836	0	Rashad
-27.88130760192871	-6.868014335632324	7	Musa
-15.681550025939941	-8.33971881866455	7	Raza
-0.444804310798645	-31.978816986083984	0	Allaah
-5.553030490875244	-8.873368263244629	6	Myron
-6.851360321044922	-10.167215347290039	6	Amon
-9.210596084594727	-12.620927810668945	4	Salaam
9.127281188964844	-20.19868278503418	0	Ramesh
-12.498601913452148	-13.82182788848877	2	Saba
-29.424442291259766	-3.565293073654175	7	Bobo
25.895174026489258	-4.568957328796387	6	Judson
-24.95965576171875	1.2894566059112549	6	Gaither
11.6860990524292	-21.420726776123047	0	Nehemiah
5.761655330657959	-26.441486358642578	0	Aisha
2.2775418758392334	-6.6072492599487305	7	Garvey
-13.597822189331055	-13.925047874450684	2	Shana
-8.793436050415039	-19.990182876586914	4	NEMA
-8.617822647094727	1.1324809789657593	5	Montego
-30.318601608276367	4.287393093109131	7	Edo
-30.790494918823242	-4.709292888641357	7	banda
-7.346751689910889	40.178062438964844	3	Gabon
29.557300567626953	-7.455098628997803	1	Springdale
-5.068103313446045	-19.926294326782227	4	tema
2.1636621952056885	8.432662010192871	8	Aaliyah
24.283329010009766	1.960945725440979	4	Volcom
0.727759063243866	-6.738832473754883	8	Songz
-13.349679946899414	15.047626495361328	5	cacao
-21.88759994506836	2.681248903274536	7	bane
-11.4591064453125	-8.33565616607666	0	Isaacs
-6.611469745635986	-0.6010873317718506	7	Volta
-14.249773979187012	2.688370704650879	8	Ashanti
-10.43385124206543	14.105025291442871	5	Bongo
-0.3753506541252136	37.752620697021484	3	Khartoum
6.251014232635498	8.507522583007812	8	Birdman
-7.859565734863281	22.603988647460938	9	Highlanders
-3.8068039417266846	3.250471591949463	8	Jaden
14.7579927444458	13.261234283447266	4	JBoss
-26.845401763916016	-10.507015228271484	2	Ababa
-10.534773826599121	4.370359420776367	8	Talib
0.3175372779369354	38.527671813964844	3	Kampala
21.67045783996582	10.443601608276367	5	underprivileged
-26.486263275146484	-1.1664397716522217	8	Kandi
2.1553025245666504	9.40777587890625	8	Biggie
-30.891828536987305	6.674439430236816	1	Monrovia
2.0218889713287354	-29.50047492980957	0	Tariq
-7.084702968597412	-16.60853385925293	2	Kiva
-28.570392608642578	-9.583449363708496	2	Nia
-16.224714279174805	-6.481235980987549	8	Kwame
-4.003174781799316	25.455169677734375	9	Haitians
-4.261495113372803	-9.859694480895996	6	Duarte
28.506935119628906	8.548182487487793	5	microfinance
-4.323002338409424	37.75966262817383	3	Mogadishu
-3.0779318809509277	-10.209691047668457	6	Beebe
1.3352746963500977	-2.676806688308716	8	Shania
18.655311584472656	-2.5011181831359863	4	Kubuntu
-21.029163360595703	-19.168668746948242	6	Blackman
-13.403064727783203	4.852168560028076	8	Kareem
-16.70913314819336	-13.077153205871582	2	wuz
-1.1978193521499634	36.02293395996094	3	Mauritania
23.112205505371094	5.511104583740234	8	Beatz
28.59267807006836	-8.092720985412598	1	Dothan
29.674072265625	-5.521609783172607	1	Summerville
-18.60505485534668	-0.3738400936126709	8	Simba
-27.559934616088867	-9.72319221496582	2	Kano
24.358482360839844	-4.960833549499512	6	Amstron
-17.025318145751953	-9.763771057128906	2	holla
-13.169743537902832	-18.646595001220703	2	OBO
-7.676405906677246	27.6207275390625	9	Rwandan
-9.912443161010742	-6.3540544509887695	6	Sapp
-21.864871978759766	10.940223693847656	10	afro
-1.6441096067428589	5.259942054748535	8	Fabolous
4.01596736907959	-8.69446849822998	7	Nene
30.619935989379883	-14.746805191040039	1	Buckhead
30.110837936401367	-7.17756986618042	1	Rosedale
4.664615631103516	13.126861572265625	8	Tuskegee
25.524272918701172	9.32513427734375	5	emphysema
-8.451369285583496	21.12102699279785	7	Negroes
2.100865602493286	35.36112976074219	3	Djibouti
-7.724269866943359	-16.759742736816406	2	Kuta
-15.378621101379395	-2.2546699047088623	5	Rasta
-19.191518783569336	-1.380945086479187	7	Koko
-13.270398139953613	-21.456876754760742	4	Diamante
-8.628310203552246	-1.0084903240203857	7	jubilee
13.716678619384766	0.07216106355190277	4	NDC
-4.142162322998047	-6.583743572235107	6	Tamron
-9.42451000213623	-22.57548713684082	4	ODM
-1.5091029405593872	3.8992276191711426	8	Randle
-11.344176292419434	-3.834170341491699	7	Uribe
10.501501083374023	-11.974815368652344	2	Dafa
-13.679948806762695	-21.558629989624023	4	Dru
-1.8720639944076538	36.571929931640625	3	Somaliland
-29.67672348022461	-1.0914822816848755	7	ROBINSON
-12.316020011901855	-12.845044136047363	2	Iman
26.3969669342041	-12.8004150390625	6	Morehouse
20.224105834960938	15.483335494995117	10	diastolic
-7.122688293457031	-8.523123741149902	6	Deron
-7.567676544189453	-20.585712432861328	4	Jie
-11.6978178024292	-18.88755989074707	2	DOMA
28.980606079101562	-15.008593559265137	1	Bossier
5.631485939025879	-3.070256471633911	7	Fredrick
3.840181350708008	-12.571353912353516	2	Rumi
9.542669296264648	-12.591940879821777	2	Kubota
-6.788371562957764	-14.595833778381348	4	Ashampoo
6.564379692077637	-24.784360885620117	0	Riad
-0.39658764004707336	5.948266506195068	8	Shaquille
23.31856918334961	2.5479044914245605	4	dreamweaver
-9.291167259216309	29.843564987182617	9	Ghanaian
6.547439098358154	-3.8775439262390137	6	Gladwell
-14.127979278564453	-19.982921600341797	2	Ocho
-17.59440803527832	5.980879783630371	8	DRE
11.909360885620117	-20.56549072265625	0	Hezekiah
-7.90912389755249	-2.686765193939209	2	Joba
12.521496772766113	-17.844789505004883	0	Effie
13.13761043548584	15.732294082641602	5	sorghum
28.95025634765625	-11.069559097290039	1	BellSouth
-7.725029945373535	1.0091265439987183	2	Kandy
10.057119369506836	18.138612747192383	5	crawfish
-4.143390655517578	-7.512692928314209	6	Killian
-21.064889907836914	-11.125816345214844	0	Sheba
0.8890053629875183	8.599549293518066	8	Dolph
6.254299640655518	-25.596532821655273	0	Ashraf
9.01803207397461	18.868457794189453	5	Bossa
-2.571260690689087	1.2967824935913086	8	Odell
6.421522617340088	-5.341549396514893	1	Kwik
-18.065980911254883	-6.153039932250977	7	Amare
-10.436223983764648	-20.47209930419922	2	Dena
-14.17932415008545	-11.58168888092041	2	Dua
3.7238805294036865	-3.24381422996521	7	Machida
-11.371651649475098	-4.97827672958374	7	Dey
2.367342948913574	38.80270004272461	3	Yangon
-6.190747261047363	24.425342559814453	9	Carribean
-17.373775482177734	-20.21638298034668	4	Elam
-5.655148506164551	-17.771625518798828	2	Mugen
-5.978364944458008	-5.270468235015869	6	Akers
6.833197593688965	7.110503673553467	8	Solange
5.272673606872559	7.652287483215332	8	Wyclef
11.32112979888916	6.869407653808594	8	Pistorius
0.15082447230815887	-5.129327774047852	7	Jemima
-14.591010093688965	16.401721954345703	5	Savanna
15.905804634094238	6.971791744232178	6	Cardiol
1.6921370029449463	-31.781986236572266	0	Uriah
12.257357597351074	19.379953384399414	5	dancehall
21.67230987548828	-1.7240344285964966	4	Kagome
3.931623935699463	-29.821651458740234	0	Rasheed
11.387433052062988	-25.231853485107422	0	Elohim
-8.410508155822754	28.786197662353516	9	Liberian
12.724687576293945	13.222397804260254	5	hookah
13.643738746643066	-22.537534713745117	0	Yasser
23.639808654785156	12.467716217041016	5	dreads
28.098800659179688	8.796757698059082	5	Microfinance
-5.905982494354248	27.437057495117188	9	Kenyans
28.799348831176758	-5.241489887237549	6	Moultrie
14.382780075073242	-8.711910247802734	4	SHS
-5.259550094604492	-4.892415523529053	6	Suggs
0.6271096467971802	6.560624122619629	8	Shakur
10.051368713378906	19.395689010620117	5	gumbo
13.222151756286621	7.955127716064453	7	Hoffa
11.654784202575684	9.747376441955566	7	Kimbo
12.257320404052734	19.379974365234375	5	Dancehall
19.732097625732422	15.897045135498047	10	rheumatic
5.371591567993164	-13.25085163116455	2	Yuna
-6.502745151519775	6.78601598739624	7	Mbeki
-29.929302215576172	-1.0943896770477295	7	robinson
25.87255096435547	-0.4673014283180237	1	Safariland
17.164060592651367	10.332417488098145	5	hustler
14.318682670593262	-18.431819915771484	7	Hamza
-19.35763931274414	-13.720065116882324	2	Joh
-4.971320152282715	-19.909852981567383	4	Tema
11.448981285095215	15.598108291625977	5	tamarind
14.424469947814941	-10.48766040802002	6	BPL
-17.97202491760254	-13.969013214111328	2	Deo
-29.396615982055664	9.401918411254883	1	newark
10.157705307006836	19.218608856201172	5	Gumbo
2.901015520095825	-30.393569946289062	0	Erykah
8.765995979309082	-5.551915645599365	6	Robeson
1.786523699760437	37.94658660888672	3	Limpopo
24.906457901000977	12.08840274810791	5	Rumba
8.140963554382324	-2.8473198413848877	6	Brunson
-27.42903709411621	-8.345797538757324	7	Manti
18.16684341430664	-3.75396728515625	4	Bandar
1.4518461227416992	-32.32228469848633	0	Issac
21.693519592285156	11.858955383300781	5	mangroves
22.053274154663086	-8.083377838134766	2	Kanawha
-10.35849666595459	-3.2690417766571045	7	Barbosa
-13.03240966796875	-18.640764236450195	2	obo
12.945778846740723	10.318831443786621	7	bossy
13.046149253845215	0.28571200370788574	3	Tsvangirai
7.306177139282227	0.45889392495155334	8	Raekwon
-6.846568584442139	8.359074592590332	8	Kony
18.38441276550293	-4.574458599090576	4	januari
27.412899017333984	-9.966197967529297	6	Elkton
4.358563423156738	-19.503292083740234	0	Shiites
-21.53223419189453	-5.349170684814453	8	Killah
-3.1576220989227295	-2.273660182952881	7	Rho
-12.535576820373535	4.849976539611816	8	Hakeem
-3.451242208480835	26.51341438293457	9	Ethiopians
-16.180253982543945	-10.547027587890625	2	Shyla
27.393585205078125	-14.417012214660645	1	Mineola
-7.0413641929626465	20.282630920410156	2	Nubian
3.5912046432495117	8.927620887756348	8	akon
-8.134756088256836	-13.940702438354492	2	KRS
4.469538688659668	5.437355041503906	8	Angelou
3.553906202316284	-27.404939651489258	0	Yahya
24.775299072265625	8.303871154785156	5	forbearance
25.563236236572266	-5.2217326164245605	6	Riddell
-20.586286544799805	-15.131199836730957	4	Sidi
-5.618463516235352	18.925172805786133	4	NPP
-9.054174423217773	-24.179443359375	4	diam
-10.234315872192383	-13.629682540893555	2	Arusha
-0.41865846514701843	36.87422561645508	3	Zaire
11.79975414276123	-12.28024673461914	2	TUAW
-6.39646577835083	-17.153839111328125	2	Nusa
-3.465221643447876	-5.44011116027832	7	Rudyard
28.800806045532227	-13.06982135772705	1	Oglethorpe
10.111833572387695	-20.6639461517334	0	Agape
3.5877652168273926	-23.77977180480957	4	Mariam
3.8046047687530518	3.8045763969421387	8	Jamaal
10.539041519165039	-23.666980743408203	0	Yaakov
14.234654426574707	17.15199089050293	5	Kwanzaa
-4.274298667907715	36.30162811279297	3	Freetown
3.1556458473205566	-4.303225517272949	7	Negra
-19.470272064208984	-2.286914110183716	7	Boko
-23.289268493652344	-13.181207656860352	2	Rasa
-17.23954963684082	-9.712140083312988	2	Holla
-25.161890029907227	-0.6597437858581543	7	nelly
9.198308944702148	-21.457460403442383	0	Selah
-0.21011225879192352	-14.985398292541504	2	Melaka
-7.403052806854248	25.53793716430664	9	Yoruba
-16.52768325805664	-7.153613090515137	8	Kweli
-14.466960906982422	-8.986340522766113	7	Yorba
-6.722386360168457	27.740550994873047	9	Eritrean
27.55339241027832	-12.473408699035645	6	Suwanee
7.521271705627441	-21.0443172454834	0	Sunnah
7.128344535827637	-12.495016098022461	2	jojoba
2.26311993598938	36.93832015991211	3	Kinshasa
-11.969429969787598	3.782336950302124	8	Farrakhan
7.012846946716309	7.292684078216553	8	Jadakiss
-25.518495559692383	2.0156960487365723	7	Donnell
-2.80777645111084	26.05562973022461	9	Somalis
-8.498176574707031	-6.189876556396484	6	Blackie
29.804903030395508	-16.034345626831055	1	Flatbush
-7.299965858459473	21.905040740966797	9	Negros
-13.881330490112305	-7.814523220062256	2	Keisha
28.33573341369629	-6.929973602294922	1	Randstad
17.160491943359375	-4.744783401489258	4	DSR
7.128366947174072	-12.495002746582031	2	Jojoba
2.6695401668548584	6.975651264190674	8	RZA
-6.693186283111572	28.581918716430664	9	Tanzanian
21.176416397094727	0.596649706363678	4	Dhamma
3.4356331825256348	12.398477554321289	8	Outkast
19.923362731933594	3.634901762008667	0	Hashanah
12.492817878723145	17.212770462036133	5	cassava
-1.8484678268432617	25.46967887878418	9	Assyrians
4.735902786254883	-5.261791229248047	7	Hoyas
-12.44502067565918	-15.260043144226074	2	Osho
-20.484533309936523	5.262436389923096	8	Mamba
-0.4387231469154358	2.155663251876831	8	Dilla
-3.888794422149658	-15.161328315734863	6	Ecko
1.3476449251174927	38.743202209472656	3	Soweto
-18.350234985351562	4.916965007781982	8	Keef
-17.063982009887695	4.136459827423096	8	minaj
4.4805779457092285	33.82697677612305	3	SADC
3.7400240898132324	-10.47266674041748	0	Bodhi
0.11517634242773056	-6.757531642913818	8	Shabazz
-13.191191673278809	15.07392692565918	5	Cacao
7.343379020690918	-8.204327583312988	2	Keyshia
-21.74614715576172	-4.9857282638549805	8	Ayesha
14.34339427947998	-9.986122131347656	4	DSN
1.7695338726043701	-10.327705383300781	7	Riku
-22.776813507080078	-0.5020707845687866	7	Marlo
30.23012351989746	-12.01173210144043	1	Hallandale
16.05251693725586	9.458738327026367	5	Lionheart
-7.31406831741333	28.19084930419922	9	Zambian
-8.437628746032715	21.128835678100586	7	negroes
2.130394697189331	-30.429136276245117	0	Moriah
-1.4645475149154663	37.3262825012207	3	Timbuktu
-4.316720485687256	-8.34931755065918	6	Jordon
-9.343231201171875	13.552165031433105	5	guava
5.256063938140869	-10.098482131958008	2	Kenzo
10.76529312133789	9.103647232055664	8	Kamala
-9.919322967529297	-15.11845588684082	2	Yunus
-2.825047254562378	37.4721565246582	3	Kigali
24.135480880737305	12.892165184020996	5	dreadlocks
11.45872974395752	19.807065963745117	5	Jambalaya
31.680160522460938	-9.270580291748047	1	Boonville
18.636478424072266	10.518275260925293	5	deadbeat
26.834732055664062	8.382079124450684	5	recidivism
-21.151355743408203	-13.499590873718262	2	Kaman
-1.2031934261322021	-7.874522686004639	2	Obie
-3.028966188430786	24.13105583190918	9	Ricans
-18.511367797851562	-17.561756134033203	6	Eze
-0.16467426717281342	35.89252471923828	3	Comoros
30.332080841064453	-15.691902160644531	1	Bushwick
29.491214752197266	-9.16976547241211	1	Lumberton
-12.889453887939453	16.984844207763672	5	Ebola
22.059736251831055	10.887269020080566	5	Undocumented
-11.514232635498047	-14.522638320922852	2	Moussa
3.191509246826172	7.774713039398193	8	Rakim
-0.7620306611061096	-3.7035696506500244	8	Rashard
-21.45608139038086	-1.685651183128357	8	Fela
-13.058321952819824	-15.093826293945312	2	Kwai
-2.544065237045288	3.04483962059021	8	Bogut
-13.750514030456543	-15.63471508026123	2	Soni
-27.14016342163086	-4.680778980255127	8	Asante
3.843623399734497	7.443312168121338	8	Weezy
-22.512422561645508	8.137040138244629	8	EBONY
11.582609176635742	15.621138572692871	5	Tamarind
28.16947364807129	-13.980199813842773	1	Ridgeland
-1.7900665998458862	0.7260593771934509	8	Thurgood
-15.549135208129883	3.2482643127441406	8	soulja
-12.13416576385498	4.749814510345459	8	Raheem
8.916827201843262	-22.28285026550293	0	Manasseh
10.111827850341797	-20.663869857788086	0	agape
-13.671204566955566	-13.126652717590332	2	Amina
-15.858413696289062	-16.454504013061523	2	Kula
14.754561424255371	14.864840507507324	5	tabla
11.170406341552734	-22.346481323242188	0	Tamir
-4.117995738983154	-21.86834716796875	4	Numa
28.37578773498535	-15.584912300109863	1	Brockport
-24.152738571166992	-11.460570335388184	2	Adama
7.401947498321533	-21.687150955200195	0	Youssef
0.21306400001049042	4.24128532409668	8	Gurley
20.550695419311523	-2.360365390777588	4	Eltham
-7.626034259796143	-4.869511604309082	7	nitty
27.011442184448242	-10.95761775970459	6	ETSU
-1.7318782806396484	-20.27675437927246	4	Balaji
6.5676984786987305	-26.60443878173828	0	Zahra
27.656824111938477	-16.504240036010742	1	ODU
-1.9906290769577026	-6.161523342132568	7	Tybee
1.882021188735962	-28.42970085144043	0	Yousef
9.819539070129395	-23.830963134765625	0	Eliezer
5.059133529663086	-7.746048927307129	7	Dede
-4.012396335601807	26.338857650756836	9	Zimbabweans
17.569721221923828	10.967442512512207	5	Twista
-7.8112616539001465	28.926231384277344	9	Malian
-6.33677864074707	-19.9527530670166	4	Gaiam
0.30488550662994385	-8.217592239379883	8	Okafor
2.874204635620117	-28.48572540283203	0	Akram
-6.612085342407227	-9.53044319152832	6	Elson
-8.275589942932129	28.07627296447754	9	Senegalese
-18.528257369995117	-5.177701473236084	7	yoo
0.4714626967906952	3.653470754623413	8	Sheree
26.226783752441406	-7.952939033508301	6	Boerne
31.793315887451172	-16.634366989135742	1	Brownstone
4.7032246589660645	-25.820714950561523	0	Ayman
13.348861694335938	-9.555895805358887	4	Ecru
-1.5170856714248657	23.939603805541992	9	Copts
-1.8374972343444824	-13.9351167678833	2	Juba
-6.600922584533691	-0.6017922163009644	7	volta
12.763358116149902	-21.578554153442383	0	Yossi
-6.976747512817383	6.326908111572266	7	Kenyatta
-11.676485061645508	-21.615055084228516	4	DRO
24.465070724487305	6.48712682723999	5	Dreamgirls
27.882354736328125	-5.75285005569458	6	Neosho
-4.622809886932373	-23.84511947631836	4	Edom
9.927321434020996	-8.183222770690918	6	Ikon
24.44123077392578	11.335868835449219	5	Reggaeton
3.8412437438964844	5.633572578430176	8	beckham
29.025005340576172	-11.940397262573242	1	SunTrust
5.081411361694336	-10.21408462524414	2	Akuma
-10.753602981567383	-17.359163284301758	2	Sona
-21.218170166015625	3.8884127140045166	8	Tyrese
-1.3487873077392578	-15.776175498962402	2	Camara
1.5785127878189087	35.03368377685547	3	Sahel
-14.021180152893066	-18.482624053955078	2	eke
15.103333473205566	15.449666023254395	5	plantain
23.198575973510742	1.6364840269088745	4	SugarCRM
0.6773877739906311	37.06904220581055	3	Abidjan
1.948503017425537	10.319741249084473	8	Rhianna
11.853361129760742	-24.592388153076172	4	Ghulam
-1.6374750137329102	-13.794523239135742	2	Sanaa
-0.06214338541030884	1.4031636714935303	8	lupe
16.417970657348633	17.43213653564453	5	Amistad
19.621807098388672	3.1147947311401367	0	Bhakti
-28.203506469726562	-10.196859359741211	2	Baraka
-0.4767131805419922	-6.163486957550049	7	Jayme
5.419645309448242	10.61184310913086	8	Afrojack
-10.552279472351074	-11.44978141784668	7	Thabo
2.234043598175049	2.6046063899993896	8	Belafonte
20.008974075317383	-2.88089919090271	4	Kismet
-23.285362243652344	-5.496548652648926	7	Yaya
28.347429275512695	-4.138300895690918	6	Fuqua
-2.667856216430664	-5.508327960968018	7	Jobe
29.897104263305664	-4.440537452697754	1	Unionville
7.090375900268555	9.479095458984375	8	DeAndre
30.326749801635742	-10.471654891967773	1	Statesboro
10.377357482910156	-22.28239631652832	0	Philemon
-5.106688499450684	23.808744430541992	9	Igbo
-26.80803871154785	4.289369106292725	7	medina
-9.487380027770996	41.27878952026367	3	ghana
-0.4265654981136322	-25.22904396057129	4	Balaam
5.134760856628418	8.434741973876953	8	Tubman
12.966534614562988	-12.767180442810059	4	Numan
6.557004928588867	9.134242057800293	8	Vandross
9.339903831481934	-23.153942108154297	0	Mordechai
1.2858079671859741	-23.24627685546875	4	Joab
27.694931030273438	-13.407285690307617	1	Ogletree
21.037939071655273	-3.6744065284729004	2	Orozco
19.71739959716797	-5.6130828857421875	2	Joboshare
-18.257665634155273	-11.75780963897705	2	Jamba
-4.715881824493408	9.141608238220215	8	Obasanjo
-3.3873090744018555	25.478382110595703	9	Jamaicans
9.063190460205078	18.89093589782715	5	bossa
4.27813720703125	36.03993606567383	3	Guayaquil
-7.015687942504883	24.75227165222168	9	carribean
10.650910377502441	-8.191874504089355	6	Cardone
23.587682723999023	3.817018508911133	4	pseudoephedrine
-21.203628540039062	-1.2825207710266113	7	Juju
-20.56905174255371	17.383005142211914	10	PISTONS
2.7565534114837646	-7.024775505065918	7	Elana
-4.854366779327393	34.96371841430664	3	Soca
-16.04717254638672	0.6238566040992737	8	Blac
9.820594787597656	-24.552953720092773	0	Yitzhak
13.681280136108398	-21.878374099731445	0	Abdallah
-6.445389270782471	-17.764806747436523	2	mugen
0.9884312748908997	-28.962167739868164	0	Rafah
12.981338500976562	10.32296085357666	7	Bossy
-6.4127197265625	37.91264724731445	3	trinidad
10.560303688049316	16.361360549926758	5	plantains
1.3963406085968018	-27.09765625	0	Hashim
12.015212059020996	13.644659996032715	5	lioness
1.0417808294296265	-23.259300231933594	4	garam
-8.730921745300293	-15.81540584564209	2	emule
-29.754507064819336	-3.1535329818725586	7	domingo
-30.846006393432617	5.752909183502197	1	Abaco
-9.27552604675293	13.55596923828125	5	Guava
-5.314546585083008	-17.180686950683594	2	Eko
12.795018196105957	-6.039440631866455	4	Bossip
-10.140463829040527	-16.159029006958008	2	Adamo
-10.36404800415039	14.123190879821777	5	bongo
12.633862495422363	-16.38221549987793	6	Renae
26.29145050048828	7.596222877502441	5	Peacemaker
-27.403844833374023	-10.841702461242676	2	Kori
19.342863082885742	11.105688095092773	5	Bachata
-13.535662651062012	-17.42157745361328	2	Kiri
12.02940845489502	13.66114330291748	5	Lioness
24.23109245300293	11.599419593811035	5	reggaeton
12.191009521484375	-16.827869415283203	6	Akerman
24.773557662963867	0.7317147254943848	4	NileGuide
-4.589226722717285	-12.988141059875488	7	Inouye
15.058503150939941	-19.77765655517578	0	Hamdan
13.005542755126953	14.25624942779541	5	jamb
14.440369606018066	16.42186737060547	5	calypso
24.196264266967773	-1.2695623636245728	2	Ngorongoro
3.6533408164978027	-7.082888603210449	2	Sandie
0.417489230632782	-15.540879249572754	2	Kahlua
-6.621492862701416	23.023799896240234	9	Bantu
30.726591110229492	-8.505895614624023	1	Urbandale
0.2988851070404053	-26.23194694519043	4	imeem
21.046831130981445	-0.8971998691558838	4	Bodum
-11.792725563049316	-15.558633804321289	2	makan
15.683991432189941	-4.857820510864258	4	Tamarindo
-28.699586868286133	-9.643156051635742	2	nia
7.961665630340576	-24.861961364746094	0	Tarek
-2.1615114212036133	7.151896953582764	7	Stipe
1.7637856006622314	12.552352905273438	8	RIHANNA
22.51805877685547	-6.122419357299805	5	Beanstalk
13.532204627990723	-8.140015602111816	4	JavaRanch
-7.6142802238464355	-17.604032516479492	2	Kuro
-17.70090103149414	-18.21416664123535	6	Devan
17.556194305419922	12.656203269958496	5	drummed
-14.637737274169922	-18.642066955566406	2	Kore
26.71062469482422	-8.286301612854004	6	Suwannee
0.2988851070404053	-26.23194694519043	4	IMEEM
18.657089233398438	-6.117630481719971	2	Tezuka
-29.03096580505371	8.165889739990234	1	FERGUSON
13.817623138427734	-9.005684852600098	4	EDOC
26.926891326904297	-5.319764614105225	6	Quitman
-17.25725555419922	-14.565289497375488	2	nila
24.44639778137207	9.068758964538574	5	joblessness
0.7859315872192383	1.8239548206329346	8	Dupri
7.141399383544922	-25.911046981811523	0	Allawi
-17.525005340576172	-19.626951217651367	4	Suleman
-2.323812484741211	-19.721181869506836	4	Sonu
25.281831741333008	-3.9604744911193848	6	Negroponte
-0.9474876523017883	35.151187896728516	3	Bafana
-2.7991786003112793	-17.35625648498535	4	BDU
-30.850502014160156	-4.589077949523926	7	BANDA
21.631948471069336	9.730183601379395	5	Sambo
-20.48331642150879	-13.967988014221191	2	Sethi
-20.413421630859375	-3.300792694091797	7	Uhuru
-9.078546524047852	-24.173385620117188	4	Diam
-17.009883880615234	-11.873462677001953	2	mutha
17.125110626220703	13.27682113647461	5	drumbeat
-29.03386116027832	8.161980628967285	1	ferguson
0.37145739793777466	-31.418800354003906	0	Zafar
18.143089294433594	-7.988516807556152	2	Kibaki
31.78206443786621	-16.61426544189453	1	brownstone
3.0060875415802	-8.858954429626465	8	Devendra
2.4585018157958984	-12.141204833984375	2	Konoha
31.775856018066406	-12.916359901428223	1	shreveport
-23.308706283569336	-13.167123794555664	2	rasa
4.831106662750244	-6.7530975341796875	6	Beenie
-7.866477012634277	-23.87826156616211	4	Nim
-15.955835342407227	-15.76978874206543	2	Kuba
-14.188998222351074	-11.580718040466309	2	dua
29.744646072387695	-4.98617696762085	1	Lindenhurst
18.746212005615234	-5.846961498260498	2	MPORA
-5.823429584503174	-6.795450687408447	6	Stephon
25.662906646728516	10.265721321105957	5	marimba
2.9245331287384033	-11.231765747070312	2	Neji
13.201128959655762	-20.190902709960938	0	Bathsheba
4.403356075286865	-27.39908218383789	0	Hadassah
8.658041000366211	16.45476722717285	5	Crunk
-15.894402503967285	-15.453451156616211	2	Kuti
-2.266113758087158	3.3358726501464844	8	Audie
-1.2299178838729858	-25.53215789794922	4	Karam
14.933298110961914	17.12729835510254	5	Tamale
13.637154579162598	-5.9907379150390625	4	Jobim
26.18491554260254	7.698235511779785	5	peacemaker
12.910831451416016	-0.2976996600627899	7	Mahinda
11.3477201461792	-23.03082275390625	0	Akiva
-5.219705104827881	-14.207551956176758	2	Mukasey
22.21247100830078	-2.8967154026031494	2	Yamashita
14.70896053314209	6.1127543449401855	4	honeywell
21.04037857055664	-5.066600322723389	2	tronghoa
-3.1918649673461914	-2.2625277042388916	7	rho
8.642522811889648	-3.3919403553009033	6	Josephson
19.15234375	-6.930471420288086	2	Rukia
27.08881378173828	9.588109016418457	5	zumba
19.534048080444336	-4.570363998413086	2	Sango
3.8812148571014404	-25.434947967529297	0	Nehalem
0.46054163575172424	-32.448612213134766	0	Obadiah
-1.9296919107437134	23.55741310119629	9	saps
-15.82485580444336	1.0036017894744873	8	ODB
20.631193161010742	3.417889356613159	0	Pentateuch
14.871503829956055	-17.55259895324707	2	Akoya
-4.381955146789551	-22.808046340942383	4	Kum
-5.818107604980469	-15.996769905090332	2	Gamboa
8.709622383117676	-24.155414581298828	0	Arshad
-17.964529037475586	-9.326695442199707	2	Bamba
21.660951614379883	-7.38864803314209	2	Crescenta
-15.153963088989258	-6.653323650360107	8	Nnamdi
20.447467803955078	-4.521244525909424	2	JobiJoba
-23.879304885864258	-7.80314302444458	7	ASHA
-1.6368292570114136	-15.712996482849121	2	camara
5.262423515319824	-23.543685913085938	0	Rambam
-11.209094047546387	-12.804883003234863	2	Imani
-20.357707977294922	-18.524118423461914	6	kwon
25.45516014099121	11.829119682312012	5	rumba
-28.447826385498047	-8.138773918151855	7	Amari
11.545294761657715	-8.85202407836914	6	Necole
27.791976928710938	-9.160573959350586	6	Tifton
-4.004761695861816	-11.93738842010498	2	Ojo
-15.353081703186035	-2.243755340576172	5	rasta
26.572147369384766	-14.787239074707031	1	Boondock
-1.486533761024475	-17.240962982177734	4	Addo
-14.62169361114502	-14.702387809753418	2	Kiba
2.425281047821045	-9.94929313659668	7	Sabu
7.055931568145752	-23.680805206298828	0	Khadr
-11.627732276916504	-17.294639587402344	2	Kumari
6.2626423835754395	-27.634777069091797	0	Khun
6.700837135314941	5.179486274719238	8	Jafar
-16.387741088867188	2.872042655944824	8	jah
14.040912628173828	-5.081760883331299	4	Hoge
-29.23921012878418	10.367623329162598	1	harlem
11.2157564163208	18.584726333618164	5	Boondocks