x	y	cluster	word
-3.8197100162506104	9.418703079223633	4	he
-2.502540111541748	9.328221321105957	4	his
-1.5813333988189697	7.583333969116211	2	her
-3.3074700832366943	8.00851058959961	2	she
-0.01923450455069542	7.361465930938721	4	him
3.342792272567749	-35.06209182739258	2	man
33.37050247192383	-6.697369575500488	3	white
30.60888671875	-16.538381576538086	2	girl
31.23598289489746	-17.255159378051758	2	woman
28.01888656616211	-17.347421646118164	2	daughter
30.202537536621094	-15.59235668182373	2	boy
28.677953720092773	-15.893158912658691	2	female
27.16080093383789	-19.06035614013672	2	brother
28.05194664001465	-18.43672752380371	2	sister
43.72674560546875	-3.025275945663452	8	american
42.5402717590332	-4.492678165435791	8	french
41.48420333862305	-3.366776466369629	8	indian
44.49342727661133	-4.058098793029785	8	chinese
43.89087677001953	-5.09437894821167	8	japanese
43.19902420043945	-5.159605026245117	8	german
-0.9582585096359253	7.807334899902344	2	hers
42.425323486328125	-3.217381238937378	8	canadian
44.73429489135742	-5.0607709884643555	8	italian
45.78175735473633	-4.3382673263549805	8	british
40.60749816894531	-3.795175552368164	8	european
43.05634307861328	-3.796386957168579	8	australian
-13.392303466796875	18.06105613708496	4	The
-5.093670845031738	13.540302276611328	3	one
-7.598179340362549	26.71198844909668	4	like
-12.399418830871582	22.36090087890625	4	would
20.262115478515625	-24.59531021118164	9	time
-30.14039421081543	-2.3140480518341064	10	get
-11.192384719848633	28.84343719482422	4	also
6.353015422821045	27.59663200378418	4	You
-0.5958243608474731	-35.95759582519531	2	people
0.32034045457839966	14.13882064819336	3	first
-30.135955810546875	-5.556112766265869	10	make
24.219013214111328	12.27258586883545	3	good
-27.851871490478516	-0.7741521596908569	10	know
34.037540435791016	22.630462646484375	6	may
-13.257890701293945	46.76091766357422	0	could
-29.54498291015625	-8.104212760925293	10	use
-9.945938110351562	16.172286987304688	9	way
-6.97069787979126	28.443628311157227	4	well
2.778014659881592	12.079051971435547	3	two
-26.28409767150879	1.8705452680587769	10	think
-7.209503173828125	24.27336311340332	4	much
39.37405014038086	19.167816162109375	6	years
-3.0306508541107178	24.705310821533203	4	many
-14.177390098571777	17.828153610229492	4	For
-29.96565818786621	-7.0030317306518555	10	need
39.14601516723633	22.79368782043457	6	year
11.896246910095215	33.299503326416016	4	really
-24.383731842041016	3.8704898357391357	10	want
15.90361499786377	26.616729736328125	3	great
41.436920166015625	22.09758949279785	6	day
-5.280085563659668	14.83987045288086	3	right
8.436175346374512	18.099437713623047	3	best
-14.450828552246094	49.97906494140625	0	made
-31.99982261657715	-31.805509567260742	5	views
-13.309601783752441	21.54774284362793	4	But
-25.9019718170166	3.088214159011841	10	find
-22.98297691345215	5.450948715209961	10	take
-6.101658344268799	-5.068431854248047	1	information
-13.530333518981934	49.50435256958008	0	used
-4.510307312011719	-30.258808135986328	7	home
16.369831085205078	22.477819442749023	3	last
-10.278803825378418	24.26168441772461	4	What
-10.249037742614746	27.706384658813477	4	going
-29.069101333618164	-6.345745086669922	10	help
9.270657539367676	33.539825439453125	4	still
-6.276290416717529	14.255176544189453	3	All
34.037540435791016	22.630462646484375	6	May
-2.314985752105713	7.610527038574219	4	They
-4.26690149307251	30.552474975585938	4	around
5.844845771789551	-30.430376052856445	7	world
3.971942186355591	13.591497421264648	3	little
-23.067975997924805	8.773439407348633	10	say
-3.439474105834961	40.87740707397461	0	got
-14.10722827911377	20.390125274658203	4	That
-17.78477668762207	-15.717611312866211	9	part
-3.958326578140259	14.068929672241211	3	long
1.56426203250885	19.362625122070312	3	better
-7.757894515991211	23.615076065063477	4	every
-4.5102009773254395	-30.2587947845459	7	Home
-26.68279266357422	-25.21369171142578	5	things
-13.828441619873047	50.563011169433594	0	Posted
-3.4226667881011963	32.73168182373047	4	something
0.9488449096679688	-25.392616271972656	7	game
-12.45541763305664	21.633670806884766	4	With
-12.391554832458496	25.844852447509766	4	using
-2.275527238845825	-17.5614070892334	9	place
-8.475220680236816	-16.76811981201172	9	site
-4.876508712768555	2.2468268871307373	1	online
-17.265172958374023	-20.83885383605957	9	system
-4.072761535644531	46.43187713623047	0	found
-2.1071419715881348	32.29122543334961	4	How
-11.614744186401367	18.891582489013672	4	When
39.44614791870117	18.278554916381836	6	days
27.69212532043457	7.576524257659912	6	always
-18.912614822387695	-14.831987380981445	9	set
-9.043824195861816	28.97010040283203	4	must
-5.473904609680176	24.020444869995117	4	since
8.2152099609375	14.8178129196167	3	high
0.8157268166542053	-9.264408111572266	9	lot
3.330998659133911	26.545024871826172	4	Your
10.406353950500488	21.96535301208496	3	More
-4.188476085662842	-19.01859474182129	9	number
-10.16458797454834	-24.35106086730957	1	service
17.93380355834961	18.727798461914062	3	three
-3.3073878288269043	8.008427619934082	2	She
-22.976398468017578	-4.429162979125977	10	show
-31.180320739746094	-6.577591896057129	10	end
0.7310324907302856	-30.072175979614258	2	family
0.30131444334983826	34.089019775390625	4	looking
-18.138450622558594	-17.71009635925293	9	thing
-1.4579286575317383	-13.808492660522461	9	name
-5.093621730804443	13.539667129516602	3	One
-16.472606658935547	-13.329280853271484	9	post
-5.638833522796631	28.954303741455078	4	might
19.166799545288086	23.539113998413086	4	today
41.0939826965332	20.696990966796875	6	week
10.747359275817871	17.011112213134766	3	old
-30.92757225036621	0.6898304224014282	10	put
-28.20600700378418	-4.570942401885986	10	read
25.680612564086914	8.217646598815918	7	company
-6.589863300323486	16.594615936279297	3	top
7.126118183135986	14.955562591552734	3	big
10.460184097290039	-22.484766006469727	7	book
-5.06267786026001	-21.152240753173828	9	area
1.785525918006897	17.805938720703125	3	full
-20.31157112121582	8.41905403137207	10	keep
8.071929931640625	28.935184478759766	4	away
13.440035820007324	19.38370704650879	3	small
-28.403972625732422	-3.2242677211761475	10	feel
-13.074960708618164	-0.41556528210639954	10	support
10.531367301940918	20.24483299255371	3	real
18.608367919921875	16.212299346923828	5	times
-1.938197135925293	29.111127853393555	4	says
5.907208442687988	-27.13669776916504	7	school
-22.712112426757812	-2.7868335247039795	10	play
6.2852373123168945	13.084004402160645	3	left
1.7872785329818726	-30.90428924560547	2	team
-15.717369079589844	-15.872772216796875	9	point
-9.570719718933105	-23.26097869873047	1	data
4.981650352478027	-14.333279609680176	1	music
3.0131380558013916	26.348825454711914	4	Our
17.320159912109375	22.61030387878418	4	ever
-8.935368537902832	-28.460691452026367	1	News
1.0908559560775757	13.328999519348145	3	second
-3.076578140258789	-13.791996955871582	9	order
25.729267120361328	-12.898118019104004	2	children
4.3844194412231445	-27.916259765625	7	City
-6.296080589294434	23.58774185180664	4	Now
-12.87849235534668	23.77570152282715	4	though
-31.447864532470703	-6.245035648345947	10	start
43.72674560546875	-3.025275945663452	8	American
39.919532775878906	19.32482147216797	6	months
-29.845657348632812	-35.7867317199707	5	services
1.076744556427002	-2.8143856525421143	1	experience
10.543793678283691	-25.230205535888672	7	car
16.621292114257812	-18.489601135253906	7	University
-7.075815200805664	1.3192102909088135	4	making
-11.164970397949219	27.91625213623047	4	getting
-17.484357833862305	-22.637733459472656	9	state
-28.947114944458008	-1.5932971239089966	10	provide
-7.874584674835205	-14.733307838439941	9	course
-20.13803482055664	-18.976770401000977	9	list
32.746795654296875	22.863832473754883	6	June
-6.895793914794922	-30.832319259643555	1	local
10.053642272949219	32.855655670166016	4	enough
37.12521743774414	23.935382843017578	6	night
9.29105281829834	18.92850112915039	3	hard
30.08723258972168	-18.94234275817871	2	person
34.065975189208984	23.703950881958008	6	April
-30.690921783447266	-0.29519960284233093	10	let
-4.477458953857422	-20.11353302001953	9	line
-10.170916557312012	26.6232852935791	4	From
-9.228060722351074	-25.469228744506836	1	website
15.929130554199219	22.36393928527832	3	least
-20.898040771484375	12.307567596435547	10	try
-6.129601955413818	19.04635238647461	3	important
-6.574514865875244	0.4622052013874054	1	working
-7.8881988525390625	-23.454383850097656	1	quality
-1.2146300077438354	-20.669588088989258	9	group
-14.112144470214844	6.694913864135742	10	care
-26.969341278076172	-20.52049446105957	4	makes
-19.6678466796875	-11.52479076385498	9	thought
-13.889382362365723	-11.527679443359375	9	side
-19.906023025512695	3.6279428005218506	10	call
34.39042663574219	-5.183132171630859	8	United
-7.50848388671875	16.743986129760742	4	per
13.857622146606445	-19.52703857421875	7	room
-9.719632148742676	-21.788923263549805	1	program
8.128884315490723	8.57990550994873	3	public
42.35830307006836	-8.660412788391113	8	John
-29.55147361755371	-37.35452651977539	5	products
35.85823440551758	21.758211135864258	6	January
-10.816596031188965	26.42293930053711	4	following
-7.667601108551025	49.78925704956055	0	called
-24.869794845581055	5.067502975463867	10	buy
40.06208801269531	18.718746185302734	6	hours
11.470320701599121	34.66697692871094	4	already
-5.854569435119629	-18.66325569152832	9	price
33.40558624267578	23.556747436523438	6	July
10.249443054199219	-6.20793342590332	1	design
7.723231792449951	18.622587203979492	3	far
5.844845771789551	-30.430376052856445	7	World
-1.2536289691925049	34.15045928955078	4	please
-17.484357833862305	-22.637733459472656	9	State
-13.392303466796875	18.06105613708496	4	THE
-29.252012252807617	-1.1273852586746216	10	include
-17.448610305786133	-12.624014854431152	9	problem
17.5714054107666	-4.569884777069092	1	health
3.9215035438537598	-19.564851760864258	7	food
27.19264793395996	-14.282914161682129	2	women
6.8685994148254395	23.507583618164062	3	based
-11.895310401916504	52.120094299316406	0	went
-16.1007137298584	-21.244958877563477	9	body
12.54757308959961	-23.745080947875977	7	County
13.458414077758789	-24.125049591064453	7	house
-14.403915405273438	-16.9621524810791	9	process
-28.607135772705078	-22.96186637878418	5	needs
-20.74114990234375	-5.914031028747559	10	search
6.362197399139404	15.688769340515137	3	large
33.18841552734375	22.32358169555664	6	February
4.213193416595459	24.616945266723633	4	Not
4.7417168617248535	25.539104461669922	4	together
-3.662773609161377	49.80333709716797	0	came
-6.895698547363281	22.601665496826172	4	After
-24.88371467590332	-20.9551944732666	5	others
-6.756606101989746	33.64122772216797	4	often
-6.518204212188721	-11.548456192016602	9	fact
-8.056739807128906	-29.537765502929688	1	blog
-22.1785945892334	-19.166248321533203	9	means
11.206913948059082	-23.992185592651367	7	country
-15.205727577209473	-3.4134228229522705	10	control
32.86442947387695	23.48630714416504	6	November
-1.2910895347595215	-34.61103057861328	2	friends
-25.87076187133789	-6.286587715148926	10	view
-22.81151580810547	10.880657196044922	10	become
-3.641845464706421	25.440034866333008	4	several
26.193941116333008	8.857850074768066	3	bad
11.112222671508789	-15.595939636230469	7	market
4.3844194412231445	-27.916259765625	7	city
-2.357715129852295	17.10596466064453	3	fun
34.76801681518555	22.024145126342773	6	December
12.423251152038574	23.358606338500977	3	nice
14.489465713500977	25.484649658203125	3	pretty
-1.253654956817627	34.15040588378906	4	Please
-2.400737762451172	48.237205505371094	0	seen
41.436920166015625	22.09758949279785	6	Day
-8.741863250732422	-15.035673141479492	9	form
-6.434654235839844	49.37663650512695	0	took
-36.5709342956543	-36.60749816894531	5	results
-25.87076187133789	-6.286587715148926	10	View
-6.939916133880615	29.231006622314453	4	Just
7.6396484375	-1.5823200941085815	2	students
-21.004308700561523	-33.855567932128906	1	games
13.218143463134766	-16.01451301574707	7	Center
-3.393416404724121	26.40739631652832	4	past
-15.349869728088379	49.62256622314453	0	started
5.6610918045043945	-27.195192337036133	7	School
35.79454803466797	-6.67205810546875	8	South
-23.315732955932617	6.354511260986328	10	tell
-13.826790809631348	-12.604432106018066	9	level
-8.935310363769531	-28.46063804626465	1	news
-33.04418182373047	-30.59245491027832	5	Comments
5.42506217956543	-17.437347412109375	1	government
-26.508928298950195	-31.61770248413086	5	members
3.222867965698242	32.96260452270508	4	comes
-10.469223022460938	-19.095077514648438	9	head
-5.854244709014893	-18.663127899169922	9	Price
-21.024494171142578	6.667403697967529	10	check
3.132538318634033	-28.07994270324707	7	hand
39.44853591918945	17.56597900390625	6	minutes
8.636372566223145	6.884459495544434	1	National
-19.61086654663086	-19.637805938720703	9	type
-9.549607276916504	16.87436294555664	3	whole
5.82212495803833	-12.816078186035156	1	software
38.58745574951172	23.808849334716797	6	season
9.695034980773926	29.48512077331543	4	everything
12.239563941955566	31.173845291137695	4	Thanks
10.118839263916016	22.606576919555664	3	either
-28.20594024658203	-4.570842742919922	10	Read
18.247093200683594	19.810136795043945	3	four
7.910497665405273	-10.960464477539062	1	community
1.7230433225631714	34.51158142089844	4	trying
-0.6693328022956848	18.480024337768555	3	special
-21.961729049682617	-6.5942182540893555	10	review
12.00363540649414	13.38449764251709	3	million
-5.010479927062988	-9.326800346374512	9	idea
-17.489896774291992	-31.629819869995117	5	States
-13.813132286071777	50.59514617919922	0	posted
-10.540493965148926	51.15456771850586	0	added
-13.465851783752441	7.608402252197266	10	contact
-29.410381317138672	-3.982048273086548	10	add
27.951644897460938	-12.701064109802246	2	men
-4.251762866973877	49.101131439208984	0	given
16.39748764038086	20.077566146850586	4	everyone
-20.74114990234375	-5.914031028747559	10	Search
6.174362659454346	-20.263538360595703	7	phone
10.071492195129395	34.69997787475586	4	quite
17.12447738647461	-9.233895301818848	1	email
13.458415031433105	-24.125045776367188	7	House
10.541126251220703	28.333141326904297	4	nothing
-9.217975616455078	47.72950744628906	0	known
3.2881062030792236	14.701807022094727	3	early
-1.626401662826538	18.755041122436523	4	current
0.12525857985019684	14.08796215057373	3	First
-15.931023597717285	-2.022104501724243	10	pay
8.436139106750488	18.09940528869629	3	Best
-6.4454827308654785	34.72385025024414	0	later
-4.269352436065674	-4.275687217712402	1	research
-3.545145034790039	-9.440794944763184	9	mind
-17.591903686523438	-14.035821914672852	9	question
6.757025241851807	4.161007404327393	2	personal
-2.6973047256469727	-11.247769355773926	9	project
-13.206019401550293	5.545864582061768	10	plan
-5.125638008117676	49.50215148925781	0	told
-15.054750442504883	-7.811985015869141	5	offers
15.09282112121582	-4.077650547027588	1	development
15.986983299255371	-19.695545196533203	7	movie
13.234184265136719	-11.716845512390137	1	Internet
-4.733981609344482	28.31714630126953	4	Some
24.937789916992188	10.21643352508545	3	true
13.542698860168457	31.773378372192383	4	link
40.12076187133789	21.07683753967285	6	month
15.90361499786377	26.616729736328125	3	Great
-25.504425048828125	-18.26402473449707	4	About
-18.397430419921875	-13.267142295837402	9	version
-21.01521110534668	-19.189090728759766	9	article
-2.840257406234741	-19.09950828552246	9	event
-24.05004119873047	1.8886719942092896	10	create
4.1420183181762695	17.743865966796875	3	mean
7.988981246948242	21.9975528717041	3	future
-7.941896915435791	-18.691566467285156	9	size
33.70265197753906	-6.18800687789917	8	West
-9.477096557617188	25.93131446838379	4	taking
-23.372385025024414	-30.24298095703125	5	words
11.12290096282959	13.104161262512207	3	single
20.262115478515625	-24.59531021118164	9	Time
3.094454050064087	21.127220153808594	3	close
13.292343139648438	24.142534255981445	3	beautiful
-32.806880950927734	-28.0445556640625	5	looks
-1.5581417083740234	32.633846282958984	4	via
-8.702672958374023	-26.15156364440918	1	history
-33.10348892211914	-35.727691650390625	5	Tags
14.668179512023926	-8.294803619384766	1	reading
2.8749372959136963	-11.090521812438965	7	series
37.12189483642578	-4.714668273925781	8	America
-15.161657333374023	-14.859071731567383	9	file
-23.007238388061523	-15.250772476196289	9	cost
6.544928073883057	36.03520202636719	4	seems
10.637178421020508	30.567733764648438	4	Why
-20.763940811157227	4.909394264221191	10	visit
8.545079231262207	12.342449188232422	3	short
11.64314079284668	-19.26203727722168	7	song
1.2191548347473145	-9.24443244934082	9	front
-28.012435913085938	-24.31501579284668	5	works
33.37050247192383	-6.697369575500488	3	White
14.013264656066895	-21.690147399902344	7	Park
8.2152099609375	14.8178129196167	3	High
2.1686573028564453	-26.59893226623535	7	class
-29.845657348632812	-35.7867317199707	5	Services
6.420026779174805	-18.184864044189453	7	law
6.445247650146484	33.85341262817383	4	coming
-9.188104629516602	23.8774471282959	4	whether
-25.995210647583008	-5.309401988983154	10	share
-4.876509189605713	2.246826648712158	1	Online
-29.458602905273438	-27.803762435913086	5	problems
23.631946563720703	13.413572311401367	3	perfect
-30.14039421081543	-2.3140480518341064	10	Get
38.97004699707031	18.942304611206055	6	weeks
-2.5025622844696045	9.328296661376953	4	His
24.910152435302734	8.520923614501953	7	film
-10.164664268493652	-24.351179122924805	1	Service
9.589643478393555	15.029687881469727	3	low
15.079404830932617	-10.69506549835205	1	Windows
17.5714054107666	-4.569884777069092	1	Health
-19.732481002807617	12.179574012756348	10	Reply
-6.801584243774414	-12.029630661010742	9	reason
-30.68050193786621	-30.80180549621582	5	details
3.2451329231262207	-25.368318557739258	7	party
3.2944869995117188	-31.991012573242188	2	child
13.509502410888672	-9.263309478759766	1	International
-22.64099884033203	-36.116424560546875	5	companies
-30.543798446655273	-29.312246322631836	5	questions
-24.527612686157227	-5.292245864868164	10	report
16.586326599121094	31.030025482177734	10	sale
9.458282470703125	34.83761978149414	4	rather
8.50727653503418	-13.863259315490723	7	property
-33.04418182373047	-30.59245491027832	5	comments
-16.472606658935547	-13.329280853271484	9	Post
11.537284851074219	18.45809555053711	3	hot
16.79871940612793	-20.305803298950195	7	hotel
-6.590421199798584	16.594255447387695	3	Top
2.4827773571014404	-31.963579177856445	2	friend
-6.9708428382873535	28.44403648376465	4	Well
-20.495346069335938	11.531271934509277	10	understand
-23.62701988220215	-6.3144211769104	10	learn
17.613195419311523	-18.034862518310547	7	computer
5.1705322265625	-26.080211639404297	7	office
4.981306552886963	-14.333334922790527	1	Music
25.44059944152832	-12.671581268310547	2	kids
-24.24551010131836	0.38913124799728394	10	stop
38.565921783447266	-5.104825019836426	8	English
-23.36612892150879	-3.3840489387512207	10	watch
38.795074462890625	21.754566192626953	6	Friday
-1.0450605154037476	30.55523109436035	4	provides
7.032179832458496	20.93386459350586	3	simple
5.606456279754639	-15.877472877502441	1	art
7.921921253204346	11.413053512573242	3	major
-29.617586135864258	-31.645261764526367	5	issues
-11.192384719848633	28.84343719482422	4	Also
16.43360137939453	-3.9885809421539307	1	management
-24.076412200927734	-2.6248583793640137	10	move
-22.187110900878906	-8.900154113769531	9	content
-4.837832927703857	-4.825869560241699	1	training
25.295141220092773	8.229862213134766	7	building
-7.137767314910889	48.88034439086914	0	asked
14.354410171508789	30.82430648803711	10	credit
26.3918399810791	-17.940200805664062	2	couple
4.591066837310791	-17.039878845214844	1	industry
-3.606673240661621	-22.394123077392578	9	Date
9.349672317504883	27.733125686645508	4	original
-0.41937392950057983	-30.93789291381836	2	age
18.74116325378418	19.4914493560791	3	five
-3.6064653396606445	-22.394166946411133	9	date
24.219013214111328	12.27258586883545	3	Good
-0.6761888861656189	29.957183837890625	5	includes
-21.96954917907715	-3.2188022136688232	10	study
0.21950072050094604	13.060748100280762	3	half
7.908608913421631	5.795835494995117	1	social
-34.94152069091797	-33.61778259277344	5	shows
18.160829544067383	-18.193214416503906	7	space
-30.629253387451172	-34.28444290161133	5	photos
2.8439865112304688	23.27018928527832	3	present
13.890907287597656	23.7858943939209	3	happy
19.335023880004883	-1.622207522392273	9	matter
-22.211389541625977	4.6815996170043945	10	turn
-15.645160675048828	50.5130500793457	0	needed
0.5712482929229736	30.786182403564453	5	gets
-7.549557685852051	-26.90927505493164	1	media
-11.204538345336914	20.72091293334961	4	Then
2.7053725719451904	-33.38331604003906	2	human
7.851344585418701	33.9809455871582	4	simply
-18.385337829589844	8.705986022949219	10	stay
16.548227310180664	33.01821517944336	10	deal
-8.711803436279297	-18.590526580810547	9	style
44.74909591674805	-5.958479881286621	8	London
-9.795598983764648	51.5481071472168	0	provided
-23.408985137939453	7.88091516494751	10	ask
-2.2552473545074463	16.495906829833984	3	main
-10.290702819824219	-12.726243019104004	9	member
-10.271174430847168	46.257957458496094	0	required
-7.208963871002197	21.56739044189453	4	Most
-6.097951889038086	-26.199748992919922	1	technology
-9.548500061035156	28.60346794128418	4	upon
-13.981212615966797	18.88871955871582	4	Are
-6.63566255569458	1.8635226488113403	4	playing
-11.927977561950684	-4.189892768859863	9	action
-29.410381317138672	-3.982048273086548	10	Add
45.568538665771484	-7.370204448699951	8	Google
-24.232175827026367	-8.673676490783691	10	comment
-1.299594759941101	42.71039962768555	0	saw
18.480680465698242	-3.6960713863372803	1	insurance
-3.939122200012207	-10.216123580932617	9	sound
2.5455880165100098	31.370758056640625	5	takes
-15.486418724060059	-1.8716977834701538	10	talk
16.798486709594727	-20.306507110595703	7	Hotel
-13.807106018066406	-14.024274826049805	9	test
-8.083127975463867	28.415407180786133	4	While
36.639774322509766	22.74671173095703	6	Sunday
1.6296563148498535	-9.55915355682373	9	key
-30.784893035888672	-32.96402359008789	5	stuff
8.02485466003418	32.83551788330078	4	cannot
-24.375818252563477	-0.0020890962332487106	10	win
36.17903137207031	23.25243377685547	6	Saturday
-21.961729049682617	-6.5942182540893555	10	Review
-25.9019718170166	3.088214159011841	10	Find
44.55414581298828	-7.074109077453613	8	California
4.183892250061035	30.60612678527832	5	various
8.656194686889648	34.909629821777344	4	usually
-22.01811408996582	6.1638898849487305	10	meet
-25.760583877563477	-26.856800079345703	5	parts
-2.028855800628662	-33.87784194946289	2	guys
-22.774085998535156	-8.302417755126953	10	result
-17.989990234375	-16.833471298217773	9	amount
7.937405586242676	-21.008750915527344	7	store
-24.571077346801758	-30.321136474609375	5	areas
-5.690182209014893	-17.415508270263672	9	position
6.4002461433410645	-25.373897552490234	7	field
27.308935165405273	-19.565881729125977	2	guy
-24.13315200805664	-36.11393737792969	5	books
-29.257638931274414	-34.82902908325195	5	events
-17.181812286376953	10.698891639709473	10	hit
4.946506977081299	12.658163070678711	3	longer
25.750713348388672	9.481416702270508	3	Yes
-18.40127944946289	8.079026222229004	10	leave
7.126118183135986	14.955562591552734	3	Big
-26.244457244873047	-27.4801025390625	5	items
-2.110849380493164	17.92854118347168	9	total
15.477470397949219	30.02570152282715	9	percent
-33.530609130859375	-37.302059173583984	5	prices
9.991828918457031	23.557723999023438	4	wrong
0.7617054581642151	-5.706779479980469	9	message
-18.088808059692383	4.134294033050537	10	rest
7.074079990386963	12.584665298461914	3	natural
-9.85467529296875	-15.08071517944336	9	picture
-17.562820434570312	-12.24901294708252	9	cause
-3.0208122730255127	-1.036574363708496	1	general
0.4430913031101227	31.09084701538086	5	goes
-11.14979362487793	49.72315979003906	0	created
2.999185085296631	17.616107940673828	3	favorite
-14.934714317321777	7.460051536560059	10	drive
14.294759750366211	25.996967315673828	3	clear
-17.78434944152832	-15.717897415161133	9	Part
20.058372497558594	-17.52566909790039	7	paper
-6.101459503173828	-5.068510055541992	1	Information
-5.3983893394470215	31.59684181213379	4	shall
-10.324206352233887	50.126346588134766	0	held
-4.463500022888184	1.0444084405899048	4	inside
-11.591485977172852	45.91458511352539	0	located
-24.869274139404297	5.067081928253174	10	Buy
15.85377025604248	18.693735122680664	3	private
-25.43829345703125	-28.469572067260742	5	systems
7.534754753112793	31.673542022705078	4	currently
38.059326171875	22.89574432373047	6	morning
14.545275688171387	-15.702916145324707	2	model
-11.564563751220703	-18.47688102722168	2	user
35.61183166503906	-4.832633018493652	8	USA
27.233497619628906	8.357499122619629	3	maybe
-7.797213554382324	45.48011016845703	0	designed
9.28492259979248	10.436540603637695	3	professional
-8.748473167419434	49.50202178955078	0	heard
13.234429359436035	-11.71737289428711	1	internet
6.655679702758789	-10.61025619506836	1	writing
-24.423110961914062	6.572453022003174	10	hear
-13.065594673156738	-17.32840347290039	9	application
-23.846240997314453	-31.39879608154297	5	rights
-1.2145707607269287	-20.669658660888672	9	Group
1.785540223121643	17.805908203125	3	Full
-2.815255880355835	-21.609033584594727	9	period
-36.30635070800781	-37.56840133666992	5	sales
-9.630265235900879	20.88066291809082	4	Can
7.421348571777344	10.981725692749023	3	third
8.87929630279541	-25.332441329956055	7	College
-32.041080474853516	-34.487648010253906	5	pictures
0.9495305418968201	17.049449920654297	3	common
-11.7183198928833	-1.2207722663879395	9	addition
16.5863094329834	31.02997398376465	10	Sale
42.106109619140625	-6.344204425811768	8	Washington
-8.646499633789062	-12.809426307678223	9	subject
-5.788313388824463	-14.107338905334473	9	record
3.0481607913970947	35.25526809692383	4	saying
37.992889404296875	21.85626220703125	6	Monday
-26.951210021972656	-27.22498893737793	5	sites
16.94403648376465	-15.278929710388184	2	President
-12.640481948852539	48.641021728515625	0	written
-34.81342315673828	-31.674720764160156	5	changes
42.798824310302734	-8.281840324401855	8	James
8.295607566833496	28.18125343322754	4	source
-7.196412086486816	47.99794006347656	0	received
-29.13312339782715	-3.22070574760437	10	continue
-3.2684879302978516	43.98675537109375	0	ready
-10.684056282043457	-16.030681610107422	9	photo
7.173499584197998	-0.9505373239517212	2	customers
-12.603123664855957	-0.5092135071754456	10	sense
12.442361831665039	32.71392822265625	4	interesting
0.3280690610408783	23.475723266601562	3	recent
5.606456279754639	-15.877472877502441	1	Art
4.356743812561035	-5.070507049560547	2	forward
9.535506248474121	19.74312400817871	3	popular
-37.444053649902344	-35.94331359863281	5	reviews
-12.300508499145508	49.80769729614258	0	wrote
-27.126943588256836	-23.60077667236328	5	ways
0.1926627904176712	35.033023834228516	4	instead
8.710884094238281	-0.4993758797645569	2	players
15.96474552154541	-22.26462745666504	7	Road
-18.878150939941406	-0.060356177389621735	10	cut
-21.610280990600586	-26.803537368774414	2	users
-3.0208122730255127	-1.036574363708496	1	General
-6.671107769012451	34.096641540527344	4	recently
-19.937183380126953	7.230734348297119	10	save
12.239563941955566	31.173845291137695	4	thanks
18.385488510131836	25.941164016723633	3	late
-5.360324859619141	-28.030731201171875	1	network
6.326602935791016	-12.054041862487793	1	education
15.555610656738281	-5.339060306549072	1	financial
12.649197578430176	22.700363159179688	3	cool
-9.843935012817383	47.4605827331543	0	included
-0.8580061793327332	-4.330972194671631	1	treatment
11.094581604003906	32.50118637084961	4	Thank
43.96755599975586	-8.484731674194336	8	Paul
-24.39005470275879	3.076679229736328	10	send
-19.395837783813477	1.6439687013626099	10	write
-22.28818702697754	-33.166099548339844	5	jobs
29.119125366210938	-17.96232032775879	2	baby
-22.378328323364258	13.28691291809082	4	seem
21.597591400146484	1.6646591424942017	2	player
-22.97613525390625	-4.429157257080078	10	Show
-6.901656627655029	-16.442380905151367	9	section
-10.684056282043457	-16.030681610107422	9	Photo
-7.598144054412842	26.712081909179688	4	Like
-22.47633934020996	7.228728771209717	10	choose
0.41801929473876953	-2.9608020782470703	1	thinking
-18.46002769470215	-1.673943281173706	10	choice
-12.974785804748535	26.068864822387695	4	according
44.96645736694336	-9.676981925964355	6	Christmas
12.513349533081055	-4.711933612823486	1	travel
34.962371826171875	-6.207237243652344	8	Blue
22.987077713012695	12.41585922241211	10	wish
-30.6909122467041	-0.29519179463386536	10	Let
-0.5958243608474731	-35.95759582519531	2	People
19.1672306060791	23.539142608642578	4	Today
41.266483306884766	-4.764731407165527	8	China
3.9414072036743164	21.04587173461914	3	fine
13.218143463134766	-16.01451301574707	7	center
-23.814849853515625	8.559185981750488	10	allow
16.3364315032959	33.412841796875	10	wait
-1.113836646080017	14.82524585723877	3	final
-1.3085154294967651	9.794534683227539	4	Who
-20.547422409057617	0.7786293029785156	10	answer
-12.272176742553711	51.12063217163086	0	played
4.334802627563477	14.463827133178711	3	fast
-32.78558349609375	-29.539535522460938	5	likes
-3.608762502670288	-29.42216682434082	9	Department
-32.43773651123047	-36.74152755737305	5	programs
35.95756912231445	22.499513626098633	6	Thursday
-11.456419944763184	-2.887641429901123	10	release
5.1705322265625	-26.080211639404297	7	Office
12.180168151855469	-22.225746154785156	7	box
-12.935761451721191	-20.48386001586914	9	material
9.888443946838379	-12.337915420532227	1	tax
-1.220455527305603	-15.82413101196289	9	location
16.054349899291992	0.28977274894714355	5	specific
-7.433588981628418	13.455521583557129	5	ones
2.120616912841797	-6.3166937828063965	9	meeting
2.4193716049194336	-26.924663543701172	7	town
-9.005772590637207	16.96897315979004	4	entire
27.282482147216797	-17.856704711914062	2	individual
37.24995803833008	21.983976364135742	6	Tuesday
41.93391036987305	-5.760120391845703	8	Texas
10.532135009765625	20.245426177978516	3	Real
26.486543655395508	-15.280165672302246	2	girls
-16.85279655456543	-23.142602920532227	7	board
37.506229400634766	21.079885482788086	6	Wednesday
4.939033508300781	24.817312240600586	4	particular
2.906355857849121	18.38827133178711	3	huge
27.19264793395996	-14.282914161682129	2	Women
11.097267150878906	-9.688133239746094	1	medical
-16.649547576904297	-16.348371505737305	9	term
5.737890243530273	-22.188720703125	7	Club
2.778014659881592	12.079051971435547	3	Two
-21.645671844482422	5.361027240753174	10	receive
19.224517822265625	-3.8074305057525635	1	marketing
-18.42464828491211	9.920500755310059	10	hold
-10.068517684936523	-17.180198669433594	9	text
10.460184097290039	-22.484766006469727	7	Book
-3.6412365436553955	48.23164749145508	0	tried
35.12887191772461	23.67911720275879	6	summer
-11.31130599975586	51.195037841796875	0	gave
-24.515945434570312	-3.9966628551483154	10	build
-27.324222564697266	-1.1945123672485352	10	follow
40.56465530395508	-5.410507678985596	8	Canada
10.24935531616211	-6.207935333251953	1	Design
0.731060802936554	-30.07219696044922	2	Family
-5.282769680023193	45.701934814453125	0	worked
-24.527612686157227	-5.292245864868164	10	Report
-8.056925773620605	-29.537824630737305	1	Blog
13.03565788269043	21.324277877807617	3	cheap
-21.505224227905273	11.514745712280273	10	agree
-27.502925872802734	-32.911991119384766	5	files
15.96474552154541	-22.26462745666504	7	road
-33.69122314453125	-33.39623260498047	5	options
-37.444061279296875	-35.94331359863281	5	Reviews
13.003959655761719	20.487003326416016	3	wide
39.18953323364258	-4.172842979431152	8	India
-12.996254920959473	22.193387985229492	4	Have
-11.140917778015137	49.16469955444336	0	decided
-9.387771606445312	-13.494400024414062	9	role
-26.103105545043945	-34.44481658935547	5	pages
8.636374473571777	6.884455680847168	1	national
-31.802860260009766	-35.80441665649414	5	ideas
26.60439682006836	-12.977499008178711	2	parents
-30.366802215576172	-32.37283706665039	5	terms
-0.6389333009719849	-5.593268394470215	9	collection
16.43360137939453	-3.9885809421539307	1	Management
13.509502410888672	-9.263309478759766	1	international
-16.779369354248047	-16.96805191040039	9	method
-3.030799627304077	24.705297470092773	4	Many
-11.934555053710938	-2.399275541305542	10	practice
-7.852377891540527	-12.997584342956543	9	title
-29.54498291015625	-8.104212760925293	10	Use
18.030229568481445	19.487712860107422	3	six
-4.269570827484131	-4.275473117828369	1	Research
18.190460205078125	-2.523719072341919	1	policy
-15.14629077911377	8.322286605834961	10	purchase
29.77828598022461	-17.912195205688477	2	wife
-33.45946502685547	-32.00639343261719	5	links
19.079605102539062	-16.347225189208984	7	DVD
1.0661656856536865	31.71249771118164	4	gives
-13.470818519592285	7.613913536071777	10	Contact
17.43425941467285	-3.103537082672119	1	production
-4.035095691680908	45.63521957397461	0	interested
18.97235107421875	-16.977996826171875	7	war
2.004086494445801	23.8974666595459	4	quickly
6.174188613891602	-20.263757705688477	7	Phone
15.282431602478027	-21.033885955810547	7	Beach
27.937793731689453	7.96086311340332	6	sometimes
-31.207412719726562	-34.97551727294922	5	images
-17.265172958374023	-20.83885383605957	9	System
-4.6359710693359375	30.915210723876953	4	throughout
9.870674133300781	-16.906478881835938	9	track
-32.21590805053711	-33.36325454711914	5	videos
-6.854477405548096	20.834871292114258	4	starting
-24.59148597717285	-32.41498565673828	5	groups
-2.77640700340271	48.85276794433594	0	looked
8.155831336975098	16.52891731262207	3	average
-3.691073179244995	0.31093600392341614	1	talking
-0.8556565642356873	43.66654586791992	0	shot
13.750212669372559	26.924623489379883	3	wonderful
8.769946098327637	33.604530334472656	4	completely
12.354909896850586	-9.325666427612305	1	political
-23.380338668823242	-31.876062393188477	5	hands
16.32672691345215	-17.210451126098633	7	dog
-28.293445587158203	-28.536977767944336	5	activities
-7.998236179351807	48.999855041503906	0	sent
-6.300048828125	48.77414321899414	0	knew
0.9488710165023804	-25.39266014099121	7	Game
-10.582859992980957	48.108436584472656	0	involved
-24.232141494750977	-8.67379093170166	10	Comment
12.84853458404541	-19.12343406677246	7	band
14.032254219055176	-23.263322830200195	7	Church
-24.733102798461914	-17.34467124938965	1	info
-21.024763107299805	6.667935848236084	10	Check
-14.526920318603516	51.275386810302734	0	built
-8.545843124389648	48.208282470703125	0	felt
8.990643501281738	-16.62326431274414	7	screen
19.83745002746582	-19.0792179107666	7	Lake
28.810001373291016	-18.609285354614258	2	student
-21.525148391723633	2.8010852336883545	10	fit
14.44958782196045	24.670425415039062	3	clean
1.2057359218597412	30.726713180541992	5	wants
-1.5635175704956055	45.34742736816406	0	born
24.48320770263672	9.267378807067871	7	album
10.778643608093262	-13.368128776550293	7	fire
40.56016540527344	22.121082305908203	6	hour
9.217470169067383	-18.577381134033203	9	language
8.109795570373535	26.457744598388672	9	potential
-3.3332865238189697	-19.84486198425293	9	device
-16.8502140045166	-23.140369415283203	7	Board
46.24955749511719	-7.664163589477539	8	Facebook
-5.515859127044678	-2.4884226322174072	1	attention
27.945255279541016	-19.130821228027344	2	customer
-13.101731300354004	-25.779573440551758	1	equipment
-2.0587220191955566	-33.21721649169922	2	feet
33.245967864990234	-8.832978248596191	2	King
-31.153024673461914	-29.766454696655273	5	posts
29.93177604675293	-16.885982513427734	2	mother
10.569463729858398	-25.25648307800293	7	Car
19.86682891845703	19.69741439819336	6	fall
39.14601516723633	22.79368782043457	6	Year
-7.549557685852051	-26.90927505493164	1	Media
19.029396057128906	-1.4581937789916992	9	variety
14.651819229125977	-20.55812644958496	7	bed
-28.210247039794922	-32.5330810546875	5	cases
-5.4739460945129395	24.020442962646484	4	Since
0.6861816048622131	20.87872314453125	3	necessary
3.22212815284729	25.232267379760742	4	Will
-17.811017990112305	7.555774688720703	10	guess
-3.545095205307007	30.965085983276367	4	allows
-5.477806091308594	48.409393310546875	0	turned
19.6920108795166	22.91135025024414	6	Nov
-33.48769760131836	-35.046573638916016	5	plans
-8.39455509185791	45.191864013671875	0	published
5.791622638702393	24.30257797241211	4	leading
-32.865562438964844	-33.041500091552734	5	effects
-29.168989181518555	-30.341115951538086	5	types
-12.942564010620117	2.033280372619629	10	response
-31.378360748291016	-31.30712890625	5	costs
-14.666657447814941	48.54602813720703	0	began
-0.4989400804042816	-4.009604454040527	1	focus
-4.374170303344727	50.347957611083984	0	became
-20.91361427307129	13.36845874786377	10	consider
-27.660001754760742	-30.628000259399414	5	levels
13.75259780883789	-4.383281707763672	1	learning
37.09584426879883	19.340707778930664	6	daily
-19.984466552734375	13.370720863342285	10	happen
-30.097911834716797	-36.45831298828125	5	resources
45.17225646972656	-6.687194347381592	8	Apple
-30.13595962524414	-5.556151390075684	10	Make
38.862037658691406	21.17424964904785	6	weekend
18.214391708374023	-16.595773696899414	7	wedding
-4.237360954284668	26.690692901611328	4	Only
-16.883831024169922	8.304664611816406	10	sell
-10.906907081604004	52.14275360107422	0	brought
10.66710376739502	-20.27591896057129	7	ground
8.851949691772461	-11.134591102600098	1	speed
-15.756415367126465	0.6337174773216248	10	trip
-18.414474487304688	2.0506389141082764	10	decision
6.050401210784912	-12.970989227294922	1	Software
19.8957462310791	-22.969968795776367	6	Sun
-18.91263771057129	-14.83203411102295	9	Set
-28.048627853393555	-27.114444732666016	5	notes
13.038955688476562	-5.835197448730469	1	environment
8.12481689453125	8.578149795532227	3	Public
-30.90797996520996	-29.84571075439453	5	Posts
3.342792272567749	-35.06209182739258	2	Man
-7.648687362670898	46.63908386230469	0	released
3.2451329231262207	-25.368318557739258	7	Party
-31.212724685668945	-36.69156265258789	5	skills
-35.70380783081055	-35.57215118408203	5	rates
2.874946355819702	-11.090409278869629	7	Series
7.910497665405273	-10.960464477539062	1	Community
7.343956470489502	-21.904529571533203	7	court
-32.8516960144043	-34.25703430175781	5	conditions
8.879308700561523	-25.33241081237793	7	college
-22.63158416748047	-36.32254409790039	5	countries
18.972187042236328	-16.97757339477539	7	War
-16.2755069732666	4.126331329345703	9	solution
11.899630546569824	20.678529739379883	3	safe
-9.122363090515137	30.219993591308594	4	although
43.48612594604492	-9.296714782714844	8	Mark
-6.567397117614746	-19.165756225585938	9	Association
9.866225242614746	6.89512300491333	1	digital
17.47976303100586	-14.767895698547363	2	police
6.566291332244873	-12.212739944458008	1	Education
-16.462677001953125	9.471518516540527	10	break
7.0739426612854	33.324241638183594	4	directly
-16.647775650024414	-21.283233642578125	9	item
7.732728004455566	-1.0170059204101562	2	patients
-5.505509853363037	47.0996208190918	0	shown
1.4686235189437866	-4.4516282081604	1	Press
-2.1418228149414062	-9.858087539672852	9	sign
-17.422197341918945	-0.2815822660923004	9	option
-28.034818649291992	-35.72046661376953	5	tools
-35.41368865966797	-36.919036865234375	5	projects
-5.14130973815918	1.0227164030075073	1	moving
-28.5515079498291	-33.91654586791992	5	places
-7.479165554046631	-10.96396541595459	9	function
-6.850727558135986	-8.561022758483887	9	situation
-25.5957088470459	-28.913244247436523	5	numbers
26.763761520385742	9.362553596496582	3	definitely
-11.08070182800293	26.981861114501953	4	providing
9.871245384216309	6.8839545249938965	1	Digital
-34.60873031616211	-34.832847595214844	5	stories
38.08154296875	-4.395263671875	8	Europe
-11.71288013458252	48.01723098754883	0	paid
44.54683303833008	-8.455456733703613	8	George
-13.508687973022461	-3.716559410095215	10	display
-9.453160285949707	-1.8352861404418945	9	feeling
42.5402717590332	-4.492678165435791	8	French
17.24905014038086	31.060291290283203	10	gift
6.420026779174805	-18.184864044189453	7	Law
-7.942242622375488	-18.69141960144043	9	Size
4.9665632247924805	9.722522735595703	3	legal
11.636051177978516	20.063398361206055	3	modern
6.228461742401123	-24.92894744873047	7	Star
-16.004743576049805	9.153936386108398	10	pick
19.671722412109375	-15.782157897949219	7	camera
-23.367233276367188	-3.383796215057373	10	Watch
-20.863815307617188	-4.6058759689331055	10	guide
25.750713348388672	9.481416702270508	3	yes
-19.696025848388672	5.487613201141357	10	eat
16.37117576599121	-2.0612711906433105	1	lyrics
41.25322341918945	-9.847136497497559	2	Jesus
46.3216667175293	-6.481851100921631	8	Microsoft
14.493303298950195	-4.869884967803955	1	safety
-19.474750518798828	6.510285377502441	10	pass
9.732680320739746	-18.710058212280273	7	engine
9.273233413696289	-14.742288589477539	7	estate
-4.3816142082214355	-11.020681381225586	9	goal
8.295727729797363	28.181596755981445	4	Source
-26.96514892578125	-21.443740844726562	5	lots
-3.461787700653076	41.67538070678711	0	limited
45.78175735473633	-4.3382673263549805	8	British
39.54374694824219	-5.327179431915283	8	England
7.908891201019287	-17.36588478088379	7	nature
7.9257917404174805	-1.3066734075546265	2	fans
-3.0614540576934814	45.01033020019531	0	expected
-20.137939453125	-18.976722717285156	9	List
-0.1414955109357834	45.2388916015625	0	spent
-1.4579312801361084	-13.808427810668945	9	Name
0.3959795832633972	-4.38763427734375	10	entry
-8.702672958374023	-26.15156364440918	1	History
7.343956470489502	-21.904529571533203	7	Court
-3.141925811767578	47.35694122314453	0	considered
15.683362007141113	-3.19142484664917	1	planning
-18.77969741821289	10.512701034545898	10	spend
-16.48833656311035	7.562937259674072	10	claim
-10.54898452758789	-23.555707931518555	1	relationship
-21.004337310791016	-33.85560989379883	1	Games
34.962371826171875	-6.207237243652344	8	blue
15.847296714782715	24.088523864746094	3	alone
1.5235456228256226	-27.185894012451172	7	machine
-13.390912055969238	-2.6020302772521973	10	approach
-6.392280101776123	-28.624528884887695	1	Science
-27.426889419555664	-35.13056182861328	5	lines
11.155865669250488	30.859647750854492	4	lol
19.128873825073242	25.37221908569336	4	Once
9.432269096374512	21.19985580444336	3	quick
-1.220455527305603	-15.82413101196289	9	Location
11.05236530303955	-17.242027282714844	9	brand
1.3969389200210571	23.345964431762695	3	highly
-28.664525985717773	-29.086620330810547	5	applications
-20.93631362915039	-32.71572494506836	5	schools
14.032254219055176	-23.263322830200195	7	church
-7.857538223266602	15.813450813293457	4	beginning
3.921590805053711	-19.56492042541504	7	Food
-6.673336505889893	47.714908599853516	0	changed
27.951427459716797	-12.701247215270996	2	Men
-24.430164337158203	-33.30231475830078	5	homes
-28.70738410949707	-22.7530460357666	5	uses
-4.45640754699707	-17.76057243347168	9	unit
-22.90733528137207	5.654621601104736	10	Take
-4.188844680786133	-19.018598556518555	9	Number
-2.1929214000701904	47.62012481689453	0	happened
-14.177390098571777	17.828153610229492	4	FOR
-1.5813333988189697	7.583333969116211	2	Her
-8.475220680236816	-16.76811981201172	9	Site
-13.08086109161377	-14.271748542785645	9	Act
-12.238492965698242	-14.528888702392578	7	shop
-5.10380744934082	26.953481674194336	4	fully
-36.233551025390625	-39.45374298095703	5	movies
-9.719616889953613	-21.788896560668945	1	Program
10.746964454650879	17.010896682739258	3	Old
-35.424442291259766	-38.46556091308594	5	songs
29.631786346435547	-16.361587524414062	2	father
9.182726860046387	-15.772686958312988	7	Forum
8.690916061401367	21.01645851135254	3	regular
-6.097951889038086	-26.199748992919922	1	Technology
15.251233100891113	-4.340632438659668	1	Development
15.151992797851562	33.3299674987793	4	dont
-19.906023025512695	3.6279428005218506	10	Call
-29.55147361755371	-37.35452651977539	5	Products
32.52149963378906	-3.4230692386627197	3	Central
-20.863866806030273	-4.605860710144043	10	Guide
-17.017147064208984	6.781151294708252	10	sort
-21.89927101135254	2.3480803966522217	10	improve
-26.378515243530273	-19.18702507019043	4	Its
1.7874081134796143	-30.90413475036621	2	Team
6.476144790649414	-0.7548116445541382	2	clients
39.95674514770508	-4.737798690795898	8	Australia
-34.62905502319336	-36.237606048583984	5	sounds
3.936234712600708	16.386016845703125	3	normal
28.133922576904297	-19.9335880279541	2	fan
-8.733561515808105	21.29146957397461	4	Each
-35.26677322387695	-32.73970031738281	5	reports
44.0964469909668	-6.555514335632324	8	Chicago
34.031776428222656	-7.5053277015686035	8	Bill
11.537284851074219	18.45809555053711	3	Hot
-3.7526934146881104	-2.7866926193237305	1	advice
12.320117950439453	19.144304275512695	3	deep
11.097232818603516	-9.688129425048828	1	Medical
-4.4877238273620605	44.158939361572266	0	loved
7.908552169799805	5.795942306518555	1	Social
8.457011222839355	23.339073181152344	3	serious
9.273365020751953	-14.742185592651367	7	Estate
-2.699388265609741	-11.247676849365234	9	Project
-9.467775344848633	50.21760940551758	0	bought
-2.770745277404785	33.55955123901367	4	Because
-2.116110324859619	15.160420417785645	3	multiple
20.079622268676758	-18.925453186035156	7	River
-1.2316856384277344	44.737571716308594	0	died
9.369874000549316	6.066888332366943	1	global
-8.381651878356934	22.93536949157715	4	towards
-17.489896774291992	-31.629819869995117	5	states
-15.734378814697266	1.3248376846313477	10	fight
0.29759782552719116	30.18250846862793	5	knows
43.836822509765625	-7.709310531616211	8	William
-35.29621124267578	-39.387367248535156	5	rooms
-26.590843200683594	-36.2950553894043	5	materials
-6.1853179931640625	-1.9478414058685303	1	analysis
-2.837528944015503	29.155227661132812	4	helps
12.315361976623535	-22.931209564208984	7	Island
13.319012641906738	25.73069190979004	3	successful
-11.233786582946777	-23.312814712524414	9	organization
12.271419525146484	-15.746009826660156	7	Council
-22.28818702697754	-33.166099548339844	5	Jobs
40.60749816894531	-3.795175552368164	8	European
-23.346403121948242	-35.913211822509766	5	cars
-27.8121337890625	-26.288227081298828	5	articles
-5.360324859619141	-28.030731201171875	1	Network
7.860512733459473	-20.378618240356445	7	map
11.103861808776855	-17.539287567138672	9	tool
-0.033588048070669174	19.413108825683594	3	direct
-8.140313148498535	-11.944430351257324	9	Description
-9.122581481933594	30.22023582458496	4	Although
10.805167198181152	-18.961402893066406	7	stage
-14.112144470214844	6.694913864135742	10	Care
26.259885787963867	-19.20412826538086	2	author
-24.677793502807617	-9.548958778381348	4	com
-8.708280563354492	46.118045806884766	0	developed
9.753767013549805	-20.68988609313965	7	channel
2.5190787315368652	-6.964629173278809	9	Category
40.827816009521484	-9.659290313720703	8	Twitter
-17.960372924804688	2.9888081550598145	10	request
12.513349533081055	-4.711933612823486	1	Travel