x	y	cluster	word
8.856965065002441	-21.901691436767578	8	girl
11.983742713928223	-22.47907066345215	8	woman
10.793020248413086	-22.06671142578125	8	female
12.352195739746094	-21.08075523376465	8	sister
38.6306037902832	-40.14188766479492	1	women
23.57530403137207	-6.319183826446533	5	model
24.054637908935547	0.021829403936862946	8	subject
45.81547546386719	-9.242982864379883	9	hair
37.884769439697266	-38.72948455810547	1	girls
38.6306037902832	-40.14188766479492	1	Women
12.200334548950195	-17.27387046813965	8	wife
23.57530403137207	-6.319183826446533	5	Model
-6.726167678833008	2.763119697570801	6	Carolina
8.856965065002441	-21.901691436767578	8	Girl
37.884769439697266	-38.72948455810547	1	Girls
20.2294921875	-8.094873428344727	8	teacher
35.07271957397461	10.475653648376465	9	television
46.27032470703125	-20.9455509185791	4	flowers
35.978546142578125	-18.68796730041504	4	pussy
-33.03287124633789	21.807661056518555	10	Sarah
7.52776575088501	18.952823638916016	3	Kansas
46.06557083129883	-8.99774169921875	9	Hair
54.57890701293945	-1.181431531906128	9	jewelry
36.09272384643555	-21.48576545715332	4	breast
24.054546356201172	0.021948600187897682	8	Subject
-44.027008056640625	12.58999252319336	10	Elizabeth
-26.56715202331543	22.403589248657227	10	Ann
42.69814682006836	-32.24507141113281	1	bodies
54.6651496887207	-0.6347411274909973	9	Jewelry
39.29094696044922	-38.631404876708984	1	ladies
11.983742713928223	-22.47907066345215	8	Woman
-36.995826721191406	15.337784767150879	10	Victoria
-31.494531631469727	20.97199058532715	10	Jane
10.793020248413086	-22.06671142578125	8	Female
8.402856826782227	19.500383377075195	3	Alaska
-49.45447540283203	8.266608238220215	10	Kate
-43.65325164794922	9.844587326049805	10	Lisa
-25.613285064697266	20.542156219482422	10	Susan
42.656070709228516	8.37157154083252	7	nursing
46.27032470703125	-20.9455509185791	4	Flowers
20.124679565429688	-3.6800012588500977	8	victim
37.42357635498047	11.143178939819336	7	fiction
-28.684051513671875	23.5877628326416	10	Amy
-48.54277420043945	7.703442573547363	10	Anne
-11.155878067016602	7.5283098220825195	6	Dakota
-44.826133728027344	6.56982421875	10	Anna
-42.91690444946289	5.158825397491455	10	Barbara
-29.081605911254883	24.839006423950195	10	Laura
39.29094696044922	-38.631404876708984	1	Ladies
-34.10428237915039	23.123056411743164	10	Maria
50.64058303833008	-12.120723724365234	9	dresses
-47.53662109375	1.6916868686676025	0	Michelle
12.835826873779297	-19.66090965270996	8	girlfriend
-33.95850372314453	-2.2884960174560547	6	Charlotte
6.270576000213623	-11.528260231018066	8	Princess
48.50786209106445	10.46717357635498	4	Electronics
-50.39488983154297	2.5156383514404297	10	Nancy
13.523953437805176	-14.426921844482422	8	bitch
11.720107078552246	-19.519454956054688	8	lesbian
42.08796310424805	-18.92677116394043	4	periods
38.832672119140625	-20.62290382385254	4	tits
-30.243227005004883	22.892505645751953	10	Jessica
-45.518798828125	5.769531726837158	10	Alice
35.07414627075195	10.475646018981934	9	Television
44.18031692504883	-20.892391204833984	4	pets
42.65630340576172	8.371613502502441	7	Nursing
20.2294921875	-8.094873428344727	8	Teacher
-43.575286865234375	-2.5392050743103027	0	Linda
-28.033262252807617	24.35794448852539	10	Rachel
-44.87213897705078	-9.464088439941406	10	Karen
43.73301696777344	-33.21492385864258	1	Models
40.694217681884766	-13.486506462097168	4	candy
19.461566925048828	-9.840333938598633	8	nurse
40.09213638305664	8.015961647033691	7	Yoga
-14.488897323608398	2.2997961044311523	10	Eve
52.592857360839844	-0.40653079748153687	9	makeup
43.30282974243164	-36.100040435791016	1	Womens
21.03896141052246	1.1566712856292725	8	actress
-41.51420974731445	10.577474594116211	10	Ashley
48.08815383911133	-14.646957397460938	9	magazines
40.09212875366211	8.015816688537598	7	yoga
-46.28995895385742	8.374753952026367	10	Margaret
-25.69255828857422	19.657794952392578	10	Marie
38.7220344543457	-37.42380905151367	1	sisters
47.94868469238281	-28.23847770690918	1	voices
-27.35856056213379	23.200191497802734	10	Emily
-26.197853088378906	16.39179801940918	0	Julie
12.42475700378418	-17.37725830078125	8	Wife
37.423397064208984	11.143047332763672	7	Fiction
44.0406608581543	-8.320167541503906	9	skirt
-25.212270736694336	17.63159942626953	10	Heather
40.37800979614258	-38.479286193847656	1	daughters
-41.549156188964844	7.924179553985596	10	Amanda
40.694217681884766	-13.486506462097168	4	Candy
-45.214393615722656	-1.7713638544082642	0	Lauren
36.09272384643555	-21.48576545715332	4	Breast
-42.40095138549805	11.16608715057373	10	Katie
-31.44053840637207	4.497824668884277	2	Emma
-24.393247604370117	16.121227264404297	0	Nicole
-30.137266159057617	13.968341827392578	10	Helen
10.210975646972656	-20.050809860229492	8	bride
6.606466293334961	-16.67218017578125	8	chick
-43.65997314453125	6.2853875160217285	10	Catherine
50.59096908569336	-12.269826889038086	9	Dresses
-33.626808166503906	4.1024627685546875	6	Julia
-14.65828800201416	16.797794342041016	0	Sharon
-35.58006286621094	8.205693244934082	10	Martha
-3.907442331314087	16.962326049804688	10	Sue
38.774600982666016	-22.059738159179688	4	breasts
45.21064758300781	-2.971088409423828	9	necklace
45.21064758300781	-2.971088409423828	9	Necklace
54.89598083496094	0.3982200622558594	9	Earrings
-28.632795333862305	23.0666561126709	10	Rebecca
-52.207244873046875	1.6757632493972778	10	Melissa
37.011932373046875	-40.35593032836914	1	females
-27.214879989624023	23.801342010498047	10	Betty
44.18031692504883	-20.892391204833984	4	Pets
-32.64861297607422	-1.668961763381958	6	Sara
-34.252685546875	7.856589317321777	2	Ruth
-30.982114791870117	15.09154224395752	10	Ellen
19.461566925048828	-9.840333938598633	8	Nurse
-21.26934242248535	19.052316665649414	0	Donna
-45.70499038696289	6.924086570739746	10	Lucy
-31.722265243530273	15.313294410705566	10	Hannah
27.416547775268555	-1.9791775941848755	5	slut
41.44190216064453	-20.126358032226562	4	boobs
9.351778984069824	-18.631961822509766	8	doll
46.89450454711914	-33.284297943115234	1	nurses
-48.168453216552734	5.789501667022705	10	Annie
-25.80072593688965	27.419511795043945	10	Christine
-25.771867752075195	26.716632843017578	10	Monica
10.079357147216797	-16.765703201293945	8	grandmother
-40.55284118652344	12.466083526611328	10	Stephanie
54.89598083496094	0.3982200622558594	9	earrings
-30.51611328125	15.612936973571777	10	Janet
-39.01373291015625	12.191932678222656	10	Andrea
47.94228744506836	-19.8272705078125	4	cakes
-46.20122528076172	11.721104621887207	10	Beth
34.60232925415039	12.394896507263184	4	antenna
-45.73694610595703	10.79904842376709	10	Jenny
50.844947814941406	1.563766360282898	9	lingerie
35.978572845458984	-18.688011169433594	4	Pussy
-31.832643508911133	1.27402663230896	2	Bella
12.352195739746094	-21.08075523376465	8	Sister
-37.03520965576172	0.6301705241203308	6	Christina
11.72011947631836	-19.51944351196289	8	Lesbian
-49.15166473388672	-0.7784287929534912	0	Diane
44.432430267333984	-4.360263347625732	9	bracelet
-9.605259895324707	7.410440921783447	6	Marina
15.393884658813477	-7.731770038604736	8	brunette
37.08385467529297	-9.300189018249512	5	Bridal
38.832672119140625	-20.62290382385254	4	Tits
-22.084585189819336	18.626163482666016	0	Kathy
-47.26047897338867	8.615671157836914	10	Sally
-28.428876876831055	21.702856063842773	10	Megan
-52.99775314331055	5.384354591369629	10	Liz
-42.49362564086914	-16.33816146850586	10	Kitty
6.270576000213623	-11.528260231018066	8	princess
-52.781036376953125	-2.5124576091766357	2	Judy
-41.5950927734375	-3.0872890949249268	0	Sandra
40.5135612487793	-8.64885139465332	9	bra
-27.56962013244629	14.031569480895996	0	Wendy
9.351778984069824	-18.631961822509766	8	Doll
-61.611549377441406	-0.12075142562389374	2	Lily
38.48524475097656	-9.688233375549316	5	bikini
-42.98017120361328	-3.7572124004364014	0	Jill
43.54603958129883	-3.7804789543151855	9	purse
26.959028244018555	-6.484033107757568	5	milf
0.9740149974822998	14.371413230895996	3	Britney
23.717409133911133	-3.6305718421936035	8	escort
-43.5490837097168	-9.202759742736816	10	Cindy
-38.7611198425293	8.165701866149902	10	Caroline
-24.296079635620117	27.634305953979492	10	Patricia
49.491764068603516	-10.962457656860352	9	panties
37.08580780029297	-9.29992961883545	5	bridal
-37.95542907714844	-15.219270706176758	2	Belle
-54.63426971435547	-5.334774494171143	2	Louise
39.789588928222656	-31.790620803833008	4	chicks
29.734840393066406	-13.718358039855957	4	Butterfly
-32.15232467651367	9.027345657348633	2	Molly
8.424300193786621	-20.305130004882812	8	Mommy
-44.849849700927734	-12.842804908752441	10	Penny
-25.036365509033203	27.057941436767578	10	Carrie
-48.24637222290039	-0.7045860290527344	0	Tina
-41.80500030517578	6.188558578491211	10	Paula
-44.849849700927734	-12.842804908752441	10	penny
10.210975646972656	-20.050809860229492	8	Bride
-26.444290161132812	25.423490524291992	10	Natalie
-15.81578254699707	4.410139083862305	10	Eva
47.060020446777344	14.497111320495605	7	knitting
3.798903703689575	17.0822811126709	3	Madonna
52.592857360839844	-0.40653079748153687	9	Makeup
-22.727479934692383	18.57488441467285	0	Debbie
38.7220344543457	-37.42380905151367	1	Sisters
53.87986755371094	-0.38014551997184753	9	jewellery
-20.283023834228516	2.609043836593628	2	Rosa
-50.21529769897461	-0.11986362189054489	0	Allison
29.406414031982422	2.863585948944092	5	boutique
41.651058197021484	-5.841141700744629	9	gown
25.664995193481445	6.29226016998291	5	shemale
-16.911991119384766	17.044368743896484	0	Kristen
29.406414031982422	2.863585948944092	5	Boutique
-23.80953598022461	14.803177833557129	0	Marilyn
43.30282974243164	-36.100040435791016	1	womens
29.73485565185547	-13.718358039855957	4	butterfly
-22.177526473999023	5.398119926452637	2	Clara
48.85848617553711	-12.70941162109375	9	outfits
-31.4913330078125	13.07934284210205	10	Katherine
-14.391757011413574	-1.918027400970459	3	Katy
-32.49606704711914	-11.510971069335938	6	Ana
37.432289123535156	-35.10288619995117	1	dolls
-27.51576805114746	-10.481925010681152	2	Daisy
4.696929454803467	16.619380950927734	3	Rihanna
28.204809188842773	-3.28377103805542	5	Busty
-3.907442331314087	16.962326049804688	10	sue
-36.558021545410156	9.766740798950195	0	Deborah
-15.562156677246094	-2.5429935455322266	3	Brooke
-36.41550064086914	-2.029407501220703	6	Nina
48.370399475097656	0.7317008376121521	9	perfume
-31.3499755859375	-18.83624267578125	3	Barbie
28.204809188842773	-3.28377103805542	5	busty
11.955262184143066	-16.195880889892578	8	aunt
42.8263053894043	-19.36404800415039	4	hormones
-32.05963897705078	11.003682136535645	0	Bonnie
-53.98381423950195	-3.7548396587371826	6	Olivia
-20.745769500732422	8.231535911560059	2	Dorothy
-47.58708190917969	4.437756061553955	3	Vanessa
22.564443588256836	-4.557923793792725	8	whore
-37.27443313598633	-2.1859207153320312	6	Tara
-25.638126373291016	25.926401138305664	10	Samantha
21.03896141052246	1.1566712856292725	8	Actress
47.022544860839844	-10.554924964904785	9	stockings
-45.938289642333984	-5.113290309906006	0	Cheryl
47.94868469238281	-28.23847770690918	1	Voices
-21.53127670288086	10.80469799041748	10	Kathleen
-12.134013175964355	-0.685644805431366	3	Buffy
17.59783172607422	-10.428030014038086	8	Witch
42.12175369262695	-34.015438079833984	1	lesbians
8.677019119262695	18.388559341430664	3	melody
-42.44316101074219	-7.584219455718994	0	Nikki
-42.986717224121094	10.194964408874512	10	Angie
17.59783172607422	-10.428030014038086	8	witch
7.862661838531494	-16.841251373291016	8	Grandma
-43.929527282714844	5.678239822387695	10	Sophie
-25.44678497314453	15.106382369995117	0	Denise
34.68791961669922	-17.766769409179688	4	boob
37.43230056762695	-35.102779388427734	1	Dolls
-27.523008346557617	-7.374050617218018	6	Carmen
-38.32581329345703	8.197747230529785	10	Teresa
-50.304264068603516	0.39902636408805847	0	Alison
45.275634765625	16.835254669189453	7	embroidery
51.11695861816406	-27.978178024291992	1	sluts
34.12653732299805	-22.037063598632812	4	bees
11.955262184143066	-16.195880889892578	8	Aunt
-48.350032806396484	-3.0456464290618896	0	Carolyn
38.48524475097656	-9.688233375549316	5	Bikini
-14.488910675048828	2.299818992614746	10	eve
-41.422264099121094	-7.3159613609313965	0	Heidi
30.280757904052734	-2.2952818870544434	5	bbw
39.186920166015625	17.922311782836914	7	volleyball
37.95498275756836	-19.06303596496582	4	vagina
-36.87453079223633	3.8649168014526367	0	Alicia
15.393851280212402	-7.7317914962768555	8	Brunette
-22.716737747192383	14.09367561340332	0	Michele
26.813589096069336	-6.397403717041016	5	MILF
-21.34194564819336	14.357179641723633	6	Angelina
-55.64863586425781	-3.0309364795684814	2	Rita
44.0406608581543	-8.320167541503906	9	Skirt
38.6306037902832	-40.14188766479492	1	WOMEN
-16.805055618286133	16.170818328857422	0	Lori
-26.9401798248291	12.39171028137207	0	Cathy
39.323516845703125	0.5830896496772766	9	silicone
43.66602325439453	-34.63428497314453	1	brides
-42.49362564086914	-16.33816146850586	10	kitty
-40.13419723510742	7.919357776641846	10	Danielle
-25.356882095336914	24.821775436401367	10	Cynthia
8.42413330078125	-20.305273056030273	8	mommy
7.78564977645874	-5.287898063659668	6	Latina
-47.50084686279297	-1.2383618354797363	0	Brenda
9.46921443939209	-12.601609230041504	8	granny
13.523927688598633	-14.426949501037598	8	Bitch
16.89044189453125	-4.765894889831543	8	widow
11.36304759979248	25.2014102935791	6	propecia
50.84485626220703	1.5645675659179688	9	Lingerie
13.153905868530273	-17.061519622802734	8	maid
-54.492313385009766	-1.3337655067443848	2	Chloe
14.3131685256958	-16.020584106445312	8	Goddess
-37.97200393676758	-6.831565856933594	0	Anita
39.30208206176758	-19.759443283081055	4	thighs
-6.762666702270508	4.691490173339844	6	Mia
49.612674713134766	9.648334503173828	4	cupcakes
-12.298222541809082	8.688725471496582	6	Irene
4.822584629058838	18.588300704956055	3	Beyonce
-32.83759307861328	-8.211904525756836	6	Miranda
-24.32498550415039	9.63508415222168	6	Judith
-41.423194885253906	-5.521977424621582	0	Suzanne
6.553216934204102	-17.2470703125	8	Chick
-51.429256439208984	0.36238589882850647	0	Melanie
49.176048278808594	-11.919310569763184	9	skirts
53.65519714355469	-0.9680483341217041	9	Jewellery
-18.779705047607422	1.8060623407363892	2	Stella
47.57101058959961	-19.890419006347656	4	Cakes
38.460060119628906	15.785135269165039	7	softball
48.10105514526367	-14.604106903076172	9	Magazines
49.09344482421875	10.346299171447754	4	Poems
40.18800735473633	-8.998117446899414	9	Bra
-37.58161544799805	-3.0080621242523193	6	Gina
41.593284606933594	-10.290654182434082	9	pearls
39.55912399291992	18.695146560668945	7	Volleyball
-46.85089874267578	-6.370604991912842	10	Becky
-14.106663703918457	17.820476531982422	0	Stacy
53.53037643432617	1.0151336193084717	9	cosmetics
41.063323974609375	-32.5476188659668	1	bitches
25.989774703979492	0.2111862450838089	5	cheerleader
9.379545211791992	-12.881389617919922	8	Granny
-44.79204559326172	-0.9239953756332397	0	Jenna
-17.55008316040039	17.419235229492188	0	Kimberly
8.30992317199707	-16.38670539855957	8	grandma
7.648072719573975	-6.3880181312561035	6	latina
32.91038513183594	15.570372581481934	1	escorts
-35.039772033691406	-16.913681030273438	3	Violet
-50.85565948486328	-0.21866655349731445	0	Audrey
-25.68050765991211	9.623749732971191	6	Alexandra
26.974048614501953	2.3199172019958496	5	Petite
-59.09010314941406	0.6024900674819946	2	Jessie
-27.802701950073242	-0.9436502456665039	6	Zoe
-29.57318115234375	12.715152740478516	0	Elaine
23.246713638305664	-5.624150276184082	5	MODEL
-8.446223258972168	8.15990161895752	6	Laguna
-28.51626205444336	-2.700101137161255	6	Helena
36.75083541870117	-17.71605110168457	4	thigh
-1.9849190711975098	-1.7054789066314697	3	Jewel
-31.631528854370117	7.932886123657227	2	Connie
-60.41066360473633	-0.7517423033714294	2	Lilly
-48.71895217895508	-5.967560291290283	0	Patty
47.14282989501953	2.1811251640319824	9	pantyhose
14.32184886932373	-16.126609802246094	8	goddess
-23.653057098388672	7.649838924407959	2	Esther
46.93769454956055	-33.224464416503906	1	Nurses
38.22128677368164	15.758358001708984	7	Softball
-33.9812126159668	-6.772334575653076	6	Sophia
44.842777252197266	11.221096992492676	7	breastfeeding
17.262712478637695	-7.2327070236206055	8	feminist
-27.287813186645508	-2.2671797275543213	6	Regina
30.750226974487305	-3.8847432136535645	5	Shemale
-56.03691864013672	-1.4637620449066162	2	Ella
5.218333721160889	-15.951961517333984	4	kitten
21.179256439208984	-6.85621452331543	8	Mistress
23.96119499206543	-2.189317226409912	8	Escort
-45.49480056762695	3.689875602722168	10	Naomi
32.91029739379883	15.570417404174805	1	Escorts
37.17515563964844	-19.4073543548584	4	clit
-43.352901458740234	-3.785048007965088	0	Gail
18.34210205078125	-8.10545825958252	8	niece
-19.364582061767578	-2.0609121322631836	0	Renee
-54.21210861206055	5.127954483032227	10	Abby
41.80024337768555	-20.098363876342773	4	Boobs
13.409317016601562	-19.1011905670166	8	Girlfriend
26.974048614501953	2.3199172019958496	5	petite
37.09561538696289	-20.488449096679688	4	nipple
-30.554203033447266	-14.688305854797363	3	Jasmine
-33.10222244262695	-0.15002691745758057	2	Juliet
0.6641132235527039	-4.920823097229004	3	Lavender
-47.37258529663086	-2.115355968475342	0	Sheila
-40.37913513183594	-1.3761951923370361	0	Kristin
-37.8890380859375	11.196157455444336	0	Valerie
22.475248336791992	2.6445586681365967	8	neighbourhood
-18.843219757080078	8.804603576660156	2	Evelyn
39.47917556762695	0.3266282379627228	9	Silicone
47.558563232421875	-21.948474884033203	4	butterflies
-45.75396728515625	11.312973976135254	10	Jess
47.342498779296875	-5.534485340118408	9	glitter
-26.234542846679688	15.40524673461914	10	Kathryn
53.53037643432617	1.0151336193084717	9	Cosmetics
-33.956703186035156	1.0449820756912231	2	Sylvia
-57.831626892089844	-2.4748198986053467	2	Rosie
23.18694305419922	5.851281642913818	8	spokeswoman
-51.96890640258789	2.6858339309692383	6	Veronica
-49.752647399902344	-1.5613306760787964	0	Leah
-39.74708938598633	5.6125030517578125	10	Erica
9.448745727539062	-21.635662078857422	8	GIRL
-45.27968215942383	-12.622525215148926	10	Meg
26.995573043823242	6.405981540679932	5	makeover
-26.68730926513672	27.228485107421875	10	Elena
38.71299362182617	1.7221416234970093	7	Etsy
-58.39421844482422	-3.001520872116089	2	Eleanor
48.587589263916016	0.6775450706481934	9	Perfume
42.05269241333008	-35.65983963012695	1	girlfriends
-37.98400115966797	-0.2477162480354309	6	Claudia
47.4062614440918	-12.824410438537598	9	gowns
46.88386535644531	-6.970860004425049	9	lipstick
40.18790817260742	10.5887451171875	7	crochet
39.0397834777832	13.595063209533691	7	threesome
39.37157440185547	-32.003883361816406	4	Chicks
21.179256439208984	-6.85621452331543	8	mistress
26.69734764099121	-6.738386631011963	5	Milf
-7.356339454650879	2.420356512069702	6	carolina
47.05271911621094	14.491280555725098	7	Knitting
43.849891662597656	-3.3707542419433594	9	Purse
43.038299560546875	-6.943836212158203	9	wig
-1.9849190711975098	-1.7054789066314697	3	jewel
-30.52872657775879	-16.016725540161133	3	Nicki
-55.64004135131836	2.6154544353485107	3	Sasha
-38.513145446777344	7.328683376312256	10	Theresa
-9.846073150634766	8.430951118469238	6	Rosemary
-9.347970008850098	11.023237228393555	6	Sofia
-35.89956283569336	3.419276475906372	0	Gabrielle
-35.49628448486328	-16.694517135620117	3	Mandy
41.09148025512695	-29.771488189697266	4	kittens
7.645814418792725	-11.3947172164917	8	Maiden
-4.559130668640137	21.495210647583008	0	Deb
-54.54147720336914	0.3349486291408539	2	Amelia
8.379629135131836	17.869516372680664	3	Melody
0.6641132235527039	-4.920823097229004	3	lavender
23.074491500854492	10.05671215057373	4	cupcake
37.937217712402344	13.553081512451172	7	nightlife
-39.18112564086914	0.3620834946632385	0	Joanna
14.9625244140625	-10.270724296569824	8	sweetheart
-35.274288177490234	4.274429798126221	0	Doris
-43.02098083496094	-1.1432607173919678	0	Gwen
-42.907901763916016	1.797500491142273	2	Lydia
13.122150421142578	-16.516429901123047	8	Maid
-48.23799133300781	-1.2541497945785522	0	Stacey
37.47327423095703	-39.22593307495117	1	GIRLS
-38.258792877197266	1.708963394165039	6	Carla
30.289846420288086	-2.9590253829956055	5	BBW
34.542240142822266	12.413867950439453	4	Antenna
7.687411308288574	-8.92348861694336	3	Diva
-27.52172088623047	14.72356128692627	0	Debra
-55.38248825073242	2.645418405532837	10	Serena
-57.568748474121094	-2.118140459060669	2	Harriet
7.645814418792725	-11.3947172164917	8	maiden
-30.007648468017578	9.982240676879883	0	Fiona
42.406131744384766	6.5131611824035645	7	MLM
-12.987403869628906	6.37180233001709	6	Selena
-31.21417808532715	-4.436936855316162	6	Lucia
-43.458900451660156	-0.19130530953407288	0	Janice
-49.613250732421875	-2.5969462394714355	10	Joanne
-34.286041259765625	-15.692112922668457	3	Dolly
28.746763229370117	4.77144193649292	5	topless
-34.02886962890625	-7.933774471282959	6	Christi
10.87343692779541	-14.207053184509277	8	redhead
-38.741485595703125	-10.799575805664062	0	Sherry
-26.62360191345215	5.123998165130615	2	Agnes
45.125308990478516	17.042638778686523	7	Embroidery
27.07792091369629	-0.41630280017852783	5	Slut
53.11000061035156	3.7662768363952637	9	purses
45.64512252807617	-33.18402099609375	1	Housewives
47.81169128417969	-10.577410697937012	9	Stockings
-22.758455276489258	1.6684297323226929	2	ADA
-56.245052337646484	-7.628739356994629	2	Isabel
-43.085426330566406	-7.222479820251465	0	Kara
-33.90699768066406	8.782414436340332	2	Maureen
-43.74702072143555	-10.568638801574707	10	Paige
-22.90479278564453	-0.7907266616821289	2	Dora
1.4260882139205933	15.510255813598633	3	Adele
-14.898569107055664	15.371566772460938	0	Terri
14.280204772949219	-8.741637229919434	8	Madame
0.7204999327659607	-4.129881858825684	3	Cinderella
-52.6351432800293	2.4436886310577393	10	Natasha
-9.891876220703125	6.9724531173706055	6	marina
-12.720916748046875	10.409879684448242	6	Jeanne
-34.63566589355469	-5.199273586273193	6	Sonia
42.519405364990234	-32.417640686035156	1	Bodies
41.39006042480469	18.10533332824707	7	quilting
-41.04076385498047	-6.359915256500244	0	Patti
-53.91685485839844	-4.864305019378662	2	Nora
-57.86355972290039	-1.3100942373275757	2	Ellie
13.402900695800781	-12.38088607788086	8	heroine
43.59178924560547	-33.35835266113281	1	MODELS
49.08121871948242	12.201789855957031	7	quilts
-30.669445037841797	1.1378283500671387	2	Isabella
43.794273376464844	-16.909975051879883	7	estrogen
-28.08319854736328	5.607635498046875	2	Edith
-26.912578582763672	-0.14034967124462128	6	Simone
-30.41117286682129	-9.245879173278809	6	Lola
7.685108661651611	-15.469145774841309	8	sis
-8.853302001953125	3.139029026031494	6	Alma
49.84714889526367	-10.97150993347168	9	Panties
44.20254135131836	12.422635078430176	7	prostitution
43.42311096191406	11.817051887512207	7	astrology
40.14091110229492	10.582977294921875	7	Crochet
-31.673137664794922	4.561727046966553	2	Eliza
-19.15804100036621	8.175045013427734	2	Eileen
41.478363037109375	-6.1773881912231445	9	Gown
11.918291091918945	-11.788763999938965	8	Mermaid
-45.2529182434082	-4.287565231323242	0	Vicki
47.252262115478516	-5.748172283172607	9	Glitter
-25.9260311126709	21.22432518005371	10	Tanya
-16.65224266052246	0.25336453318595886	2	Polly
-44.73855209350586	-5.40427827835083	0	Bethany
-58.064579010009766	-0.422046035528183	2	Betsy
46.63264083862305	7.596353054046631	7	nudity
17.599550247192383	-9.105998039245605	8	nanny
-35.31769943237305	9.141144752502441	10	Bridget
-34.62656021118164	-9.31069278717041	6	Roxy
-26.01594352722168	12.895356178283691	0	Colleen
39.26931381225586	-6.258108139038086	9	beaded
40.728843688964844	13.818997383117676	7	menopause
35.705623626708984	12.495059967041016	4	flowering
26.77991485595703	6.049607276916504	5	Makeover
-22.37912368774414	15.359040260314941	0	Lynne
-21.242816925048828	2.5301222801208496	2	Ada
-20.031105041503906	1.6826093196868896	2	Minnie
45.54654312133789	-34.518131256103516	1	actresses
19.032363891601562	-4.832781791687012	8	waitress
-33.10357666015625	-17.213212966918945	3	Elle
-23.30845069885254	13.936060905456543	0	Jacqueline
41.371456146240234	12.695518493652344	7	paranormal
39.26931381225586	-6.258108139038086	9	Beaded
-16.001981735229492	-0.3150523602962494	0	Misty
-14.824499130249023	-3.1445653438568115	3	Kylie
5.992520809173584	22.20685386657715	6	lolita
-53.71195602416992	4.1980671882629395	10	Abigail
-22.283079147338867	13.373961448669434	0	Carly
17.400779724121094	-12.75040054321289	8	housewife
-34.47612380981445	-4.168208122253418	6	Mara
23.082836151123047	10.044567108154297	4	Cupcake
-34.843109130859375	-12.139517784118652	6	Lena
46.10954666137695	-21.987918853759766	4	petals
40.802955627441406	-36.61290740966797	1	gals
-31.002140045166016	-14.252525329589844	3	Lana
40.94388961791992	7.789198875427246	7	Tarot
0.45974960923194885	25.80916404724121	0	Marietta
35.81618881225586	8.297828674316406	9	Pantyhose
20.218502044677734	-3.1024463176727295	8	Victim
7.809319496154785	24.415050506591797	6	Xena
37.4434700012207	15.313766479492188	7	empowerment
16.693744659423828	-8.997754096984863	8	granddaughter
43.4221305847168	11.818367004394531	7	Astrology
26.600080490112305	1.511077642440796	5	bridesmaid
-6.717020034790039	17.426504135131836	0	Jenn
-14.128680229187012	16.37772560119629	0	Tori
-9.591550827026367	10.095233917236328	6	Lorraine
34.128787994384766	-22.045429229736328	4	Bees
42.30018615722656	14.341069221496582	7	infertility
-51.0155143737793	-4.238439559936523	0	Sabrina
45.97688674926758	-13.452693939208984	9	bras
40.4742546081543	-14.198299407958984	4	pollen
41.838321685791016	-34.285980224609375	1	Lesbians
2.4431259632110596	23.983177185058594	0	Rachael
5.142523288726807	24.71696662902832	0	analyse
17.59768295288086	-9.106429100036621	8	Nanny
-22.053993225097656	17.463361740112305	0	Phyllis
-3.34035587310791	0.0556495226919651	3	Viola
42.24555587768555	4.159764289855957	7	vibrator
46.43360900878906	-0.6763811707496643	9	Earring
37.93074417114258	13.552281379699707	7	Nightlife
41.53975296020508	-10.275322914123535	9	Pearls
-22.854446411132812	9.041481971740723	2	Annette
-52.64132308959961	4.985391616821289	10	Carole
-34.11717224121094	-16.99166488647461	3	violet
-12.349740028381348	5.617042541503906	3	Ava
-33.20392990112305	6.856838703155518	2	Missy
24.342079162597656	2.4814579486846924	8	pornstar
-45.957237243652344	-4.816089153289795	0	Alyssa
-46.219608306884766	2.347517728805542	10	Robyn
48.38995361328125	3.1810100078582764	9	swimsuit
44.074066162109375	-19.1853084564209	4	uterus
-26.286922454833984	3.120673418045044	2	Ida
46.40052032470703	-9.175445556640625	9	HAIR
45.90899658203125	-10.416509628295898	9	lashes
-34.3939094543457	9.633935928344727	10	Susie
7.493600845336914	18.89889907836914	3	kansas
-11.31074047088623	-1.9400757551193237	3	Sakura
-12.21411418914795	18.87989044189453	10	Barb
-21.332094192504883	8.424741744995117	2	della
43.68376541137695	7.99564266204834	7	feminism
-46.29310607910156	3.6236870288848877	10	Erika
-41.07490921020508	-3.2947263717651367	0	Marcia
45.83177185058594	6.435027122497559	7	Cosplay
-24.266796112060547	7.001222610473633	2	Miriam
-15.900762557983398	3.91180157661438	10	EVA
10.258119583129883	-9.647234916687012	5	girly
18.80162811279297	-6.37908411026001	8	hostess
-27.696945190429688	12.888544082641602	0	Melinda
-33.5037956237793	21.780803680419922	10	sarah
51.14946746826172	-27.959074020385742	1	Sluts
-9.461771011352539	8.716409683227539	6	rosemary
45.41572570800781	13.274386405944824	7	contraception
5.262638092041016	-16.001358032226562	4	Kitten
-25.44399642944336	8.482627868652344	2	Elisabeth
-32.65998840332031	14.341927528381348	10	Cassie
-34.855812072753906	-16.261165618896484	3	Mimi
2.477630853652954	18.640125274658203	3	Avril
49.61079788208008	9.621399879455566	4	Cupcakes
40.039093017578125	-37.94007110595703	1	Daughters
46.62274932861328	3.5211737155914307	9	cleavage
-10.01718807220459	1.2011607885360718	2	Nana
-33.86033630371094	-0.1763867437839508	6	Marianne
28.7996883392334	-0.861633837223053	5	stripper
-50.19382858276367	7.734963417053223	10	kate
-0.25115668773651123	26.210113525390625	0	Kirsten
47.62091827392578	-29.570026397705078	1	nieces
-37.67049026489258	-5.609410762786865	2	Yvonne
43.1571159362793	-34.746463775634766	1	Brides
43.36174392700195	-17.606435775756836	7	menstrual
-53.66748046875	1.1035957336425781	0	Vicky
35.83221435546875	18.004663467407227	7	cheesecake
-20.17957305908203	12.727948188781738	6	Cassandra
-61.0538444519043	-0.3909459114074707	2	lily
-9.099318504333496	0.8374354243278503	6	Duchess
-24.80747413635254	25.42713165283203	10	Kayla
-32.636070251464844	22.943544387817383	10	jessica
29.08138084411621	0.6507545709609985	5	pageant
41.27312469482422	12.935254096984863	7	Paranormal
7.2382893562316895	17.503652572631836	3	Amethyst
-25.357215881347656	3.5428671836853027	2	Lillian
49.27891540527344	-12.064094543457031	9	Skirts
-23.438199996948242	12.48594856262207	6	Kristina
-10.182159423828125	16.791080474853516	0	Ginny
40.41575622558594	-34.1515998840332	1	witches
51.69340896606445	5.201400279998779	9	boutiques
-24.835493087768555	5.256728172302246	2	Louisa
17.045185089111328	-4.482278823852539	8	Widow
7.594080924987793	-5.987113952636719	6	adept
-39.61458969116211	-8.514653205871582	2	Wanda
52.91565704345703	4.857067108154297	9	wigs
-34.375396728515625	-9.957262992858887	6	Lulu
-37.403995513916016	15.085101127624512	10	victoria
45.605648040771484	-5.401136875152588	9	mascara
23.49117660522461	-1.6498126983642578	8	prostitute
12.71233081817627	-22.14559555053711	8	WOMAN
26.860048294067383	1.1527812480926514	5	Bridesmaid
39.01765823364258	13.352381706237793	7	Threesome
-30.191856384277344	-11.87893295288086	3	Athena
15.548672676086426	-11.327033996582031	8	Herself
-25.07417869567871	6.377289295196533	6	Josephine
-9.019914627075195	4.284610271453857	6	Norma
-45.34739685058594	-5.719441890716553	0	Monique
26.457948684692383	4.254366874694824	5	implanted
42.72049331665039	-7.152011394500732	9	Wig
10.74814224243164	-14.33200454711914	8	Redhead
-39.40930938720703	-6.176919460296631	0	Gillian
-31.274320602416992	6.980015754699707	2	Phoebe
14.658265113830566	-10.60647201538086	8	Sweetheart
-52.91716003417969	-6.72382116317749	6	Beatrice
37.2497673034668	-40.82228088378906	1	Females
-30.122249603271484	-0.803656816482544	6	Elise
-31.031932830810547	-8.682276725769043	6	Penelope
-50.485355377197266	-4.755682468414307	0	Rochelle
-34.693641662597656	0.4098350405693054	6	Olga
46.78201675415039	-7.216182708740234	9	Lipstick
41.55321502685547	17.915935516357422	7	Quilting
43.213035583496094	-16.10457420349121	7	motherhood
-7.494729995727539	4.031659126281738	6	MIA
46.33998489379883	-1.0300580263137817	9	earring
-40.396671295166016	-8.28021240234375	0	Faye
7.675232410430908	-8.939799308776855	3	diva
-45.776248931884766	-2.360908031463623	0	Jillian
-25.294296264648438	5.217730522155762	2	Lucie
-40.051368713378906	4.938656806945801	2	Lizzie
-38.559879302978516	-8.510221481323242	2	Allie
-11.921463966369629	18.054861068725586	0	Trish
35.73384475708008	9.228973388671875	9	cleanser
-34.21887969970703	-5.759800910949707	6	Tamara
-1.406208872795105	23.07558822631836	0	Rhonda
-31.360830307006836	8.530135154724121	2	Jennie
50.54732894897461	-26.54330062866211	1	prostitutes
-52.99931335449219	-6.251709461212158	6	Nadia
-8.567207336425781	5.059782981872559	6	Margarita
5.671156406402588	21.52564811706543	6	Lolita
0.8094735145568848	14.056046485900879	3	britney
45.67734146118164	-33.01982116699219	1	housewives
10.644009590148926	-16.613956451416016	8	Grandmother
-20.176637649536133	-0.30077216029167175	2	Edna
-28.163818359375	0.6293467879295349	6	Ingrid
-51.51044464111328	-2.7727761268615723	0	Bianca
21.678752899169922	-5.05958366394043	8	sexist
51.8902702331543	1.4328787326812744	9	leggings
-31.986663818359375	21.179994583129883	10	jane
45.849853515625	6.41884183883667	7	cosplay
-19.26069450378418	5.219036102294922	2	Ethel
20.10237693786621	-4.736461639404297	8	nun
-24.70220375061035	-4.1935505867004395	2	Blanca
24.230039596557617	2.5104925632476807	8	Pornstar
51.639007568359375	-26.657630920410156	1	milfs
-32.531227111816406	-3.561868906021118	6	Cristina
0.8723214864730835	-7.368696212768555	3	Unicorn
-23.330636978149414	-1.6181522607803345	2	Sadie
48.441314697265625	3.1639137268066406	9	Swimsuit
-39.118919372558594	6.6214823722839355	10	Lesley
22.514789581298828	-4.139297008514404	8	Whore
-36.546382904052734	2.9195637702941895	0	Roberta
-37.958534240722656	-15.204524040222168	2	belle
50.211238861083984	-28.408597946166992	1	cheerleaders
-3.531116485595703	20.894630432128906	0	Sheryl
-4.095036029815674	20.162630081176758	0	Mindy
44.803680419921875	11.12810230255127	7	Breastfeeding
47.44400405883789	-21.997949600219727	4	Butterflies
-39.06403732299805	-7.668936729431152	0	Gretchen
49.08707809448242	12.173663139343262	7	Quilts
-32.932395935058594	19.920259475708008	10	ann
-22.601709365844727	-2.273529291152954	2	Madeline
43.5436897277832	13.431766510009766	7	erotica
-40.1678581237793	-4.713300704956055	0	Marissa
1.3474864959716797	24.496313095092773	0	Dianne
-35.73902130126953	-5.866901874542236	6	Priscilla
1.3362793922424316	25.37769317626953	0	Adrienne
39.77347946166992	-39.30012512207031	1	LADIES
-27.003921508789062	11.640091896057129	0	Jana
-36.16790008544922	-11.61077880859375	0	Kendra
38.70734405517578	16.704423904418945	7	femdom
45.051246643066406	3.632091999053955	5	upskirt
21.040557861328125	-0.8537992238998413	8	soprano
45.99293899536133	-13.417506217956543	9	Bras
-6.981463432312012	13.689919471740723	6	Adriana
-47.96953582763672	6.744757175445557	10	lisa
-30.574020385742188	-3.6312997341156006	6	Cecilia
24.059789657592773	1.6173664331436157	8	babysitter
-3.3941001892089844	25.5349063873291	0	Hayley
-24.446577072143555	11.69507884979248	6	Karin
29.100082397460938	1.040956974029541	5	Pageant
38.97206497192383	14.971043586730957	7	miscarriage
8.080171585083008	19.75182342529297	3	alaska
43.69399642944336	-5.8443474769592285	9	corset
-18.448320388793945	1.636861801147461	2	Fanny
-24.462566375732422	4.156092166900635	2	Mildred
-30.256994247436523	-8.622434616088867	6	Isla
-30.19710922241211	23.361202239990234	10	amy
-8.501401901245117	18.443984985351562	0	Brandi
18.120182037353516	-5.3673481941223145	8	schoolgirl
37.2588996887207	-4.865418910980225	5	Chiffon
-21.892976760864258	12.70085620880127	6	Francesca
-21.254125595092773	5.949734687805176	2	Gladys
49.2443962097168	-29.690309524536133	1	shemales
47.34727478027344	-12.79120922088623	9	Gowns
37.6206169128418	16.447437286376953	7	Empowerment
-37.50694274902344	-14.49974250793457	2	daisy
32.145938873291016	14.698636054992676	1	bridesmaids
-42.4602165222168	8.283103942871094	10	ashley
4.464717864990234	23.042728424072266	6	Bonita
6.002278804779053	-10.734888076782227	8	Empress
-55.128501892089844	-2.700623035430908	2	Aimee
26.99306297302246	3.744088888168335	5	curvy
-14.174946784973145	1.9288498163223267	10	EVE
40.26326370239258	20.334062576293945	7	cookbooks
7.3568034172058105	20.85392951965332	3	Shakira
35.866188049316406	18.028860092163086	7	Cheesecake
-39.04378128051758	-6.256026744842529	0	Josie
-40.93263626098633	11.197122573852539	10	heather
-60.20234298706055	-0.6659182906150818	2	Tess
22.75901985168457	-9.63213062286377	8	midwife
-31.42660903930664	-18.794204711914062	3	barbie
39.13589859008789	-35.8986701965332	1	nuns
46.38971710205078	-18.521038055419922	4	titties
-48.964351654052734	2.0697829723358154	0	michelle
-32.097965240478516	7.674779415130615	2	Nellie
-23.058366775512695	9.912836074829102	0	Marjorie
38.35694885253906	-6.082064628601074	9	bodice
17.27073860168457	-6.844822883605957	8	Feminist
11.953310012817383	-11.774618148803711	8	mermaid
-33.0240478515625	20.1069278717041	10	ANN
41.323604583740234	-32.4052619934082	1	Bitches
2.237271785736084	18.08330726623535	3	avril
-32.439735412597656	1.8700149059295654	2	bella
-24.08489418029785	-2.968510150909424	2	Blanche
-34.121517181396484	-1.384437918663025	6	Gemma
15.624451637268066	-13.709939956665039	8	Madam
46.440574645996094	-25.250268936157227	4	fairies
-10.439325332641602	16.162477493286133	0	Bobbi
-33.921478271484375	1.8755887746810913	2	Loretta
-37.32804489135742	-1.043741226196289	6	Martina
6.027956008911133	16.832612991333008	3	Peppermint
-49.938899993896484	5.705616474151611	10	anna
24.899627685546875	6.666660308837891	5	Bachelorette
-51.5457763671875	3.5433785915374756	6	Natalia
28.543684005737305	-4.0962443351745605	5	slutty
-16.116113662719727	10.08446216583252	6	Silvia
40.57856369018555	6.91505241394043	7	implantation
-43.143211364746094	-10.901459693908691	10	Lexi
-32.789772033691406	-14.622810363769531	3	Liza
36.61715316772461	18.395977020263672	7	cDNA
-0.47945478558540344	23.746816635131836	0	Lynda
-57.70280456542969	-5.035895347595215	2	Isabelle
10.726222038269043	25.056835174560547	6	kamagra
36.566383361816406	-6.933643817901611	9	Glam
-30.472640991210938	-14.730550765991211	3	jasmine
32.65324020385742	6.806521892547607	9	shawl
-12.508703231811523	-1.8965344429016113	3	Cleopatra
46.42279052734375	-25.90104866027832	4	hens
48.75714111328125	-30.817766189575195	1	Divas
-20.88401985168457	12.245474815368652	6	Johanna
40.778648376464844	8.62893295288086	7	tarot
25.123350143432617	3.7913262844085693	5	surrogate
-9.035956382751465	18.378223419189453	0	Ramona
-57.086368560791016	-5.656462669372559	2	Matilda
46.92657470703125	-32.146331787109375	1	feminists
11.450810432434082	-21.41921615600586	8	FEMALE
-19.697729110717773	5.272845268249512	2	Gertrude
44.28671646118164	14.188318252563477	7	ovulation
-39.41272735595703	-3.7102439403533936	0	Mallory
-38.125553131103516	-6.097874164581299	0	Marlene
28.477060317993164	7.385308742523193	5	snatched
-2.628612995147705	23.9403076171875	0	Jeanette
-5.497023105621338	22.083295822143555	0	Jodie
37.08950424194336	-20.5097599029541	4	Nipple
-11.934704780578613	6.8286967277526855	6	dakota
-16.695066452026367	9.885653495788574	6	Marta
17.252300262451172	-12.99886703491211	8	Housewife
6.027857780456543	16.832740783691406	3	peppermint
-7.100484848022461	12.866181373596191	6	Leona
39.703548431396484	16.958995819091797	7	babysitting
-31.034591674804688	-7.612049102783203	6	Anastasia
43.67351531982422	13.443961143493652	7	Erotica
-23.87994384765625	1.3057947158813477	2	Cora
-42.31081008911133	-3.795555830001831	0	Justine
-5.757222652435303	18.754114151000977	0	Keri
40.8160514831543	-33.83491516113281	1	Witches
37.2589225769043	-4.865415573120117	5	chiffon
14.812488555908203	-12.19874095916748	8	BITCH
-29.78369140625	8.837749481201172	0	Suzy
38.70957565307617	-22.183448791503906	4	Breasts
-1.8139077425003052	21.76028823852539	0	Marsha
-35.24380111694336	-2.436016798019409	6	charlotte
-2.1541831493377686	22.74042320251465	0	Maxine
-1.330252766609192	24.266916275024414	0	Darlene
-47.06155014038086	-0.6310328245162964	0	linda
-19.513057708740234	11.374239921569824	6	Susanna
36.566383361816406	-6.933643817901611	9	glam
4.792777061462402	22.381834030151367	6	Electra
55.40521240234375	-0.7406858205795288	9	JEWELRY
19.054004669189453	-5.781190395355225	8	Hostess
-56.5650634765625	-6.391977310180664	2	Dolores
27.931577682495117	6.106976509094238	5	kitchenette
-34.080665588378906	23.177370071411133	10	maria
40.54183578491211	6.394759654998779	7	progesterone
-34.59681701660156	-11.544880867004395	6	Tia
-26.555574417114258	-1.5900486707687378	6	Angelica
-13.194879531860352	16.153921127319336	0	Kristi
-25.71484375	3.4645354747772217	2	Bertha
7.408111572265625	22.90011215209961	3	Denali
9.375635147094727	-9.10604190826416	5	sissy
-49.6829719543457	1.169928789138794	0	lauren
35.7685661315918	9.246651649475098	9	Cleanser
-41.620750427246094	-1.732287049293518	0	Becca
47.1929817199707	-9.863399505615234	9	eyelashes
-4.507990837097168	23.484952926635742	0	Tricia
8.088929176330566	16.318880081176758	3	Pixie
29.518247604370117	-12.331266403198242	4	uterine
10.747037887573242	-8.05385971069336	5	sultry
-11.959259033203125	11.06209945678711	6	Marisa
39.1496467590332	11.847029685974121	7	anorexia
41.07169723510742	-35.4263801574707	1	aunts
-55.16564178466797	-7.200666427612305	2	Lucille
-30.771955490112305	-1.5362147092819214	6	Dina
-14.751069068908691	14.460184097290039	0	Hailey
-9.037310600280762	3.040125608444214	6	alma
-3.386254072189331	0.08112339675426483	3	viola
-9.088669776916504	17.100706100463867	0	Bette
43.97615432739258	7.142058372497559	7	sexism
51.599422454833984	2.8981435298919678	9	bikinis
51.871681213378906	1.2435696125030518	9	Leggings
-50.25227737426758	4.588041305541992	10	alice
-27.498931884765625	16.75995445251465	10	Katharine
0.873661458492279	-7.383056640625	3	unicorn
2.563471555709839	17.90060043334961	3	Minogue
44.70688247680664	13.125333786010742	7	contraceptive
15.070806503295898	-9.152297019958496	8	Auntie
-16.04622459411621	3.671745777130127	10	eva
-56.30339813232422	-4.8317155838012695	2	Mabel
40.426841735839844	1.4716265201568604	7	Implant
-13.529179573059082	-2.325867176055908	3	Yoko
-7.88504695892334	12.131855010986328	6	Hana
-12.295879364013672	7.133284568786621	6	Kali
-30.181283950805664	-2.361135482788086	6	Camilla
47.925010681152344	1.3375604152679443	9	manicure
48.878456115722656	1.2578694820404053	9	eyeliner
-42.3538703918457	-4.594017505645752	0	Bree
41.162620544433594	-29.655029296875	4	Kittens
-3.110292673110962	22.878517150878906	0	Nadine
45.09111022949219	-25.669919967651367	4	lilies
41.39765548706055	3.7829058170318604	7	cervix
40.07332992553711	17.926652908325195	7	cheerleading
-3.6829309463500977	23.349849700927734	0	Deanna
24.29804039001465	7.526666164398193	5	Dollhouse
-17.709205627441406	9.576838493347168	6	Celia
-36.07731628417969	2.062265157699585	6	Belinda
6.851269245147705	22.678930282592773	3	Blondie
-56.72836685180664	-3.5502963066101074	2	Millie
-11.956097602844238	16.569469451904297	0	Krista
42.343746185302734	-35.176979064941406	1	Girlfriends
25.122005462646484	5.490164279937744	5	nurtured
8.07708740234375	22.591638565063477	3	ethylene
44.97003173828125	8.767385482788086	7	witchcraft
4.933775901794434	19.02143669128418	3	Beyoncé
39.085533142089844	-35.774845123291016	1	maids
46.655574798583984	-17.070838928222656	4	booties
32.64017105102539	7.038093090057373	9	Braided
38.74266052246094	1.8147410154342651	7	etsy
-6.843456745147705	17.926860809326172	0	Kristy
-0.5257085561752319	24.415721893310547	0	Charlene
-15.975343704223633	-0.5040438175201416	0	misty
-5.526920318603516	20.9119815826416	0	Gwyneth
-20.628732681274414	3.911567211151123	2	Agatha
-27.280048370361328	-6.139914512634277	6	Ursula
-1.3610390424728394	25.786605834960938	0	Kelli
-7.211319923400879	6.892246723175049	6	Lizzy
-38.8817024230957	11.487127304077148	0	nicole
47.663482666015625	-27.13836669921875	1	sirens
-10.380321502685547	18.018095016479492	0	Marcy
48.04104995727539	-21.093610763549805	4	Insects
-52.50983810424805	-3.3606348037719727	2	Bea
53.24802017211914	3.9307422637939453	9	Purses
-11.049787521362305	15.484123229980469	0	Gigi
46.835994720458984	-20.664203643798828	4	FLOWERS
-53.294090270996094	-2.303555727005005	2	Maddie
-32.093482971191406	-9.618826866149902	6	Anya
22.93743133544922	2.2600791454315186	8	SUBJECT
-27.766653060913086	11.894986152648926	0	Brianna
-7.244461536407471	2.5679712295532227	6	CAROLINA
-29.624027252197266	-12.334833145141602	3	Artemis
46.18204879760742	16.794065475463867	9	beading
42.3033447265625	6.808243274688721	7	mlm
-54.81494140625	-7.380570888519287	2	Tessa
51.422542572021484	-25.671167373657227	4	strippers
45.62416076660156	-5.412986755371094	9	Mascara
25.798343658447266	4.928563594818115	5	foodie
1.4586758613586426	21.735450744628906	6	Winona
28.71796417236328	8.007296562194824	5	aborted
-26.533334732055664	20.784175872802734	10	Felicia
1.5299303531646729	17.9986572265625	3	Ciara
-30.968713760375977	24.277055740356445	10	laura
-3.762202262878418	21.978105545043945	0	Janine
-6.767368793487549	20.945600509643555	0	Karla
28.783123016357422	4.754348278045654	5	Topless
43.04704666137695	-20.09552001953125	4	ovaries
-7.854819297790527	13.441521644592285	6	Mila
41.17093276977539	13.920845031738281	7	Menopause
-2.484433174133301	25.03408432006836	6	Lorna
40.47515869140625	19.659543991088867	7	Obstetrics
8.925622940063477	-10.78996467590332	8	Mamma
49.2421989440918	-29.726261138916016	1	Shemales
-22.339637756347656	4.294320583343506	2	Elsie
25.640789031982422	0.8679625391960144	5	Cheerleader
46.26710891723633	17.678850173950195	9	eyeshadow
-9.980149269104004	10.85621452331543	6	Fatima
5.355565547943115	23.0331974029541	6	meridia
6.612522602081299	23.754362106323242	6	Pacifica
0.9523306488990784	21.150005340576172	6	Miu
-0.8148103356361389	22.009172439575195	0	Roxanne
-38.70832824707031	-10.842549324035645	0	sherry
0.28354594111442566	23.276330947875977	0	Julianne
-20.96906852722168	5.487174987792969	2	Geraldine
-44.09720230102539	12.769736289978027	10	elizabeth
38.23177719116211	-19.219642639160156	4	Vagina
28.065528869628906	-4.113762378692627	5	Slutty
43.72693634033203	9.219329833984375	7	Feminism
-53.40319061279297	6.273447036743164	10	carol
-29.277814865112305	-0.845477283000946	6	Juliette
-7.627551555633545	18.885156631469727	0	Sherri
29.857208251953125	-4.339754104614258	5	dainty
52.89836502075195	4.868457317352295	9	Wigs
6.06146764755249	-10.234539031982422	8	Countess
10.948408126831055	24.999610900878906	6	Propecia
41.058895111083984	5.836270809173584	7	postpartum
42.672733306884766	-36.590511322021484	1	WOMENS
0.11730341613292694	21.785005569458008	6	Karina
46.16031265258789	-18.663537979125977	4	boobies
45.1178092956543	-18.410186767578125	4	clitoris
24.682466506958008	7.771233558654785	5	stardom
-29.914953231811523	15.795883178710938	10	marie
-11.71456527709961	10.673178672790527	6	Devi
-22.258169174194336	8.434170722961426	2	Della
-6.104390621185303	19.680383682250977	0	Jeannie
-31.806766510009766	23.08124542236328	10	rachel
42.38412094116211	4.4641289710998535	7	Vibrator
39.49165725708008	5.2665228843688965	7	placenta
-23.066818237304688	0.6851116418838501	2	Elisa
-51.486839294433594	6.569231986999512	10	anne
-55.347618103027344	-8.391199111938477	2	Marguerite
-1.0533628463745117	20.106081008911133	0	Krystal
-33.045780181884766	-11.431321144104004	6	ANA
-1.11954665184021	25.136350631713867	0	Kellie
0.10926980525255203	24.99498176574707	0	Rebekah
-7.875220775604248	3.85381817817688	6	mia
46.4354133605957	-25.227588653564453	4	Fairies
44.33135223388672	-22.088224411010742	4	moths
46.008705139160156	12.414740562438965	7	contraceptives
-13.398454666137695	9.065889358520508	6	Mariana
-33.045780181884766	-11.431321144104004	6	ana
36.81791305541992	-17.75994873046875	4	Thigh
-32.47672653198242	-4.818143367767334	6	Juliana
12.465258598327637	-12.961816787719727	8	filly
51.661773681640625	-26.540117263793945	1	Milfs
23.6506290435791	-9.473955154418945	8	sorority
4.933775901794434	19.02143669128418	3	beyonce
38.43153381347656	17.137231826782227	7	Femdom
-9.568291664123535	15.342436790466309	0	Barbra
-5.035983085632324	1.1172070503234863	6	Nightingale
-21.79838752746582	7.5767316818237305	2	Nell
-28.55504035949707	-1.1378432512283325	6	Layla
-20.243427276611328	6.902287006378174	2	Henrietta
-11.749704360961914	8.98157024383545	6	Sabine
-33.2168083190918	-4.536947250366211	6	Irina
-3.8507168292999268	24.884157180786133	0	Janelle
2.9236738681793213	25.43846893310547	0	Ashlee
-36.919803619384766	-4.710932731628418	2	Genevieve
45.61996078491211	-2.3090758323669434	9	NECKLACE
-28.881103515625	3.322269916534424	2	Bessie