x	y	cluster	word
20.20135498046875	10.527788162231445	0	her
24.72035026550293	4.06984806060791	0	son
25.751529693603516	9.471964836120605	0	daughter
55.66764450073242	-30.180166244506836	2	asian
61.65420150756836	-24.304410934448242	2	french
64.75735473632812	-25.698047637939453	2	indian
64.32369995117188	-20.918441772460938	2	chinese
63.16850662231445	-23.90626335144043	2	japanese
61.23142623901367	-21.628128051757812	2	german
62.308921813964844	-19.31332778930664	2	italian
63.26871109008789	-12.302282333374023	2	british
61.016048431396484	-12.301746368408203	2	thai
62.5995979309082	-16.7109317779541	2	korean
64.62596893310547	-22.85108184814453	2	australian
61.10403823852539	-17.028898239135742	2	filipino
63.214149475097656	-13.8846435546875	2	indonesian
-9.7254056930542	32.36711502075195	3	get
-27.37917709350586	-43.72014617919922	0	people
47.77076721191406	32.766395568847656	6	first
26.908884048461914	20.243545532226562	0	may
18.992284774780273	7.36194372177124	0	two
-17.369361877441406	41.51124954223633	3	For
-18.149776458740234	34.38294982910156	3	need
-1.646083950996399	30.673555374145508	3	want
24.11849594116211	29.41567611694336	8	best
0.14040550589561462	30.22509002685547	3	take
-24.901941299438477	0.2846345007419586	10	information
-45.011436462402344	28.921464920043945	5	going
-16.605318069458008	34.41867446899414	3	help
18.246490478515625	37.9356575012207	8	still
13.679108619689941	6.751570224761963	0	All
26.908884048461914	20.243545532226562	0	May
19.76768684387207	11.916193008422852	0	They
-10.108114242553711	-21.826030731201172	9	world
16.72956085205078	10.32598876953125	0	little
14.930218696594238	16.83318328857422	8	got
-12.716374397277832	18.13939666748047	9	part
15.204324722290039	8.590381622314453	0	long
-8.116913795471191	46.32186508178711	8	Posted
-10.170989990234375	43.65257263183594	8	With
43.005332946777344	29.160213470458984	6	online
-15.364880561828613	-12.048589706420898	9	system
0.5816429257392883	34.7890510559082	3	must
1.6051099300384521	-2.9920268058776855	9	number
-22.08025360107422	-1.007651448249817	10	service
-16.000118255615234	24.797189712524414	3	show
-6.790927886962891	-12.779635429382324	0	family
-6.772871971130371	-1.2367923259735107	9	post
7.556493282318115	43.18446731567383	8	might
-14.411678314208984	33.242523193359375	3	read
9.425376892089844	-10.897809982299805	9	book
6.311913013458252	-3.7575416564941406	9	page
-11.700185775756836	31.7397518157959	3	feel
-10.656457901000977	22.67334747314453	3	support
33.00336456298828	34.71771240234375	6	real
-17.133769989013672	-29.1468563079834	0	times
3.205916166305542	43.93800735473633	8	says
-2.721015214920044	-13.029596328735352	9	school
17.166170120239258	2.3407087326049805	0	team
-15.758580207824707	-5.332098484039307	1	News
46.87687301635742	33.98615646362305	6	second
0.880591094493866	3.853426694869995	9	order
3.0997910499572754	41.69474411010742	8	Now
-51.72389602661133	-27.74179458618164	10	services
-45.570594787597656	30.07123374938965	5	getting
30.323448181152344	-7.91200590133667	7	God
-13.597322463989258	-10.300772666931152	9	state
-19.934385299682617	1.3686035871505737	10	quality
5.1236419677734375	-0.8115549683570862	9	group
-3.9192700386047363	41.753055572509766	8	thought
0.3540061414241791	22.920711517333984	3	call
-8.773621559143066	16.647037506103516	8	per
-16.484682083129883	11.931984901428223	9	program
42.05850601196289	33.851463317871094	6	public
23.840864181518555	13.001433372497559	0	January
-31.97601890563965	0.3804391920566559	10	design
-13.928921699523926	-10.90631103515625	9	State
-45.75696563720703	-0.5971239805221558	10	health
3.8559529781341553	-23.337797164916992	4	food
29.95694923400879	2.9315876960754395	0	women
-2.6998705863952637	48.72117614746094	8	went
-19.331642150878906	30.46580696105957	3	needs
9.848146438598633	36.31064224243164	8	together
-28.69843292236328	-44.782470703125	1	others
-16.90802001953125	19.709606170654297	3	control
26.07370376586914	18.951091766357422	0	November
-24.972917556762695	-42.144710540771484	0	friends
54.68064498901367	2.7672183513641357	7	bad
1.0671781301498413	-17.121353149414062	9	market
-10.648680686950684	25.604846954345703	3	fun
25.09614372253418	16.115625381469727	0	December
-11.024760246276855	-20.230588912963867	4	web
-49.43666076660156	-16.081008911132812	1	results
-20.494678497314453	-32.60602951049805	0	students
-31.86514663696289	-38.186832427978516	1	games
6.825402736663818	41.041011810302734	8	past
-12.150557518005371	44.28608322143555	8	started
-2.221557378768921	-12.770645141601562	9	School
-15.758580207824707	-5.332098484039307	1	news
-46.88642120361328	-34.388526916503906	1	Comments
-5.256567478179932	-17.34328269958496	10	government
-18.142606735229492	-37.35857391357422	0	members
0.7872849106788635	26.7567081451416	3	check
-26.568620681762695	-36.504966735839844	0	minutes
-0.5000629425048828	-22.764156341552734	4	software
-14.410215377807617	32.55147933959961	3	Read
-40.44673538208008	27.762062072753906	5	trying
-16.785829544067383	29.086727142333984	3	review
-30.997053146362305	-44.509464263916016	1	States
-7.274592876434326	46.401187896728516	8	posted
-0.8916929364204407	48.603302001953125	8	added
-12.252317428588867	33.763668060302734	3	add
27.110780715942383	17.717493057250977	0	everyone
7.171266555786133	-23.68651008605957	4	phone
18.60083770751953	-25.939258575439453	4	email
47.77076721191406	32.766395568847656	6	First
23.982210159301758	30.02512550354004	8	Best
-24.28373908996582	-2.5128214359283447	10	research
-3.3837976455688477	12.793256759643555	3	mind
0.6125120520591736	14.399825096130371	3	plan
11.1090087890625	45.62739562988281	8	told
-36.27486801147461	3.6951637268066406	10	development
17.381860733032227	-12.136159896850586	9	movie
9.118955612182617	-27.335186004638672	4	Internet
4.992905616760254	42.646156311035156	8	Some
34.647972106933594	31.103797912597656	6	future
30.718576431274414	-4.924508094787598	7	West
-46.335533142089844	27.60358238220215	5	taking
-18.913583755493164	-5.799899578094482	10	history
-40.85102462768555	-31.53457260131836	1	Tags
-4.070425510406494	5.228826522827148	9	series
-0.9542495012283325	25.8913631439209	3	visit
24.65334129333496	-11.722464561462402	7	Park
-51.72389602661133	-27.74179458618164	10	Services
-0.06960973888635635	-15.926902770996094	9	law
42.572322845458984	29.593189239501953	6	Online
-9.7254056930542	32.36711502075195	3	Get
-21.903100967407227	-1.629270076751709	10	Service
11.083069801330566	-29.44393539428711	4	Windows
-45.75696563720703	-0.5971239805221558	10	Health
-4.237423896789551	-10.523297309875488	9	party
37.704734802246094	35.559898376464844	6	International
-30.1916561126709	-30.361154556274414	1	companies
-46.99431610107422	-33.51677703857422	1	comments
-6.195732116699219	-0.6585015654563904	9	Post
-16.7185001373291	31.421810150146484	3	learn
13.656591415405273	-27.16612434387207	4	computer
-23.80711555480957	-40.416259765625	0	kids
-11.024760246276855	-20.230588912963867	4	Web
55.18146514892578	-26.7006893157959	2	English
-14.626480102539062	26.31471824645996	3	watch
-1.5732206106185913	-17.834810256958008	9	art
-39.60374069213867	2.142557382583618	10	management
-10.485248565673828	30.612594604492188	3	move
-34.28182601928711	14.653580665588379	10	training
27.168869018554688	13.504382133483887	0	couple
-6.764970779418945	-18.905534744262695	10	industry
0.16777518391609192	-1.6834301948547363	9	Date
6.311913013458252	-3.7575416564941406	9	Page
0.16777518391609192	-1.6834301948547363	9	date
-13.218287467956543	24.91075897216797	3	study
-50.92829132080078	-22.496349334716797	1	shows
-41.53523635864258	-34.4286003112793	1	photos
3.720674753189087	38.747711181640625	8	gets
-7.660028457641602	43.184696197509766	8	Then
6.7748942375183105	27.50003433227539	3	stay
46.62083435058594	30.996862411499023	6	main
-6.302488803863525	40.870391845703125	8	Most
-16.346088409423828	-19.002958297729492	10	technology
-15.290800094604492	41.712303161621094	3	Are
-12.252317428588867	33.763668060302734	3	Add
22.739063262939453	16.157093048095703	7	San
51.63154220581055	-20.431034088134766	2	Google
14.497930526733398	18.616607666015625	8	saw
-47.37631607055664	-0.10808686912059784	10	insurance
-0.9200389981269836	-7.593754768371582	9	code
4.648158550262451	36.6502799987793	3	takes
-5.355362415313721	-2.0879580974578857	9	test
7.843286514282227	0.4212144613265991	9	key
-7.6479692459106445	29.879520416259766	3	win
-17.453014373779297	28.90165901184082	3	Review
59.681880950927734	-15.146117210388184	2	California
-44.182769775390625	-40.29185485839844	1	parts
3.503037691116333	-6.684991836547852	9	store
-35.610191345214844	-27.108549118041992	1	books
-44.33319854736328	-29.23383331298828	1	events
53.29417037963867	3.19421648979187	0	Yes
-38.30221939086914	-40.1365852355957	1	items
41.30501937866211	9.085199356079102	8	percent
22.289936065673828	29.11931037902832	8	wrong
2.3621695041656494	11.077488899230957	9	message
-12.787039756774902	17.80817985534668	9	Part
29.142587661743164	-19.883575439453125	4	paper
-24.901941299438477	0.2846345007419586	10	Information
0.25688910484313965	47.89150619506836	8	held
36.19301986694336	36.74330520629883	6	private
-35.466434478759766	-43.169986724853516	1	systems
-11.311241149902344	-3.102909803390503	0	user
54.98345947265625	4.670661449432373	0	maybe
9.118955612182617	-27.335186004638672	4	internet
5.532545566558838	-0.5854954123497009	9	Group
-2.5884015560150146	-10.308539390563965	9	period
41.27265548706055	35.84775161743164	6	third
-7.68494176864624	23.11011505126953	3	addition
57.77733612060547	-22.53853988647461	2	Washington
-37.33831024169922	27.094079971313477	5	saying
-3.733278512954712	43.465049743652344	8	written
-49.158531188964844	-34.51756286621094	1	changes
6.138203144073486	44.821712493896484	8	received
-19.153162002563477	-33.358917236328125	0	customers
-9.088799476623535	24.195894241333008	3	sense
-1.065929651260376	-18.256258010864258	9	Art
-48.08732604980469	-17.901906967163086	1	reviews
-3.978454351425171	45.588619232177734	8	wrote
20.93276023864746	32.76909255981445	8	latest
-26.694255828857422	-38.348915100097656	0	users
20.041929244995117	37.497989654541016	8	late
-12.429587364196777	-17.140708923339844	9	network
-3.812131404876709	-23.342620849609375	10	education
-31.18576431274414	5.503325462341309	10	treatment
-6.070019721984863	31.452579498291016	3	send
-16.000118255615234	24.797189712524414	3	Show
-41.21061325073242	22.183774948120117	5	thinking
47.78281021118164	-15.294877052307129	7	Christmas
-34.94650650024414	5.218794822692871	10	travel
31.998306274414062	-6.901504039764404	7	Blue
45.635780334472656	5.564794540405273	3	wish
-27.37917709350586	-43.72014617919922	0	People
60.88033676147461	-26.13054847717285	2	China
14.935270309448242	26.377580642700195	3	wait
-2.9433701038360596	46.875511169433594	8	played
-10.5911865234375	-11.462445259094238	9	Department
-45.84842300415039	-29.00385093688965	1	programs
11.70262336730957	-18.236547470092773	9	box
-38.814327239990234	18.713787078857422	5	meeting
59.1189079284668	-23.1507568359375	2	Texas
33.00336456298828	34.71771240234375	6	Real
28.91884422302246	5.007264614105225	0	girls
29.95694923400879	2.9315876960754395	0	Women
19.324922561645508	6.915628910064697	0	Two
-1.0039211511611938	27.676298141479492	3	receive
-47.243446350097656	2.6768553256988525	10	marketing
-14.978256225585938	12.394465446472168	9	text
9.285258293151855	-11.547104835510254	9	Book
59.03414535522461	-25.315608978271484	2	Canada
-31.499345779418945	0.5034738779067993	10	Design
-6.662075519561768	-13.196846961975098	0	Family
-38.999549865722656	-31.427318572998047	1	files
-48.08732604980469	-17.901906967163086	1	Reviews
58.41087341308594	-28.203500747680664	2	India
-9.331626892089844	41.29970169067383	3	Have
-37.52696228027344	-29.839170455932617	1	pages
-46.13754653930664	-30.750947952270508	1	ideas
-22.779212951660156	-41.97601318359375	0	parents
-39.115516662597656	1.4948238134384155	10	Management
37.704734802246094	35.559898376464844	6	international
-15.062810897827148	13.976646423339844	9	method
-3.288567066192627	8.425498962402344	9	title
-24.28373908996582	-2.5128214359283447	10	Research
-44.6131477355957	-4.350142955780029	10	policy
-45.05499267578125	-32.71476745605469	1	links
20.06865692138672	-24.434154510498047	4	DVD
-43.37635040283203	1.5952510833740234	10	production
7.171266555786133	-23.68651008605957	4	Phone
27.830453872680664	-14.354966163635254	7	Beach
-15.364880561828613	-12.048589706420898	9	System
-43.120750427246094	-32.19405746459961	1	videos
-48.035888671875	26.708621978759766	5	starting
-37.53487777709961	-35.86250305175781	1	groups
29.607210159301758	-17.111679077148438	4	dog
4.853482723236084	46.96521759033203	8	sent
9.814299583435059	46.17735290527344	8	knew
25.465551376342773	23.01811981201172	7	Apr
-0.7436732053756714	-8.942193984985352	9	Game
40.84620666503906	6.908425807952881	0	Jun
0.7872849106788635	26.7567081451416	3	Check
3.267240524291992	-9.249738693237305	9	screen
39.65892028808594	-7.221988677978516	7	Lake
20.69988250732422	27.51752281188965	8	clean
3.715567111968994	37.80109786987305	3	wants
6.892624378204346	-12.56945514678955	9	language
13.257010459899902	13.997260093688965	3	Dec
52.11177444458008	-17.082439422607422	2	Facebook
-25.895925521850586	3.8965063095092773	10	attention
-44.78313446044922	-36.44808578491211	1	posts
24.687225341796875	2.577622890472412	0	mother
3.011878252029419	26.13876724243164	3	guess
18.959178924560547	32.06524658203125	8	Nov
-47.82996368408203	-30.618606567382812	1	plans
-39.28789520263672	-35.430992126464844	1	types
-5.639707565307617	21.343435287475586	3	response
-3.118124008178711	16.185001373291016	3	focus
-45.36185836791992	17.22801399230957	5	learning
49.31111145019531	-16.597532272338867	7	Apple
19.945392608642578	-21.603313446044922	4	wedding
5.799671649932861	25.861066818237305	3	sell
-3.762126922607422	23.718299865722656	3	decision
-0.1905144900083542	-22.371427536010742	4	Software
42.05850601196289	33.851463317871094	6	Public
-45.38718032836914	-35.946712493896484	1	Posts
-3.814829111099243	-10.958598136901855	9	Party
-4.336382865905762	4.922386169433594	9	Series
-30.300891876220703	-29.33026123046875	1	countries
45.160736083984375	37.158897399902344	6	digital
21.626724243164062	-28.702655792236328	4	police
-4.069971561431885	-22.930923461914062	10	Education
-19.18927001953125	-32.194305419921875	0	patients
3.2564096450805664	16.73046875	3	Press
0.7895079851150513	9.698970794677734	9	sign
-45.72529602050781	24.464824676513672	5	moving
-7.15953254699707	11.348706245422363	9	function
-37.29767990112305	-40.31965255737305	1	numbers
44.809635162353516	36.40752029418945	6	Digital
48.73032760620117	-6.535585880279541	7	George
-17.04175567626953	17.1849308013916	3	display
-43.211082458496094	22.49681282043457	5	feeling
62.5055046081543	-25.11166000366211	2	French
-0.7727775573730469	-16.086410522460938	9	Law
34.64265060424805	35.568138122558594	6	modern
-14.195340156555176	26.842876434326172	3	Watch
-14.043319702148438	22.980953216552734	3	guide
53.29417037963867	3.19421648979187	0	yes
1.4733272790908813	24.31134033203125	3	eat
-41.6778678894043	-8.949926376342773	1	lyrics
53.47772216796875	-18.257457733154297	2	Microsoft
-33.335514068603516	3.0571489334106445	10	safety
6.203965187072754	20.348142623901367	0	Source
63.26871109008789	-12.302282333374023	2	British
-19.71103858947754	-30.672605514526367	0	fans
-18.462772369384766	-6.238447666168213	10	History
-39.27081298828125	7.604836463928223	10	planning
11.272932052612305	27.35747718811035	3	spend
-20.338956832885742	-1.2832094430923462	10	relationship
-31.562814712524414	-38.590972900390625	1	Games
31.998306274414062	-6.901504039764404	7	blue
-10.648026466369629	-16.850460052490234	9	machine
-14.003626823425293	-15.286754608154297	9	Science
17.63857650756836	31.09807014465332	8	lol
-32.76758575439453	-42.264801025390625	1	schools
3.8559529781341553	-23.337797164916992	4	Food
7.175209999084473	44.64741134643555	8	changed
-35.596717834472656	-36.85451889038086	1	homes
0.14452549815177917	29.369857788085938	3	Take
1.6051099300384521	-2.9920268058776855	9	Number
-17.369361877441406	41.51124954223633	3	FOR
20.20135498046875	10.527788162231445	0	Her
-3.2785496711730957	-1.6572657823562622	9	Act
-2.0163633823394775	-4.256002902984619	9	shop
-37.216941833496094	-21.079601287841797	1	movies
-16.686777114868164	12.416868209838867	9	Program
-42.73035430908203	-19.214590072631836	1	songs
2.6584532260894775	-17.39365005493164	4	Forum
-16.346088409423828	-19.002958297729492	10	Technology
-35.47167205810547	3.2160375118255615	10	Development
0.924004316329956	22.65210723876953	3	Call
-14.606266021728516	22.70954132080078	3	Guide
4.908968448638916	25.042295455932617	3	sort
-13.60655689239502	40.29246139526367	8	Its
17.166170120239258	2.3407087326049805	0	Team
-18.847681045532227	-34.47037887573242	0	clients
58.50482940673828	-26.87473487854004	2	Australia
58.08513259887695	-15.962132453918457	2	Chicago
21.96807861328125	-21.865583419799805	4	memory
-26.58829689025879	3.714686393737793	10	advice
46.91695785522461	29.643266677856445	6	multiple
-30.997053146362305	-44.509464263916016	1	states
1.1324118375778198	44.74171447753906	8	helps
15.000785827636719	-14.521546363830566	9	Island
-21.139984130859375	-3.4875497817993164	10	organization
11.529342651367188	0.38953641057014465	9	Council
-31.443618774414062	-35.987388610839844	1	cars
-39.63515853881836	-42.00770568847656	1	articles
-12.429587364196777	-17.140708923339844	9	Network
9.074198722839355	-8.850428581237793	9	tool
48.70885467529297	30.93872833251953	6	direct
-1.372283935546875	41.18024826049805	8	developed
8.690427780151367	-2.370716094970703	9	channel
2.4747676849365234	6.759202003479004	9	Category
49.329402923583984	-21.966815948486328	2	Twitter
-2.91770076751709	23.798646926879883	3	request
-35.54566192626953	5.596494674682617	10	Travel
-3.6385269165039062	29.780424118041992	3	join
-41.41196060180664	26.868370056152344	5	watching
1.9597691297531128	-10.920372009277344	9	server
-51.61904525756836	-32.24563217163086	1	rules
-0.9200389981269836	-7.593754768371582	9	Code
-17.133769989013672	-29.1468563079834	0	Times
-1.3196943998336792	-4.436705589294434	9	Shop
35.152809143066406	33.94468307495117	6	traditional
0.9700357913970947	20.268892288208008	3	touch
37.52683639526367	33.30620193481445	6	commercial
9.008596420288086	-6.901638984680176	9	cell
43.8460693359375	31.049606323242188	6	physical
-3.3492608070373535	-2.395301580429077	9	act
23.373563766479492	15.403704643249512	8	met
2.8539018630981445	16.842012405395508	3	press
15.204324722290039	8.590381622314453	0	Long
16.3397159576416	16.47787857055664	8	led
-42.794105529785156	26.634836196899414	5	seeing
18.60083770751953	-25.939258575439453	4	Email
-40.55976486206055	11.88956356048584	5	shopping
-35.93077850341797	-19.94965362548828	1	hotels
54.98345947265625	4.670661449432373	0	Maybe
-26.299039840698242	9.490386009216309	10	selection
-34.649932861328125	26.46253204345703	5	waiting
29.10530662536621	-24.968482971191406	4	cancer
16.72956085205078	10.32598876953125	0	Little
-41.708290100097656	-33.656044006347656	1	Photos
-14.824082374572754	-15.181838989257812	9	science
-42.828041076660156	28.59998321533203	5	showing
-9.02881908416748	13.12459945678711	3	purpose
-48.353515625	-1.7652363777160645	10	Copyright
17.79782485961914	5.7331647872924805	0	seconds
-2.1442322731018066	34.53713607788086	8	onto
64.32369995117188	-20.918441772460938	2	Chinese
-34.342071533203125	-34.345497131347656	1	businesses
-11.70673656463623	23.888622283935547	3	develop
64.75735473632812	-25.698047637939453	2	Indian
-11.26477336883545	-3.3634541034698486	0	User
-10.987115859985352	9.963568687438965	9	setting
-27.812055587768555	-33.74339294433594	1	teams
-16.605318069458008	34.41867446899414	3	Help
12.911392211914062	37.45710372924805	8	helpful
-37.4181022644043	-2.8117151260375977	10	budget
-41.653343200683594	-21.387187957763672	1	models
-37.799190521240234	-4.095205307006836	10	campaign
-46.66502380371094	2.0866479873657227	10	Marketing
-24.791748046875	-8.775151252746582	10	culture
-10.27747917175293	-12.947173118591309	9	Institute
-24.226274490356445	-38.89112091064453	0	families
-50.56682586669922	-19.568662643432617	1	calls
29.862674713134766	13.87950611114502	0	Director
-46.64618682861328	22.82006072998047	5	opening
27.97871971130371	14.324399948120117	0	owner
-42.93012619018555	11.882353782653809	5	driving
-5.256567478179932	-17.34328269958496	10	Government
40.85744857788086	-7.41606330871582	7	button
-41.6778678894043	-8.949926376342773	1	Lyrics
11.879281997680664	-20.387901306152344	4	bank
12.320405960083008	-24.080385208129883	4	kitchen
-40.89659118652344	24.079957962036133	5	buying
13.646859169006348	-20.949993133544922	7	fish
-34.03276062011719	6.809228897094727	10	storage
12.195197105407715	-18.92097282409668	9	Box
-9.749794960021973	45.63582992553711	8	Did
27.58318519592285	-14.89095401763916	7	beach
53.42449188232422	1.8574072122573853	8	correct
59.81161117553711	-27.124988555908203	2	France
-44.182769775390625	-40.29185485839844	1	Parts
20.165616989135742	-22.159645080566406	4	Wedding
-0.5436936616897583	-11.107291221618652	9	Journal
2.6584532260894775	-17.39365005493164	4	forum
29.862674713134766	13.87950611114502	0	director
13.350186347961426	23.025405883789062	3	produce
45.95360565185547	-12.502474784851074	7	Silver
43.83464813232422	38.43852615356445	6	federal
1.1807901859283447	-4.5074968338012695	9	package
8.560263633728027	-25.32847023010254	4	Library
-49.43666076660156	-16.081008911132812	1	Results
27.665206909179688	9.8811674118042	0	Manager
3.704976797103882	28.301158905029297	3	select
-10.373895645141602	23.269657135009766	3	Support
-35.466434478759766	-43.169986724853516	1	Systems
17.381860733032227	-12.136159896850586	9	Movie
42.262813568115234	-13.53754997253418	7	Christ
61.14015579223633	-27.592479705810547	2	Japan
-35.610191345214844	-27.108549118041992	1	Books
2.824632167816162	48.20496368408203	8	helped
-14.77531623840332	-16.591014862060547	10	society
-14.77531623840332	-16.591014862060547	10	Society
-47.37631607055664	-0.10808686912059784	10	Insurance
52.85980987548828	-26.83159637451172	2	Western
27.27068328857422	-24.7458553314209	4	football
-41.880958557128906	16.899539947509766	5	dating
44.93341064453125	0.07630689442157745	7	Angeles
-0.40671250224113464	46.55429458618164	8	learned
-16.90802001953125	19.709606170654297	3	Control
-6.828267574310303	27.61665916442871	3	host
-14.702320098876953	-9.839601516723633	9	Type
-13.564729690551758	42.8402099609375	8	During
1.4273712635040283	-16.323713302612305	9	Market
7.455499172210693	18.387165069580078	0	self
-9.275789260864258	10.149179458618164	9	movement
-39.6026725769043	23.341463088989258	5	selling
24.196819305419922	-12.356314659118652	7	park
11.91702651977539	-26.541112899780273	4	database
-44.6131477355957	-4.350142955780029	10	Policy
-4.337857723236084	29.222326278686523	3	Join
4.263782024383545	12.356546401977539	9	error
-44.12344741821289	-41.51191329956055	1	methods
15.222580909729004	31.136940002441406	8	cute
19.176738739013672	29.780433654785156	8	sorry
-34.28182601928711	14.653580665588379	10	Training
-45.380489349365234	-23.58519744873047	10	facilities
10.532569885253906	-29.614179611206055	4	windows
-36.664981842041016	-19.40119743347168	1	Hotels
17.328659057617188	-23.05946159362793	4	restaurant
-11.492008209228516	9.497945785522461	9	direction
13.936408996582031	26.05748748779297	3	forget
0.2288312315940857	41.81238555908203	8	Tagged
-39.786468505859375	-6.378764629364014	10	reality
-24.549169540405273	-10.753334999084473	1	Arts
-36.89151382446289	7.347006320953369	10	shipping
61.23142623901367	-21.628128051757812	2	German
45.30376052856445	32.42030334472656	6	primary
55.907562255859375	-17.572628021240234	2	Boston
45.27452087402344	-7.144989967346191	7	Lee
-6.098989486694336	30.62826919555664	3	Send
-45.58476257324219	23.332189559936523	5	sharing
-49.36473083496094	-32.69942855834961	1	efforts
11.428723335266113	25.453685760498047	3	handle
24.778850555419922	20.55929183959961	0	ten
2.4747676849365234	6.759202003479004	9	category
21.573383331298828	19.480945587158203	9	mix
62.32500457763672	-23.163198471069336	2	Japanese
-36.471187591552734	-5.495082378387451	10	beauty
-0.20617514848709106	12.743646621704102	9	score
-49.137977600097656	-30.890487670898438	1	goals
25.24003791809082	24.426546096801758	7	soft
7.223751544952393	10.336069107055664	9	dance
21.382549285888672	-19.439682006835938	4	dinner
27.34422492980957	10.352705001831055	0	manager
9.20886516571045	45.173484802246094	8	liked
3.503037691116333	-6.684991836547852	9	Store
-37.588829040527344	5.653203010559082	10	communication
28.91884422302246	5.007264614105225	0	Girls
-44.98409652709961	27.43386459350586	5	helping
8.286884307861328	32.694122314453125	3	fair
-1.737165093421936	25.547826766967773	3	Visit
12.758151054382324	27.131269454956055	3	accept
-41.56081771850586	-37.54499053955078	1	Gallery
-3.288567066192627	8.425498962402344	9	Title
-12.71883487701416	39.12712478637695	8	starts
-16.370563507080078	-31.305940628051758	0	owners
-5.585245132446289	9.051295280456543	9	format
8.772709846496582	27.82107162475586	3	fuck
-46.71708297729492	20.472349166870117	5	testing
-38.08567810058594	-33.303897857666016	1	classes
51.96565246582031	-5.804164886474609	7	Bush
-29.07791519165039	2.83444881439209	10	competition
-7.684540748596191	-3.3315906524658203	9	net
44.69588088989258	8.462008476257324	0	parties
47.33082962036133	9.034679412841797	1	deals
-42.18059158325195	25.329750061035156	5	keeping
59.70549392700195	-28.574907302856445	2	Germany
-33.918312072753906	-39.919960021972656	1	stores
-40.8964958190918	-20.37453842163086	1	elements
52.398048400878906	-11.055472373962402	7	Ford
-42.659732818603516	20.70635414123535	5	eating
27.858901977539062	-23.58161735534668	4	brain
52.8870735168457	-15.901261329650879	2	Congress
-6.13975715637207	8.03341293334961	9	menu
28.225412368774414	3.4784293174743652	0	boys
19.98077392578125	-31.33832359313965	0	animals
33.127315521240234	-17.913345336914062	7	wood
-44.42182540893555	18.47331428527832	5	teaching
26.276268005371094	2.9531967639923096	0	mom
9.347002983093262	33.04828643798828	6	separate
12.659252166748047	-11.0364351272583	9	Museum
14.906083106994629	-8.734768867492676	9	League
44.60147476196289	-9.584882736206055	7	Jack
-1.2668262720108032	7.3314595222473145	9	session
15.139022827148438	-18.12673568725586	4	train
-11.675957679748535	27.02220916748047	3	feed
12.502717018127441	7.005627632141113	0	Both
42.97043991088867	-12.451372146606445	7	Jones
-43.297367095947266	-31.37608528137207	1	Videos
-4.452192783355713	30.8603515625	3	decide
60.66661834716797	-23.180252075195312	2	Mexico
-45.016605377197266	3.6552722454071045	10	spending
40.85749435424805	37.5181884765625	6	foreign
24.380168914794922	10.048142433166504	0	teen
25.34621238708496	7.571541786193848	0	teacher
-36.63249588012695	-23.796810150146484	1	cells
26.39098358154297	8.188161849975586	9	coach
46.62083435058594	30.996862411499023	6	Main
14.509248733520508	37.479286193847656	8	aware
-36.89151382446289	7.347006320953369	10	Shipping
-42.18627166748047	-40.507232666015625	1	sets
-42.1824836730957	-1.6128427982330322	10	strategy
-40.58074188232422	25.55329132080078	5	fucking
32.044090270996094	-8.96469783782959	7	Mac
18.718019485473633	-20.172542572021484	4	television
6.744536876678467	46.72327423095703	8	meant
-36.944183349609375	-31.99009132385254	1	laws
58.62287139892578	-12.594488143920898	2	Colorado
-9.62077522277832	4.881269931793213	4	diet
34.52546691894531	-12.579680442810059	7	steel
30.91032600402832	-10.447969436645508	7	sea
-4.331117630004883	48.24372100830078	8	showed
-4.347243309020996	13.032777786254883	3	taste
-23.80711555480957	-40.416259765625	0	Kids
10.856494903564453	-6.1507487297058105	9	frame
-2.705185890197754	28.015748977661133	3	determine
-46.6954460144043	28.91126823425293	5	adding
0.22857806086540222	3.460418939590454	9	Order
-17.458148956298828	31.86281394958496	3	Learn
-40.08984375	-25.030214309692383	1	organizations
13.656591415405273	-27.16612434387207	4	Computer
26.63201332092285	-24.264585494995117	4	Football
-37.216941833496094	-21.079601287841797	1	Movies
11.822080612182617	36.77948760986328	8	busy
8.560263633728027	-25.32847023010254	4	library
22.45619773864746	-22.98584747314453	4	porn
14.453221321105957	15.409147262573242	8	crazy
-0.2488527148962021	-14.407354354858398	9	agency
18.640085220336914	-12.814844131469727	9	ship
13.66612434387207	27.866992950439453	3	realize
-44.33319854736328	-29.23383331298828	1	Events
-11.046221733093262	-11.75114917755127	9	department
11.096626281738281	20.037036895751953	3	shit
-38.66682434082031	27.786108016967773	5	becoming
-5.991024017333984	23.926347732543945	3	maintain
-51.107154846191406	-14.6336030960083	0	guests
-50.55559539794922	-28.88165283203125	10	operations
-35.596717834472656	-36.85451889038086	1	Homes
-4.587989807128906	18.268335342407227	3	schedule
-50.56624984741211	-14.111654281616211	1	visitors
47.86740493774414	34.28874588012695	6	Second
10.813796997070312	-22.754976272583008	4	mail
32.05953598022461	-22.079734802246094	7	plastic
18.04713249206543	-24.476116180419922	4	hospital
50.99330139160156	-8.149744987487793	7	Jackson
17.838909149169922	37.2775764465332	8	Still
-43.150264739990234	-20.40276527404785	1	funds
-46.4775276184082	26.238744735717773	5	changing
-0.8984382152557373	42.64202880859375	8	prepared
4.029717445373535	33.32457733154297	3	suggest
-8.072381973266602	-36.62545394897461	1	dogs
-36.64246368408203	28.313838958740234	5	gonna
-15.826613426208496	-29.6630802154541	0	artists
-40.85603332519531	15.809627532958984	5	hearing
-40.26248550415039	-27.626174926757812	1	websites
-47.46799850463867	24.564104080200195	5	developing
-38.479583740234375	-5.644689559936523	10	rental
0.39673081040382385	10.203777313232422	9	Sign
55.1630973815918	-16.282033920288086	2	Paris
-49.27682113647461	-28.700090408325195	1	techniques
29.607210159301758	-17.111679077148438	4	Dog
44.51093673706055	-11.969484329223633	7	Santa
43.83464813232422	38.43852615356445	6	Federal
-24.48123550415039	-34.306766510009766	0	officials
-3.3128771781921387	22.06180763244629	3	manage
-41.251590728759766	-12.92105484008789	1	Forums
21.666522979736328	8.389663696289062	0	Master
-39.30479431152344	4.32058048248291	10	advertising
10.307249069213867	26.688371658325195	3	fix
40.532955169677734	0.9412357807159424	9	signal
9.4013090133667	40.14033889770508	8	managed
21.626724243164062	-28.702655792236328	4	Police
-42.03899383544922	-11.676992416381836	1	loans
16.769989013671875	35.56963348388672	8	connected
1.33827805519104	48.91310119628906	8	joined
11.584735870361328	-9.549735069274902	9	Festival
-13.39163589477539	44.919952392578125	8	Was
-0.23538456857204437	4.936519622802734	9	mission
38.8308219909668	38.998443603515625	6	Royal
42.37420654296875	-2.5879273414611816	7	wind
-16.63136100769043	42.83149337768555	8	Which
-45.6754035949707	-22.16826629638672	1	courses
-48.183494567871094	-35.35255432128906	1	updates
2.6552321910858154	-11.127613067626953	9	Server
13.679108619689941	6.751570224761963	0	ALL
20.283899307250977	-30.098133087158203	4	plants
21.90223503112793	27.01813316345215	8	ran
56.478050231933594	5.00709867477417	7	negative
45.95360565185547	-12.502474784851074	7	silver
61.52315139770508	-15.922795295715332	2	Spanish
-39.28260040283203	-12.05187702178955	1	flowers
6.15803861618042	12.413816452026367	3	waste
13.335888862609863	24.59067153930664	3	catch
-0.8916929364204407	48.603302001953125	8	Added
0.6125120520591736	14.399825096130371	3	Plan
-31.8124942779541	-32.230655670166016	1	cities
21.568174362182617	7.720910549163818	0	master
23.547033309936523	24.399105072021484	8	Sat
27.556705474853516	-20.782960891723633	4	Airport
-21.586641311645508	-33.16679763793945	0	teachers
14.921180725097656	24.77246856689453	3	worry
-14.290975570678711	-18.178245544433594	10	Tech
-40.78877258300781	-3.93144154548645	10	Entertainment
58.938262939453125	-16.689001083374023	2	Arizona
-45.0498046875	0.7951630353927612	10	parking
5.370383262634277	10.20871353149414	9	exchange
62.308921813964844	-19.31332778930664	2	Italian
38.364505767822266	32.51819610595703	6	religious
9.229609489440918	25.989200592041016	3	pull
5.206808090209961	13.334227561950684	3	limit
-41.15241622924805	-3.4224729537963867	10	entertainment
-38.589473724365234	-19.614456176757812	1	markets
18.49308967590332	9.575945854187012	0	twice
-19.934385299682617	1.3686035871505737	10	Quality
9.01274585723877	23.196537017822266	3	register
-41.47638702392578	-0.28045475482940674	10	administration
-35.745948791503906	-3.552945613861084	10	theory
-33.335514068603516	3.0571489334106445	10	Safety
-45.83910369873047	-2.2387239933013916	10	Privacy
55.66764450073242	-30.180166244506836	2	Asian
50.02070617675781	-20.624433517456055	2	YouTube
-19.60831069946289	-7.741391658782959	10	Directory
-43.45063781738281	17.78007698059082	5	processing
20.556413650512695	33.30314254760742	8	Latest
-43.629539489746094	27.369121551513672	5	seeking
7.713375091552734	-4.359319686889648	9	switch
37.974449157714844	-13.305642127990723	7	Flash
-49.24510955810547	-21.30228042602539	1	signs
52.2960090637207	-18.709247589111328	2	Amazon
-5.202497482299805	-7.363124370574951	9	interface
47.21525192260742	-6.2652435302734375	7	Matt
17.204072952270508	-24.81208038330078	4	Hospital
-23.94315528869629	14.367697715759277	1	feels
-46.09348678588867	-18.46004867553711	1	designs
36.19301986694336	36.74330520629883	6	Private
-43.86934280395508	-21.2702693939209	1	messages
30.530044555664062	-15.556389808654785	7	cat
8.269794464111328	26.478782653808594	3	throw
43.05888366699219	31.841386795043945	6	internal
-26.27229881286621	-33.29899597167969	1	forces
-33.94293212890625	-21.49834632873535	1	restaurants
-20.017560958862305	-7.420187473297119	10	directory
10.208428382873535	43.10567855834961	8	Should
-42.06828308105469	-37.560672760009766	1	gallery
55.64291000366211	-13.571837425231934	2	Houston
5.23818302154541	22.405855178833008	3	edit
-15.834444046020508	14.497882843017578	9	input
-2.63191819190979	-7.904773235321045	9	app
14.132231712341309	36.255489349365234	8	properly
-40.85102462768555	-31.53457260131836	1	tags
-18.149776458740234	34.38294982910156	3	Need
33.49339294433594	32.74999237060547	6	secret
-8.529208183288574	5.004502296447754	4	lunch
-51.38547897338867	-30.79770278930664	10	purposes
-2.04268479347229	43.89232635498047	8	intended
15.229469299316406	14.315374374389648	8	stupid
49.788909912109375	-9.314436912536621	7	Ryan
-44.24414825439453	23.752273559570312	5	posting
-41.6658935546875	-24.73341941833496	1	communities
-47.911800384521484	-23.57571029663086	1	functions
19.176738739013672	29.780433654785156	8	Sorry
53.37226867675781	-0.9537825584411621	7	RSS
50.05463790893555	-23.429553985595703	2	Army
-3.1775894165039062	-9.19913387298584	9	domain
-40.277008056640625	-13.58371639251709	1	films
-45.05499267578125	-32.71476745605469	1	Links
47.34135437011719	10.274746894836426	1	quotes
-45.44648742675781	-6.657285690307617	10	policies
59.18400192260742	-9.610447883605957	2	Sony
7.843286514282227	0.4212144613265991	9	Key
-5.355362415313721	-2.0879580974578857	9	Test
42.16645431518555	6.185830593109131	8	worst
-24.972917556762695	-42.144710540771484	0	Friends
-48.2946662902832	-33.3464241027832	1	decisions
30.91032600402832	-10.447969436645508	7	Sea
-44.75600051879883	-20.28370475769043	1	orders
31.390531539916992	-4.842913627624512	7	west
-38.44314193725586	3.4353342056274414	10	maintenance
14.290231704711914	32.413597106933594	8	hurt
17.15028953552246	32.69781494140625	8	automatically
7.248305797576904	40.00576400756836	8	combined
41.9054069519043	-4.193685531616211	7	tea
-43.28236770629883	10.696946144104004	5	cleaning
31.625646591186523	-15.038311004638672	7	chicken
-39.63515853881836	-42.00770568847656	1	Articles
64.62596893310547	-22.85108184814453	2	Australian
37.67863464355469	-15.335942268371582	7	Marine
4.615531921386719	21.425508499145508	3	influence
-40.385440826416016	-29.765899658203125	1	tests
14.367051124572754	-11.421598434448242	9	Studio
-46.75855255126953	-13.854353904724121	10	practices
4.2459306716918945	7.666126251220703	9	aid
50.81713104248047	-18.1904296875	2	Vegas
-41.139442443847656	4.143608093261719	10	relationships
27.088895797729492	-17.585857391357422	4	truck
-23.74851417541504	-35.487518310546875	0	professionals
-36.13249969482422	1.1049267053604126	10	Engineering
15.49232006072998	-26.148513793945312	4	laptop
15.529614448547363	-14.793601036071777	9	island
9.008596420288086	-6.901638984680176	9	Cell
16.393274307250977	38.975730895996094	8	treated
41.66069030761719	-1.6847114562988281	7	rain
-1.652515172958374	10.756850242614746	9	command
27.538715362548828	-26.95270538330078	4	bathroom
14.45147705078125	33.874759674072266	8	sick
-8.353541374206543	26.88585090637207	3	teach
40.38338088989258	-6.392010688781738	7	Creek
-34.75464630126953	-41.38591384887695	1	vehicles
19.096546173095703	36.35071563720703	8	surprised
45.682247161865234	-10.39461898803711	7	Ben
50.82884216308594	-19.556177139282227	2	Android
48.703426361083984	-18.89750099182129	2	Senate
42.84778594970703	1.316433072090149	7	pop
-40.037864685058594	-2.7047500610351562	10	funding
33.74309158325195	-19.50676727294922	7	milk
63.77123260498047	-17.813344955444336	2	Russian
31.427444458007812	-17.059158325195312	7	horse
-20.45655059814453	-33.58396530151367	0	Students
21.87789535522461	-9.332701683044434	9	chat
-37.71122360229492	-7.072257995605469	3	resolution
34.51066589355469	-13.30206298828125	7	Steel
1.8325891494750977	11.538506507873535	9	Message
56.550758361816406	-28.101797103881836	2	Asia
-46.19906997680664	5.956067085266113	5	fishing
-47.17557907104492	-16.535907745361328	1	listings
23.867568969726562	7.895248889923096	0	consumer
25.07850456237793	-0.9298257827758789	0	Academy
27.556705474853516	-20.782960891723633	4	airport
-17.151592254638672	-33.52999496459961	0	experts
-47.480350494384766	-25.803979873657227	1	interests
14.285310745239258	-10.625328063964844	9	studio
58.577640533447266	-7.427231788635254	2	Hollywood
47.09947967529297	-9.213773727416992	7	Pink
5.686187267303467	2.799670457839966	9	tag
-40.17878341674805	-33.60976791381836	1	ads
10.442100524902344	-7.528223037719727	9	camp
43.58718490600586	3.1457340717315674	0	UTC
50.663124084472656	-6.236789226531982	7	Taylor
-8.268054962158203	44.23817443847656	8	Has
13.31174373626709	15.57380485534668	8	Wow
-39.294586181640625	26.45065689086914	5	knowing
53.08536911010742	-25.991052627563477	2	Pacific
35.47428512573242	31.193925857543945	6	mental
-20.986797332763672	-30.904558181762695	0	agents
-12.647059440612793	21.413345336914062	8	Inc
-0.818827748298645	18.782739639282227	3	surprise
45.80674743652344	-8.294265747070312	7	Frank
12.482977867126465	-3.974276065826416	9	pet
1.4272576570510864	47.248409271240234	8	watched
-5.5414276123046875	18.731155395507812	3	instructions
7.112799644470215	9.81688117980957	9	Dance
32.47279739379883	-18.45911979675293	7	Wood
-41.31786346435547	11.408851623535156	5	Shopping
32.68205261230469	-20.90995216369629	7	cheese
15.843927383422852	36.76354217529297	8	focused
-10.170989990234375	43.65257263183594	8	WITH
22.4261531829834	-11.884114265441895	9	chain
-44.41160583496094	26.108123779296875	5	visiting
34.60560989379883	32.82677459716797	6	remote
3.1399142742156982	28.257171630859375	3	Select
-24.893402099609375	-7.632583141326904	10	hardware
-2.6079249382019043	26.94849395751953	3	attend
10.311119079589844	-19.155611038208008	9	port
-15.214139938354492	-32.40741729736328	0	consumers
37.24197006225586	-13.399845123291016	7	flash
50.758033752441406	-15.066973686218262	7	Yahoo
11.806854248046875	-13.207867622375488	9	religion
39.43205261230469	32.69962692260742	6	cultural
46.69761657714844	7.190799713134766	3	Permalink
22.28989601135254	-24.565828323364258	4	alcohol
50.40910339355469	-4.86423397064209	7	Jeff
-33.39741134643555	5.156457424163818	10	therapy
-36.88791275024414	-26.029212951660156	1	buildings
-45.44533157348633	21.829883575439453	5	receiving
24.687225341796875	2.577622890472412	0	Mother
26.328094482421875	-22.83649253845215	4	browser
-41.52682113647461	18.138442993164062	5	hosting
-24.775142669677734	-36.7531852722168	0	partners
0.721807599067688	42.27695083618164	8	tagged
57.60993957519531	-25.21792984008789	2	Ireland
61.60694885253906	-14.28319263458252	2	Catholic
-0.9921604990959167	15.131361961364746	3	motion
-38.58075714111328	25.392452239990234	5	losing
-36.20695877075195	-28.96742820739746	1	papers
-36.79269790649414	-30.27444839477539	1	Pages
10.800861358642578	29.01866912841797	3	concern
-41.73981857299805	13.100726127624512	5	cooking
-33.68155288696289	-23.598276138305664	1	foods
-47.58531188964844	-28.564910888671875	1	processes
1.8635441064834595	-8.652986526489258	9	plate
58.171390533447266	-8.48279094696045	2	Disney
-3.0148208141326904	-19.589157104492188	10	retail
47.09947967529297	-9.213773727416992	7	pink
59.764530181884766	-13.62416934967041	2	Indiana
-29.49324607849121	-30.89366340637207	1	agencies
-46.893043518066406	-21.68047523498535	1	settings
-43.171817779541016	-34.267974853515625	1	dates
54.68064498901367	2.7672183513641357	7	Bad
4.821218013763428	-10.283675193786621	9	ticket
57.2809944152832	-13.889904975891113	2	Seattle
51.6219482421875	-4.149644374847412	7	Jason
-48.40467834472656	1.6876870393753052	10	photography
16.3397159576416	16.47787857055664	8	LED
1.2032883167266846	40.97929000854492	8	ordered
44.54566955566406	-2.4581730365753174	7	salt
-25.52158546447754	9.976024627685547	3	feedback
-0.42723408341407776	44.59295654296875	8	attached
42.076141357421875	7.5183515548706055	0	nine
21.006305694580078	-10.425799369812012	9	log
-0.23258145153522491	6.825422763824463	9	route
59.96388244628906	-24.492231369018555	2	Spain
45.11847686767578	-14.065110206604004	7	Fox
30.749797821044922	-24.328346252441406	4	Linux
-42.0026969909668	-23.269596099853516	1	Categories
14.258964538574219	-8.601715087890625	9	league
29.43746566772461	-27.61568832397461	4	shower
58.575435638427734	-13.852331161499023	2	Oregon
-38.814327239990234	18.713787078857422	5	Meeting
-36.20281219482422	-39.1357307434082	1	letters
56.318031311035156	-5.845810890197754	2	NFL
1.5297459363937378	45.62676239013672	8	thinks
55.40964126586914	-5.414130210876465	4	iPad
-6.343145370483398	44.85332489013672	8	taught
-7.520395278930664	-36.45139694213867	1	banks
-1.5843921899795532	29.767642974853516	3	Want
-35.92475891113281	-0.7560494542121887	10	politics
47.33082962036133	9.034679412841797	1	Deals
-1.1700636148452759	45.50719451904297	8	entered
-18.142606735229492	-37.35857391357422	0	Members
29.38957977294922	-20.768009185791016	4	Paper
-36.471187591552734	-5.495082378387451	10	Beauty
23.274744033813477	34.36997985839844	6	competitive
-51.13610076904297	-20.790790557861328	1	moves
-0.5276721119880676	40.532562255859375	8	planned
2.814516067504883	12.949790954589844	9	fund
17.63857650756836	31.09807014465332	8	LOL
56.62754440307617	-9.530271530151367	2	Dallas
3.395758628845215	44.55873489379883	8	Says
17.328659057617188	-23.05946159362793	4	Restaurant
-41.03055953979492	20.671138763427734	5	cutting
-32.642616271972656	-40.72565841674805	1	machines
3.635129690170288	-14.547576904296875	9	gear
10.311119079589844	-19.155611038208008	9	Port
-33.837459564208984	-38.873416900634766	1	shops
29.96448516845703	-7.149267196655273	7	god
5.609431743621826	-7.8842949867248535	9	label
-36.400367736816406	-10.979735374450684	4	jewelry
12.320405960083008	-24.080385208129883	4	Kitchen
8.078312873840332	-2.2114415168762207	9	Channel
20.43410301208496	-12.164726257324219	9	bottle
-45.36185836791992	17.22801399230957	5	Learning
-36.13249969482422	1.1049267053604126	10	engineering
34.64265060424805	35.568138122558594	6	Modern
62.80466079711914	-21.857446670532227	2	Russia
7.681147575378418	24.254240036010742	3	prepare
43.399574279785156	35.26195526123047	6	civil
-45.749969482421875	7.259067535400391	5	painting
22.295026779174805	31.23721694946289	8	mixed
-35.10540008544922	-22.161863327026367	1	phones
27.110780715942383	17.717493057250977	0	Everyone
-38.505130767822266	-18.30210304260254	1	blogs
-31.293346405029297	3.217679738998413	10	employment
-46.26801300048828	-37.6600227355957	1	supports
8.784697532653809	43.801177978515625	8	suggested
-43.57080841064453	-17.274208068847656	1	recipes
28.067655563354492	-27.801563262939453	4	telephone
-20.05721664428711	-28.752317428588867	1	Stars
11.745641708374023	23.975492477416992	3	Browse
3.5776848793029785	32.30828857421875	3	encourage
23.879701614379883	36.08137893676758	6	upcoming
-41.84839630126953	15.249731063842773	5	drawing
-37.86783981323242	-42.389469146728516	1	lists
26.183834075927734	-14.321040153503418	7	breast
-39.27081298828125	7.604836463928223	10	Planning
56.47664260864258	-12.02783203125	2	Denver
54.28108596801758	-2.862534523010254	4	iPod
28.225412368774414	3.4784293174743652	0	Boys
43.06953048706055	4.324159145355225	0	PDT
-10.648026466369629	-16.850460052490234	9	Machine
-16.778594970703125	-32.4157829284668	0	providers
-34.80277633666992	7.14865779876709	10	Storage
58.03950119018555	-10.628302574157715	2	Samsung
56.99362564086914	-15.181241035461426	2	Toronto
-40.552589416503906	5.308794975280762	10	graphics
-40.27311325073242	13.662973403930664	5	dining
9.01274585723877	23.196537017822266	3	Register
29.10530662536621	-24.968482971191406	4	Cancer
-32.49589538574219	-22.276981353759766	4	computers
-41.47638702392578	-0.28045475482940674	10	Administration
28.241891860961914	-2.9426071643829346	0	dad
-33.94292068481445	-33.61136245727539	10	technologies
-37.38585662841797	2.1649935245513916	10	manufacturing
-46.87080383300781	-23.48973846435547	10	procedures
47.11869812011719	-7.6231689453125	7	Miller
-32.76758575439453	-42.264801025390625	1	Schools
47.69755172729492	-10.912013053894043	7	bear
48.7624626159668	-8.066326141357422	7	Kelly
45.719566345214844	-5.891561031341553	7	Davis
-7.096120357513428	-18.35331153869629	10	Industry
19.305553436279297	-10.337638854980469	9	string
39.305824279785156	-15.719200134277344	7	nuclear
23.975488662719727	25.954130172729492	8	wet
43.27572250366211	36.582462310791016	6	industrial
26.379304885864258	1.9357020854949951	0	Mom
-24.0316162109375	-10.588046073913574	1	arts
6.892624378204346	-12.56945514678955	9	Language
44.947120666503906	29.876802444458008	6	visual
-45.83910369873047	-2.2387239933013916	10	privacy
18.265392303466797	34.50517654418945	8	scheduled
-11.324850082397461	25.731327056884766	3	Fun
-9.197259902954102	-8.729962348937988	0	parent
22.607423782348633	-10.07835865020752	7	acid
60.679161071777344	-19.252151489257812	2	Irish
7.292091369628906	-10.3063383102417	9	script
50.11311340332031	-13.53674030303955	7	Austin
21.658782958984375	19.624740600585938	9	Mix
59.82051086425781	-11.16845703125	2	Iran
-47.46333312988281	-20.511192321777344	1	meetings
48.70885467529297	30.93872833251953	6	Direct
44.6848258972168	33.98210525512695	6	virtual
24.892480850219727	-25.764789581298828	4	Theatre
-46.07367706298828	-12.883867263793945	10	strategies