x	y	cluster	word
11.749314308166504	21.324121475219727	3	congolese
-18.292848587036133	-36.72932815551758	4	right
-33.667999267578125	-27.48200035095215	4	best
-16.345930099487305	-37.6216926574707	4	long
-29.163272857666016	-30.47386360168457	4	real
-43.42544937133789	-7.496817588806152	7	least
-30.9981746673584	16.206241607666016	10	quality
8.575489044189453	-27.156747817993164	3	United
-14.111285209655762	-35.3131103515625	1	per
58.66154098510742	-14.136893272399902	5	John
-29.03727149963379	14.560032844543457	10	price
-26.717981338500977	-35.78281784057617	4	far
-27.950260162353516	-11.675600051879883	8	please
26.239728927612305	2.5432350635528564	3	York
-18.369789123535156	-18.111711502075195	8	search
-21.874937057495117	-36.57118225097656	4	large
-2.004549026489258	-16.408050537109375	1	October
-27.710643768310547	-11.040295600891113	8	Please
-29.03727149963379	14.560032844543457	10	Price
10.378873825073242	-26.96108055114746	9	North
-13.250807762145996	-37.906497955322266	8	type
-18.369789123535156	-18.111711502075195	8	Search
-33.667999267578125	-27.48200035095215	4	Best
-23.932382583618164	25.254188537597656	10	development
-33.40062713623047	2.1471340656280518	8	link
-24.82526206970215	-15.212794303894043	8	via
-32.4862174987793	14.698781967163086	10	cost
-7.043984889984131	-12.860090255737305	8	front
-34.66819381713867	-2.430084705352783	8	wanted
-19.198375701904297	-12.728163719177246	8	details
-15.78299331665039	-21.063810348510742	2	range
-39.279544830322266	-23.677875518798828	4	simple
-27.308612823486328	23.000154495239258	10	training
-30.29780387878418	47.18843460083008	0	industry
-13.387781143188477	-33.44468688964844	1	half
-5.603457450866699	-21.583314895629883	1	social
54.69132995605469	-16.51626968383789	5	David
-13.498315811157227	-1.3569966554641724	2	rate
-1.5409470796585083	-26.79860496520996	1	San
-3.6706082820892334	-19.760831832885742	9	key
-28.784534454345703	51.969696044921875	0	guys
6.851153373718262	-15.472432136535645	9	guy
-13.963150024414062	-26.972461700439453	1	total
-27.96315574645996	24.886199951171875	10	prices
-19.715862274169922	-14.003104209899902	8	general
-36.16796112060547	-12.241379737854004	4	clear
2.6868200302124023	-10.890079498291016	9	President
53.773094177246094	-17.52892303466797	5	James
34.124427795410156	19.47489356994629	3	Obama
-5.404077053070068	-12.87907600402832	9	forward
-27.27412986755371	-14.265955924987793	8	latest
-20.948535919189453	43.90827178955078	0	players
-35.75668716430664	-29.98790168762207	4	strong
-19.715862274169922	-14.003104209899902	8	General
-44.18303298950195	-8.342964172363281	7	late
55.14420700073242	-14.87549877166748	5	Paul
-29.823429107666016	48.86086654663086	0	jobs
2.302570343017578	28.850814819335938	9	player
57.33480453491211	-15.888874053955078	5	Michael
-1.2026679515838623	-0.6425666809082031	2	chance
-21.900121688842773	-37.8340950012207	4	fast
-26.397905349731445	15.581981658935547	10	tax
-33.560508728027344	5.306113243103027	8	specific
-29.245105743408203	-31.294950485229492	4	Real
-26.198772430419922	-17.10148811340332	1	particular
-21.93008041381836	-39.114532470703125	4	huge
-6.688601493835449	28.178424835205078	10	marketing
-40.077186584472656	-18.563560485839844	4	cheap
-18.774511337280273	-28.576494216918945	4	standard
-20.780424118041992	-9.96504020690918	8	terms
-19.78884506225586	27.87955093383789	10	production
-12.745037078857422	17.630807876586914	10	risk
-7.280457973480225	-6.527566909790039	1	Jun
-6.8737969398498535	-24.900487899780273	1	Dec
-27.833650588989258	10.892595291137695	10	potential
-48.68050003051758	-15.60360050201416	7	Only
-21.572057723999023	23.805984497070312	10	growth
-19.441364288330078	-19.37451171875	8	feature
-28.809967041015625	15.771530151367188	10	speed
-13.939261436462402	-29.865266799926758	1	plus
59.60486602783203	-11.028943061828613	5	Mark
-11.007177352905273	-3.451430082321167	2	round
64.08087921142578	-1.5616532564163208	5	George
48.29249572753906	-18.54179573059082	5	Jesus
25.887311935424805	11.406636238098145	3	Microsoft
-48.34654235839844	-13.56419563293457	7	limited
-44.30528259277344	-6.771917819976807	7	alone
-12.054708480834961	-0.6033428311347961	2	charge
63.934303283691406	-3.974576234817505	5	Robert
-28.715391159057617	-33.568965911865234	4	quick
-43.50000762939453	-24.597591400146484	4	highly
-7.312148571014404	-19.40342903137207	2	unit
-23.462722778320312	21.322145462036133	10	economic
-23.932382583618164	25.254188537597656	10	Development
-32.65461730957031	-34.724365234375	4	deep
-5.603477478027344	-21.583215713500977	1	Social
-39.30908203125	-26.170486450195312	4	serious
-10.679417610168457	19.05231285095215	10	pressure
-15.866278648376465	-28.43782615661621	1	towards
64.9520263671875	-0.7725057005882263	5	William
-29.823429107666016	48.86086654663086	0	Jobs
58.45893096923828	-15.228522300720215	5	Chris
43.461875915527344	-9.575104713439941	6	Smith
62.07447052001953	-3.8619601726531982	5	Mike
5.447863578796387	-15.528021812438965	9	Lord
-0.4802606999874115	4.69720983505249	2	reach
-16.345930099487305	-37.6216926574707	4	Long
-26.781373977661133	26.27222442626953	10	construction
54.635986328125	-18.475305557250977	5	Thomas
-12.118977546691895	-35.182491302490234	1	Los
60.58149337768555	-3.539090871810913	5	Peter
2.3152377605438232	-10.612588882446289	9	president
-25.919340133666992	-33.088844299316406	4	Super
-6.688601493835449	28.178424835205078	10	Marketing
-27.818918228149414	-29.834150314331055	4	largest
-19.955760955810547	24.790855407714844	10	traffic
-23.80522346496582	-18.37220573425293	8	Under
11.527708053588867	-25.487518310546875	9	Hall
56.141353607177734	-15.487401962280273	5	Joe
-40.66374206542969	-13.666035652160645	4	extremely
62.46663284301758	-8.81312084197998	5	Tom
-17.312137603759766	-27.816774368286133	8	ahead
-35.45683670043945	4.617193222045898	8	status
-13.939261436462402	-29.865266799926758	1	Plus
48.60774230957031	-18.276865005493164	5	Christ
-50.28335189819336	-6.762560844421387	7	lack
42.91204071044922	-8.149823188781738	6	Johnson
59.771121978759766	-7.212007999420166	5	Richard
-15.846695899963379	-27.344141006469727	1	prior
4.811479091644287	23.844120025634766	9	football
-18.292848587036133	-36.72932815551758	4	Right
-24.400039672851562	-34.49028396606445	4	Grand
-13.25085735321045	-37.906314849853516	8	Type
-45.032745361328125	-0.07094491273164749	7	reduce
-35.57711410522461	-3.6578311920166016	7	sorry
-27.308612823486328	23.000154495239258	10	Training
59.264610290527344	-13.208462715148926	5	Steve
-40.862239837646484	-25.259063720703125	4	complex
39.083229064941406	-13.032425880432129	6	Lee
-28.341856002807617	-37.571475982666016	4	heavy
4.062609672546387	-28.56562614440918	4	biggest
-31.08854866027832	-35.48417282104492	4	rich
-13.963150024414062	-26.972461700439453	1	Total
47.98316192626953	-13.58779239654541	6	Scott
0.7177990674972534	-13.3832368850708	9	leader
8.882824897766113	-22.160911560058594	9	Union
-30.54791259765625	-29.141429901123047	4	highest
-19.198375701904297	-12.728163719177246	8	Details
-36.00313949584961	-28.42066764831543	4	solid
-44.458473205566406	1.327242136001587	7	doubt
43.70988464355469	4.38131046295166	6	Martin
-19.75165557861328	-38.416595458984375	4	advanced
-42.63567352294922	-27.554704666137695	4	expensive
-26.74502944946289	50.65925216674805	0	leaders
55.85065841674805	-12.884181022644043	5	Jack
-17.962629318237305	5.427213191986084	9	session
43.23161315917969	-15.147713661193848	6	Jones
-7.64830207824707	-23.668251037597656	1	Fri
-42.30405807495117	-22.68478012084961	1	plenty
-6.289462566375732	-24.64383316040039	1	Tue
61.52016067504883	-10.567133903503418	5	Jim
-2.967122793197632	-27.69845199584961	1	Mon
-7.997713565826416	-7.652474880218506	1	Thu
14.925400733947754	-27.24417495727539	3	Mac
-26.28926658630371	-33.38358688354492	4	super
-28.687856674194336	17.91678237915039	10	strength
-26.17582893371582	-3.692440986633301	1	eight
-33.94440841674805	2.2630867958068848	8	Link
4.811479091644287	23.844120025634766	9	Football
60.690635681152344	-11.856212615966797	5	Bob
10.378873825073242	-26.96108055114746	9	north
53.58211898803711	-15.698803901672363	5	Charles
44.53732681274414	-2.542344570159912	6	Jackson
-20.742040634155273	-15.192519187927246	8	developing
-19.555631637573242	-17.143695831298828	8	detail
-45.505149841308594	-6.25557279586792	7	worse
37.38633346557617	-3.336793899536133	6	Williams
-35.99517059326172	-19.155168533325195	4	proud
6.158232688903809	-27.76030731201172	4	Royal
-18.950963973999023	-28.330833435058594	4	Standard
53.100284576416016	3.6214306354522705	5	Francisco
-12.857095718383789	-0.04623774439096451	2	load
-16.315143585205078	-24.812862396240234	2	advance
-44.57051467895508	-23.509811401367188	1	numerous
-23.461212158203125	-20.694276809692383	7	minimum
-10.909095764160156	0.14954137802124023	2	rise
-32.336814880371094	-16.600507736206055	1	maximum
-30.9981746673584	16.206241607666016	10	Quality
-19.251066207885742	18.818389892578125	10	injury
23.226699829101562	12.90163803100586	3	Iraq
-29.214982986450195	-11.920082092285156	8	standing
-34.56930923461914	-22.48633575439453	4	greatest
20.144325256347656	12.555255889892578	3	YouTube
-15.49693489074707	-15.297605514526367	8	Directory
-27.27412986755371	-14.265955924987793	8	Latest
61.853389739990234	-5.926486015319824	5	Matt
-14.982967376708984	18.855457305908203	10	stress
-15.431112289428711	-15.069692611694336	8	directory
66.13273620605469	-1.8679865598678589	5	Ryan
-22.614160537719727	-36.58507537841797	4	Large
-35.57711410522461	-3.6578311920166016	7	Sorry
11.717588424682617	22.183544158935547	3	RSS
2.4768218994140625	-17.83704948425293	2	cross
2.302570343017578	28.850814819335938	9	Player
59.726253509521484	-10.711282730102539	5	mark
63.130859375	-0.5104170441627502	5	Louis
27.095739364624023	15.04192066192627	3	Sony
-3.464663028717041	-19.93996810913086	9	Key
-43.89540481567383	-5.39363956451416	7	worst
62.091529846191406	15.65029239654541	5	Brian
-47.18006896972656	-7.961653709411621	7	fell
-40.077186584472656	-18.563560485839844	4	Cheap
-0.18574243783950806	-10.925041198730469	9	Executive
64.6884536743164	0.2019445300102234	5	Andrew
-24.111103057861328	27.977807998657227	10	leadership
-7.10847282409668	-13.098301887512207	8	Front
-11.944977760314941	-22.157419204711914	1	hundreds
61.564884185791016	-11.695211410522461	5	Dave
55.931739807128906	-16.758941650390625	5	Ben
-19.75165557861328	-38.416595458984375	4	Advanced
-9.8093843460083	6.774440765380859	2	roll
-1.7550839185714722	1.1533342599868774	2	push
61.84988784790039	-12.869802474975586	5	Tim
-31.372299194335938	-33.29397201538086	4	bright
-1.9974865913391113	16.41965675354004	2	journey
27.710216522216797	20.06494140625	3	Hollywood
64.6421127319336	7.8144612312316895	5	Daniel
5.486361980438232	18.784229278564453	3	UTC
62.229434967041016	0.11446884274482727	5	Henry
-26.521984100341797	48.8497428894043	0	drivers
-45.85108947753906	-18.86498260498047	7	rare
61.13190841674805	-7.756842136383057	5	Frank
60.55344009399414	-14.081140518188477	5	Dan
-13.792315483093262	-1.0084680318832397	2	Rate
60.26396942138672	3.1725003719329834	5	Harry
7.200857639312744	-20.618288040161133	2	port
1.8883684873580933	-2.7589759826660156	2	Mount
62.75718688964844	12.75948429107666	5	Joseph
24.816795349121094	10.222246170043945	3	Yahoo
63.233360290527344	9.377799987792969	5	Kevin
-48.28082275390625	-6.258901119232178	7	reduced
63.9261589050293	6.190616130828857	5	Jeff
2.4868321418762207	-17.842443466186523	2	Cross
-11.293305397033691	29.314712524414062	10	trading
-0.6226834058761597	-10.862207412719727	9	executive
-20.780271530151367	-9.964883804321289	8	Terms
-10.19347095489502	-16.697364807128906	1	Vol
-5.32175350189209	24.085996627807617	10	violence
-28.715391159057617	-33.568965911865234	4	Quick
63.645565032958984	2.482457160949707	5	Adam
62.3005485534668	1.9823859930038452	5	Sam
-1.924681305885315	7.9966840744018555	2	till
-23.23526382446289	-39.15293502807617	4	massive
-16.068634033203125	-19.020687103271484	8	Index
62.04375076293945	11.789153099060059	5	Jason
-38.32633972167969	-30.158466339111328	4	Holy
2.6441619396209717	13.754266738891602	2	salt
-27.08087158203125	17.51507568359375	10	height
-28.809967041015625	15.771530151367188	10	Speed
64.5539779663086	-6.178769588470459	5	Tony
-26.397905349731445	15.581981658935547	10	Tax
-16.348663330078125	-19.251605987548828	8	index
29.756940841674805	12.828330039978027	3	Dallas
-12.773231506347656	19.148954391479492	10	crisis
6.943190574645996	-21.207138061523438	2	Port
60.406089782714844	17.205394744873047	5	Eric
54.238792419433594	0.45112505555152893	5	Max
-26.49164581298828	25.9330997467041	10	Construction
-48.68666458129883	-13.21027946472168	7	Limited
53.89376449584961	1.8587204217910767	5	Diego
-27.96315574645996	24.886199951171875	10	Prices
-36.25150680541992	-17.694028854370117	4	reliable
27.758031845092773	6.6883416175842285	3	Denver
4.404263973236084	17.69260025024414	3	PDT
27.735591888427734	14.418706893920898	3	Samsung
-31.706180572509766	-21.485416412353516	4	ancient
-22.13313865661621	19.885934829711914	10	luxury
11.360212326049805	-28.5257625579834	9	dad
-21.38771629333496	28.054691314697266	10	manufacturing
-12.008322715759277	-11.934054374694824	1	hundred
37.63964080810547	-9.881752967834473	6	Miller
59.243350982666016	-1.2246038913726807	5	Stephen
-18.97243881225586	23.66794204711914	10	revenue
37.35873794555664	-5.4379096031188965	6	Davis
-30.29780387878418	47.18843460083008	0	Industry
-0.9623445868492126	-22.34899139404297	9	industrial
-11.007140159606934	-3.451404571533203	2	Round
-13.849422454833984	3.4600436687469482	2	duty
50.11211013793945	-8.17289924621582	5	Austin
-19.05975914001465	34.94649887084961	0	meetings
-35.903385162353516	-25.294958114624023	4	strange
-22.68160629272461	-37.8975830078125	4	Fast
-7.312148571014404	-19.40342903137207	2	Unit
-7.690422534942627	-20.830446243286133	1	joint
-47.932334899902344	-10.09259033203125	7	broke
-17.139493942260742	-30.106395721435547	1	ultimate
44.78348159790039	-0.6711913347244263	6	Wilson
-3.398500442504883	5.062995433807373	2	row
-22.989974975585938	-18.246803283691406	8	brief
-37.873291015625	0.06554495543241501	4	impressive
-17.407960891723633	-14.314529418945312	8	Archives
18.832691192626953	13.487188339233398	3	Maryland
-15.5975341796875	7.288698673248291	2	draft
-7.403240203857422	20.773345947265625	10	SEO
57.904937744140625	-8.514036178588867	5	Don
-45.80093765258789	-14.285504341125488	8	unknown
-21.633495330810547	8.78220272064209	8	trailer
10.928796768188477	-0.7689332365989685	2	cent
50.68120574951172	-2.1565678119659424	6	Howard
-8.139217376708984	28.97535514831543	10	printing
-21.880632400512695	17.279422760009766	10	depth
41.99877166748047	-0.5760393738746643	6	Jordan
-41.33021926879883	-5.221785068511963	7	stayed
22.2344970703125	12.280835151672363	3	Xbox
44.11198806762695	-10.611350059509277	6	Allen
8.883384704589844	-1.4610567092895508	2	cook
55.58300018310547	-9.660506248474121	5	Patrick
-22.649433135986328	39.23285675048828	0	blocks
-24.77390480041504	46.22919845581055	0	manufacturers
1.7372021675109863	5.4115495681762695	2	Fax
31.69150733947754	0.364045649766922	6	Lane
-19.778457641601562	-30.166362762451172	4	premium
63.68402099609375	-6.693825721740723	5	Anthony
-13.364339828491211	25.35279655456543	10	suffering
-2.9234726428985596	18.525333404541016	2	smoke
-19.63941764831543	-30.295324325561523	4	Premium
59.076473236083984	-2.6805531978607178	5	Edward
45.662681579589844	-8.747559547424316	6	Lewis
-14.631062507629395	26.071393966674805	10	reduction
-43.71089172363281	-19.990747451782227	4	severe
33.51651382446289	15.739397048950195	6	Prince
4.504444599151611	19.156766891479492	3	PST
-32.307186126708984	-4.045506477355957	8	invited
55.23012161254883	3.8853249549865723	5	Ron
-20.266115188598633	40.891597747802734	0	sessions
-16.233787536621094	5.497035503387451	2	chart
-36.16796112060547	-12.241379737854004	4	Clear
-30.81018829345703	-30.828086853027344	4	superior
-40.18172836303711	-7.379261016845703	4	plain
45.55933380126953	-13.098533630371094	6	Gary
-24.400039672851562	-34.49028396606445	4	grand
38.84306716918945	-5.37379264831543	6	Anderson
-8.539551734924316	8.839138984680176	2	hang
3.5478744506835938	-26.222734451293945	9	giant
8.882824897766113	-22.160911560058594	9	union
5.361705303192139	-13.941807746887207	9	Junior
44.206058502197266	-6.772010803222656	6	Lincoln
-11.423850059509277	-14.120986938476562	1	thousand
-17.441579818725586	40.98050308227539	0	Wars
-10.24675464630127	-14.298566818237305	1	decade
-35.888648986816406	-32.12621307373047	4	vast
-1.2361549139022827	-19.089736938476562	9	desktop
-39.171669006347656	-24.20111846923828	4	Simple
-24.48318099975586	23.17043113708496	10	producing
-49.83359909057617	-11.34818172454834	7	lowest
6.17197847366333	-19.992965698242188	2	cap
-36.11046600341797	-5.5859375	8	rated
-21.866891860961914	-19.021440505981445	8	Below
-40.72811508178711	-27.83761978149414	4	instant
-11.941976547241211	21.743057250976562	10	wealth
19.708965301513672	14.19540023803711	3	Korea
63.23593521118164	6.92627477645874	5	Matthew
-40.57612991333008	-6.212760925292969	7	loose
-6.46993350982666	10.963126182556152	2	sing
52.98860168457031	-10.343405723571777	5	Simon
-26.79642105102539	47.64012908935547	0	developers
27.598670959472656	-1.6507477760314941	6	Roman
-23.46240234375	21.32242202758789	10	Economic
-45.50634002685547	1.6987812519073486	7	hanging
48.22810745239258	-10.898909568786621	6	Bruce
-11.165355682373047	-10.786127090454102	1	solo
63.52583312988281	10.66379165649414	5	Justin
37.22798156738281	-7.989883899688721	6	Moore
-5.672713756561279	-14.45284652709961	9	dude
-0.9626096487045288	-22.34804916381836	9	Industrial
41.6810302734375	-7.699678897857666	6	Clark
-1.5912545919418335	-28.126657485961914	1	del
59.816768646240234	10.994215965270996	5	Rick
51.7895393371582	-11.06637191772461	5	Alan
-26.030080795288086	40.32695388793945	0	balls
-4.565299034118652	12.749556541442871	2	strike
0.2023981362581253	1.0624955892562866	2	boost
-15.449212074279785	22.78701400756836	10	conversion
-19.78884506225586	27.87955093383789	10	Production
46.88479995727539	-10.839244842529297	6	Wayne
7.295898914337158	3.056241989135742	2	lock
-1.6615043878555298	6.225932598114014	2	wake
-32.65461730957031	-34.724365234375	4	Deep
-21.433595657348633	17.897634506225586	10	expansion
-3.01930832862854	-15.980316162109375	8	Anonymous
-32.4862174987793	14.698781967163086	10	Cost
58.40255355834961	-4.56610107421875	5	Jay
-1.8151166439056396	14.25745964050293	2	pace
-7.891181945800781	6.685685634613037	2	hide
6.851153373718262	-15.472432136535645	9	Guy
16.653064727783203	10.02904224395752	3	Chrome
1.3375071287155151	29.174327850341797	9	actor
-22.24374008178711	15.499344825744629	10	priority
-12.731985092163086	-9.228930473327637	1	Sir
-22.369104385375977	41.66399383544922	0	regions
30.590412139892578	0.3060934543609619	6	Kong
-4.178478240966797	-26.097171783447266	1	Tel
-17.13714027404785	-30.104061126708984	1	Ultimate
-35.48611068725586	-20.34226417541504	4	absolute
18.769161224365234	14.555541038513184	3	Singapore
-23.800357818603516	51.1147575378418	0	brothers
1.9795243740081787	-23.676494598388672	9	boss
-19.997474670410156	34.35103988647461	8	personnel
-37.417938232421875	-15.174843788146973	4	stable
58.05671310424805	-10.582812309265137	5	Dean
55.43104553222656	-4.610220432281494	5	Rob
8.474431991577148	-1.943254828453064	2	Cook
-9.492799758911133	26.04459571838379	10	depression
58.22528076171875	-13.122976303100586	5	Jon
11.527708053588867	-25.487518310546875	9	hall
-37.358821868896484	-26.694717407226562	4	stronger
-29.7901668548584	-12.800395965576172	8	rising
46.40031051635742	1.2360864877700806	6	Alexander
56.08848190307617	-2.595907688140869	5	Larry
-44.26497268676758	-4.350291728973389	7	remained
-4.287693977355957	23.022981643676758	10	reform
-35.72666931152344	-27.216262817382812	4	loud
24.667814254760742	8.579071998596191	3	Baltimore
-15.78299331665039	-21.063810348510742	2	Range
17.460987091064453	13.521146774291992	3	MLS
-40.21067428588867	-4.010353088378906	7	odd
62.63653564453125	-11.418135643005371	5	Greg
2.604306697845459	24.670724868774414	9	Championship
-4.588542461395264	11.300335884094238	2	tie
5.3444929122924805	-23.76371192932129	2	Prime
26.0543270111084	5.016475677490234	3	Cleveland
-15.271846771240234	14.688565254211426	7	delay
13.047030448913574	-7.526917934417725	1	Hong
33.619747161865234	20.71352195739746	3	Romney
-28.578224182128906	50.0145263671875	0	troops
-32.385250091552734	-32.00397491455078	4	sharp
-12.299997329711914	-23.152671813964844	1	tons
23.218433380126953	9.453164100646973	3	google
25.577106475830078	15.499252319335938	3	Toyota
-38.72443389892578	-16.81513023376465	4	cheaper
-7.523674488067627	6.873064994812012	2	Hide
58.746036529541016	10.247649192810059	5	Johnny
-22.842470169067383	46.476539611816406	0	managers
26.336597442626953	0.08958208560943604	3	Oak
-47.27608871459961	-12.683551788330078	7	temporary
-21.633495330810547	8.78220272064209	8	Trailer
-40.21845245361328	-23.879791259765625	4	loaded
-23.013513565063477	42.57643508911133	0	bedrooms
23.557010650634766	11.025327682495117	3	Rome
27.53850555419922	12.938919067382812	3	Oxford
15.130241394042969	-5.929277420043945	6	Gray
57.53773498535156	-11.669645309448242	5	Phil
-9.765289306640625	7.187926769256592	2	Roll
60.29598617553711	-5.064018726348877	5	Jimmy
58.16015625	9.320636749267578	5	Jerry
5.3444929122924805	-23.76371192932129	2	prime
27.27894401550293	18.38413429260254	3	IBM
0.8659387826919556	9.38553237915039	2	sin
13.739562034606934	-6.131123065948486	6	Grey
54.27012252807617	2.673133134841919	5	Jose
-45.03683090209961	-2.6255581378936768	7	barely
-37.01725769042969	2.5342516899108887	8	confirm
62.17710876464844	14.248128890991211	5	Christopher
-17.588932037353516	35.28627014160156	0	displays
58.61872482299805	-1.425478458404541	5	Sean
42.23872756958008	-12.750036239624023	6	Adams
-26.192459106445312	-17.836742401123047	1	feat
58.99882888793945	-5.754022121429443	5	Billy
63.210140228271484	-2.1565606594085693	5	Josh
36.44711685180664	-12.698931694030762	6	Walker
18.575498580932617	12.239757537841797	3	Vietnam
62.328487396240234	7.866862773895264	5	Jonathan
-30.846744537353516	4.359612941741943	8	template
-23.800357818603516	51.1147575378418	0	Brothers
6.261175155639648	-10.696272850036621	9	hero
-30.269529342651367	54.160667419433594	0	Kings
56.626930236816406	8.381275177001953	5	Ken
5.1972222328186035	2.612269878387451	2	rush
47.82049560546875	-16.761009216308594	5	Antonio
-36.83032989501953	-20.901611328125	4	finest
30.125324249267578	18.64156150817871	3	Dell
27.784439086914062	11.150984764099121	3	Cambridge
43.99305725097656	-11.544078826904297	6	Gordon
40.41819763183594	-6.253050327301025	6	Stewart
4.414246082305908	-19.16758918762207	2	tab
-36.63832092285156	-5.681398391723633	8	Rated
-32.745182037353516	0.6922146081924438	8	Wholesale
-5.055385112762451	16.170806884765625	2	tune
-8.235543251037598	4.996820449829102	2	quit
-16.435409545898438	16.75235366821289	10	disaster
-19.955760955810547	24.790855407714844	10	Traffic
63.12693405151367	5.15449333190918	5	Steven
43.06523895263672	0.9122849702835083	6	Franklin
-27.28505516052246	45.20673751831055	0	industries
-4.547048568725586	1.3775513172149658	2	peak
-36.947509765625	-16.627065658569336	4	hardcore
-42.77180480957031	-25.610097885131836	4	rapidly
-39.55337142944336	-13.115156173706055	4	deeply
-35.45683670043945	4.617193222045898	8	Status
32.45816421508789	-6.2698235511779785	6	Sterling
41.07246780395508	-2.138350486755371	6	Perry
-0.84695965051651	-9.510653495788574	9	developer
-9.450948715209961	-0.9081689119338989	2	combine
-13.387781143188477	-33.44468688964844	1	Half
24.741931915283203	13.67391300201416	3	Pittsburgh
-19.7399845123291	5.507538795471191	1	fiscal
-14.58149528503418	-32.29950714111328	1	Dual
59.54245376586914	8.088566780090332	5	Lawrence
43.426536560058594	2.774076461791992	6	Russell
53.33046340942383	-12.726099014282227	5	Luke
-11.022615432739258	-15.011797904968262	1	twenty
14.369974136352539	7.275480270385742	3	bond
42.11817169189453	-9.870320320129395	6	Thompson
-21.081871032714844	43.332454681396484	0	Players
35.820011138916016	19.897825241088867	5	Barack
-48.29719161987305	-15.752821922302246	7	ONLY
44.48739242553711	-8.980094909667969	6	Ross
-31.08854866027832	-35.48417282104492	4	Rich
11.360212326049805	-28.5257625579834	9	Dad
61.195213317871094	10.385461807250977	5	Craig
57.0263786315918	-4.15502405166626	5	Terry
54.29853439331055	-3.1208596229553223	5	Roger
33.66311264038086	-8.034415245056152	6	Hamilton
1.8883684873580933	-2.7589759826660156	2	mount
-35.51457977294922	-28.468212127685547	4	Solid
58.1723518371582	11.229288101196289	5	Keith
7.3880205154418945	-18.729755401611328	2	Lodge
11.073619842529297	-2.065476655960083	2	Ridge
-17.806955337524414	22.01093292236328	10	convenience
30.133756637573242	1.9809638261795044	6	Duke
2.6441619396209717	13.754266738891602	2	Salt
-45.70489501953125	-18.15206527709961	7	heavily
54.83639144897461	0.9006105661392212	5	max
29.196491241455078	0.8058789968490601	6	Grove
-44.7032470703125	3.168942451477051	7	decline
-6.4832305908203125	2.133056402206421	2	demo
-23.639738082885742	45.09015655517578	0	churches
33.21051788330078	19.77069854736328	3	McCain
59.67132568359375	16.47332000732422	5	Ian
-11.160605430603027	8.136726379394531	2	sum
-38.842987060546875	-17.959260940551758	4	deeper
60.01588821411133	14.70089054107666	5	Aaron
2.31577205657959	-14.658099174499512	9	boyfriend
-1.7139897346496582	-11.557475090026855	9	Chairman
64.85022735595703	4.215662956237793	5	Fred
-0.003524895990267396	-2.7083940505981445	2	ban
3.116420269012451	-9.043498992919922	9	Mayor
21.45121192932129	15.561148643493652	3	Nintendo
-20.146739959716797	33.4620361328125	8	formats
-22.23077964782715	47.545433044433594	0	farmers
-36.85905456542969	-4.6729302406311035	8	aged
8.915482521057129	-21.041059494018555	9	Bureau
40.905670166015625	3.01798939704895	6	Wright
20.144325256347656	12.555255889892578	3	youtube
-45.801902770996094	-14.285428047180176	8	Unknown
1.0990386009216309	-22.839189529418945	9	Premier
39.41181945800781	6.527274131774902	6	Carter
65.02629089355469	12.542763710021973	5	Nelson
45.59400939941406	-10.002062797546387	6	Graham
-22.05577850341797	-34.58342742919922	4	mid
-32.07429504394531	-14.969860076904297	1	Beyond
40.57978439331055	-12.469354629516602	6	Warren
-19.51055908203125	22.357858657836914	10	stability
-26.467967987060547	41.63407897949219	0	Heights
-24.70391082763672	-37.35337448120117	4	rapid
46.37111282348633	-13.61776351928711	6	Arthur
5.622732639312744	-13.825910568237305	9	junior
8.805700302124023	2.805997133255005	2	hook
-14.96068000793457	-32.706634521484375	1	dual
-11.808748245239258	23.676300048828125	10	poverty
-8.533863067626953	-21.492517471313477	1	terminal
44.848533630371094	-16.285886764526367	6	Barry
-26.838298797607422	-4.857419013977051	1	dozen
-33.688228607177734	-26.742040634155273	4	BEST
32.205108642578125	5.7267560958862305	6	Richmond
-38.43009567260742	-30.440223693847656	4	holy
63.4053955078125	3.5140151977539062	5	Brad
31.209980010986328	3.2546186447143555	6	Villa
-14.111285209655762	-35.3131103515625	1	Per
-29.438249588012695	53.077735900878906	0	sons
-35.54413986206055	-16.7277889251709	4	compact
-48.15287780761719	-2.0423667430877686	7	forgotten
-5.0960259437561035	13.265690803527832	2	jail
-22.13313865661621	19.885934829711914	10	Luxury
-17.929616928100586	5.8493146896362305	9	Session
-25.619800567626953	-12.111124038696289	8	alert
-0.41193386912345886	-12.952913284301758	9	Speaker
50.49708938598633	-5.959475517272949	6	Mario
-6.915316104888916	5.422704696655273	2	void
-6.331352233886719	8.00521183013916	2	spare
-7.413206577301025	10.537518501281738	2	restore
36.808837890625	-7.206181526184082	6	Parker
-10.91402530670166	28.83735466003418	10	Trading
-28.34099769592285	-37.571659088134766	4	Heavy
-27.184951782226562	19.529783248901367	10	survival
13.171615600585938	8.120356559753418	3	Liberty
-18.538204193115234	44.287193298339844	0	politicians
44.681644439697266	2.5286731719970703	6	Douglas
-24.111103057861328	27.977807998657227	10	Leadership
12.904400825500488	6.435239791870117	2	Dodge
39.76372146606445	-4.944657802581787	6	Marshall
-45.657623291015625	2.6747496128082275	7	absence
38.423065185546875	1.1407676935195923	6	Campbell
-18.756847381591797	16.67732048034668	10	destruction
30.07455062866211	-2.2162280082702637	6	Costa
-23.890487670898438	17.86070442199707	10	Revolution
0.8661674857139587	-20.568941116333008	9	presidential
6.165497779846191	0.7973162531852722	2	Summit
-30.61510467529297	-20.468564987182617	4	oldest
-10.886765480041504	-20.47957992553711	1	Mens
0.7177990674972534	-13.3832368850708	9	Leader
-16.292627334594727	23.614606857299805	10	concentration
-12.425607681274414	17.516435623168945	10	Risk
-27.08087158203125	17.51507568359375	10	Height
-41.94733428955078	-24.00205421447754	4	remarkable
2.604306697845459	24.670724868774414	9	championship
-1.2361549139022827	-19.089736938476562	9	Desktop
0.21393901109695435	14.331719398498535	2	venture
-24.969127655029297	44.381160736083984	0	trucks
-15.055145263671875	17.35032081604004	10	anger
7.114846229553223	20.878002166748047	3	NCAA
28.209884643554688	5.807671070098877	3	Kent
59.433509826660156	3.062101125717163	5	Albert
26.345399856567383	14.352094650268555	3	Chevrolet
37.79927062988281	-12.871636390686035	6	Roy
-43.23090362548828	-3.9883382320404053	7	unlikely
55.3444709777832	0.12085876613855362	5	Carl
-46.79063034057617	-3.580838918685913	7	fallen
-33.26822280883789	-30.914979934692383	4	fancy
5.6201910972595215	-21.390567779541016	2	tower
35.604827880859375	-11.931356430053711	6	Baker
-9.83011531829834	-16.552255630493164	1	vol
-15.085817337036133	2.9553635120391846	2	import
-2.9706881046295166	21.910913467407227	2	spam
44.216739654541016	-1.67921781539917	6	Murray
26.626554489135742	5.533915996551514	3	Columbus
-19.79700469970703	44.0972900390625	0	musicians
58.91021728515625	15.429048538208008	5	Dennis
-27.928800582885742	49.31893539428711	0	towns
57.58247375488281	-0.49291127920150757	5	Francis
-22.550640106201172	13.728039741516113	10	glory
-33.675506591796875	-19.586288452148438	4	Deluxe
35.04090881347656	-10.844985961914062	6	Potter
43.70917892456055	-0.2425561547279358	6	Jefferson
39.45962905883789	-7.9232587814331055	6	Cooper
38.30979919433594	4.466253280639648	6	Collins
61.82856750488281	-1.5296837091445923	5	Marc
57.5055046081543	14.006258010864258	5	Donald
-50.671348571777344	-6.013812065124512	7	defeat
54.80143356323242	-0.971543550491333	5	Walter
61.00718307495117	6.585992813110352	5	Tyler
-9.675389289855957	-17.497472763061523	1	ton
-40.90388107299805	-3.847930669784546	7	silent
-43.5826530456543	-3.176548719406128	7	buried
-21.572057723999023	23.805984497070312	10	Growth
13.739562034606934	-6.131123065948486	6	grey
-35.343048095703125	-7.563069820404053	8	nearest
24.86652946472168	12.500508308410645	3	Harvard
-34.474571228027344	1.6699122190475464	8	qualify
-10.131428718566895	20.306129455566406	10	dialogue
-25.700061798095703	47.614017486572266	0	producers
-45.89303207397461	-4.218465328216553	7	badly
-11.283824920654297	6.830440044403076	2	bulk
-19.620323181152344	42.82919692993164	0	coaches
40.97983169555664	-4.986166954040527	6	Mitchell
-0.04854018613696098	16.59416389465332	2	ISO
53.84697723388672	-7.169703960418701	5	Todd
-13.850865364074707	3.459930896759033	2	Duty
-27.74465560913086	47.75665283203125	0	colleges
6.952970504760742	-8.902510643005371	9	holder
-36.859458923339844	-31.66254997253418	4	enormous
8.831101417541504	1.117600917816162	2	hunt
-39.75975799560547	-0.9348317980766296	4	cheapest
36.338844299316406	-1.3670250177383423	6	Warner
54.24794387817383	-9.106511116027832	5	Chuck
39.00924301147461	-10.78537368774414	6	Robinson
-0.84695965051651	-9.510653495788574	9	Developer
-8.559822082519531	-8.71414852142334	1	xxx
6.193796157836914	15.730857849121094	3	liver
-40.007293701171875	0.5849235653877258	4	peaceful
60.345943450927734	9.313187599182129	5	Jacob
60.732791900634766	15.910128593444824	5	Neil
-24.183666229248047	48.06803512573242	0	directors
47.97559356689453	-9.063288688659668	6	Philip
-21.386032104492188	39.75826644897461	0	counts
57.82054901123047	-6.04782772064209	5	Pete
33.46105194091797	7.5284552574157715	6	Rio
-29.69579315185547	-28.767553329467773	4	fastest
52.20427322387695	-5.174316883087158	5	Cole
55.268157958984375	-6.696381092071533	5	Doug
10.387080192565918	16.564672470092773	3	canvas
-17.441579818725586	40.98050308227539	0	wars
61.144264221191406	14.545133590698242	5	Samuel
5.840939044952393	-1.4705607891082764	2	Crown
63.552730560302734	-5.115712642669678	5	Danny
14.37012767791748	7.275348663330078	3	Bond
-44.18303298950195	-8.342964172363281	7	Late
-22.21082305908203	37.367366790771484	0	ties
-35.75668716430664	-29.98790168762207	4	Strong
55.25617218017578	-8.58150863647461	5	Brandon
-12.183372497558594	6.228194236755371	2	tackle
-1.7139897346496582	-11.557475090026855	9	chairman
41.83323669433594	5.420485019683838	6	Cameron
1.097186803817749	8.040998458862305	2	shadow
59.84379196166992	-4.286736965179443	5	Bobby
-26.339618682861328	46.42631530761719	0	engineers
6.261175155639648	-10.696272850036621	9	Hero
-10.067635536193848	24.802875518798828	10	unemployment
2.330533742904663	18.291128158569336	2	torrent
-19.91896629333496	9.10612678527832	9	regime
-43.55269241333008	2.711512565612793	7	silence
9.514688491821289	-24.15634536743164	3	Giants
9.846482276916504	21.492019653320312	3	NHL
-33.42935562133789	-16.451671600341797	1	unlimited
-5.408764362335205	-1.0828089714050293	2	par
39.452850341796875	3.851544141769409	6	Evans
-22.742918014526367	6.19753885269165	8	underground
26.386882781982422	13.405937194824219	3	Liverpool
36.992698669433594	5.365062713623047	6	Hudson
-13.51251220703125	21.396892547607422	10	density
-21.41459083557129	36.966766357421875	0	rounds
2.0817837715148926	5.527313709259033	2	fax
-20.48806381225586	35.912540435791016	0	charts
15.161492347717285	-6.527803897857666	6	gray
-32.050506591796875	-19.990703582763672	4	wider
-2.249476194381714	3.1150965690612793	2	pound
-21.167064666748047	25.737838745117188	10	productivity
62.21095275878906	8.780498504638672	5	Jeremy
41.7931022644043	-11.15218448638916	6	Morris
-36.09750747680664	-10.642416000366211	4	endless
-8.257333755493164	-20.45500373840332	1	Joint
-42.643985748291016	-5.360618591308594	7	lazy
51.38890075683594	-7.207030296325684	5	Ali
45.764705657958984	-14.828758239746094	6	Stanley
57.47951126098633	-3.1135146617889404	5	Ted
-23.890487670898438	17.86070442199707	10	revolution
15.580318450927734	15.61100959777832	3	Christianity
5.728097438812256	-20.36193084716797	2	Cap
-17.703580856323242	20.53792381286621	10	duration
-20.57660484313965	-11.568878173828125	8	ranking
6.962663650512695	18.426536560058594	3	Excel
7.653354644775391	-0.1294838786125183	2	Mill
-25.619619369506836	-12.110330581665039	8	Alert
-12.723328590393066	20.84416961669922	10	tension
13.378987312316895	21.83499526977539	3	HTC
-39.05875778198242	-21.685091018676758	4	productive
36.44131088256836	-5.344353675842285	6	Roberts
31.302759170532227	17.541969299316406	3	Hilton
-21.080896377563477	28.68396759033203	10	Manufacturing
-26.26657485961914	-30.53511619567871	1	Ultra
29.067153930664062	4.12752628326416	3	Oscar
8.575489044189453	-27.156747817993164	3	united
-0.011751970276236534	-1.3297828435897827	2	blast
-26.415756225585938	43.240962982177734	0	ports
-8.797990798950195	10.12058162689209	2	tear
-3.977128505706787	25.094717025756836	10	PMI
-18.081010818481445	42.841495513916016	0	contractors
-6.445958614349365	-7.086403846740723	1	von
-9.930853843688965	22.504966735839844	10	funeral
24.466894149780273	14.72121524810791	3	Jerusalem
-9.930853843688965	22.504966735839844	10	Funeral
1.202358603477478	-22.64084243774414	9	premier
-35.234642028808594	0.1189330667257309	8	beneath
24.06777572631836	11.879973411560059	3	Nissan
61.36943817138672	5.34543514251709	5	Jake
-48.0057487487793	-0.5490762591362	7	ignored
-40.287437438964844	-21.562679290771484	4	lightweight
58.83856201171875	13.545093536376953	5	Randy
-33.14042282104492	-4.484316349029541	8	classified
10.037772178649902	2.2669718265533447	2	Chase
-40.73304748535156	-27.837392807006836	4	Instant
-49.22197341918945	-10.23528003692627	7	dropping
61.33251190185547	12.789533615112305	5	Kyle
-20.71450424194336	6.820768356323242	8	striking
30.009990692138672	17.503881454467773	3	Batman
-33.598941802978516	3.6414084434509277	8	Legend
-8.284351348876953	3.029360294342041	2	retain
38.22354507446289	-7.36011266708374	6	Murphy
5.377982139587402	15.216048240661621	10	VAT
-24.183666229248047	48.06803512573242	0	Directors
-1.5912545919418335	-28.126657485961914	1	Del
-26.717981338500977	-35.78281784057617	4	Far
-1.7865780591964722	4.283863067626953	2	stack
1.097186803817749	8.040998458862305	2	Shadow
52.69962692260742	5.079704284667969	5	drew
-34.12405014038086	3.4777801036834717	8	legend
-25.29694938659668	40.630855560302734	0	tablets
-15.846695899963379	-27.344141006469727	1	Prior
-8.262290954589844	26.420743942260742	10	corruption
28.439565658569336	10.237052917480469	3	Holland
36.24433135986328	-4.204955101013184	6	Rogers
-18.000431060791016	18.05000877380371	10	sacrifice
-31.966814041137695	-5.6710968017578125	1	simultaneously
-0.7288104891777039	2.1233413219451904	2	scratch
40.3345832824707	6.7797040939331055	6	Turner
27.491134643554688	3.9532248973846436	3	Pope
-29.438276290893555	17.5932674407959	10	intensity
-4.7744221687316895	27.98655128479004	10	prospects
62.129249572753906	3.4707674980163574	5	Tommy
-24.82526206970215	-15.212794303894043	8	Via
-28.336326599121094	-10.979484558105469	8	PLEASE
5.163083553314209	17.763290405273438	3	CST
63.89493179321289	13.0999755859375	5	Benjamin
-0.28122231364250183	19.46439552307129	10	font
-10.679417610168457	19.05231285095215	10	Pressure
-3.0194013118743896	-15.980481147766113	8	anonymous
16.929237365722656	12.205939292907715	3	iOS
5.1972222328186035	2.612269878387451	2	Rush
37.39262390136719	-11.735330581665039	6	Reed
55.083194732666016	5.820755958557129	5	Ralph
43.394779205322266	1.6511954069137573	6	Harrison
-29.365259170532227	-22.97212791442871	4	sunny
-29.47318458557129	-7.20955753326416	1	handful
-27.28505516052246	45.20673751831055	0	Industries
10.070307731628418	-3.1081643104553223	2	rod
-33.81201171875	-29.71628189086914	4	radical
-12.32321548461914	-21.589405059814453	1	dozens
-10.71670913696289	26.767114639282227	10	attendance
10.070307731628418	-3.1081643104553223	2	Rod
-30.73288345336914	-27.019392013549805	4	genius
-2.4674596786499023	23.799650192260742	10	ringtone
-42.1475715637207	-3.159153461456299	7	hung
22.14781951904297	7.910714149475098	3	Eagles
-18.081010818481445	42.841495513916016	0	Contractors
-48.062232971191406	-3.372021198272705	7	defeated
17.147563934326172	10.354787826538086	3	Allah
8.831101417541504	1.117600917816162	2	Hunt
-15.597607612609863	7.288750171661377	2	Draft
-34.504981994628906	-20.272706985473633	4	legendary
3.3009908199310303	4.1908440589904785	2	shaft
34.4370231628418	-11.168558120727539	6	Mason
-48.2960205078125	-11.234020233154297	7	banned
37.66190719604492	3.0909311771392822	6	Phillips
-8.139217376708984	28.97535514831543	10	Printing
-17.703580856323242	20.53792381286621	10	Duration
-19.441364288330078	-19.37451171875	8	Feature
19.312210083007812	-5.456016540527344	3	Lion
-1.8114339113235474	15.959753036499023	2	Journey
-11.161293029785156	20.424463272094727	10	rotation
-7.641313552856445	25.430866241455078	10	recession
54.036903381347656	-14.202139854431152	5	Bryan
-21.93008041381836	-39.114532470703125	4	Huge
-45.96770095825195	-2.2618494033813477	7	useless
-3.4925734996795654	15.621370315551758	2	prospect
52.59918975830078	2.1669068336486816	6	Juan
55.85065841674805	-12.884181022644043	5	jack
51.03165817260742	4.0959062576293945	6	Glen
5.614502429962158	-1.3395545482635498	2	crown
-19.555631637573242	-17.143695831298828	8	Detail
-38.43977737426758	0.20026539266109467	4	magnificent
-37.1068229675293	-13.926410675048828	4	easiest
-25.672607421875	-4.330410003662109	1	thirty
-24.77390480041504	46.22919845581055	0	Manufacturers
19.417604446411133	8.152385711669922	3	Tigers
-41.29664611816406	-22.912763595581055	4	freely
34.04399490356445	-1.7694878578186035	6	Khan
57.381797790527344	0.5116461515426636	5	Carlos
-22.659055709838867	44.5418586730957	0	executives
-14.217689514160156	25.324880599975586	10	collapse
38.570587158203125	-8.623068809509277	6	Fisher
10.527362823486328	19.909488677978516	3	PSP
60.33423614501953	11.791295051574707	5	Jesse
-28.784534454345703	51.969696044921875	0	Guys
9.058852195739746	-8.272306442260742	9	buddy
28.269916534423828	17.824180603027344	3	Motorola
-3.1528561115264893	7.578258037567139	2	skip
-2.5364365577697754	23.448883056640625	10	Ringtone
47.935176849365234	-6.851744651794434	6	Norman
-3.0219027996063232	2.106623888015747	2	bang
-38.51533889770508	-11.567317008972168	4	respected
-4.775430202484131	3.3820669651031494	2	batch
-22.912487030029297	-14.131648063659668	8	individually
-14.77182388305664	21.335615158081055	10	exploration
45.407352447509766	-11.40534782409668	6	Oliver
-4.6461615562438965	30.54064178466797	8	biography
1.8265475034713745	3.493112564086914	2	banner
-30.14815330505371	-21.873889923095703	4	keen
22.449283599853516	14.154894828796387	3	Syria
6.190598011016846	-28.1840763092041	4	royal
-17.294469833374023	-14.057207107543945	8	archives
53.19866943359375	5.0579962730407715	5	Drew
-31.372299194335938	-33.29397201538086	4	Bright
8.567995071411133	20.468372344970703	3	ESPN
-30.018800735473633	-19.092144012451172	4	racist
14.166847229003906	10.983567237854004	3	portal
-15.895929336547852	15.655269622802734	10	panic
16.997549057006836	-5.291737079620361	6	Foster
-1.3729010820388794	-2.1740121841430664	2	lean
25.88836669921875	19.354202270507812	3	Yankees
63.46617889404297	14.297568321228027	5	Joel
-16.315143585205078	-24.812862396240234	2	Advance
-32.079498291015625	2.778362274169922	8	lineup
18.82240867614746	8.264508247375488	3	bucks
3.5478744506835938	-26.222734451293945	9	Giant
23.631332397460938	14.152220726013184	3	Norway
53.02825927734375	-1.3874397277832031	5	Dale
-42.119422912597656	-6.461752414703369	7	harsh
31.662384033203125	0.7844520807266235	6	lane
48.157623291015625	2.1503026485443115	6	Glenn
-2.934781074523926	7.340102672576904	2	Skip
2.5929439067840576	2.593181848526001	2	lobby
14.925400733947754	-27.24417495727539	3	mac
-3.398500442504883	5.062995433807373	2	Row
26.239728927612305	2.5432350635528564	3	york
-3.8237662315368652	23.8619384765625	10	restoration
-8.918379783630371	24.97475242614746	10	torture
-40.639278411865234	1.767224907875061	7	restored
-18.806161880493164	33.45802307128906	10	tactics
7.664812088012695	21.328893661499023	3	MLB
-48.24507141113281	-4.331064701080322	7	declined
-21.76791763305664	38.11409378051758	0	packs
42.15193557739258	3.3028359413146973	6	Spencer
-31.705257415771484	-21.479576110839844	4	Ancient
-3.007568836212158	0.5024141073226929	2	toll
6.952970504760742	-8.902510643005371	9	Holder
2.3749072551727295	-28.609209060668945	4	linear
58.86056900024414	4.164866924285889	5	Vincent
32.62726593017578	17.035614013671875	3	Kerry
59.01449203491211	6.95745325088501	5	Victor
-12.899786949157715	-9.351226806640625	1	sir
41.705020904541016	-3.731863260269165	6	Bradley
29.200660705566406	11.249836921691895	3	Berkeley
35.92158508300781	-9.938603401184082	6	Butler
5.743706703186035	24.92449378967285	9	broker
-38.304710388183594	-13.42990779876709	4	inexpensive
25.470129013061523	9.215401649475098	3	Stanford
-21.198646545410156	7.36959171295166	8	pressing
-9.724936485290527	29.605098724365234	10	recruiting
60.5385627746582	-0.009956076741218567	5	Nathan
39.733154296875	-0.6382671594619751	6	Blair
20.421180725097656	8.170655250549316	3	Lions
35.36006546020508	-8.401927947998047	6	Watson
28.123207092285156	18.909086227416992	3	Audi
-39.32729721069336	2.1428425312042236	8	sealed
27.111644744873047	16.567028045654297	3	Marvel
60.68069839477539	-0.8862954378128052	5	Abraham
37.54288864135742	0.33402058482170105	6	Hughes
-13.809646606445312	23.184545516967773	10	compression
13.243122100830078	-26.755977630615234	6	Bull
-37.9567985534668	-27.42729377746582	4	dominant
41.3025016784668	0.8170875906944275	6	Cruz
33.77894592285156	6.517280578613281	6	Hampton
-10.909095764160156	0.14954137802124023	2	Rise
-25.53636360168457	45.37361526489258	0	unions
-16.2883358001709	5.225490570068359	2	Chart
29.159812927246094	-1.8992213010787964	6	Troy
-21.36532974243164	45.69003677368164	0	heroes
34.70669937133789	-9.497861862182617	6	Harper
-30.195159912109375	52.981849670410156	0	males
-21.36532974243164	45.69003677368164	0	Heroes
33.35955047607422	-7.411840438842773	6	McDonald
-15.838973999023438	-31.106599807739258	1	Multi
28.924209594726562	19.810571670532227	3	Shakespeare
23.19945526123047	15.386359214782715	3	Portugal
-11.175819396972656	-10.783031463623047	1	Solo
-40.862239837646484	-25.259063720703125	4	Complex
3.116420269012451	-9.043498992919922	9	mayor
-3.070929765701294	28.11757469177246	8	roster
56.878448486328125	10.682555198669434	5	Colin
31.945693969726562	-5.734195709228516	6	Newton
-30.75731658935547	4.2019147872924805	8	Template
39.42560577392578	2.2008817195892334	6	Simpson
-18.97243881225586	23.66794204711914	10	Revenue
-17.18113136291504	22.535858154296875	10	complexity
-34.56930923461914	-22.48633575439453	4	Greatest
-12.118977546691895	-35.182491302490234	1	los
-36.43168640136719	-1.3309463262557983	8	prospective
-22.106525421142578	35.65116500854492	0	compounds
-26.74502944946289	50.65925216674805	0	Leaders
33.468379974365234	17.872081756591797	6	Gibson
1.3282297849655151	28.528610229492188	9	Actor
32.54879379272461	3.820777654647827	6	Singh
-28.64076042175293	-30.992368698120117	4	REAL
41.00852966308594	7.4977312088012695	6	Harvey
-49.059078216552734	-8.505059242248535	7	lacking
57.1749153137207	11.740262985229492	5	Derek
-4.379881858825684	1.8089299201965332	2	Peak
19.602352142333984	11.38148021697998	3	Belgium
40.141056060791016	8.25932502746582	6	Stuart
-16.325927734375	21.63439178466797	10	consolidation
-9.373250007629395	-22.395292282104492	1	yrs
-32.698211669921875	-3.455998659133911	8	promoted
-38.988670349121094	-8.019637107849121	4	distant
38.9004020690918	-6.452335357666016	6	Wallace
-30.716928482055664	-31.13684844970703	4	Superior
36.82932662963867	1.87904691696167	6	Montgomery
-5.341982364654541	-13.224185943603516	9	Forward
-34.386322021484375	-17.035581588745117	4	acute
10.759455680847168	15.767088890075684	3	Genesis
17.130477905273438	-5.675324440002441	6	foster
-32.30876541137695	-28.888120651245117	4	brave
34.21578598022461	5.503315448760986	6	Holmes
-2.6549971103668213	25.186145782470703	10	cholesterol
4.87587308883667	25.320171356201172	9	quarterback
35.10398864746094	17.080821990966797	6	Elvis
-0.6520814299583435	3.2980809211730957	2	span
-6.4489264488220215	1.7466038465499878	2	Demo
46.1020393371582	2.063762903213501	6	Lucas
10.880918502807617	16.632064819335938	3	Canvas
-28.7868709564209	-22.498247146606445	4	slim