x	y	cluster	word
-49.958255767822266	13.901031494140625	3	african
-40.66280746459961	16.1103515625	3	african-american
-49.85025405883789	13.647175788879395	3	African
39.841487884521484	-2.2882964611053467	8	foreclosure
12.429500579833984	-15.774426460266113	10	essence
44.72512435913086	-14.29312515258789	8	slave
-14.239405632019043	19.548931121826172	2	Joel
-20.709545135498047	-21.84225845336914	10	ebony
-12.874601364135742	19.53377914428711	2	Frederick
12.613761901855469	-13.151403427124023	1	unity
-30.97947120666504	-17.333171844482422	2	Isaac
-27.741392135620117	-17.083860397338867	2	Coleman
-15.707633972167969	-23.0123291015625	10	blacks
39.841487884521484	-2.2882964611053467	8	Foreclosure
-29.13001823425293	-17.076566696166992	2	Freeman
41.12274932861328	-13.361196517944336	8	escaped
39.5029182434082	-0.9713190793991089	8	foreclosures
-44.51323699951172	6.560088634490967	3	Savannah
-48.94040298461914	13.67874526977539	3	Sudan
-20.709545135498047	-21.84225845336914	10	Ebony
-45.816715240478516	14.199389457702637	3	Cairo
37.28376007080078	-11.42575454711914	8	risen
12.612500190734863	-13.148751258850098	1	Unity
-50.090152740478516	12.499493598937988	3	Ghana
-14.954681396484375	8.264267921447754	2	Ernest
-29.96306610107422	6.355340957641602	0	Bowie
-50.878875732421875	11.76926040649414	3	Guinea
42.78717041015625	-7.300365447998047	8	freed
-45.018550872802734	6.208560466766357	3	Harlem
-30.070749282836914	-10.203680992126465	2	Erica
-21.546974182128906	-10.514522552490234	5	Fulton
44.73723602294922	-14.25609016418457	8	Slave
9.90420913696289	-19.11402130126953	10	piston
-28.98501968383789	-10.662293434143066	2	Gabrielle
-28.080581665039062	-9.460041046142578	2	Julius
-11.614363670349121	-18.235151290893555	10	Jubilee
-28.683229446411133	-4.208821773529053	0	Zimmerman
-45.74395751953125	15.1632080078125	3	Johannesburg
-30.406757354736328	-15.21613883972168	2	Elijah
27.230188369750977	-20.584081649780273	7	Locksmith
-31.78310203552246	4.009396553039551	9	Dre
-49.529083251953125	9.015141487121582	3	Africans
-15.634804725646973	-22.04157066345215	10	Negro
-47.72574996948242	15.266493797302246	3	Rwanda
38.052467346191406	-4.6790852546691895	8	homicide
12.367717742919922	-15.783841133117676	10	Essence
26.315773010253906	-21.940460205078125	7	electrician
32.51691436767578	-8.940052032470703	1	rejoice
5.7963080406188965	27.240514755249023	5	Fayetteville
26.72112274169922	-20.346593856811523	7	locksmith
29.27910804748535	-3.6845543384552	1	stride
42.35552978515625	-4.012938022613525	8	foreclosed
19.562129974365234	-1.161182165145874	10	adipex
29.394954681396484	-8.81775951385498	1	ViolationRe
38.422489166259766	-13.878240585327148	8	redeemed
40.59191131591797	-11.67410945892334	8	unrest
-29.65443229675293	-11.73444652557373	2	Emmanuel
-31.190662384033203	4.920165061950684	9	Minaj
40.01517868041992	-3.245903968811035	8	burglary
-28.124887466430664	-8.026461601257324	2	Desmond
22.788747787475586	-10.434536933898926	1	Dreamweaver
-29.119991302490234	-9.221366882324219	2	Miriam
-29.397905349731445	-18.130504608154297	2	Emanuel
-28.338497161865234	-14.801262855529785	2	Dominique
-7.087492942810059	-19.1197509765625	10	Onyx
37.09651184082031	-8.699000358581543	8	inauguration
-10.032137870788574	-12.762929916381836	2	Rowe
30.493549346923828	-4.556156158447266	1	strides
-28.065584182739258	-13.255531311035156	2	Gabe
-26.162805557250977	-15.443010330200195	0	Morales
-3.7535886764526367	26.776857376098633	5	Potomac
7.164050579071045	-10.009157180786133	1	prosper
4.948182582855225	24.028844833374023	5	Rockville
13.764683723449707	-12.29781436920166	1	cornerstone
-17.481245040893555	22.372129440307617	0	Honeywell
-43.02980422973633	16.486862182617188	3	Darfur
-16.322486877441406	-18.192176818847656	10	Carver
-32.55408477783203	-14.376635551452637	2	Nelly
-29.818992614746094	-16.243680953979492	2	Daryl
-4.664920806884766	-16.703651428222656	10	Beanie
-15.612168312072754	16.434335708618164	2	Dwayne
-27.51374626159668	-14.755744934082031	2	Kruger
-50.26442337036133	11.621426582336426	3	guinea
-27.400148391723633	-12.433820724487305	2	Tyrone
-4.06133508682251	27.83127784729004	5	Shreveport
-48.79985809326172	12.748645782470703	3	Liberia
-48.127418518066406	14.44494342803955	3	Cameroon
42.37178039550781	-2.351386070251465	8	liberated
-48.62696838378906	14.846646308898926	3	Senegal
-27.760984420776367	-15.920148849487305	2	Roberta
-11.942750930786133	7.308172702789307	2	Candice
-2.1231801509857178	22.285253524780273	5	Terrell
37.72087860107422	-6.0950727462768555	8	outspoken
25.35057258605957	-0.7175098657608032	10	rheumatoid
-50.7479133605957	10.8685302734375	3	Niger
-30.16537094116211	7.892892837524414	0	Mandela
-7.575096607208252	16.095930099487305	2	Dianne
26.806838989257812	-22.246089935302734	7	Electrician
-23.517356872558594	15.875151634216309	9	Django
-22.68190574645996	22.466659545898438	0	Mugabe
-11.109016418457031	0.7079024910926819	5	Fayette
-18.61382293701172	2.1368672847747803	2	Terrence
-14.57011604309082	-19.233936309814453	10	spade
-10.033193588256836	4.9819440841674805	5	Winslow
-11.15481185913086	-18.967514038085938	2	Lazarus
-28.39097785949707	-18.42347526550293	2	Waldo
-25.10010528564453	-13.794729232788086	2	Godfrey
9.420212745666504	3.8639473915100098	9	BLM
-5.4280219078063965	27.159116744995117	5	Binghamton
30.688383102416992	6.798083305358887	10	Zumba
-31.333152770996094	3.630918025970459	9	dre
-16.5439453125	-5.3659868240356445	0	Granger
-30.349864959716797	-13.77295207977295	2	Landon
-10.702798843383789	12.15450382232666	2	Jodie
3.6028621196746826	-29.888408660888672	6	molasses
40.29061508178711	-6.817013263702393	8	resurrected
37.563236236572266	-3.3738832473754883	8	revolutions
-12.347126960754395	-19.959522247314453	10	brute
-29.049734115600586	-14.45791244506836	2	Serge
-28.92102813720703	-13.1563138961792	2	Cedric
-23.926000595092773	6.9165802001953125	9	Selma
-27.32355499267578	-11.339568138122559	2	Douglass
-23.617660522460938	-13.299617767333984	2	Dobson
-8.409402847290039	14.775238037109375	2	Darlene
14.073689460754395	-12.2037992477417	1	Cornerstone
-25.00483512878418	20.868852615356445	0	Brees
-14.570196151733398	-19.233951568603516	10	Spade
10.031285285949707	-19.45073699951172	10	Piston
-27.699438095092773	-11.501419067382812	2	Drummond
-20.836122512817383	-6.8342509269714355	2	Bertha
-9.137309074401855	17.12234115600586	2	Jermaine
-25.797487258911133	11.575631141662598	9	MLK
-27.22276496887207	18.118070602416992	0	Guetta
-29.085494995117188	-15.347588539123535	2	Candace
4.4048309326171875	25.690834045410156	5	Hampstead
-13.504841804504395	-0.9667671322822571	5	Drury
41.091209411621094	-0.7716417908668518	8	assassinated
0.10805433988571167	15.89891242980957	4	Blackstone
-28.061561584472656	-10.67119312286377	2	Dorian
-10.482707023620605	13.489972114562988	2	Charlene
-22.13737678527832	-5.068024635314941	5	Carleton
44.19883346557617	-11.236115455627441	8	enslaved
-44.300514221191406	11.62579345703125	3	Marrakech
-22.12636947631836	-21.284711837768555	10	Sable
23.23224449157715	-19.689693450927734	7	storyteller
-25.611618041992188	17.06732749938965	9	Trayvon
41.39809799194336	-7.7223639488220215	8	fugitive
-43.21666717529297	10.343817710876465	3	Carthage
-24.66515350341797	-12.345924377441406	2	Enoch
-25.910675048828125	-10.371612548828125	2	Patrice
-13.23192310333252	18.373456954956055	2	Felicia
-24.70456886291504	18.329923629760742	0	Ciara
42.14014434814453	-11.551298141479492	8	abolition
1.9827258586883545	-14.289155960083008	9	gangsta
42.08652877807617	-4.216687202453613	8	Foreclosed
-19.615249633789062	-2.9076058864593506	2	Arlene
20.280609130859375	-3.97537899017334	10	Enigma
38.462039947509766	-3.616560459136963	8	Homicide
-20.090970993041992	-6.882049560546875	2	Geraldine
33.93074417114258	-9.996213912963867	1	liberate
-7.965749740600586	10.837240219116211	2	Elisha
-4.618008613586426	14.206645965576172	2	Jamison
6.039253234863281	-10.177245140075684	1	Redeemer
-31.33335304260254	-15.607001304626465	2	Caine
12.208471298217773	2.086064338684082	9	Sandman
-6.515173435211182	14.257017135620117	2	Rebekah
13.460684776306152	26.832712173461914	5	Smithfield
-50.91864776611328	10.084493637084961	3	DRC
15.732333183288574	-13.102617263793945	1	deliverance
37.16576385498047	-7.292255401611328	8	Inauguration
3.55206561088562	-30.858190536499023	6	spades
-24.697540283203125	12.10634708404541	9	Ludacris
0.1996096521615982	21.10906982421875	5	Braxton
2.6207237243652344	23.743072509765625	5	Alpharetta
6.793989181518555	11.652949333190918	4	MDC
15.94022274017334	-9.51990032196045	1	AMReport
-23.326005935668945	20.37615394592285	0	Rawlings
12.528950691223145	-32.84164047241211	6	busts
-44.62106704711914	18.494882583618164	3	Gauteng
-19.197574615478516	-22.344898223876953	10	Afro
-15.740758895874023	-22.032997131347656	10	negro
-8.02653980255127	8.69733715057373	2	Estelle
-1.3863097429275513	23.017179489135742	5	Lanier
20.765384674072266	-8.465445518493652	1	equalizer
35.283363342285156	-6.120471477508545	1	redistribute
19.670764923095703	24.368436813354492	5	Belvedere
-27.77320671081543	-8.82186222076416	2	Antoinette
12.536483764648438	5.899186611175537	5	Stonewall
0.6633922457695007	-3.437238931655884	4	Busta
6.069421768188477	-18.779626846313477	10	toffee
13.5613374710083	-10.239095687866211	1	fervent
-6.946659088134766	1.501731038093567	4	DeKalb
-42.81070327758789	11.277261734008789	3	Nevis
-27.005413055419922	-1.6408334970474243	2	Kofi
-9.698996543884277	-0.3728429675102234	5	Genesee
26.733919143676758	-2.436415433883667	10	stenosis
21.077289581298828	-17.564905166625977	7	originator
-25.31160545349121	14.107199668884277	9	Jeezy
25.806480407714844	-14.729058265686035	7	eyewitness
-12.213874816894531	14.390619277954102	2	Rizzo
1.9856656789779663	-14.284162521362305	9	Gangsta
-28.40702247619629	-15.382305145263672	2	Etienne
-26.950153350830078	15.729531288146973	9	Coltrane
-23.66240692138672	18.625654220581055	0	Sharpton
-31.358776092529297	1.9476752281188965	9	Jah
-28.23508071899414	-3.1766343116760254	0	Chadwick
-2.4725844860076904	23.39870834350586	5	Langston
9.554810523986816	-19.455387115478516	10	PISTON
-30.37537384033203	12.216504096984863	9	biggie
-16.58732795715332	4.243184566497803	2	Delilah
12.11463737487793	6.04581356048584	4	Tropicana
-2.348412275314331	-6.224353790283203	4	Freedman
-25.283395767211914	-12.962142944335938	2	Dinah
-43.25624084472656	18.12876319885254	3	Kilimanjaro
-20.59174346923828	-5.712752819061279	2	Beale
-4.664920806884766	-16.703651428222656	10	beanie
6.413456439971924	-7.732471942901611	1	accross
-46.197265625	12.585376739501953	3	Faso
20.860336303710938	-14.932950019836426	1	luminaries
-14.694866180419922	-8.179661750793457	4	Dumas
42.7878532409668	-7.236088752746582	8	Freed
20.280542373657227	-3.9754583835601807	10	enigma
37.89308547973633	-12.938261032104492	8	forsaken
-29.6278018951416	4.146790504455566	9	Denzel
-45.63103485107422	13.240805625915527	3	Accra
-21.912702560424805	-5.0360283851623535	5	Maitland
-11.761394500732422	-0.7869378924369812	5	Elmore
15.692845344543457	-31.228029251098633	8	shackles
-12.547212600708008	5.99132776260376	2	Ebenezer
-0.9311100244522095	-30.649734497070312	6	Samuels
25.840486526489258	-14.74310302734375	7	Eyewitness
-14.112762451171875	3.839311122894287	2	Marcellus
21.913911819458008	-2.6311426162719727	10	antiretroviral
-5.306720733642578	-18.830326080322266	10	Osiris
8.353672981262207	-32.19916915893555	6	uppers
-11.766822814941406	8.429362297058105	2	Glenda
-1.8026137351989746	23.606889724731445	5	Kenner
-32.54646682739258	2.922804355621338	9	Soulja
-0.4059356153011322	-2.5148069858551025	4	Zimbra
-7.511639595031738	-19.245988845825195	10	onyx
5.588815689086914	-32.15814971923828	6	mules
-25.16934585571289	-16.891149520874023	4	Musa
41.3982048034668	-7.722525119781494	8	Fugitive
-12.971138000488281	8.163679122924805	2	Alonzo
7.4162163734436035	-15.989394187927246	10	cornbread
-8.881556510925293	-12.940813064575195	10	Beretta
-12.806709289550781	5.018651962280273	2	Myron
-13.640724182128906	-4.758674144744873	4	Salaam
4.0266032218933105	26.314369201660156	5	Gaithersburg
-9.118781089782715	-2.9932520389556885	4	Saba
32.61929702758789	-8.850603103637695	1	Rejoice
-16.264665603637695	17.201597213745117	2	Gisele
39.475830078125	-14.61169719696045	8	emancipation
31.751338958740234	-2.911315679550171	1	sufficiency
0.1783442348241806	-1.9437350034713745	4	UMC
24.563621520996094	-22.92929458618164	7	laborer
-6.749037265777588	-13.526886940002441	4	Capo
13.516406059265137	-33.94142532348633	6	Miserables
-13.507641792297363	4.229678630828857	2	Marlowe
-21.321382522583008	-10.324542999267578	5	Gaither
-6.864919185638428	17.009111404418945	2	Nehemiah
-25.73333168029785	-9.271998405456543	2	Dwyane
4.659916400909424	-29.633041381835938	6	Elks
-20.86960220336914	0.5851585865020752	2	Garvey
-5.066082954406738	-2.9074511528015137	4	NEMA
-7.828673362731934	-3.030629873275757	4	Montego
42.51545715332031	-6.495510101318359	8	besieged
7.547596454620361	22.29761505126953	5	Elmira
-26.494918823242188	12.035636901855469	9	Capone
-4.110633373260498	-1.2992757558822632	4	tema
13.916542053222656	23.581363677978516	5	Dundas
-5.588186264038086	17.098730087280273	2	Quinton
-7.331842422485352	14.822660446166992	2	Lynette
-0.7015818357467651	-30.62312889099121	6	Isaacs
-9.639100074768066	-16.13177490234375	1	Volta
-29.092634201049805	16.15509796142578	9	Ashanti
28.710224151611328	-7.949573040008545	1	RootsWeb
-44.9474983215332	17.083934783935547	3	Khartoum
-14.330810546875	12.556280136108398	2	Terrance
-24.397480010986328	11.531959533691406	9	Scarface
-17.38268280029297	-11.459969520568848	4	Ababa
7.970525741577148	-17.542282104492188	10	ephedrine
9.129378318786621	4.153600692749023	0	Ghraib
15.050639152526855	22.3214054107666	5	Morningside
12.057459831237793	-17.013120651245117	10	blackness
39.903560638427734	-7.34594202041626	8	Risen
14.561561584472656	-11.619717597961426	1	Godhead
-30.150981903076172	12.423090934753418	9	Biggie
41.32699203491211	-2.5502350330352783	8	looted
-43.73861312866211	8.063770294189453	5	Monrovia
32.80681610107422	4.7205424308776855	1	tablature
-3.023069143295288	13.787126541137695	2	Immanuel
-14.640337944030762	-10.578855514526367	4	Octavia
-1.75525963306427	16.801918029785156	5	Roberson
4.124709606170654	-30.708906173706055	6	Spades
-27.626747131347656	15.055703163146973	9	Pharrell
19.31009292602539	-18.02686309814453	7	emcee
0.1839672178030014	-30.13127326965332	6	Reis
16.05991554260254	23.766332626342773	5	Ridgeway
-17.9515380859375	9.2608060836792	2	Kwame
-22.166833877563477	-21.276641845703125	10	sable
11.004358291625977	-33.25794982910156	6	essences
-10.212716102600098	-2.793468713760376	4	Elba
1.999405026435852	1.7956993579864502	5	Stoudemire
21.592350006103516	-20.029346466064453	7	Shoemaker
6.364640712738037	-31.006345748901367	6	Dimes
-13.34777545928955	22.649131774902344	2	Giselle
-5.3023362159729	5.639368534088135	4	Beebe
-22.66644859313965	16.04351234436035	9	Shania
38.290897369384766	-0.45075926184654236	6	homicides
-18.475736618041992	-10.469352722167969	4	Blackman
39.75470733642578	-13.814780235290527	8	Emancipation
10.04177188873291	-13.520835876464844	1	stepper
18.289457321166992	27.032299041748047	5	Summerville
-28.137592315673828	5.601882457733154	10	Simba
13.509486198425293	5.211481094360352	9	Graceland
-18.081209182739258	-6.716550350189209	2	Elbert
13.159310340881348	13.459568977355957	4	Amstron
-28.90153694152832	-8.418827056884766	2	Noelle
11.38581371307373	0.984174907207489	9	Orpheus
5.9875807762146	-18.658432006835938	10	Toffee
-48.86404037475586	11.647887229919434	3	Rwandan
8.843185424804688	26.04427719116211	5	Duquesne
-9.980363845825195	-7.093906879425049	4	Sapp
7.206894397735596	20.12415885925293	5	février
-19.072187423706055	-22.329055786132812	10	afro
-30.198490142822266	2.401414155960083	9	Fabolous
-4.260824680328369	26.393747329711914	5	Buckhead
-48.30211639404297	10.017903327941895	3	Zimbabwean
-29.35328483581543	17.163461685180664	9	Tuskegee
27.25751304626465	-1.3299602270126343	10	emphysema
1.7008943557739258	-28.826875686645508	6	Negroes
15.711379051208496	-13.086668014526367	1	Deliverance
10.53627872467041	16.507963180541992	4	Schweitzer
-19.72013282775879	23.564037322998047	0	Drogba
30.430768966674805	-9.828631401062012	1	birthright
-10.208796501159668	-9.256220817565918	4	EBC
-13.271068572998047	-15.79265308380127	4	Rasta
-15.540165901184082	-10.487836837768555	4	Diamante
39.41575622558594	-10.229850769042969	8	reparations
-12.4586181640625	-13.191911697387695	4	Terps
39.31034469604492	-16.035825729370117	8	disenfranchised
-26.434249877929688	-13.050288200378418	2	Sylvie
6.816946029663086	-9.978318214416504	1	Prosper
-11.589218139648438	-18.246479034423828	10	jubilee
-19.70496940612793	21.19438362121582	0	NDC
-23.849321365356445	4.387856960296631	0	Randle
14.152177810668945	26.452953338623047	5	Annandale
22.15207862854004	0.21512849628925323	1	strode
18.25487518310547	-12.336366653442383	1	Rambler
3.5532050132751465	22.5573787689209	5	Fairmount
29.032392501831055	-1.7972629070281982	10	hypotension
-12.264654159545898	-0.10481268167495728	5	Girardeau
-1.1942875385284424	24.366222381591797	5	Morehouse
20.882822036743164	-8.407829284667969	1	Equalizer
25.48726463317871	-0.9686263203620911	10	diastolic
25.141324996948242	-22.306499481201172	7	labourer
8.420025825500488	5.500336170196533	0	Tahrir
-16.01995849609375	-6.363255977630615	4	FDC
-2.3793158531188965	25.2741756439209	5	Bossier
-16.576204299926758	7.114253520965576	2	Fredrick
15.870656967163086	-31.022235870361328	8	barricades
-29.115503311157227	3.6332201957702637	9	Shaquille
-1.7113386392593384	17.375993728637695	5	Etheridge
22.333208084106445	-10.55093765258789	1	dreamweaver
33.772186279296875	3.6193578243255615	1	Riverwalk
15.668645858764648	8.956490516662598	4	Killa
-21.32014274597168	3.761702299118042	0	Gladwell
-5.746814727783203	17.534805297851562	2	Caylee
1.186516284942627	-30.839778900146484	6	Coopers
-31.333152770996094	3.630918025970459	9	DRE
13.754987716674805	-32.36398696899414	6	blackouts
38.612693786621094	-15.377518653869629	8	enslave
40.665958404541016	-10.049565315246582	8	insurrection
-8.283032417297363	17.571887969970703	2	Hezekiah
21.32731819152832	23.282453536987305	5	Stellenbosch
-8.183343887329102	-12.63144302368164	4	Joba
20.661447525024414	-19.359031677246094	7	workman
-21.819658279418945	20.24734878540039	0	Bulger
2.754984140396118	6.797456741333008	4	Fatboy
-9.262981414794922	15.548029899597168	2	Gabriele
-9.216370582580566	12.387251853942871	2	Effie
10.431848526000977	7.338466167449951	10	sorghum
14.337282180786133	27.142990112304688	5	Tremont
-16.85540008544922	-0.5230395197868347	2	Killian
-16.749290466308594	-9.273331642150879	4	Sheba
-6.8605475425720215	-13.515517234802246	4	capo
-10.345141410827637	0.10634008795022964	5	Bessemer
6.3290629386901855	3.0523552894592285	4	Bossa
36.22402572631836	-14.944122314453125	8	barricade
-0.8338807225227356	28.329345703125	5	Greenleaf
-5.293271541595459	1.552852749824524	4	Doral
-24.68254280090332	-9.017889022827148	4	Amare
16.427967071533203	25.24506378173828	5	Woodbine
5.7439398765563965	-30.84242820739746	6	dimes
-46.03767013549805	10.179256439208984	3	Carribean
23.10529136657715	-14.702394485473633	1	inhabitant
39.504581451416016	-10.9110689163208	8	embezzlement
-25.204975128173828	13.53416919708252	9	Solange
-14.373539924621582	13.320677757263184	2	Jolene
24.379837036132812	-20.799442291259766	7	journeyman
-12.310002326965332	5.852179050445557	2	Dougie
-26.67402458190918	14.07784366607666	9	Wyclef
-17.440631866455078	-8.04603099822998	2	Marquise
-19.784160614013672	23.64288330078125	0	Pistorius
-13.992390632629395	-19.872562408447266	10	dynamo
-22.755325317382812	4.840914249420166	2	Jemima
-20.669404983520508	-0.5761860609054565	2	Idris
-21.433874130249023	18.66278648376465	0	Mikel
-16.172168731689453	22.699832916259766	0	Garibaldi
9.176789283752441	16.68397331237793	4	Romulus
-21.43405532836914	16.16996955871582	4	Chaka
13.862996101379395	13.96335220336914	4	Vostro
-3.87422251701355	-16.95578384399414	10	Bacardi
28.496889114379883	-2.7355661392211914	10	embolism
15.591955184936523	25.91364097595215	5	Steubenville
-18.527978897094727	-4.46256160736084	2	Uriah
-7.8141865730285645	18.34410285949707	2	Frieda
41.524349212646484	-14.719637870788574	8	cuffed
7.5488739013671875	23.71662712097168	5	Sevier
17.72538185119629	2.436784267425537	9	Ghostface
12.46300983428955	26.391082763671875	5	Hunterdon
17.03603172302246	24.667238235473633	5	Altamonte
13.784358024597168	-32.89791488647461	6	gunshots
33.36170959472656	5.525082588195801	1	bioavailability
10.970537185668945	6.079415321350098	4	Copacabana
-5.949927806854248	11.449448585510254	2	Elly
14.478815078735352	12.281296730041504	4	gusset
42.00625991821289	-13.605084419250488	8	birthed
-6.946717262268066	1.5017277002334595	4	Dekalb
-49.976985931396484	9.873884201049805	3	Liberian
-14.77337646484375	22.158401489257812	2	Yasser
40.705020904541016	-11.328557968139648	8	Unrest
-29.668777465820312	14.418384552001953	9	Swizz
11.569595336914062	-34.41110610961914	6	dreads
4.291221618652344	24.857189178466797	5	Gastonia
10.607320785522461	25.94523048400879	5	Dunwoody
-43.3961296081543	12.459176063537598	3	Afrika
5.1214165687561035	-28.372709274291992	6	SHS
-5.800128936767578	5.435505390167236	4	Gerson
-14.860666275024414	2.479712724685669	5	Suggs
-28.0787353515625	16.20135498046875	9	Tyga
26.173667907714844	-21.281766891479492	7	barista
13.341497421264648	-11.656980514526367	1	strident
23.476125717163086	-19.386478424072266	7	Storyteller
-16.52948570251465	22.778493881225586	0	Hoffa
41.82366943359375	-12.379916191101074	8	enslavement
8.549068450927734	-18.233251571655273	10	rheumatic
-21.95467185974121	21.933385848999023	0	Mbeki
15.728829383850098	11.84692096710205	6	Donruss
-21.37569236755371	3.761754035949707	0	Sowell
17.139497756958008	18.250532150268555	5	Safariland
-1.1772953271865845	21.151966094970703	5	Garrard
4.139298439025879	9.994416236877441	4	Aquila
9.621118545532227	-32.5205192565918	6	grilles
-3.8122808933258057	-1.0212441682815552	4	Tema
-1.4758107662200928	0.257645845413208	4	BPL
15.570724487304688	22.878507614135742	5	Endicott
10.455968856811523	26.833091735839844	5	Yorkville
-22.437095642089844	19.661731719970703	0	Aristide
25.65685272216797	-20.776927947998047	7	coffeemaker
36.01954650878906	-13.047087669372559	8	unbound
-5.83201265335083	14.522403717041016	2	Rhiannon
-18.982595443725586	-2.073662519454956	2	Chrissie
10.726101875305176	23.127361297607422	5	Dunfermline
21.04149627685547	-14.496649742126465	1	Ramblers
-19.32649803161621	-10.708500862121582	5	Burress
-19.34532356262207	4.318422317504883	5	Robeson
11.988286018371582	24.315114974975586	5	Stroudsburg
36.630245208740234	-10.490477561950684	8	livid
29.834529876708984	6.134368896484375	4	Nebuchadnezzar
9.51506519317627	-15.282342910766602	10	Strider
32.27792739868164	1.143954873085022	1	GeoQuote
-1.2567285299301147	14.988425254821777	5	Scofield
21.706924438476562	-15.747299194335938	7	originators
4.987985134124756	-19.268056869506836	10	Manna
36.020381927490234	-13.047447204589844	8	Unbound
14.47938346862793	-31.410158157348633	6	fugitives
6.536810398101807	16.121187210083008	4	Safco
-26.008718490600586	-6.871796607971191	2	Issac
37.707542419433594	-13.208544731140137	8	Forsaken
-6.758498668670654	-0.758316159248352	5	Tammany
-13.898293495178223	-9.174505233764648	4	Bijou
5.169763565063477	-32.023948669433594	6	Mules
-2.8573837280273438	12.767984390258789	2	Oberon
14.070262908935547	5.3201470375061035	9	Raekwon
-32.06470489501953	7.844456672668457	9	Kony
11.716357231140137	-13.957818984985352	10	recluse
24.220718383789062	-20.14422607421875	7	Cobbler
15.378716468811035	28.341232299804688	5	Smithville
5.299563407897949	22.79915428161621	5	Elkton
17.033294677734375	-10.92019271850586	1	Liberator
-31.30569076538086	0.28400668501853943	9	Killah
11.450018882751465	-2.229543685913086	5	BamaOnLine
-5.178747177124023	26.465736389160156	5	Pimlico
-4.541700839996338	13.869741439819336	2	Darrow
-16.136754989624023	-1.5890867710113525	2	Freda
9.903194427490234	17.95566177368164	2	Darrel
-1.9558683633804321	27.499942779541016	5	Mineola
3.066892623901367	11.108046531677246	4	ELCA
4.988061428070068	-19.267900466918945	10	manna
-41.25813293457031	10.570247650146484	4	Nubian
-12.810662269592285	19.612598419189453	2	frederick
38.28120803833008	-2.4969003200531006	8	mugging
-10.22136116027832	-10.715301513671875	4	Mimosa
-26.476627349853516	17.253278732299805	9	Angelou
7.705984592437744	-17.63664436340332	10	EPHEDRINE
10.430415153503418	-31.282093048095703	6	cornerstones
-27.79851722717285	-17.845340728759766	2	coleman
-13.779969215393066	8.765368461608887	2	Garrick
-12.745787620544434	11.687299728393555	2	Yahya
38.221717834472656	-9.2470064163208	8	forbearance
2.041063070297241	3.7008376121520996	5	Ambler
-7.844812870025635	-9.622305870056152	4	diam
-6.758506774902344	-2.7865447998046875	4	Arusha
-44.777549743652344	16.27961540222168	3	Zaire
-1.5557422637939453	10.177249908447266	4	Deville
26.792850494384766	-21.36590003967285	7	Barista
0.009218559600412846	24.69498062133789	5	Oglethorpe
11.031829833984375	-8.938535690307617	1	Agape
-23.40512466430664	19.44467544555664	0	Jamaal
12.763364791870117	27.53384780883789	5	Smithtown
2.795542001724243	-14.38842487335205	9	Kwanzaa
-45.241966247558594	8.583627700805664	3	Freetown
21.349557876586914	25.161069869995117	5	Kinsella
5.742742538452148	3.9401206970214844	4	Negra
-46.903785705566406	12.253143310546875	3	Guiana
-7.202857971191406	13.296468734741211	2	Elissa
-16.16794204711914	-13.194058418273926	4	Rasa
32.46711730957031	1.9754458665847778	1	PodcastsDonate
-10.590062141418457	7.323565483093262	2	Haile
-32.6055793762207	-14.352368354797363	2	nelly
7.413424491882324	-16.002561569213867	10	Cornbread
12.561494827270508	-0.20834432542324066	9	Selah
-25.713552474975586	0.7560089826583862	9	Kweli
-5.628257751464844	-13.66114330291748	4	Deadman
4.333999156951904	-11.181657791137695	1	brotha
40.704315185546875	-8.50437068939209	8	stateless
-5.010838508605957	-1.8176149129867554	4	Emerica
-12.613325119018555	-8.27272891998291	4	Contessa
1.324877142906189	24.88333511352539	5	Ouachita
26.551687240600586	-3.440194845199585	10	borehole
10.6554594039917	-32.96935272216797	6	Essences
-24.5302791595459	-11.330283164978027	2	Isiah
-12.369549751281738	12.865265846252441	2	Emmanuelle
6.592610836029053	5.9605393409729	4	gdb
1.0753469467163086	10.238821029663086	4	jojoba
-29.87628936767578	15.510404586791992	9	Farrakhan
-25.76563262939453	13.532562255859375	9	Jadakiss
-20.53862953186035	20.855670928955078	0	Landrieu
-26.2298641204834	-11.798301696777344	2	Donnell
-14.699479103088379	-9.559101104736328	4	Blackie
10.430904388427734	17.37325096130371	4	Samuelson
-2.573045253753662	27.765525817871094	5	Flatbush
-4.0193891525268555	12.516554832458496	2	Stedman
32.787109375	4.331445693969727	1	Tablature
-17.6103458404541	8.424474716186523	2	Keisha
14.544099807739258	2.5202746391296387	9	Creedence
-16.19312858581543	-18.215866088867188	10	carver
6.364810943603516	11.6336088180542	4	DSR
23.1583309173584	-2.7815651893615723	10	rheumatism
22.635826110839844	-15.135842323303223	1	dweller
1.075396180152893	10.238871574401855	4	Jojoba
25.480680465698242	-22.883115768432617	7	Labourer
-28.39470100402832	14.768011093139648	9	RZA
15.370006561279297	-10.93104362487793	1	goldmine
19.37273597717285	-11.912219047546387	1	Wayfarer
-28.9405517578125	12.781390190124512	9	Outkast
21.00957489013672	1.7234970331192017	1	Hashanah
3.373671770095825	-30.06728172302246	6	Molasses
5.706814765930176	18.135831832885742	5	Tyneside
9.943174362182617	-13.452939987182617	1	Stepper
25.588796615600586	-3.0633959770202637	10	Huntress
-26.748493194580078	5.917752742767334	0	Ezio
19.38686180114746	27.099964141845703	5	Lansdale
-11.7556734085083	1.6761112213134766	5	Burks
20.81511688232422	28.520496368408203	5	Cartersville
8.569234848022461	20.932069778442383	5	Audrina
3.64753794670105	-2.1712441444396973	4	NBER
35.439212799072266	-2.3300862312316895	6	marchers
2.911803960800171	20.15827178955078	5	Carteret
-20.242652893066406	6.92511510848999	4	Shabazz
-19.82769012451172	1.9708279371261597	2	Durden
-0.03175227716565132	-30.80377197265625	6	Abrahams
4.1923508644104	-31.570262908935547	6	zebras
-29.91179847717285	6.4473137855529785	0	bowie
-20.865816116333008	19.79999351501465	0	Evra
20.843292236328125	24.612655639648438	5	Otsego
15.370148658752441	-10.931150436401367	1	Goldmine
38.66000747680664	-5.735680103302002	8	abolitionist
18.198974609375	27.874042510986328	5	Waynesville
6.887868881225586	26.26628303527832	5	Hallandale
12.296003341674805	-1.4488439559936523	1	Lionheart
0.7421689629554749	3.377830743789673	5	Shuster
1.7663352489471436	-28.853479385375977	6	negroes
-6.322854995727539	10.960688591003418	2	Germaine
9.876507759094238	22.00168800354004	5	Kilburn
-8.247476577758789	12.462302207946777	2	Selene
-44.83909225463867	14.443963050842285	3	Timbuktu
27.446252822875977	-4.347166061401367	7	effigy
17.219823837280273	24.272293090820312	5	Pisgah
24.282236099243164	-9.838342666625977	1	Worksafe
42.18996810913086	-10.886465072631836	8	Abolition
36.89451599121094	-14.483695983886719	8	unsealed
-10.816633224487305	16.67962646484375	2	Christo
-44.55436325073242	13.283815383911133	3	Kigali
11.796229362487793	-34.769412994384766	6	dreadlocks
40.753936767578125	-1.8869017362594604	8	nullified
15.83476448059082	13.50029468536377	1	stearate
37.576927185058594	-16.032400131225586	8	deadbeat
30.62419891357422	7.653007507324219	10	IAAF
37.10108184814453	-3.9825265407562256	8	recidivism
-11.484798431396484	-5.011599063873291	4	BDC
18.415935516357422	28.938159942626953	5	Uniontown
-43.10575485229492	11.779930114746094	3	Zambezi
12.922958374023438	-34.604827880859375	6	ghettos
-11.864458084106445	4.529266357421875	4	Obie
4.339010238647461	22.61605453491211	5	Beaconsfield
-15.263604164123535	-6.864158630371094	4	Eze
-11.25088119506836	9.270638465881348	2	Livia
14.085272789001465	21.267099380493164	5	Clydesdale
-3.9203686714172363	25.653457641601562	5	Bushwick
15.037378311157227	24.680837631225586	5	Rosemount
11.210054397583008	27.86333465576172	5	Sevierville
-4.375509738922119	12.144428253173828	2	Isaacson
-30.250732421875	-9.828876495361328	2	erica
10.678593635559082	-7.849148273468018	1	Liber
-14.583284378051758	10.498730659484863	2	Claudette
11.646751403808594	26.583351135253906	5	Lumberton
-32.769588470458984	8.131275177001953	0	Ebola
9.338995933532715	20.37948226928711	5	Aurelia
-9.168472290039062	-5.573227882385254	4	Moussa
-27.414445877075195	14.308134078979492	9	Rakim
-26.47892189025879	-1.3230981826782227	9	Fela
-18.701622009277344	1.4256421327590942	2	Kross
-25.35732078552246	-1.9858980178833008	4	Asante
-20.96882438659668	-22.067180633544922	10	EBONY
13.249266624450684	12.728048324584961	5	WHQL
3.0814356803894043	23.854597091674805	5	Canandaigua
11.346722602844238	-11.061625480651855	1	pariah
-21.544578552246094	1.1703455448150635	9	Wilberforce
-1.0292094945907593	25.401451110839844	5	Ridgeland
-1.1248650550842285	17.096675872802734	5	Haynesworth
-22.91969108581543	6.3812479972839355	9	Thurgood
6.592634201049805	5.9605231285095215	4	GDB
11.83520793914795	17.58660316467285	4	Nicodemus
-32.40101623535156	2.733874559402466	9	soulja
13.836990356445312	2.0092811584472656	9	Steppenwolf
-27.486068725585938	7.089179992675781	0	Raheem
-10.001140594482422	8.06369400024414	2	Manasseh
11.031847953796387	-8.938356399536133	1	agape
0.9519680738449097	27.244991302490234	5	Statesville
-18.075618743896484	-13.353784561157227	4	Adama
-0.5061600208282471	26.039207458496094	5	Barksdale
10.80688190460205	13.131680488586426	5	Spurlock
28.0500545501709	-16.52113914489746	7	Pacemakers
-14.512896537780762	17.03491973876953	2	Youssef
14.702696800231934	-32.8846435546875	6	kneels
7.784156322479248	25.306964874267578	5	ETSU
-3.8853187561035156	14.966852188110352	5	Althea
-8.90056324005127	2.6990933418273926	4	Tybee
-17.269916534423828	-1.3713237047195435	2	Yousef
-8.154328346252441	10.240143775939941	2	Eliezer
-1.5558801889419556	10.177299499511719	4	DeVille
5.3348517417907715	21.737768173217773	5	Bethune
-6.557200908660889	12.319391250610352	2	Dede
6.206736087799072	-25.167587280273438	3	Zimbabweans
11.662972450256348	16.875547409057617	4	Eusebius
0.19481270015239716	-0.685791552066803	4	Ventana
21.951723098754883	-20.078359603881836	7	shoemaker
9.488120079040527	27.30776023864746	5	Linfield
37.771575927734375	-7.717097282409668	8	desegregation
-6.323215007781982	3.9007229804992676	4	Ambrosio
26.702741622924805	-0.8659659028053284	10	atherosclerotic
15.198148727416992	21.123498916625977	5	Ridgeline
-49.38056182861328	10.348186492919922	3	Malian
22.841089248657227	-1.9173023700714111	10	pneumococcal
6.144038677215576	-8.16245174407959	1	ammount
-26.373931884765625	18.68344497680664	0	ACDC
-10.45335578918457	6.170880317687988	2	Mungo
-19.527555465698242	5.531285285949707	4	Okafor
3.98504900932312	-23.15144920349121	10	Cheetahs
9.064786911010742	-11.311397552490234	1	Torchlight
-13.303046226501465	-7.95090913772583	4	Elson
-49.172874450683594	10.731494903564453	3	Senegalese
-44.55354690551758	17.680490493774414	3	Bamako
18.87974739074707	24.563549041748047	5	Bakewell
6.332658290863037	23.093421936035156	5	Stanfield
17.02820587158203	5.228387832641602	9	Zydeco
2.0316262245178223	-0.9554435014724731	4	Ecru
6.207244396209717	-25.684770584106445	6	Copts
20.749755859375	2.159670352935791	1	Gethsemane
-4.641593933105469	0.34249526262283325	4	Juba
-9.640161514282227	-16.145540237426758	1	volta
-21.641277313232422	21.53365135192871	0	Kenyatta
-9.409159660339355	-10.714101791381836	4	DRO
17.44721031188965	25.624832153320312	5	Neosho
0.7345980405807495	-2.7986128330230713	4	Edom
9.002460479736328	-32.040565490722656	6	forges
-11.469557762145996	-11.32605266571045	5	Candler
20.259674072265625	-16.11649513244629	7	Deaconess
-26.45917320251465	-9.628972053527832	2	Tyrese
-3.367741823196411	0.40853452682495117	4	Camara
24.295753479003906	-22.443971633911133	7	Laborer
-43.83833312988281	18.048524856567383	3	Sahel
-10.989879608154297	-9.46944808959961	4	eke
-9.236863136291504	-4.185837268829346	4	Sabra
15.523908615112305	15.923421859741211	4	SugarCRM
-44.94272994995117	15.251107215881348	3	Abidjan
17.222082138061523	9.619412422180176	4	DNB
26.569833755493164	-18.59478187561035	7	Minstrel
-27.369178771972656	16.716835021972656	9	Rhianna
-12.899221420288086	0.13882870972156525	5	Gautier
-24.112207412719727	13.065643310546875	9	Liberace
12.343666076660156	4.950304985046387	9	Amistad
-13.748828887939453	-13.091968536376953	4	EBM
-12.089330673217773	12.30591869354248	2	Fausto
-4.479428291320801	-10.392534255981445	5	Missourian
0.8105499148368835	6.675909042358398	4	Gerger
-24.721065521240234	18.331405639648438	0	ciara
17.851987838745117	2.3669707775115967	9	Babyface
33.69442367553711	-14.356167793273926	1	evocation
-24.005821228027344	-16.789644241333008	4	Baraka
-4.412813186645508	9.54361343383789	4	Grillo
11.287252426147461	1.2834346294403076	9	Afrojack
-10.306622505187988	-4.498229503631592	4	Thabo
-18.03129005432129	-2.4514286518096924	2	Joelle
26.622150421142578	-18.657180786132812	7	minstrel
-22.206275939941406	6.415080547332764	9	Belafonte
18.89569854736328	28.452518463134766	5	Unionville
-14.085260391235352	14.185966491699219	2	DeAndre
40.16090774536133	-15.024967193603516	8	emancipated
2.7282347679138184	25.509357452392578	5	Statesboro
-27.39603614807129	18.348424911499023	0	guetta
-12.919395446777344	19.77110481262207	2	FREDERICK
6.841577053070068	-5.998490333557129	10	wellbore
20.88846206665039	-1.7010531425476074	10	Tiramisu
3.936553955078125	19.196836471557617	5	Georgiana
27.532581329345703	-21.58052635192871	7	Coffeemaker
-27.683101654052734	12.452842712402344	9	Tubman
37.92041015625	-16.691835403442383	8	unmasked
-7.137000560760498	5.085256576538086	4	Sheva
-25.351411819458008	-6.294766426086426	2	Emanuele
31.202194213867188	5.576052665710449	9	Goodfellas
-20.457487106323242	5.8554182052612305	9	Plaxico
13.363378524780273	-13.284503936767578	1	UNITY
-0.16960735619068146	26.986448287963867	5	Ogletree
20.888713836669922	-1.701021671295166	10	tiramisu
1.8111621141433716	7.537254810333252	4	Bustamante
-5.342719554901123	9.903780937194824	2	Livni
-13.099979400634766	-10.182040214538574	4	Jamba
28.674747467041016	-6.358460426330566	1	TopicsReprintsHelpWrite
6.353640556335449	3.0083839893341064	4	bossa
-47.91999435424805	11.044975280761719	3	Angolan
-0.22940173745155334	19.79827880859375	5	Elston
17.565786361694336	28.351511001586914	5	Wellsville
36.0915412902832	-14.38440990447998	8	Barricade
-46.58076095581055	9.643784523010254	3	carribean
37.941436767578125	-14.313920974731445	8	dispossessed
1.028739333152771	8.219921112060547	4	Cardone
16.3126163482666	17.79833984375	4	Athabasca
21.5291805267334	-0.7790930271148682	10	pseudoephedrine
2.300814390182495	20.784685134887695	5	Rodale
-11.859363555908203	9.82044506072998	2	Elana
-24.799774169921875	-0.4885130226612091	4	Blac
-6.7245965003967285	-6.8775200843811035	5	Rhoades
13.760120391845703	-34.11598587036133	6	Misérables
11.81624698638916	-32.72667694091797	6	rifts
-14.469271659851074	22.435768127441406	2	Abdallah
8.239062309265137	-3.184220552444458	5	Knickerbocker
8.288896560668945	-17.428443908691406	10	Ephedrine
8.758866310119629	-7.066904067993164	1	Audigier
-20.747705459594727	7.172258377075195	9	Dizzee
7.2577409744262695	-19.046035766601562	10	lioness
-12.34643840789795	1.2360353469848633	5	Americus
28.441547393798828	-18.910066604614258	7	playmakers
30.64788055419922	-4.211137771606445	1	Strides
41.65680694580078	-3.198589563369751	8	barricaded
33.02274703979492	3.249267578125	1	MagnetStreet
4.081537246704102	20.744718551635742	5	Thibodaux
44.20444107055664	-10.953717231750488	8	Enslaved
-15.634992599487305	-10.577814102172852	4	diamante
-31.033092498779297	-16.69263458251953	2	isaac
2.356116533279419	-32.037845611572266	6	emphases
33.893611907958984	-14.580486297607422	1	revocable
-2.29410457611084	2.136732578277588	4	Eko
28.753583908081055	-20.593000411987305	7	coffeemakers
-10.019662857055664	-3.922708749771118	4	Adamo
28.239351272583008	5.546611785888672	9	Peacemaker
23.203535079956055	-3.9288904666900635	7	Freemason
32.54904556274414	-4.36925745010376	6	Lamentations
-13.472064018249512	-5.199105739593506	4	Pumas
-11.330102920532227	10.726822853088379	2	Fredric
7.271475791931152	-19.038311004638672	10	Lioness
39.43449020385742	-8.719868659973145	8	repossessions
18.625459671020508	17.688718795776367	1	NileGuide
9.60101318359375	5.705666542053223	4	jamb
28.714933395385742	-9.51289176940918	1	TownePlace
20.914066314697266	22.80954360961914	5	Ngorongoro
-11.251384735107422	13.258983612060547	2	Sandie
10.164705276489258	28.276060104370117	5	Urbandale
12.493753433227539	1.4668313264846802	9	Kaskade
-13.903486251831055	-3.9873833656311035	0	Museveni
4.277036190032959	21.09458351135254	5	Boudreaux
14.678003311157227	17.595298767089844	4	GEDCOM
27.50111198425293	6.3743205070495605	9	Eurythmics
-26.746747970581055	6.006718635559082	0	Stipe
27.964378356933594	-3.6844215393066406	10	revascularization
7.274514675140381	-4.145035266876221	5	Beanstalk
0.9233953356742859	25.39874267578125	5	Opelika
0.24928037822246552	3.818878173828125	5	Eerdmans
-5.615478038787842	4.138612747192383	4	Monteverde
-7.338559627532959	3.320112705230713	4	Rizzoli
-13.843855857849121	14.730867385864258	2	Thibodeau
23.191076278686523	-14.18881893157959	1	Inhabitat
36.825225830078125	-16.263410568237305	8	drummed
24.951663970947266	-2.0840930938720703	10	ziplock
-30.6517333984375	-16.988605499267578	2	ISAAC
10.46849250793457	13.118383407592773	5	Lovelock
-7.873900890350342	8.327391624450684	2	Carlotta
9.34619140625	-30.450153350830078	6	shrouds
19.900135040283203	25.99393653869629	5	Haddonfield
12.972990989685059	11.4137601852417	1	Wellsphere
13.150304794311523	17.60971450805664	4	Rebeca
15.134936332702637	13.646891593933105	4	Bariloche
-11.73708724975586	15.010381698608398	4	Bassey
14.105085372924805	25.47050666809082	5	Eufaula
2.20585036277771	-2.3323304653167725	4	EDOC
-14.91776180267334	-11.427453994750977	4	Soule
14.978154182434082	23.292570114135742	5	Quitman
41.60921859741211	-9.053668975830078	8	joblessness
-11.277853012084961	-14.09394645690918	4	EBV
3.954888105392456	-2.950843095779419	1	Acuvue
41.66197967529297	-1.5774667263031006	8	burglarized
3.9761548042297363	-23.151283264160156	10	cheetahs
40.6834602355957	-9.816423416137695	8	Insurrection
16.498491287231445	2.541639804840088	9	Chamillionaire
15.482714653015137	15.030794143676758	4	Negroponte
2.0133779048919678	-31.4071102142334	6	Freemans
-44.187931060791016	15.018964767456055	3	Bafana
36.92256164550781	-12.413784980773926	8	homebound
21.966976165771484	-18.5947208404541	7	Illuminator
-7.737270832061768	-9.601326942443848	4	Diam
17.20703887939453	9.566893577575684	4	DnB
5.639461994171143	-17.708696365356445	10	wildebeest
12.641776084899902	-33.254024505615234	6	Busts
16.375812530517578	29.033191680908203	5	Prattville
31.931461334228516	3.1007540225982666	1	Soccerway
15.849018096923828	9.04052448272705	4	killa
13.87680435180664	16.26525115966797	4	ElBaradei
21.94968032836914	25.105525970458984	5	Usborne
20.00923728942871	27.677230834960938	5	Princeville
18.61488151550293	-11.8286714553833	1	HomeFinder
28.056461334228516	-16.538816452026367	7	pacemakers
17.22099494934082	21.970380783081055	5	Longstreet
5.2159504890441895	27.427560806274414	5	shreveport
28.60629653930664	-5.148474216461182	1	eavesdrop
-13.634588241577148	5.728470802307129	2	Damion
-16.21045684814453	-13.176572799682617	4	rasa
11.623051643371582	27.277339935302734	5	Zionsville
17.565088272094727	27.356000900268555	5	Lindenhurst
6.085402965545654	12.380162239074707	4	MPORA
-18.062740325927734	-0.024975640699267387	2	Stephon
30.00007438659668	7.132626056671143	10	marimba
22.1650390625	-18.674911499023438	7	illuminator
-1.892068862915039	13.107856750488281	4	Bathsheba
32.22437286376953	4.112840175628662	1	Einsteinexample
-25.419185638427734	3.1578314304351807	2	Audie
6.438814163208008	-10.412385940551758	1	redeemer
-7.201728343963623	-19.16425132751465	10	ONYX
19.730409622192383	28.521509170532227	5	Auburndale
30.500587463378906	-9.810373306274414	1	Birthright
-25.9979305267334	14.938532829284668	9	jeezy
8.42780590057373	-2.7860026359558105	4	Brickman
10.004490852355957	-8.081639289855957	1	Ignace
-2.572488784790039	1.3958796262741089	4	Kadima
-47.529727935791016	9.77934741973877	3	Rhodesian
19.309768676757812	-18.02716064453125	7	Emcee
28.23261260986328	5.55082893371582	9	peacemaker
13.142528533935547	-31.54773712158203	6	redemptions
12.948932647705078	-9.320836067199707	1	Sojourner
8.831302642822266	-11.759160995483398	1	elapse
-17.737293243408203	-8.231270790100098	2	marquise
15.742751121520996	26.940597534179688	5	Collegeville
31.056381225585938	6.60587739944458	10	zumba
27.89911460876465	6.556238174438477	9	Beefheart
33.43844985961914	4.432977199554443	1	blockquote
0.7632874250411987	-2.190521717071533	4	DSE
-9.607264518737793	-7.165248870849609	4	Gabel
-16.96461296081543	2.0235657691955566	2	Obadiah
13.591986656188965	17.09348487854004	4	Jeroboam
6.16084098815918	-26.332237243652344	6	saps
-30.64116859436035	0.8323712944984436	9	ODB
2.0439813137054443	1.5044041872024536	5	WellPoint
-25.399972915649414	-0.17999476194381714	4	Bamba
4.851141452789307	16.880706787109375	4	Crescenta
-23.722490310668945	-1.074472188949585	4	Nnamdi
4.387599468231201	-11.171606063842773	1	Brotha
27.2545108795166	-1.8978816270828247	10	endocarditis
-3.4524073600769043	0.534170925617218	4	camara
9.52182388305664	23.658794403076172	5	Moselle
-26.159086227416992	-17.144346237182617	0	Amari
41.51909637451172	-5.731756210327148	8	abrogated
-14.035212516784668	7.699183464050293	2	Richelle
-23.632484436035156	17.66445541381836	0	Eazy
4.846261978149414	16.43798065185547	4	Necole
9.047121047973633	25.363454818725586	5	Tifton
20.5450382232666	26.89099884033203	5	Belgrave
-4.024675369262695	3.395386219024658	4	Montel
-13.18714427947998	-15.777323722839355	4	rasta
4.206202507019043	-1.489871859550476	5	Blaylock
7.563175678253174	21.425596237182617	5	Neufeld
-31.036598205566406	2.5493791103363037	9	jah
6.702877044677734	-8.345768928527832	1	acount
1.756608009338379	11.44131851196289	4	Golda
-45.03343200683594	6.348888397216797	3	harlem