x	y	effect_size
-21.120929718017578	11.092183113098145	-0.9745291613141625
-20.516891479492188	10.433403968811035	-0.9663782037698232
-31.561782836914062	-15.618978500366211	1.1292756692556984
-31.465885162353516	-16.079500198364258	1.1329829751831368
-20.956371307373047	11.230351448059082	-1.0756528078286525
-22.367534637451172	15.759014129638672	-0.7781158975715409
41.36042785644531	-7.22733211517334	-0.0516660548149473
41.39738464355469	-7.0207743644714355	-0.0753641523965461
-22.778879165649414	16.15212631225586	0.7960879067321538
-25.61539077758789	16.01720428466797	0.7476150496561692
-30.507667541503906	15.58069133758545	-0.5921976087585612
-25.921873092651367	15.745094299316406	-0.6952877014902625
-30.364656448364258	15.841712951660156	0.5711980341737111
-23.5141658782959	20.413623809814453	0.512086850081304
-23.511293411254883	20.432117462158203	0.0231988559410944
-32.41387176513672	15.726837158203125	-0.440951755370662
-32.430870056152344	15.74932861328125	0.528424836906478
40.3653450012207	-6.543848991394043	-0.184183604008401
-32.02973556518555	-14.397049903869629	1.1935680140802742
40.73969650268555	-17.564828872680664	0.5126587016711175
42.38689422607422	-17.734281539916992	-0.0865573045873129
42.14326477050781	-21.133249282836914	0.1665812825260429
41.78835678100586	-20.666166305541992	0.3202784851238473
40.86899948120117	-18.52082061767578	0.0298789224739805
44.54134750366211	-18.906505584716797	0.1009383431596038
42.70178985595703	-20.871742248535156	0.4748286327254516
40.73604965209961	-22.53270721435547	-0.5250937616448634
40.32731246948242	-18.5268611907959	-0.1210704353199108
42.09540939331055	-17.290056228637695	0.103974310084661
42.0245361328125	-18.267353057861328	0.0623366922719103
43.200801849365234	-17.52066993713379	0.1356943272768095
45.619319915771484	-16.881378173828125	0.0046588505169205
42.52347183227539	-21.763225555419922	0.5541095136274647
43.38682174682617	-18.11611557006836	0.1372706341427406
42.72652053833008	-11.964776039123535	0.0927391853969704
45.033363342285156	-19.381103515625	-0.0609529552379719
44.095069885253906	-21.976049423217773	0.0628027251481247
44.072933197021484	-16.213890075683594	0.2179916549846122
46.023353576660156	-17.954797744750977	0.2800216011925739
44.11162185668945	-21.04020118713379	0.3138851981969899
45.579811096191406	-15.169014930725098	-0.1893648968631523
46.95217514038086	-17.53118133544922	-0.5485903943307315
43.192996978759766	-12.579611778259277	0.1888729038491087
46.38425827026367	-16.490053176879883	0.3640484432010568
46.00716018676758	-14.623798370361328	-0.1155111002099646
47.90326690673828	-16.09573745727539	-0.7268145050300172
-25.32941246032715	-24.484542846679688	-0.0504148035938467
-6.299186706542969	7.50769567489624	0.2487699138556028
-10.432577133178711	0.9489973187446594	-0.5825076806080712
2.9302475452423096	-4.627321720123291	-0.0075426381079784
7.685612201690674	-2.7048707008361816	0.0351256173134012
5.155820369720459	-21.765085220336914	-0.1671822030414624
-24.999393463134766	-23.829374313354492	0.210539296030659
17.329824447631836	-14.02104377746582	-0.2344110589490325
-13.230997085571289	7.228789806365967	0.0620799325243812
-16.9560546875	21.07367706298828	-0.2761512489963049
12.830997467041016	-23.932235717773438	-0.1271234441049224
0.47302961349487305	-25.985885620117188	-0.1336040624450656
8.065226554870605	-14.148880004882812	-0.1036797744955408
-10.054509162902832	5.637463569641113	-0.2679412874978416
-3.5042519569396973	-9.597020149230957	-0.3380701062351818
5.49484395980835	11.15848445892334	-0.5345066501093261
3.2033090591430664	-16.457571029663086	-0.4981891276222046
-20.352548599243164	-24.105382919311523	-0.1620498116662512
-20.33553695678711	-24.166166305541992	-0.3041797975500824
-2.6175708770751953	-1.8514595031738281	-0.9926809616767778
12.191800117492676	-24.06380271911621	-0.3606701384130357
-2.68196177482605	-3.19102144241333	-1.0359067471045236
5.816198825836182	0.8193381428718567	0.0536803299320129
-10.597009658813477	9.828701972961426	0.0415731034270156
4.429226398468018	-1.9661434888839722	-0.0378193575007475
12.848100662231445	17.852649688720703	-0.3223971466020229
17.37110137939453	-13.90117359161377	-0.1688563311125813
6.704089164733887	-1.0415221452713013	-0.1049616675128862
5.5169172286987305	-10.470357894897461	-0.2062995894034092
-19.308334350585938	-0.6205145716667175	-0.2455617315755147
0.26393115520477295	-26.99110984802246	-0.0463371550215177
10.317482948303223	-27.526838302612305	-0.1995739889983004
-27.845043182373047	-22.14133071899414	-0.1715547335307145
10.58526611328125	14.59339714050293	-0.5875437907946771
20.695268630981445	-18.538549423217773	0.2286716788574465
-8.550642967224121	10.779129028320312	-0.299863946960495
3.2051162719726562	32.667869567871094	-0.3150407346794445
-5.833135604858398	-4.688174724578857	-0.4559640030052587
16.730493545532227	-21.730545043945312	0.3035570780804187
7.207653999328613	-11.924127578735352	-0.5158271313621443
6.796837329864502	-9.853052139282227	-0.2550926011553268
14.080399513244629	-12.321605682373047	-0.561548359419718
9.198787689208984	19.995037078857422	-0.2452465852934782
4.348750114440918	9.126280784606934	-0.3038668085541698
7.716446876525879	26.559513092041016	0.036081050064162
12.036141395568848	35.23227310180664	0.0233181175202815
0.0508815161883831	-26.295612335205078	0.1948250342840096
-23.904727935791016	-20.880102157592773	-0.1479938607364582
4.239990234375	6.594783782958984	-0.0537762333986267
4.594298839569092	20.266578674316406	-0.157248593779017
12.549406051635742	-14.344686508178711	-0.3445947807564968
-23.120256423950195	-25.26532745361328	-0.0627091768094834
18.908512115478516	-13.665409088134766	-0.3278933317427573
-6.259069919586182	7.436858177185059	-0.0318213755068527
9.268572807312012	-3.3137309551239014	-0.0009355951597889
16.295387268066406	-21.628530502319336	0.5352248447128704
-21.228769302368164	-29.182512283325195	-0.1232296998938356
5.849876880645752	-17.758420944213867	-0.2364611686691273
-16.26675796508789	-0.8612983226776123	-0.1994645678500231
6.33559513092041	-22.32863998413086	-0.3466849515345345
13.428815841674805	-39.527408599853516	0.1237014224288714
-14.053142547607422	-4.385378360748291	-0.1355405344155349
-20.20627784729004	34.29817199707031	-1.2574017976786116
-40.07576370239258	13.399965286254883	0.4525887511496086
-35.650325775146484	-5.372526168823242	-0.0444575607423168
6.470332622528076	-26.61285400390625	-0.1438698764628893
-6.94209623336792	3.1455135345458984	0.2152099909229715
-17.943256378173828	-5.2762932777404785	-0.3944098485313954
-4.000617504119873	-1.3255435228347778	-0.4236590247637472
25.85184669494629	8.203579902648926	-0.0790045625454418
-24.430374145507812	-23.15663719177246	-0.2082968094867317
-0.11183911561965942	3.0836730003356934	-0.2363975110451213
14.472830772399902	-12.845138549804688	0.2526896336069129
-0.3716945946216583	-13.854053497314453	0.1968917481452569
0.6500673890113831	-1.1622836589813232	-0.4846750756838585
10.362174987792969	-17.728172302246094	0.0530859597601629
6.212088108062744	-18.978450775146484	-0.4587806520740016
1.1246088743209839	1.2630562782287598	-0.452553356177659
5.8853960037231445	1.9436489343643188	-0.5537093236517678
-24.668088912963867	-25.743446350097656	-0.2022953434349714
21.90846824645996	-24.301979064941406	-0.1946637019810593
29.460468292236328	-5.485227584838867	-0.4039461246722535
26.851232528686523	-8.662137985229492	0.1616642689745218
-31.546661376953125	20.82244300842285	0.0286543552909203
9.046607971191406	-4.294102191925049	-0.1087728100872541
8.2245454788208	-14.381689071655273	-0.1497168607664257
5.245963096618652	-2.147826671600342	-0.0097502908999389
-11.502114295959473	4.245218276977539	-0.4477422829986257
13.728503227233887	-18.91562843322754	-0.2261168236308413
7.83937931060791	26.667062759399414	-0.0692243981622556
-17.72223472595215	3.2106564044952393	-0.7068596727199252
12.467487335205078	-23.911663055419922	-0.1292572141587324
-5.626626491546631	-16.41961097717285	-0.3107799762400268
-4.342986583709717	8.982101440429688	0.713087189138639
-28.702239990234375	-22.371599197387695	0.0679382627075265
-6.842271327972412	6.294684886932373	-0.0422941604438575
12.022774696350098	-13.987910270690918	0.0102520200212437
-3.465646982192993	13.159807205200195	-0.0474438310186331
-17.57891845703125	-12.830340385437012	-1.0746273346522426
1.1264513731002808	-9.314888954162598	0.1985673516541241
-22.368852615356445	-25.85834312438965	-0.0592583168138502
-10.852705955505371	25.039596557617188	-0.1911312541347537
7.2595438957214355	1.1795878410339355	-0.1702239763061409
-26.549758911132812	-5.596297264099121	0.0740471443463345
-0.20221400260925293	-20.527109146118164	-0.515434714949234
-11.525365829467773	25.194137573242188	-0.1051579839249454
-6.259715557098389	22.944488525390625	-1.2361054189246825
-33.539424896240234	31.034320831298828	-0.0719575975759539
-26.13567543029785	10.011051177978516	-0.7611281290830713
10.901031494140625	9.75951099395752	0.3406680936490954
-32.112762451171875	-1.187487006187439	-0.2037858644069634
9.547365188598633	22.113256454467773	0.3239981231934529
24.346776962280273	-4.597434997558594	0.0799819243082438
0.5902912616729736	-36.05605697631836	-0.1775304419508687
2.3078763484954834	23.202646255493164	0.3341969791395902
-20.601991653442383	29.2602481842041	-0.7789354137913409
12.22408676147461	-31.875606536865234	-0.1436788322879822
-7.30726432800293	-14.929756164550781	-0.4641614776684442
-27.872896194458008	-25.556869506835938	0.306309757333229
3.951157808303833	16.141468048095703	-0.6799970608472877
-2.4339702129364014	35.63214111328125	-0.1927131305463874
-28.682453155517578	19.160276412963867	0.1310818885415857
-11.51905632019043	5.008085250854492	-0.340776724458909
-23.472017288208008	-23.10573959350586	-0.1514049203422756
-11.150726318359375	9.981297492980957	0.0205802012905445
-30.193681716918945	-8.476667404174805	0.0803327085096674
25.98993492126465	8.678976058959961	-0.0065348990874404
3.2221872806549072	6.241403579711914	-0.2128654213116697
5.376951217651367	-21.507150650024414	-0.0969564957088718
-8.736953735351562	14.361444473266602	0.135587156899795
18.800378799438477	31.465120315551758	0.4397956362760351
6.087075233459473	24.57633399963379	0.2184222375809246
-9.881471633911133	-0.11092080920934677	-0.5267577287622008
-11.41271686553955	-2.194657564163208	-0.262609248643108
-10.010384559631348	14.984832763671875	-0.6983893023064627
-22.347240447998047	27.478443145751953	0.3442872068382852
-20.27617073059082	-25.39250946044922	-0.3049488395432572
-6.16020393371582	15.873564720153809	-0.1266112417911316
-9.536458969116211	6.032878875732422	-0.1033803803842112
6.615271091461182	0.05035410076379776	-0.2186166835642566
11.489582061767578	37.35900115966797	-0.0780831398496354
-4.451962471008301	44.445804595947266	-0.5446035324677957
23.076061248779297	22.303308486938477	0.1037616260588152
0.35618844628334045	-5.250543117523193	0.4044179281693094
34.17792510986328	10.08698558807373	-0.6394583468389075
-31.17665672302246	2.7324421405792236	0.9455446878595518
-19.153955459594727	18.30181884765625	0.1661139046806239
-4.47755765914917	-11.516256332397461	-0.3047789719271418
13.392892837524414	-33.640865325927734	-0.143557919982399
3.478869676589966	33.26002502441406	-0.1404726840071989
13.784112930297852	-11.612844467163086	-0.4171477595043953
-16.429107666015625	20.715242385864258	-0.1191342597844247
10.490752220153809	-2.511199951171875	-0.0147406570253596
6.366054534912109	-1.924994707107544	0.0247112069883993
6.053298473358154	3.3376593589782715	0.1507867622804802
3.527193784713745	19.241844177246094	-0.4717880876683162
3.504472255706787	-28.019800186157227	0.4810842256267995
9.036248207092285	-4.870636940002441	-0.2232775615072686
3.180510997772217	-2.5971150398254395	-0.1618070904353818
-15.562738418579102	30.050352096557617	-0.89184462075078
-13.050662994384766	3.226623296737671	-0.3956480133861972
-14.549013137817383	11.807291984558105	-0.0135939590904984
3.7927803993225098	8.38496208190918	-0.1176154373567219
18.457435607910156	-13.782048225402832	-0.1956067411823645
0.7748488783836365	-36.63371276855469	-0.140316885705151
17.81793785095215	10.567279815673828	-0.5931547273014832
9.441046714782715	-26.91898536682129	-0.3028456046672247
-17.642288208007812	-8.36823558807373	-0.2098826317487327
-31.133419036865234	-16.891883850097656	1.3506267692073006
8.630858421325684	-8.218531608581543	-0.0542892693292182
-3.4078991413116455	-10.134989738464355	-0.3100582396408517
-26.472436904907227	-24.099594116210938	0.1385322923580394
18.81365394592285	-7.787944316864014	-0.3261870115340122
-23.40086555480957	17.80111312866211	0.800204535358578
-6.396877288818359	-18.770442962646484	-0.1159733891643314
-23.52243423461914	-20.28529930114746	-0.4287368077864746
19.14902687072754	-11.98374080657959	-0.0525831675656355
19.310863494873047	-1.9688584804534912	-0.176284601675235
11.339778900146484	-32.6046142578125	-0.6099709501851451
-0.9947181344032288	5.237598896026611	-0.4972962557445898
13.059974670410156	-23.128135681152344	-0.1153487142739588
14.294963836669922	24.83379554748535	0.2796880790451811
-21.642322540283203	-30.642580032348633	-0.4377181473334616
7.769723415374756	30.852968215942383	-0.1856746190995519
2.658095121383667	13.703311920166016	0.1994654343674072
-13.82642936706543	7.636621952056885	-0.4109209382976406
-0.5487558245658875	-3.6890530586242676	-0.081467164837132
-18.227081298828125	-0.8244034647941589	0.0113728965389092
38.8691291809082	5.6180195808410645	0.5074517236553194
-27.29928207397461	24.016054153442383	0.0292980334790801
18.805892944335938	25.897130966186523	-0.0354246381478971
-27.723033905029297	25.338539123535156	0.2232170967098505
31.986886978149414	14.267040252685547	0.0542526065462464
4.086784362792969	5.878561496734619	-0.2206800725326787
20.44970703125	38.61942672729492	-0.2529448544512355
-1.61155104637146	-4.588602542877197	1.0716104176882015
19.312911987304688	-4.168459892272949	-0.5600132623489976
-32.70468521118164	20.441051483154297	0.2527507327583856
7.799307823181152	-23.130382537841797	-0.7130596250366923
1.3023556470870972	6.994720935821533	-0.1224631710984716
-31.54265022277832	2.097025156021118	1.1250856603113029
7.426568031311035	-41.962825775146484	0.1136426106731464
23.053922653198242	-37.372135162353516	-0.3696494653262558
1.4084404706954956	11.644237518310547	1.147070486554234
7.803774833679199	-22.948713302612305	-0.5676920036487659
6.50618314743042	-5.207223415374756	-0.2477002542936581
-17.196008682250977	14.320368766784668	0.5611882011519994
15.58732795715332	-33.695003509521484	0.1030110648736731
-35.445533752441406	3.936542272567749	0.2370633556094953
-28.73162078857422	19.5759334564209	-0.1040699607277841
-4.5941948890686035	-39.971900939941406	-0.4359207898782993
23.431964874267578	-23.60652732849121	-0.0362923959548958
-22.975568771362305	5.4768500328063965	-0.0232527616833014
-11.675851821899414	-4.857610702514648	-0.2110250392762073
-30.81580924987793	6.699482440948486	1.0267628946671772
30.51025390625	-11.495678901672363	-0.3434141168869964
-18.340999603271484	18.388744354248047	0.0868238400438577
-21.75058364868164	-0.3183346092700958	-0.2618220568596681
-27.936542510986328	-27.397367477416992	0.5139940072513558
-15.547268867492676	4.66298246383667	-0.0893434517209834
-18.304500579833984	1.399908423423767	-0.8910277198015788
-13.646657943725586	5.183473110198975	-0.3448926548186343
-9.296562194824219	18.08902359008789	0.0858878416194324
-6.714591026306152	12.893806457519531	-0.1295833353694456
15.1627779006958	-6.972619533538818	-0.3033949880416531
-32.300045013427734	0.0763247087597847	1.064163071592179
-5.7918829917907715	-9.078206062316895	-0.7112109143499786
12.00426959991455	19.768924713134766	-0.337989893178207
-21.214141845703125	-26.310667037963867	0.2015453531230104
14.49943733215332	23.71752166748047	-0.1670054375021924
15.034523963928223	-10.291119575500488	-0.0999370870864072
-10.986289978027344	7.2576704025268555	0.4867343536291497
12.8859224319458	-38.403236389160156	0.3162205965008847
-8.238950729370117	-34.76729965209961	0.1320147394578077
27.641443252563477	-25.30014991760254	0.077785427897096
-2.5559656620025635	-9.695269584655762	-0.2992053619212476
19.275026321411133	13.692605018615723	-0.5547103897616579
-16.125123977661133	1.7420722246170044	-0.556240280084692
-3.4698684215545654	-2.6998372077941895	0.3461161348259796
-17.105052947998047	19.304964065551758	-0.0311455153667635
-13.261752128601074	27.886924743652344	0.3492827809017197
14.075791358947754	-8.224745750427246	-0.014039862390261
-20.35379409790039	-28.5986385345459	-0.2172581015290752
-15.52733039855957	30.03127098083496	-0.2253066338425171
-26.871253967285156	-22.81214714050293	0.1635925963731073
-13.236371040344238	27.85706901550293	-0.7631481058701941
-8.992478370666504	14.577994346618652	0.0020740290802556
27.749486923217773	-30.636667251586914	0.0833769523596776
2.6295089721679688	-1.0339032411575317	-0.0189407964553266
16.40390396118164	15.91463851928711	0.5356807243297791
-18.539527893066406	40.72785568237305	0.008290769603392
-23.669017791748047	-29.22265625	0.154599275585138
1.9433684349060059	-6.2396979331970215	0.7322383878220946
8.333169937133789	1.4918055534362793	-0.1511869287697483
7.27002477645874	-10.295873641967773	-0.5214628045672656
-21.24131202697754	-22.699827194213867	-0.1242868218429537
3.8858706951141357	5.502582550048828	-0.5751207093127997
8.899563789367676	5.954085350036621	-0.3479733469797187
-10.651449203491211	-19.528282165527344	-0.0597877672367047
-43.19089889526367	7.882114410400391	-0.0645630574403323
17.597929000854492	11.086784362792969	-0.378716067454093
2.0542759895324707	17.146303176879883	-0.2962146257112782
-3.902888774871826	-22.908735275268555	-0.3915170948270482
-3.4450809955596924	14.802762031555176	-0.0062773826824733
-23.34583854675293	17.80902671813965	-0.2916725785045109
16.4229679107666	18.578670501708984	0.1654171234644313
-27.1937313079834	-28.299165725708008	0.5413418795346014
9.965126991271973	-8.26412582397461	0.1256016635737795
7.7354817390441895	-41.70759201049805	0.1041615988131324
10.081087112426758	-27.78582763671875	-0.2828031316039541
-21.378263473510742	-14.730440139770508	-0.1110875951173776
-0.37226006388664246	32.10887908935547	-0.4373130198677478
-19.338266372680664	-23.419431686401367	0.0148850431582734
-15.359447479248047	6.944886684417725	0.0399491585579389
17.385053634643555	-26.47726058959961	-0.0279818106760437
-39.716983795166016	13.185964584350586	0.3043630309404305
-0.5574305057525635	-21.204456329345703	0.0223067581654268
15.127443313598633	3.0021495819091797	-0.0765063505665765
-18.062456130981445	23.6525821685791	0.2995844081344752
10.569022178649902	-18.35687255859375	0.0142880645317223
12.82000732421875	-0.2322777360677719	-0.2869521907185245
-39.872535705566406	-1.0026772022247314	0.2905089064203016
-35.2564582824707	-7.230373382568359	0.4751290845028076
-35.55657958984375	9.288414001464844	1.3688135561155998
10.541077613830566	22.61808204650879	0.0085566526591269
-10.799992561340332	27.33910369873047	-0.69786783875346
14.488685607910156	17.577417373657227	-0.353499759554101
4.913778305053711	2.160637140274048	-0.2049003722432534
-13.588729858398438	21.26398468017578	-0.3703686808759456
6.837555885314941	-25.461299896240234	-0.2945302455549727
8.56397819519043	19.459836959838867	0.4918512103362393
-12.75151538848877	34.1127815246582	-0.0463424039569798
-20.5998477935791	-22.12607765197754	0.050037959025996
30.130950927734375	1.9331636428833008	-0.5370505074237891
-2.712214231491089	-0.9689458608627319	-0.8251993700460546
-9.193744659423828	11.012369155883789	0.0529227797975501
-5.375425815582275	46.01215362548828	0.3137211299963303
11.638075828552246	-5.79301118850708	-0.1042825664193624
16.443490982055664	6.594080924987793	-0.0259683882933806
-5.633010387420654	-2.1934854984283447	-0.2287741998440944
16.58676528930664	6.5563554763793945	0.0106409074632187
-2.3005075454711914	2.3455891609191895	0.0474325460663707
18.04014015197754	-7.861431121826172	-0.0786613964001014
1.8658474683761597	-25.148313522338867	0.3508378414160776
-0.7548549771308899	-17.291175842285156	-0.556791318017798
19.93048667907715	-1.7626111507415771	-0.1836968736627305
-35.59931182861328	-5.297192573547363	0.0114869916278023
5.681711673736572	23.78944206237793	0.1656413907794731
4.516556262969971	-24.813283920288086	-0.332215164143824
0.7109744548797607	-31.507930755615234	0.2321634819232785
1.4412070512771606	0.7373755574226379	-0.3157288794379007
-4.778244495391846	3.0843987464904785	-0.1679186107848733
-15.565537452697754	-26.977264404296875	0.1782128694534765
3.8927624225616455	-10.778190612792969	-0.8820804586360256
21.8946533203125	-8.053860664367676	-0.3668027102519782
27.486616134643555	12.060032844543457	0.3725809192758457
13.526185035705566	-1.8688685894012451	-0.2993202638322909
34.28516387939453	10.152666091918945	-0.4841326907909945
-8.657317161560059	-3.7372090816497803	0.8927206789228161
-13.221035957336426	41.06159973144531	-0.1193216842728713
-4.368986129760742	-31.485170364379883	-0.3349307306630056
10.742732048034668	22.7774658203125	0.1085634211065907
22.416933059692383	-30.42699432373047	-0.5071109300976772
22.606338500976562	11.890326499938965	0.7920463975305311
27.415748596191406	11.919753074645996	0.0339552662268697
10.160399436950684	-1.7351843118667603	0.0946790822242567
6.711942672729492	6.106153964996338	-0.4343724909228506
-4.3502092361450195	-15.671643257141113	-0.0548312885355476
-7.991931915283203	-23.73396873474121	-0.5277253583204994
30.647592544555664	0.468773752450943	-0.56348323852073
4.717700958251953	8.400943756103516	-0.7054156319363378
7.418839931488037	-19.719539642333984	-0.5353608334793415
13.960017204284668	14.004047393798828	0.1251621684972692
4.6406450271606445	-33.456260681152344	0.3722969717539401
4.996031761169434	-5.850179195404053	0.0639801148349419
4.25916862487793	0.3925231099128723	-0.2381345765183363
-2.2573156356811523	-38.108482360839844	0.1270970944335844
-11.388460159301758	10.453408241271973	0.0795936887672009
-23.670955657958984	-28.244047164916992	-0.0533902042817691
2.3644392490386963	-17.655803680419922	0.2400590843680138
-2.247917890548706	-38.37242126464844	0.1870265073331808
-44.93805694580078	-8.494503021240234	0.1680756086791069
-24.844615936279297	25.841350555419922	0.5437263694950908
-30.651491165161133	-0.2792077958583832	0.2517660872225466
-6.286220073699951	15.936881065368652	-0.3672241968964087
-20.120975494384766	34.33538055419922	-1.011440723085071
17.71633529663086	21.36682891845703	-0.2281290806292201
-14.343810081481934	-7.4644317626953125	-0.5902976445484918
-8.730212211608887	-29.215940475463867	-0.3239847072604002
-28.853086471557617	-18.654563903808594	-1.1299809136043877
-35.49799728393555	-7.343246936798096	0.031760154825931
12.61832332611084	16.92774200439453	-0.3840602557500403
21.7823429107666	-8.031872749328613	-0.4113413941093043
-18.616943359375	-25.27593421936035	-0.0910689087016633
15.15750789642334	-9.37176513671875	0.1333314875361642
-15.497417449951172	-2.0382397174835205	-0.545197410701454
11.557610511779785	37.133365631103516	0.1159519323789711
22.45159339904785	4.54104471206665	-0.2562829353486934
3.728898048400879	-19.843612670898438	-0.0406976876457595
8.63304328918457	-35.83161544799805	-0.0053930224744271
1.3024756908416748	9.653006553649902	0.2121037143048118
33.395782470703125	-3.434527635574341	-0.556325740829987
-13.27360725402832	-11.607443809509277	-0.6811421071204541
-24.402236938476562	29.78997230529785	-0.0106325365034187
10.693483352661133	-6.1811747550964355	-0.3611137078886713
-0.09311822056770325	-14.039497375488281	0.2185988899705119
-28.731966018676758	18.0341739654541	0.1485512223159436
15.503771781921387	-32.566261291503906	0.2683208087537606
14.470473289489746	23.376956939697266	-0.5759126194213154
13.006932258605957	-34.939876556396484	-0.0334862954664866
9.488201141357422	17.8207950592041	0.0625948163788296
27.36746597290039	-14.833731651306152	-0.5124668044040064
5.641462326049805	19.005739212036133	-0.4874199602130764
6.593806743621826	-14.119848251342773	0.2886493307106465
-13.20909595489502	41.0610466003418	0.1357512984652237
30.519617080688477	0.21666215360164642	-0.7057377277881627
-19.369855880737305	4.64771842956543	-0.1774706072632328
12.780080795288086	-4.6187744140625	-0.6494467904889454
-2.937530994415283	7.478829383850098	0.0153282271334849
10.892696380615234	-2.618978977203369	-0.0251019704051751
9.56978702545166	26.302682876586914	0.1898049461628748
1.634164810180664	11.028321266174316	0.1631948322651892
-2.3235867023468018	-4.239205360412598	0.5397805269388166
-4.547208786010742	9.579571723937988	0.4714776209441069
7.913415431976318	-12.462190628051758	-0.4705302527262003
-20.667301177978516	-17.807968139648438	0.0948492460396862
1.455548644065857	-15.213327407836914	0.0810561796029079
14.091158866882324	-4.112546920776367	-0.5471821071493869
0.8252710103988647	23.80541229248047	-0.7356256484179685
-20.034343719482422	-26.077661514282227	0.2032453117263083
-14.554366111755371	8.644448280334473	0.1647327897698354
13.081945419311523	9.616827011108398	-0.0643440670292515
-6.714430332183838	-1.8994088172912598	-0.2563214453086269
-5.215134143829346	45.748863220214844	0.4557415875205448
-9.25258731842041	1.3323894739151	-0.1092510988741359
7.458098888397217	12.836111068725586	1.222953953608195
13.305765151977539	5.8005218505859375	-0.7309130521941952
6.957383632659912	-21.104578018188477	-0.2301704370864532
-35.620670318603516	-0.7841508388519287	0.085266030555434
-3.717162609100342	-8.260333061218262	0.6600000936159695
-11.343427658081055	1.6381399631500244	0.524300063304194
5.760492324829102	-18.362245559692383	-0.7328902211718227
2.315298318862915	-21.85859489440918	-0.6402081762671565
14.990845680236816	-31.874839782714844	-0.0875106358344551
-0.46727797389030457	-31.326641082763672	0.1355950579683621
8.918987274169922	15.286248207092285	-0.0367817767176367
-26.62740135192871	-5.3047943115234375	0.0475128287341136
3.442859411239624	-7.529412269592285	0.0711981816475098
-4.643731594085693	44.80644989013672	-0.5679547222670849
-22.078508377075195	44.214759826660156	-0.0075312106576177
-4.4807448387146	-40.05069351196289	-0.6427341133418872
4.091418743133545	21.733478546142578	0.5946135426283726
13.008279800415039	-37.895668029785156	0.2983847952946079
-17.258403778076172	18.377065658569336	-0.2025662936853838
-17.386760711669922	-25.62135887145996	-0.0412941621628203
-18.093952178955078	-19.37127685546875	-0.3263346957850987
4.816632270812988	-9.015313148498535	-0.6060498563536272
13.733884811401367	19.52920150756836	0.0028617711217633
7.712231159210205	30.346675872802734	0.0404244903454227
11.130521774291992	13.931750297546387	-0.579269688238524
4.925575256347656	27.96224594116211	-0.2123784229225828
-33.18734359741211	20.188459396362305	0.2762824080988432
-9.337924003601074	8.165782928466797	-0.0534970610943587
-19.46296501159668	43.0845832824707	0.212427057775431
-17.621397018432617	-13.1255521774292	-1.1858993045759352
5.33805513381958	-11.29275894165039	-0.06829256244252
-10.49559497833252	-14.806461334228516	-0.4015172921398225
6.756832599639893	16.50013542175293	-0.0068454108423255
7.220521926879883	-30.415414810180664	0.2721305363569961
-17.340551376342773	-0.6541911363601685	0.7194944670460817
7.928040504455566	-20.011457443237305	-0.548793513946545
-34.08254623413086	11.462553024291992	0.6719123083078028
-4.38596248626709	15.366402626037598	-0.4342758399652286
14.730777740478516	35.841880798339844	-0.352822095405484
-7.564124584197998	25.856582641601562	-0.1540640726090168
-7.194733142852783	38.3163948059082	0.0057709971428447
26.354942321777344	2.1453094482421875	0.7807378872434066
-3.92871356010437	-31.431692123413086	-1.1390462295539745
7.483077526092529	7.9695143699646	-0.8495423710040184
7.882935047149658	0.9174737930297852	-0.0341353536204583
5.842517852783203	-27.77707290649414	-0.6188588279421399
-5.269279479980469	-40.03791427612305	-0.1083880541297084
-25.83507537841797	-10.969690322875977	-0.1336130451481525
-2.2178025245666504	9.338730812072754	-0.1204443849707283
-0.8332214951515198	10.43408489227295	-0.2487015848594568
-35.58999252319336	9.23897933959961	0.8730206064017445
-20.641517639160156	42.62166976928711	0.7286220792158656
34.469573974609375	19.09906005859375	-0.4752692307129698
-2.9048948287963867	-5.300147533416748	0.7967695966022488
14.031726837158203	6.625255107879639	-0.3471001837669222
-7.200656890869141	9.081145286560059	-0.3120376900170823
16.339683532714844	-16.42243194580078	-0.5118488611233102
39.1376953125	-15.252259254455566	-0.1194366934187475
-13.52984619140625	2.5468244552612305	-0.0061488647050417
10.251016616821289	-26.143049240112305	-0.1443484632019231
-35.62006378173828	-0.7804231643676758	-0.0978827512170402
-1.7495447397232056	-29.359352111816406	0.5470260472280989
-13.861026763916016	-29.384729385375977	-0.303720622524137
-11.383706092834473	-2.2189781665802	-0.2991875165552303
3.9992778301239014	2.409132242202759	-0.128840239670184
-20.18083953857422	29.582286834716797	-0.3320238460064135
14.647401809692383	-18.673324584960938	-0.3336176900949103
8.950085639953613	-22.5067138671875	-0.6345059703187227
4.425833225250244	35.01586151123047	-0.3807041123837767
-10.361767768859863	20.663467407226562	0.5950211633523662
-31.42599868774414	-2.5153067111968994	0.8111939687941482
29.16352081298828	-17.218883514404297	-0.5362321777322971
32.54511642456055	13.400747299194336	-0.4302276563108375
42.426780700683594	-6.414545059204102	0.8573722428075486
2.182448387145996	-1.523008942604065	1.049386293991022
13.724594116210938	-38.60987854003906	-0.0190085566117605
-3.0813679695129395	4.599503517150879	0.5784232340615495
9.633527755737305	-28.358001708984375	-0.5419083287197793
-13.19555950164795	15.174715042114258	-0.0274095527268854
5.925107955932617	-13.234148979187012	-0.0207872978665461
29.65213394165039	-12.632721900939941	-0.5765031950389888
7.141422748565674	4.535101890563965	0.1956946001993906
-1.5966254472732544	-1.4191668033599854	0.0701293295322702
-18.1852970123291	-28.439157485961914	-0.1151958243517553
3.967698097229004	16.392606735229492	-0.3723432635957324
-1.9647455215454102	9.870040893554688	0.1874158696411922
-2.7388532161712646	-10.826062202453613	-0.2529374552173509
-3.413609504699707	7.461035251617432	0.711048778563181
-2.464900493621826	9.865423202514648	0.1824435748977881
-11.372773170471191	14.130223274230957	0.2260715276347062
-33.3950309753418	-2.1447272300720215	-0.3161452291067985
13.093708038330078	2.217423677444458	-0.5353783812908673
7.2117919921875	-30.491043090820312	0.2348232810973578
8.200308799743652	42.305442810058594	-0.6107442926330758
23.721324920654297	27.28050994873047	0.2893330745251097
11.832316398620605	33.03410720825195	0.5153452598318965
4.9972405433654785	25.491130828857422	0.4937789050235017
38.87152862548828	5.6014723777771	-0.240996700130233
-20.62970542907715	42.645301818847656	0.372380025205775
-15.15328311920166	-35.466270446777344	-0.0820665165860206
11.769232749938965	-21.25662612915039	-0.207072011658166
-2.364895820617676	15.908256530761719	0.160231928113189
-5.678923606872559	31.967981338500977	0.9519019181549616
-9.462658882141113	-9.32384967803955	1.0214982761504097
-21.566659927368164	14.497748374938965	-1.0194423375838733
-22.50067138671875	33.980690002441406	-1.3046547759562914
25.202272415161133	7.5440354347229	0.1240406185573212
-9.69974422454834	-12.819204330444336	-0.6233788084962626
-5.206765174865723	6.388106346130371	0.3140591611288587
15.446571350097656	3.044334650039673	-0.1631368278532713
1.5323810577392578	-10.249512672424316	-0.5844416961280493
-6.4259419441223145	-18.96944808959961	-0.2994931495035818
-17.67860984802246	-21.3747615814209	0.0697199827740481
3.484508991241455	47.3198356628418	0.0905517820648962
10.801972389221191	18.378103256225586	-0.3786377373367929
-11.916192054748535	25.460180282592773	-0.293045955771314
-17.65960693359375	-13.510468482971191	-0.834585222414199
3.4125468730926514	-37.993221282958984	0.7334445570014559
-7.589547634124756	7.515079021453857	0.4251623500864841
11.423630714416504	-10.522275924682617	-0.2679743075851826
-17.367544174194336	-11.548349380493164	-0.1417637022553391
19.22098159790039	10.15949535369873	0.1048936970770593
10.583122253417969	5.633615970611572	-0.6442152019644625
-7.049313068389893	-15.550127029418945	-0.0722355139890484
21.100500106811523	-18.794429779052734	0.4515766851756214
-16.34322738647461	-2.3792600631713867	0.1826062699708033
-5.416316509246826	0.4442732036113739	-0.1972285237812978
-2.5166733264923096	23.71337890625	-0.2825087371230678
-7.07922887802124	16.710617065429688	0.0657839488090333
13.220961570739746	-0.7757833003997803	-0.3768115233884945
17.900249481201172	-21.623703002929688	0.0557803861687081
-44.876251220703125	5.028374195098877	-0.0065022507552285
-1.263443112373352	22.033571243286133	0.0380249092730045
11.010438919067383	5.307851314544678	-0.5025436585176779
12.489474296569824	19.97795295715332	-0.1374768617359611
27.051362991333008	-14.827849388122559	0.0979109493868896
3.7792279720306396	12.404257774353027	0.5038192003985137
-1.5033303499221802	-4.224953651428223	1.3437719945695037
-9.071728706359863	11.658778190612793	-0.0923639293450551
8.79496955871582	-8.22435474395752	-0.349357028559033
4.349898338317871	-33.84833526611328	0.0811808742893475
5.608826160430908	12.928190231323242	-0.6842273898044342
10.62668514251709	-17.596275329589844	-0.0679157336600106
34.10893630981445	-16.376066207885742	0.3296087526002465
-9.525960922241211	-8.83371353149414	0.3147355289029018
-36.36307144165039	-7.9472246170043945	0.0389519750254641
-23.942840576171875	0.293824702501297	0.1555348109105822
-23.068309783935547	10.326160430908203	-1.2973992790399735
29.906322479248047	24.03999900817871	-0.3709756943950612
-38.777584075927734	-13.726005554199219	-0.6412726076004112
-22.519426345825195	-28.3682918548584	0.2407448519304689
7.0933837890625	22.166975021362305	0.0992793874420889
-24.528635025024414	-20.103126525878906	-0.1665105837043846
17.85029411315918	-27.400720596313477	0.2314937844071259
-22.009883880615234	44.06780242919922	0.3533446488630464
-2.2275357246398926	28.138553619384766	-0.5097472300330297
-10.681175231933594	26.274343490600586	0.5835701759042436
-16.77375602722168	26.114530563354492	-0.2487468251943665
21.73287010192871	21.842069625854492	-0.8069334543334028
22.41719627380371	11.7947359085083	-0.4671698727707111
3.2821710109710693	37.66896438598633	0.7295758313035354
-7.225213050842285	44.993385314941406	-0.2092974835468836
23.19768524169922	-37.87117385864258	0.3582044727692553
21.944786071777344	-14.171568870544434	-0.2816328082777913
-6.496889114379883	-16.41481590270996	-0.1566067024450557
14.894882202148438	-8.972955703735352	-0.2520268871830494
12.290287017822266	-32.26301193237305	-0.2049309029096269
24.449655532836914	-4.226382732391357	0.0431576229931897
-1.664462685585022	11.453597068786621	-0.6339668704230824
8.737895011901855	-35.778228759765625	0.085641750039959
2.0707879066467285	8.678086280822754	0.0798970519739783
-23.935150146484375	-28.794225692749023	0.0771583553944717
-20.917322158813477	23.379819869995117	-0.5662831563050646
-43.16921615600586	7.923009872436523	0.0160198675839498
1.7639942169189453	-37.60307693481445	1.098871812600435
-12.023246765136719	10.276013374328613	0.0747846253977558
-13.741368293762207	35.17469024658203	-0.4138163327569711
-19.765554428100586	-20.559030532836914	0.2586275313018216
-2.064897060394287	12.985944747924805	0.5765062953178053
-0.6356654167175293	8.635531425476074	0.1229597756458361
25.991294860839844	-20.811832427978516	-0.0621364688229039
20.469905853271484	4.158536434173584	-0.6304540550475918
-0.13782693445682526	-1.7687605619430542	-0.6380573534770763
28.674318313598633	-25.488971710205078	-0.0496220524319234
-12.377748489379883	0.17287762463092804	0.105257904962603
-3.2748613357543945	15.061210632324219	-0.0360058264865967
5.355907917022705	10.689114570617676	-0.2952417224101403
-3.4619503021240234	-31.241701126098633	-0.8598209135852932
-19.223434448242188	1.6955835819244385	-0.0404477833400867
-6.942134857177734	36.958858489990234	0.2768793634973157
-26.572511672973633	-27.959871292114258	0.0581986527537575
-19.581439971923828	42.96609878540039	0.4863709964209065
-10.084535598754883	31.73845672607422	0.0031600400339277
-1.0035456418991089	-6.605901718139648	-0.3955766808724084
33.011436462402344	8.964881896972656	-0.2048870006109202
29.107454299926758	-25.563100814819336	1.2946195809866523
-0.6395861506462097	18.483684539794922	0.1809465638661027
-19.403047561645508	-1.7933168411254883	-0.0366519533540602
6.668189525604248	-3.743072986602783	0.458856972636793
-2.418762445449829	-40.92243957519531	-0.0220378017030088
30.742389678955078	-11.203422546386719	0.4690715197906461
7.1700615882873535	-24.767499923706055	-0.3907298445300672
19.21242904663086	2.181326150894165	-0.2360667336816556
0.8951972126960754	-27.55169677734375	0.2727324393377235
-40.79689407348633	13.294241905212402	0.6954713978576351
-28.372421264648438	16.631912231445312	0.3169899840834241
24.565776824951172	-5.277426242828369	0.0179701726877478
0.4721314311027527	41.183265686035156	-0.4116601994890863
6.4590373039245605	33.11446762084961	0.5104288964334306
-21.45113754272461	-9.728723526000977	-0.6242651614961552
-16.658143997192383	26.05685806274414	0.2089788430908702
-9.438164710998535	6.427608013153076	-0.2805578217133435
5.374608516693115	-5.649816036224365	-0.2271765401442658
-29.498878479003906	19.504690170288086	-0.0329861184694991
-0.19251278042793274	1.161874532699585	-0.919416125702367
-4.167817115783691	13.153225898742676	-0.2007708166506265
3.2255280017852783	37.83517074584961	1.064380506244857
7.219931125640869	-5.704675197601318	-0.589125475660581
22.580732345581055	8.254920959472656	-0.2333659859144135
-8.233657836914062	-34.76655197143555	0.0234991110185863
24.881549835205078	15.723575592041016	-1.1005608794557362
4.860044002532959	-3.4253339767456055	-0.3581056733506264
-3.09480881690979	-19.322175979614258	0.0268563617659692
16.074060440063477	-0.40716588497161865	-0.2699355170649752
-17.715757369995117	44.5092658996582	-0.8282983742004917
6.5240607261657715	-37.04571533203125	-0.3353687086678077
-13.795059204101562	-29.436464309692383	-0.5015139818457821
16.04153823852539	-4.904649257659912	0.0505780398005142
7.835012912750244	11.098998069763184	-0.1829988479919517
23.381256103515625	20.69808006286621	-0.3291023260430045
0.7255290746688843	-3.8872015476226807	-0.0781914094940398
-21.002805709838867	23.35888671875	0.3909865577240543
-12.005788803100586	13.616121292114258	-0.1081767694844663
-22.595640182495117	-27.058605194091797	0.438363486335441
-4.2519001960754395	-17.057750701904297	-0.1616438583368448
13.017510414123535	21.256784439086914	-0.0822589268590045
-28.46540069580078	26.539470672607422	-0.2483787720429602
-9.377706527709961	30.763216018676758	-0.0285588250544193
2.3029298782348633	22.987823486328125	0.6691822030188814
9.861623764038086	11.042338371276855	-0.3445889676703638
15.590231895446777	8.445422172546387	-0.6213197244728762
-24.830934524536133	13.41707992553711	-0.2468629130968955
-10.078722953796387	4.410860061645508	-0.1936777075555547
-13.657194137573242	16.183591842651367	-0.5979891642243805
11.182563781738281	23.823820114135742	-0.1418377530860242
6.5699381828308105	-8.75554370880127	-0.2555916000155423
-15.036262512207031	-17.004314422607422	-0.8801310557010361
-5.299421310424805	10.479137420654297	0.2548864799731863
-19.30634117126465	-27.023914337158203	0.2416390966594506
-26.92407989501953	23.343116760253906	0.2686928568390305
-34.52528381347656	30.101110458374023	0.1642711785506974
8.982895851135254	9.124025344848633	-0.0130357950099111
6.428527355194092	-37.09233093261719	-0.2536257111854738
19.304630279541016	-4.162951946258545	-0.353708814324931
-13.227954864501953	-10.722434043884277	-0.3613951539616453
0.405032217502594	3.1657204627990723	-0.104189251921054
-10.435769081115723	-14.644620895385742	-0.2414510026149892
-30.19477653503418	-8.484054565429688	0.4069831739878897
23.231523513793945	-36.76060485839844	-0.0215436411764142
-14.358492851257324	-7.456480503082275	-0.2638956929570284
29.212902069091797	-0.522479236125946	-0.2151239580889189
4.669076442718506	20.408231735229492	0.2318071940099717
8.535844802856445	-10.463212966918945	-0.3746091735285866
29.214845657348633	23.865249633789062	0.279626665728927
5.928552627563477	-16.137714385986328	0.2067083033091691
14.258435249328613	11.59437084197998	0.0620612380979364
7.296643257141113	2.7390522956848145	0.133320572176448
-5.182324409484863	18.123037338256836	-0.0040376014494543
-14.747308731079102	25.64179801940918	0.5914404573988017
6.384727478027344	12.280566215515137	-0.7596827461964873
-21.448135375976562	-9.730700492858887	-0.310048794622962
14.592720985412598	28.688093185424805	-0.4294373278035721
13.380215644836426	25.58109474182129	0.0490802028366218
16.550457000732422	-16.932329177856445	0.2878136631101838
-20.884244918823242	-1.3096107244491577	-0.2926757827182172
-0.40205875039100647	18.472105026245117	0.2340194385661121
-9.973695755004883	-7.063116073608398	0.310514050741938
-31.911964416503906	24.545528411865234	0.1566151148884163
-4.76534366607666	28.70123291015625	0.0566534482670686
11.95628833770752	-27.656539916992188	-0.5420544515651367
-30.738155364990234	-22.167572021484375	0.1376955095165525
22.071802139282227	19.859575271606445	-0.8368375203669759
0.8172466158866882	-14.787516593933105	-0.1905922739792488
-10.738584518432617	-19.449928283691406	0.1146215511586256
12.32665729522705	-6.931321620941162	-0.2991092059009201
-8.692779541015625	-3.7503159046173096	1.039770600920384
-17.47878074645996	6.578709602355957	0.0099537748913711
6.71719217300415	-3.7046072483062744	-0.410112084776258
7.278420448303223	-43.082069396972656	-0.2732342462969259
-26.642518997192383	4.753417491912842	0.1604247780194996
-25.238304138183594	16.814170837402344	0.7762663178022272
-15.217039108276367	-21.311906814575195	-0.0522377786329859
35.656009674072266	10.576269149780273	-0.3631693097306448
-17.161470413208008	-23.251508712768555	0.0389457181092544
9.076087951660156	3.7146055698394775	-0.4156552937876986
-22.991336822509766	5.481433391571045	-0.0449225354672353
-16.766651153564453	-25.492685317993164	0.105360572489712
14.297234535217285	-31.288053512573242	-0.250505791300918
15.636331558227539	-13.043580055236816	-0.1099754913143463
7.632282733917236	25.262592315673828	0.6846382409476933
11.130133628845215	1.3503974676132202	-0.4617527197507415
-5.034156799316406	24.006755828857422	-0.8730791239940259
-15.834507942199707	-5.233807563781738	0.2852139795972103
4.722079753875732	-33.33207321166992	0.3517970183864552
13.441360473632812	-40.3590202331543	0.3326936328663959
23.63214111328125	0.09722666442394257	0.0225223941710806
-21.29749298095703	-5.1787309646606445	-0.4373106706607421
19.10910415649414	3.6888296604156494	-0.0904638933192529
20.03549575805664	15.303088188171387	-0.4969102998553466
18.156627655029297	32.918800354003906	0.9327885442867352
-37.11908721923828	-9.161270141601562	0.4202914107043461
-8.120762825012207	22.72455406188965	0.439120971294605
22.94187355041504	-3.9067020416259766	-1.1023943635752729
3.4843850135803223	47.32113265991211	0.5060856124724775
23.611446380615234	3.6231045722961426	-0.119208704983041
11.249507904052734	35.773075103759766	0.413739556267836
3.789752960205078	-16.758323669433594	-0.1973939552929321
-7.9538187980651855	4.98229455947876	-0.1097962216786584
18.242931365966797	-0.789013683795929	-0.6688800582194137
11.968040466308594	-31.051904678344727	-0.3967083804448044
8.54429817199707	27.776662826538086	-0.2726939622486655
-32.28598403930664	-1.1289126873016357	0.4113650969933033
-9.943769454956055	-7.154999256134033	-0.1532794905054315
-8.769953727722168	-29.23402976989746	-0.0310133546951928
-27.0285701751709	-28.318498611450195	-0.0191823744192197
-2.432396650314331	35.64772415161133	0.0188331676502191
-21.400836944580078	14.275026321411133	-0.8637501597457288
4.727640151977539	14.89739990234375	-0.2699015515910142
-1.4219603538513184	-13.43966293334961	0.6517656116476234
19.382213592529297	31.74086570739746	-0.0053297220347606
-6.303783893585205	22.922183990478516	-0.5706859615757204
-10.889360427856445	31.54576301574707	0.0693067259910455
9.35744857788086	6.478261947631836	-0.4613312351580669
3.339428186416626	-21.928146362304688	-0.6802872771065211
-3.0413734912872314	27.78874397277832	0.308972349897349
3.8212177753448486	10.767556190490723	-0.4684852847189462
-37.05356979370117	-7.719890117645264	-0.0918214664180187
2.573627471923828	3.855469226837158	0.4696257144829486
8.245697021484375	42.34059143066406	-0.0484209618041357
29.80951690673828	-5.063778400421143	-0.7698845396188201
13.855230331420898	-18.884241104125977	-0.2480347523852318
16.04023551940918	-3.9337682723999023	0.1709080770655118
13.412239074707031	5.07125186920166	-0.1829931511965302
-2.648609161376953	18.99365997314453	-0.0815256029623045
0.26358628273010254	-31.831565856933594	0.1892856626707104
-12.569430351257324	33.957275390625	0.1469390719987499
-26.38686752319336	-6.220053672790527	0.1541555442503427
8.029260635375977	31.44610023498535	-0.034259027059029
-3.3377468585968018	-23.377683639526367	-0.050467238481663
22.621963500976562	-35.49513244628906	-0.1417158378043265
-45.51560592651367	-7.386989116668701	0.3688324770208042
20.00825309753418	-18.16619110107422	0.0330442475499165
-5.159493446350098	4.37799596786499	0.2940304413954901
-32.25090408325195	-13.6943359375	0.4882718603182054
-45.20580291748047	-7.665829181671143	0.2943084067875275
-12.243165016174316	23.5208683013916	0.0057324403363904
-39.87873077392578	-0.994159996509552	0.4209398196283955
24.048072814941406	15.559935569763184	-0.7225085152362836
-18.95484733581543	-18.983362197875977	-0.007518176368383
-15.124395370483398	-0.3408101797103882	-0.2408537629970479
7.442726135253906	-1.5106303691864014	0.3341307594360522
-17.206668853759766	14.323758125305176	0.7007283370848238
25.605623245239258	-38.0037727355957	0.514558797213039
19.318758010864258	-11.852951049804688	-0.3084330898312088
-0.4571051597595215	13.55355167388916	-0.5606111307766763
-14.220359802246094	-23.121868133544922	0.2402334608282679
-38.765106201171875	-13.69043254852295	-0.7869074724633238
5.555213928222656	36.26121520996094	0.996783679917588
-25.223400115966797	9.882194519042969	-1.23038735091654
-3.8582894802093506	43.62950897216797	-0.4570635803155313
-3.9792826175689697	-22.882909774780273	-0.0987273168059499
-22.50831413269043	34.01002502441406	-1.188595322364563
-19.925058364868164	-3.3222062587738037	-0.1510615962243699
-27.77594757080078	25.36878776550293	0.3001269898510506
-6.386465072631836	1.3319106101989746	0.30284260212888
-4.105550765991211	21.098445892333984	-0.5123583736997047
-2.3582451343536377	-26.48276710510254	0.2305058664338536
33.944618225097656	-16.363571166992188	0.5207017115640598
25.305540084838867	-3.24330735206604	-0.2009546849294001
18.143693923950195	-27.771080017089844	0.1921824249591193
-9.251164436340332	2.885160207748413	0.2810145473236354
-21.963993072509766	-24.793655395507812	-0.1664503855723533
-0.7922042012214661	-7.181548118591309	0.5360119580022656
-0.5366483330726624	7.4742279052734375	-0.1773919191970808
0.27279600501060486	15.756770133972168	0.2241494357979332
-5.616816520690918	-26.936843872070312	-0.2855345300394761
-0.034078799188137054	-24.593706130981445	0.1961512438384796
22.709491729736328	0.6876229047775269	-0.043352366440501
-6.092545509338379	-12.743327140808105	-0.0068900656532252
13.612062454223633	-34.25245666503906	-0.0794343745181381
-21.60015869140625	-4.2377705574035645	-0.6168774108275098
-25.185108184814453	-22.257347106933594	0.2323396769476929
-18.260135650634766	21.33772087097168	-0.4337075782066285
-0.6491267085075378	-17.292762756347656	0.1996359085988105
16.29256248474121	-0.6119040250778198	-0.0348001195797848
2.593745231628418	24.282470703125	0.1019134444723541
1.1733425855636597	5.5633625984191895	-1.126177856255591
-22.538665771484375	27.569421768188477	0.2770167764397704
2.037067174911499	2.020345687866211	-0.4750175327346675
34.45571517944336	19.10462188720703	-0.4744432736621746
5.44777774810791	6.606468677520752	-0.2444032460893365
22.412647247314453	-30.438812255859375	-0.6244828589104752
4.723670959472656	-0.14386816322803497	-0.1556638582817183
4.4698262214660645	-1.3583259582519531	-0.15935827967556
8.976457595825195	-16.825525283813477	0.9045996046054277
-1.2718989849090576	28.863801956176758	-0.5988175114405633
-20.086366653442383	16.61581802368164	-0.395093819301419
-29.827314376831055	16.339601516723633	0.6858298695628199
-5.444031238555908	-16.865890502929688	-0.1640114830066867
-9.454647064208984	32.83184051513672	0.3351208398251418
-6.67837381362915	20.07945442199707	-0.8484433007434073
10.861095428466797	28.809326171875	0.8102757292136227
-21.430208206176758	26.665254592895508	-0.2869323634199172
-18.243772506713867	42.444969177246094	0.2897725644608166
6.786965847015381	14.437780380249023	-0.2549910072958648
-16.387653350830078	22.217906951904297	0.4361414561827952
-39.59346389770508	15.148598670959473	0.525319245823705
-5.998367786407471	-12.636550903320312	-0.0061745760546257
20.50535011291504	38.70845413208008	-0.3945359570673379
19.625282287597656	6.95576810836792	-0.3849119928717105
11.199057579040527	-10.713668823242188	-0.4233293991839255
11.393835067749023	7.43326473236084	-0.9173185875834492
18.92598533630371	-1.4245375394821167	-0.6433697998086169
-44.35683059692383	-7.745469093322754	0.4290158648155326
-16.595157623291016	8.735889434814453	-0.1018610812321342
-20.746994018554688	-29.71661376953125	-0.0593031107456165
1.7550380229949951	14.152995109558105	-0.2931922995743523
6.5603346824646	4.223865032196045	-0.1121976041999513
2.7619805335998535	0.25956618785858154	-0.4246853967924977
15.832383155822754	-34.502445220947266	0.1768305414361942
6.547286033630371	9.413570404052734	-0.6314479024796306
-15.196218490600586	-35.43524932861328	-0.0562284639713435
-3.414978504180908	10.779618263244629	0.3395723576897244
29.19712257385254	-17.076326370239258	-0.1953083267754901
40.84833526611328	-5.390587329864502	0.0894381745317344
-24.08291244506836	-14.211323738098145	0.27302296635161
27.80290412902832	7.608136177062988	0.237587034389501
9.54544448852539	0.7458110451698303	-0.4724127408591449
-8.999576568603516	28.030536651611328	-1.21099542751376
-14.799772262573242	11.894775390625	-0.635085519310936
-23.845184326171875	0.25424063205718994	-0.2045050286930313
18.48261833190918	31.123411178588867	0.4982094503494763
1.4327956438064575	27.58702850341797	0.1765203952335996
6.179225921630859	-8.035697937011719	0.1105188073376278
-26.444061279296875	-16.87653350830078	0.0738573533793887
-6.098806858062744	-8.987754821777344	-0.5517203955465456
22.262683868408203	18.496782302856445	-0.3795113606731964
-1.8343168497085571	-40.428401947021484	-0.1663022004242478
23.800189971923828	23.182355880737305	-0.3829827376388139
23.820266723632812	-10.789934158325195	-1.1185842655397846
9.287027359008789	2.222405195236206	0.2895265113124783
11.395349502563477	13.663515090942383	-1.219417623624128
-21.30767059326172	-4.342036724090576	-0.5832011767186178
4.921557903289795	3.980342388153076	-0.0260041858771197
16.812883377075195	-22.3897762298584	0.3996927103153367
-16.849977493286133	6.4659905433654785	0.1067681215896342
-2.7635579109191895	-5.585361003875732	0.0404030206045826
-6.734647750854492	10.904565811157227	0.434364626953951
3.5181543827056885	-13.985932350158691	-0.423418302910819
11.678038597106934	10.767744064331055	-0.4034592241367412
2.8729782104492188	31.8901424407959	-0.0173925530423241
17.60019874572754	-9.735274314880371	-0.3209578562238631
21.774587631225586	-24.376005172729492	-0.1710742000210842
28.680631637573242	17.935977935791016	-0.8385469029288116
28.686664581298828	18.02303123474121	-0.7608701629574437
17.74851417541504	21.385068893432617	-0.2398710345242614
-10.106273651123047	-20.112646102905273	0.8280794396120212
9.083329200744629	-0.8158853650093079	-0.2454092682933325
2.3382067680358887	-10.51894760131836	-0.5663817870970687
-21.32077980041504	-5.322971820831299	-0.3785420041346542
4.580922603607178	-24.780614852905273	-0.6978904416953112
15.875715255737305	14.074767112731934	-0.2677605507446681
11.377969741821289	3.2064554691314697	-0.3130365412702975
-1.2069181203842163	5.387911319732666	0.0244283997057079
-6.22503662109375	-5.160527229309082	-0.3299752740702605
-0.6497076153755188	30.26290512084961	0.4666430235926402
-15.743816375732422	6.456715106964111	0.0600988486846702
40.62681198120117	-4.953397274017334	-0.3705321030472669
-30.82369041442871	7.6329731941223145	0.3918397775293348
-13.99041748046875	20.20170783996582	-0.3322739316901844
-6.900181770324707	36.747833251953125	0.4427626289404524
-2.2669124603271484	2.3280177116394043	0.0204879554153799
6.829859256744385	27.29041290283203	0.4727412730428068
-44.03093338012695	-7.497992038726807	0.0931325692203273
-7.992444038391113	-23.729530334472656	-0.3141395161088565
24.965160369873047	-37.79755401611328	0.9636379702330452
-27.478343963623047	-2.785086154937744	0.2022641487964447
27.140239715576172	-8.263072967529297	-0.3499778809888402
15.57136344909668	36.015316009521484	-0.6192616447569194
-22.253814697265625	-31.2937068939209	-0.0523533695153328
25.66486167907715	-20.495386123657227	-0.0062223268052027
1.7485334873199463	-31.201961517333984	-0.5329539296303353
-28.8630428314209	-25.868728637695312	0.20706981684311
-2.4942636489868164	18.972904205322266	-0.0427130550114337
29.23402214050293	-14.106492042541504	0.9781685979900908
12.521424293518066	34.87887191772461	0.5335144730646204
18.822237014770508	25.91128921508789	0.0979112758518395
14.42662525177002	-24.825387954711914	0.0049301573662792
-45.41817092895508	-6.79847526550293	-0.2997690175378423
9.23016357421875	-12.702803611755371	-0.0037875066989847
-26.48750877380371	10.00880241394043	-0.859261523600864
-30.828025817871094	7.8652849197387695	0.0058133590280761
-25.793502807617188	-11.04336929321289	-0.0906943029287106
0.6399358510971069	-10.743718147277832	-0.373629135361767
-22.052804946899414	-19.932954788208008	-0.7017155804885326
-44.323974609375	6.368902206420898	0.00773363954202
-17.90317153930664	-5.313928127288818	-0.1994742077854545
12.827313423156738	-15.364570617675781	-0.1204403668542983
-15.277711868286133	-17.19554901123047	-0.6932479274554476
-17.86968994140625	2.5442395210266113	0.0869984572708656
9.871277809143066	-1.3451213836669922	-0.1597270440679738
-22.192480087280273	-23.772348403930664	-0.0738039632462236
-44.35556411743164	6.298579216003418	0.0690315285596831
22.83733558654785	-35.64119338989258	0.0872414130156757
41.343692779541016	-8.180343627929688	-0.1224648206195009
-9.940706253051758	15.182055473327637	-0.3841151594495814
19.422117233276367	18.769105911254883	0.1962947294038188
17.226871490478516	16.119342803955078	0.5350647225573493
22.899253845214844	-14.890851020812988	-0.287398250977192
5.808666706085205	-41.376766204833984	-0.5944908181894268
-26.639068603515625	4.741178035736084	0.5378530639109491
-2.9148364067077637	0.09845900535583496	-0.6798690116903483
-30.843875885009766	20.837648391723633	0.0918967363742266
-13.248629570007324	-12.478776931762695	-0.4164548184812794
-35.487125396728516	3.958312511444092	0.3435529530638188
17.548770904541016	3.934630870819092	-0.585612884894124
-3.9686858654022217	-3.721785306930542	-0.4142014761011716
-30.95924186706543	3.1385624408721924	1.5958106447121232
26.755388259887695	5.314615726470947	-0.0496605987639186
15.254717826843262	0.008022597059607506	-0.1963918829195562
-0.25849753618240356	17.207176208496094	-0.0241950459689998
-26.138179779052734	-25.57398223876953	0.9396326568716744
15.28612995147705	-34.06947326660156	0.4297045175404439
22.382305145263672	32.24604415893555	-0.5893693324155866
-11.928372383117676	10.717493057250977	0.0082831073865786
-13.106053352355957	-13.30491828918457	-0.5862731990338882
15.41107177734375	-15.629814147949219	-0.229278243007794
-20.020923614501953	0.130736842751503	-0.0629753551103002
-2.835092544555664	24.297298431396484	-0.2632226462105005
-30.333547592163086	-17.72716522216797	1.4026956748588786
-33.3905029296875	31.178817749023438	-0.1887799946694774
-1.7132896184921265	-30.95294189453125	-0.0600598214972166
26.971534729003906	11.009923934936523	-0.6856323325290363
-21.71391487121582	-21.395708084106445	0.2557702152330216
4.898209095001221	35.77434539794922	0.619434028389266
19.629043579101562	-7.673654556274414	-0.6686526558159588
-10.363924026489258	20.6726131439209	0.3708777677925364
-9.380145072937012	-9.997323989868164	-0.1177010090880552
-12.260486602783203	-24.829448699951172	-0.0178318315240615
22.29554557800293	-14.414360046386719	0.0770143077481547
-6.9839277267456055	26.318683624267578	-0.0896273275504016
4.968925476074219	34.442630767822266	-0.1350383149327922
16.334226608276367	9.402920722961426	-0.5813911463047393
-24.473634719848633	29.851940155029297	0.2768206451632731
35.08250045776367	2.1432788372039795	-0.9246917140210356
10.903207778930664	9.537185668945312	0.586113601805852
-0.4808026850223541	-20.961576461791992	0.1331584066309435
1.238741397857666	20.56791877746582	-0.1205493397139748
2.3457705974578857	34.85356903076172	-0.6852760386308685