x	y	effect_size
-5.161196231842041	30.784440994262695	-0.531096754
-4.189440727233887	31.448213577270508	-0.674155564
-4.295384883880615	35.35811996459961	-1.006796371
-3.847231864929199	35.38593673706055	-0.682362074
-5.0849833488464355	30.850296020507812	-1.105790301
-11.42580509185791	-35.23686599731445	-1.019629845
13.737622261047363	-44.53436279296875	-0.527556405
13.553298950195312	-44.424320220947266	-0.280467219
-11.623138427734375	-35.76029968261719	-1.217584699
-13.975556373596191	-37.09385681152344	0.553530476
-18.851390838623047	-38.700347900390625	-0.440061071
-14.401456832885742	-36.95375442504883	-0.026128587
-18.669368743896484	-38.5026741027832	0.217897283
-9.254937171936035	-40.9337043762207	-0.499935653
-9.246991157531738	-40.946006774902344	-0.340168191
-19.380599975585938	-40.41984176635742	-0.37326702
-19.378280639648438	-40.433345794677734	0.872470279
12.779082298278809	-45.27558898925781	0.006690861
-5.397273063659668	36.345489501953125	0.281696643
26.239826202392578	-41.43167495727539	0.221143436
25.68966293334961	-43.17708206176758	0.285721022
22.43984031677246	-41.92544174194336	1.129585128
23.079618453979492	-41.93867111206055	1.11955122
25.320831298828125	-41.41351318359375	0.901761076
24.74842071533203	-44.627532958984375	0.527378806
22.315095901489258	-42.62000274658203	1.063236377
21.543779373168945	-40.250648498535156	0.802210801
25.44782066345215	-40.84450149536133	0.663795819
26.0307674407959	-42.969581604003906	0.361614297
25.33856773376465	-42.6161003112793	0.307538807
27.337661743164062	-43.207908630371094	0.28982631
24.96693992614746	-46.501800537109375	-1.056727824
21.737449645996094	-42.240535736083984	1.038627814
26.884613037109375	-43.66484451293945	0.429179177
18.60777473449707	-44.701072692871094	-0.106582516
24.309297561645508	-44.676177978515625	0.515034461
21.6573486328125	-43.92207336425781	0.698196435
26.449995040893555	-45.40178298950195	-0.69939976
24.15622329711914	-46.41413879394531	-0.841606529
22.6025390625	-43.981266021728516	0.685468327
23.238338470458984	-47.68463897705078	-0.909536649
25.12017822265625	-47.295372009277344	-0.97691997
19.01262855529785	-45.370819091796875	-1.010969731
26.159826278686523	-46.87831497192383	-0.951970697
23.243803024291992	-48.383827209472656	-1.023702782
25.854228973388672	-48.61954116821289	-1.002453803
6.283273696899414	33.849098205566406	0.50701611
-11.279019355773926	-2.8172683715820312	0.50452655
-13.309971809387207	8.826827049255371	-0.021102293
3.466761827468872	2.5471832752227783	0.339343441
3.8267252445220947	7.545106410980225	1.255249354
23.147117614746094	-3.7878949642181396	-0.003699265
7.041759490966797	34.15877151489258	0.273212778
21.65859603881836	9.668334007263184	-0.428710792
-18.22077178955078	0.8304888010025024	0.75251089
-10.939709663391113	-27.46324348449707	-0.716784793
31.379690170288086	-6.327034950256348	0.358065531
16.84832763671875	-9.072047233581543	1.136617214
14.481694221496582	14.824408531188965	0.580366974
-13.435575485229492	-0.4587121903896332	0.455521433
9.979348182678223	-10.905862808227539	-0.586712908
-5.201238632202148	-4.429897308349609	0.924103281
16.446786880493164	-0.22833943367004395	-0.198539048
6.805240154266357	28.68168067932129	0.559419117
6.4669718742370605	28.499950408935547	0.339558505
5.261600971221924	-4.354739189147949	1.296022245
31.937406539916992	-6.702615261077881	0.330866283
6.564795970916748	-4.793395042419434	0.753295086
0.7845913767814636	4.611249923706055	0.952621782
-18.14830207824707	-14.847806930541992	0.165829903
4.645838737487793	3.147174835205078	0.84891726
-22.967309951782227	0.31112685799598694	-0.183386131
21.591203689575195	9.707572937011719	0.71651156
2.4303834438323975	5.926549434661865	0.720971398
13.648641586303711	7.8582868576049805	0.29819104
-16.927034378051758	12.855135917663574	-0.389401353
16.84423828125	-8.217764854431152	1.000513999
29.917924880981445	-0.48256218433380127	-0.000117803
8.376311302185059	37.3632926940918	0.560263926
-26.178462982177734	-6.412086009979248	0.701991968
21.065216064453125	25.31504249572754	0.637911417
-15.780237197875977	-14.870098114013672	0.562554168
-16.668087005615234	24.343921661376953	-0.58936877
3.866737127304077	-7.072849750518799	0.713437316
28.017925262451172	5.446516036987305	1.154903218
13.602621078491211	11.131994247436523	0.278401284
12.341777801513672	8.244294166564941	0.246392885
19.373767852783203	6.342656135559082	-0.232397814
-22.342910766601562	-1.3049260377883911	0.024848636
-3.5601749420166016	-3.947150230407715	0.09885651
-34.269161224365234	4.523545742034912	1.216347721
0.3034854531288147	-14.656408309936523	-1.122355503
16.600786209106445	-8.862508773803711	0.770558142
10.624465942382812	34.663936614990234	0.171877266
-2.8420684337615967	-1.8304059505462646	0.390436278
-9.582324981689453	2.079911708831787	1.047764796
20.67160987854004	3.626434326171875	-0.577682761
5.294265270233154	31.840850830078125	0.568183467
20.898624420166016	11.132214546203613	1.185330039
-10.99323558807373	-2.455533981323242	0.929059019
5.220362663269043	8.406378746032715	0.720455768
27.675912857055664	5.23539924621582	0.518757375
3.0351903438568115	30.086532592773438	0.497461487
19.741600036621094	-1.038833498954773	-0.690160267
-20.394628524780273	12.165576934814453	-0.063962171
24.26799201965332	-2.2355263233184814	0.615055093
15.831144332885742	21.635555267333984	0.377905709
-0.1378747671842575	8.851961135864258	0.878549718
-3.1548423767089844	-34.426673889160156	0.649917003
-33.11663818359375	-25.16675567626953	-0.193174856
22.49974822998047	-26.51897430419922	0.272355503
26.064960479736328	-4.006414890289307	0.229774073
-11.38670825958252	-0.08546403795480728	0.414352178
-14.156196594238281	15.680484771728516	0.158854199
4.485058307647705	-5.736195087432861	0.682077839
7.572126865386963	-21.13318634033203	-0.060800547
7.843779563903809	33.849609375	0.642615402
-0.04006723314523697	-0.6822971105575562	0.549534924
19.490446090698242	7.162615776062012	0.576575946
12.806204795837402	-0.3166384696960449	-0.227959655
4.135399341583252	-0.7029525637626648	0.702969863
15.768835067749023	-3.4537899494171143	0.450898319
21.099740982055664	-0.8901153206825256	0.692324083
1.3168816566467285	0.5554351806640625	0.516699519
-0.09993572533130646	3.8927292823791504	0.465848055
6.873239994049072	32.54958724975586	0.72304688
32.64670944213867	8.0490140914917	-0.831179281
5.021507263183594	-11.742932319641113	-0.026682825
7.0319342613220215	13.369193077087402	0.811913117
-17.298376083374023	-31.482006072998047	-0.408971323
5.443312644958496	7.325224876403809	0.650209464
14.353072166442871	15.079345703125	0.309526852
4.120054721832275	4.510569095611572	0.901438546
-14.51799488067627	1.8527798652648926	0.968013946
24.352680206298828	3.7754905223846436	0.742969474
-34.14552688598633	3.9662272930145264	-0.07481819
-18.693010330200195	9.230822563171387	0.454947378
31.87408447265625	-6.461594581604004	0.351766336
27.22748374938965	-14.172600746154785	0.015671915
-11.204902648925781	-14.039244651794434	0.695438822
7.946375370025635	38.16194534301758	1.129148121
-11.758420944213867	-1.4777560234069824	0.190169454
20.179834365844727	3.257868528366089	-0.40952775
-14.823203086853027	-4.098073959350586	0.581346398
40.83971405029297	13.671339988708496	0.918448156
12.58059024810791	-18.123592376708984	0.718007968
5.827126979827881	31.120058059692383	0.91581951
-3.3613014221191406	-26.53251838684082	-0.085988466
-0.13730433583259583	6.2487287521362305	0.999944561
22.521215438842773	-19.125293731689453	-0.222757667
-3.3225340843200684	20.068227767944336	-0.152621917
-3.9989681243896484	-26.562332153320312	0.481668742
-3.040937900543213	-18.325613021850586	0.187172277
-41.52523422241211	-3.500208854675293	1.175365962
-9.850360870361328	30.560850143432617	-1.135401458
-5.933429718017578	11.628286361694336	0.221692976
16.75829315185547	-26.1588134765625	-0.040931142
-27.513139724731445	0.7285555601119995	0.283496577
5.23173189163208	18.40764045715332	0.546058286
18.231130599975586	15.782771110534668	0.165385832
-27.523515701293945	4.043231964111328	-0.714329078
-15.792854309082031	-24.77359390258789	0.080178264
34.725772857666016	0.33556342124938965	-0.735039236
-11.928672790527344	4.654106616973877	0.874750049
4.652944564819336	33.70195388793945	0.702354816
-10.132354736328125	6.311555862426758	-0.443872231
-30.806758880615234	-8.239068031311035	0.046108731
-18.191720962524414	-34.79050064086914	-1.287821573
-13.765264511108398	1.8426181077957153	0.377580278
8.867414474487305	33.183563232421875	-0.038447415
-18.682825088500977	-14.711280822753906	0.059487785
-36.538631439208984	-20.497941970825195	-0.907473009
7.263360500335693	-21.554706573486328	0.747390712
-1.5996965169906616	-2.3571958541870117	0.167759861
23.242002487182617	-3.2763898372650146	0.173651668
-17.221372604370117	-10.736047744750977	0.640628963
-10.900590896606445	23.648941040039062	-0.860282182
-34.62688446044922	0.7163207530975342	0.826767341
-12.828621864318848	9.90728759765625	-0.372982799
-10.9263334274292	17.58954429626465	0.630258191
-16.245704650878906	-9.687167167663574	0.270430317
-17.8945255279541	-24.409709930419922	-0.369481056
7.380957126617432	29.468507766723633	0.306956424
-17.703767776489258	-5.906402111053467	-0.32640899
-14.013151168823242	-0.7178418040275574	0.465110722
1.0971554517745972	5.968919277191162	0.929725379
2.468857765197754	-15.014036178588867	0.742773417
-36.613914489746094	20.497270584106445	0.086692566
-31.042827606201172	10.051666259765625	-0.195079095
10.370342254638672	-3.6458702087402344	1.083460583
22.957304000854492	-10.80741024017334	-0.631292427
12.998417854309082	-27.7686824798584	0.599591035
-11.678662300109863	-31.020999908447266	-0.064937763
12.183572769165039	-9.025335311889648	-0.08273648
36.768741607666016	-0.08701849728822708	0.537055343
-17.284116744995117	24.769628524780273	-0.466580908
19.742095947265625	5.741276264190674	-0.58661288
-10.89706039428711	-26.728981018066406	-0.125193215
5.285896301269531	10.02216911315918	0.577559345
3.332916736602783	6.181522369384766	0.61379738
-0.9521914124488831	4.297954559326172	0.741660613
-8.380940437316895	1.995963215827942	0.238679252
25.509035110473633	-7.702667713165283	0.887013237
5.670916557312012	6.892873287200928	0.643080498
5.817084789276123	1.808987021446228	0.353573922
-7.114465236663818	-21.89923858642578	0.649717695
-10.370089530944824	-7.375237464904785	-0.29554439
-22.619009017944336	-15.535975456237793	0.29429338
-3.912968873977661	-3.040837287902832	0.763020639
20.95208168029785	10.680301666259766	1.250448126
18.57367706298828	15.831767082214355	0.080197643
-9.694143295288086	10.353143692016602	-0.181953973
29.00015640258789	0.007932952605187893	0.244896693
-30.667072296142578	-10.294585227966309	0.549712623
-2.986025094985962	35.28899002075195	-0.186669206
10.567652702331543	7.416478157043457	-0.25811724
10.63168716430664	-11.159241676330566	-0.560764392
6.404022216796875	35.516319274902344	0.918703809
8.445927619934082	11.233888626098633	1.176243453
-10.950002670288086	-37.92094802856445	-1.114667941
29.708332061767578	-13.931401252746582	0.018316596
11.32933235168457	34.55729675292969	0.586606768
22.539289474487305	12.10767650604248	0.328242302
10.480267524719238	19.662614822387695	1.028415087
34.67424011230469	-0.8104559779167175	-0.050622453
-5.065981864929199	3.9347336292266846	0.004891757
31.93379783630371	-5.455020904541016	0.395299333
-30.903072357177734	-3.542433261871338	0.672972505
2.471015214920044	31.52460289001465	0.398195765
-36.14921951293945	10.114176750183105	-0.593244575
-6.595016002655029	-6.111490726470947	-0.600580829
-19.462671279907227	4.683896541595459	0.54318721
7.961207866668701	-2.5381953716278076	1.072093649
-18.753009796142578	13.03824234008789	-0.210754717
18.189712524414062	-17.67671775817871	0.471430035
-22.377506256103516	-31.310850143432617	-0.308873973
-27.327877044677734	-11.878625869750977	0.366888917
-23.671262741088867	-31.744747161865234	0.492046286
7.891055107116699	-35.14204025268555	0.288936669
-2.1586616039276123	-1.4912660121917725	0.444439132
-25.92748260498047	11.2878999710083	0.513920042
8.439859390258789	-4.119894504547119	0.534319195
12.459510803222656	18.267765045166016	0.731799175
-16.49986457824707	-30.73894500732422	0.501404251
25.438936233520508	-0.5052555799484253	0.833384087
-7.586549282073975	-2.163714647293091	0.763781258
13.5366792678833	-27.254199981689453	0.713560792
32.666908264160156	13.38583755493164	0.585882529
35.06648635864258	-20.239351272583008	0.91258689
-2.343817949295044	-10.545080184936523	1.186763841
25.458984375	-0.3316623866558075	0.660817401
7.409671306610107	6.452800750732422	1.293660758
-1.2861133813858032	-20.958606719970703	0.146871845
38.36872863769531	1.099579930305481	0.220197745
-35.657073974609375	-14.826093673706055	0.168742199
-18.447948455810547	-34.46086883544922	-0.221238971
21.897891998291016	19.352161407470703	0.005284244
13.976056098937988	-6.369227409362793	-0.251017717
5.373554706573486	-31.183502197265625	-0.43671838
-7.5314106941223145	4.2333292961120605	0.772865721
9.718883514404297	-26.69083595275879	0.765037188
-29.391557693481445	21.23404312133789	-0.668737914
-11.159026145935059	-30.412174224853516	0.628645587
-17.152095794677734	13.289591789245605	-0.061097776
4.817916393280029	37.19202423095703	0.714540914
-15.868441581726074	5.273609638214111	-0.170490184
-17.5883846282959	10.892263412475586	0.163843036
-14.050161361694336	3.6512906551361084	-0.41087113
-12.122687339782715	-6.345482349395752	0.542932798
-13.870199203491211	-11.528496742248535	0.652512099
9.720650672912598	4.67632532119751	-0.009285103
15.744733810424805	-26.959882736206055	0.476044845
9.935102462768555	-13.148266792297363	0.061094188
-25.75876808166504	-2.673898220062256	0.755571157
7.13456392288208	30.76201629638672	0.502859718
-29.812299728393555	-3.9467525482177734	0.545094651
18.16411781311035	5.551709175109863	-0.81512591
-14.05662727355957	-2.643364667892456	0.4790104
17.23888397216797	21.065248489379883	0.720295714
37.998538970947266	8.105164527893066	-0.039640726
14.056244850158691	-32.48109436035156	-0.334576923
10.543926239013672	-10.229901313781738	0.109085283
-2.168635845184326	0.8007970452308655	-0.029608334
-16.140480041503906	9.537656784057617	-0.39711
6.467051982879639	-3.829623222351074	1.061693874
-10.649641990661621	-28.873422622680664	0.16829544
-5.252265930175781	-23.62841033935547	1.200256859
15.718194007873535	5.047832012176514	-0.627600961
3.6414878368377686	30.80215072631836	0.305466311
-7.055728435516357	-21.93170738220215	0.157538595
7.477604389190674	36.30821228027344	0.652460566
-5.195565223693848	-23.641454696655273	1.249706098
-17.13262176513672	-10.520403861999512	0.2523048
7.457146167755127	23.499862670898438	0.766340402
4.13473653793335	1.2291451692581177	1.256314441
-20.64011001586914	-4.917290210723877	-0.04256989
-42.738197326660156	-8.997530937194824	0.784868756
3.2472193241119385	27.992393493652344	0.495410654
12.368762969970703	-3.3298985958099365	1.013011532
-0.5665218234062195	7.0539350509643555	0.653593042
12.330604553222656	9.129706382751465	0.473743148
9.453084945678711	31.149993896484375	0.882898191
-1.8049585819244385	-1.2599939107894897	-0.178980724
-4.3140130043029785	4.965374946594238	-0.120190283
-3.9259090423583984	24.991283416748047	-0.776817695
-28.130695343017578	28.050905227661133	0.040415848
-9.532602310180664	10.875579833984375	0.380176778
-26.506114959716797	26.979507446289062	0.161312591
28.205841064453125	-9.829995155334473	0.091269526
-17.472339630126953	-3.5154812335968018	-0.214054122
-10.891489028930664	-37.91011428833008	-0.681508325
-23.41295051574707	3.6064343452453613	0.173174731
3.602334976196289	36.67449188232422	0.538960881
9.991724014282227	8.71380615234375	0.390838207
32.895172119140625	13.227299690246582	0.550273637
30.09139060974121	-0.06912562251091003	-0.007559008
-18.708412170410156	0.5704023241996765	0.710345396
-16.170787811279297	6.379970550537109	-0.359785764
6.459132671356201	27.291988372802734	0.749313526
-16.58072280883789	3.7184481620788574	-0.674523153
26.022104263305664	11.251261711120605	-0.125153244
-32.80571746826172	-24.949886322021484	-0.020495965
-2.503262996673584	20.32401466369629	-0.154669363
-0.11163900047540665	-7.40134859085083	0.125659709
-14.467276573181152	-27.413991928100586	-0.653667999
16.276344299316406	-3.0860345363616943	0.65277778
0.08544297516345978	14.649588584899902	0.268615174
20.703079223632812	-31.28292465209961	1.166509467
24.285167694091797	-27.260116577148438	0.441943775
-26.01936912536621	-19.624961853027344	-0.124319658
-28.504241943359375	0.11985025554895401	0.733340375
-3.187295436859131	-24.30931282043457	1.153664534
-23.30531883239746	1.7343113422393799	-0.508504371
1.2747584581375122	3.511307954788208	0.50124168
-18.916507720947266	23.23042869567871	-0.229811688
26.58717918395996	-2.7672154903411865	0.114082732
-21.970195770263672	-2.2146847248077393	0.293875758
-14.264534950256348	-20.6497745513916	1.129924804
10.268750190734863	30.686717987060547	0.704290319
-7.208923816680908	15.724451065063477	0.800570899
4.483799457550049	-4.400083065032959	1.095214095
-16.344867706298828	-14.508726119995117	0.411612004
-38.169471740722656	19.548803329467773	-0.012764098
8.527237892150879	2.4401752948760986	0.383005588
-3.218813419342041	11.19188404083252	0.93075261
6.01711893081665	-7.708109378814697	0.982630595
-3.2094297409057617	11.30997085571289	-0.155608297
2.136988878250122	-2.5975890159606934	0.4800381
9.234253883361816	11.113198280334473	0.677521641
18.919034957885742	-9.274502754211426	0.305704531
27.37194061279297	16.135581970214844	0.288856188
10.727249145507812	20.22161865234375	0.715408071
22.403053283691406	-26.58443832397461	-0.026358207
-33.90306854248047	0.2882002294063568	0.541584053
28.516983032226562	-3.89086651802063	0.162640122
35.41501998901367	-7.954785346984863	0.655720452
1.7694281339645386	1.002013087272644	0.325551028
-14.52283763885498	4.995805263519287	-0.411243804
10.772054672241211	26.713851928710938	0.846404277
14.43348217010498	7.40095853805542	0.79887784
-18.333282470703125	37.55315399169922	0.257913131
4.8459906578063965	-24.260709762573242	-0.309286432
0.5873873233795166	13.02440071105957	-0.161011547
22.834592819213867	-10.918941497802734	-0.875569112
0.5356440544128418	-10.912833213806152	0.147571167
-46.50027847290039	1.342610478401184	-0.536758728
35.6507682800293	-13.277010917663574	1.031295686
-28.750991821289062	0.007063740864396095	0.402535814
32.40273666381836	19.739187240600586	0.248311815
-31.64597511291504	15.617748260498047	0.839880766
4.993988037109375	-24.127588272094727	-0.296077843
4.450721263885498	10.178306579589844	0.791242473
-0.7990418076515198	11.275656700134277	0.500742385
26.018293380737305	-13.770916938781738	0.066733316
18.210445404052734	1.2409471273422241	0.813510061
-7.102863788604736	17.213443756103516	1.11617674
-2.704885959625244	-3.756016969680786	0.971401529
22.3714542388916	-0.17629097402095795	0.455082523
-18.377399444580078	-10.766079902648926	0.206905384
4.0055952072143555	-41.790611267089844	0.668365176
7.768862724304199	8.357494354248047	1.004882999
2.3183975219726562	4.462070941925049	0.328292561
20.790241241455078	16.25373649597168	0.443587521
-19.14849090576172	-14.963961601257324	0.161386206
4.281325817108154	27.716089248657227	1.026279805
15.684313774108887	-0.8035087585449219	-0.329793311
20.866901397705078	16.440296173095703	0.64800833
-23.010744094848633	19.026609420776367	0.152666388
-22.720739364624023	-28.451433181762695	1.053771462
15.400598526000977	-25.32105255126953	1.228262402
-17.789127349853516	-6.038092136383057	0.153228681
-3.072587013244629	-34.487648010253906	1.037876144
-24.01272964477539	7.767260551452637	0.196312785
-14.647340774536133	18.928707122802734	0.207962945
-9.309561729431152	42.330162048339844	0.434024622
-3.0757806301116943	32.167259216308594	-0.342068779
24.42829132080078	-27.045734405517578	0.411787025
-23.90524673461914	0.17318420112133026	0.485581566
-18.318214416503906	37.58802032470703	0.689556677
8.092269897460938	27.725317001342773	0.86867994
17.256914138793945	5.336178779602051	0.334726727
-21.556859970092773	12.923455238342285	0.204367719
2.236621856689453	-14.98624324798584	-0.200270304
21.643220901489258	-5.086692810058594	0.715093976
23.703556060791016	-5.4458136558532715	0.599873099
40.0496711730957	-3.7316415309906006	0.26192307
-5.074376106262207	-10.569714546203613	0.441519341
-21.97593116760254	0.6265364289283752	-0.433131506
2.268376350402832	-28.82045555114746	-0.167868999
-19.5408935546875	-26.478851318359375	-0.622035506
9.760689735412598	0.19486302137374878	0.815796598
12.921131134033203	-0.16171710193157196	-0.104811863
-17.9130916595459	-35.92193603515625	-0.986799607
37.638858795166016	2.0592615604400635	0.314426186
-29.457456588745117	-3.995722532272339	0.643975787
36.65919494628906	-1.275098204612732	0.769502901
-23.28536605834961	-3.495778799057007	0.28199541
16.075538635253906	11.249481201171875	-0.352780136
-9.723898887634277	3.5349953174591064	0.448044353
16.04485321044922	14.548617362976074	-0.265696552
-46.521968841552734	1.3443864583969116	0.809573533
-6.8888139724731445	17.315122604370117	0.498597902
-19.483558654785156	7.736726760864258	-0.085272022
7.441880226135254	2.2750351428985596	-0.069034349
-9.096552848815918	-14.473846435546875	0.534412606
5.612338542938232	10.33420467376709	0.748882304
-32.373809814453125	6.336861610412598	-0.047690523
-3.176076889038086	-10.239370346069336	0.989872381
7.841129779815674	-4.661739349365234	0.080426795
-11.72236442565918	-13.648149490356445	1.012129719
13.533574104309082	12.084135055541992	0.198423309
12.774158477783203	27.85683250427246	0.698564586
14.166729927062988	1.3593618869781494	0.270704008
6.827710151672363	-1.2834761142730713	0.487344228
-26.297176361083984	3.3126413822174072	-0.988764772
8.159599304199219	30.006797790527344	0.332098749
-19.336956024169922	2.8660824298858643	0.412428656
-10.48079776763916	21.037508010864258	-0.145689003
6.182579517364502	-8.901659965515137	-0.206022816
-37.907108306884766	19.712919235229492	-0.08894503
-12.102618217468262	8.261302947998047	-0.091165747
-4.513277053833008	-8.485066413879395	0.929425632
-5.822495460510254	7.142152786254883	0.7230303
23.353561401367188	-1.529192328453064	0.438272732
26.73651695251465	22.898530960083008	0.61218127
8.156314849853516	-11.594554901123047	0.745719475
-14.352151870727539	7.895594120025635	-0.100540721
20.329769134521484	-0.9379164576530457	0.035774828
21.464269638061523	-7.929444313049316	1.04005861
36.81877899169922	2.3575496673583984	0.239537216
35.54071807861328	-9.158293724060059	-0.080600966
-23.756513595581055	-6.5216898918151855	-0.303519073
22.22509765625	-19.225521087646484	0.10746577
11.641631126403809	3.418811559677124	0.106661841
-36.97053527832031	20.29460334777832	-0.108490929
-42.14669418334961	-13.98374080657959	-0.151154201
21.979524612426758	19.249635696411133	0.352923131
-29.59819984436035	4.717829704284668	1.208556887
17.057918548583984	20.698890686035156	0.391688371
-10.401576042175293	-29.786640167236328	0.597216754
8.743459701538086	26.681533813476562	0.886426624
13.723411560058594	29.946880340576172	0.170533042
13.147733688354492	5.528062343597412	0.85689704
-25.5592041015625	-0.9039202928543091	-0.1640345
-36.01115417480469	9.600619316101074	-0.309466745
-26.765981674194336	-7.194004058837891	0.91476658
-37.44408416748047	4.585017204284668	0.308359699
-16.100475311279297	-30.493133544921875	1.046299804
-15.721793174743652	-2.2443900108337402	-0.039359844
-42.45286178588867	-11.118255615234375	0.018229801
40.887760162353516	13.374881744384766	0.710156608
13.970122337341309	8.909444808959961	1.036263599
15.358121871948242	-14.276877403259277	1.194440649
-20.26435089111328	2.6261634826660156	1.011147321
32.2819938659668	4.431178569793701	0.52797693
-19.49677085876465	12.543242454528809	0.484641581
22.86964988708496	0.02544531598687172	-0.049804059
-26.2135066986084	-17.035076141357422	0.853864308
-17.790918350219727	-2.2561802864074707	-0.271394138
-6.503096580505371	21.240381240844727	-0.516535098
-0.13005471229553223	-24.385725021362305	0.31431493
-31.38857078552246	-17.117908477783203	0.135767583
-3.922612428665161	14.828388214111328	-0.02863617
35.73857498168945	-12.844903945922852	1.039734092
-7.463216781616211	0.10549722611904144	0.748091211
0.03608143329620361	7.255075454711914	0.880338112
26.19823455810547	-5.481244087219238	0.010570852
21.975622177124023	20.025676727294922	0.252223232
1.9836312532424927	-35.65314483642578	0.097556688
-10.047811508178711	-11.393899917602539	0.139836996
-9.010431289672852	-10.35462760925293	-0.647224867
-26.0147762298584	-19.692180633544922	-0.66967646
-43.35167694091797	-12.169844627380371	0.598834985
-21.281234741210938	-20.20909309387207	-0.120832316
8.335246086120605	-5.745480060577393	0.206076215
-5.711525917053223	7.95564603805542	0.254072255
-16.164730072021484	-17.28985023498535	0.047784877
23.68284034729004	7.257574558258057	-0.018799222
-15.275218963623047	28.445999145507812	0.496511212
-9.841196060180664	-7.819404125213623	0.308470118
28.73428726196289	0.971251904964447	0.228509686
26.73705291748047	22.89828872680664	0.532764288
37.56809616088867	-10.579009056091309	0.626028341
18.762975692749023	30.37635612487793	0.869759547
-10.90298843383789	17.616313934326172	0.807564157
0.8877262473106384	2.7248423099517822	0.457387137
-15.262200355529785	-24.920307159423828	0.327975921
24.688377380371094	4.6519551277160645	0.626842791
25.405778884887695	0.9232028722763062	0.749169786
-15.745412826538086	27.71713638305664	0.231015623
32.74624252319336	-24.844053268432617	1.067111823
18.097869873046875	-25.326383590698242	0.790087119
18.243356704711914	12.858813285827637	0.530539088
8.744634628295898	-34.78367614746094	0.948033234
13.360236167907715	-43.24941635131836	-0.177824516
4.6590471267700195	0.7636010050773621	1.012088067
16.754993438720703	21.654264450073242	0.58920033
-5.265371322631836	-0.34036076068878174	0.614592855
30.57767677307129	0.4295273721218109	-0.314492875
-13.199612617492676	-8.535307884216309	0.454112416
15.991104125976562	13.352802276611328	0.18569567
8.218064308166504	16.147541046142578	0.157771323
0.6975880861282349	-4.8832926750183105	1.038411457
4.974647521972656	-3.1745805740356445	0.829925967
9.086191177368164	28.905357360839844	0.10639863
-10.197347640991211	6.457897186279297	-0.532596389
-9.550308227539062	-11.698418617248535	0.327520804
11.544731140136719	-10.997909545898438	0.135420157
-9.526718139648438	-14.755437850952148	0.71689681
-9.925736427307129	-12.165499687194824	0.31641482
-15.211040496826172	-8.45029354095459	0.61423419
17.593942642211914	-27.581777572631836	-0.237876153
8.86048698425293	-9.837140083312988	0.901065683
32.319908142089844	4.463550090789795	0.394503278
-35.35340881347656	-6.510967254638672	-0.524742406
-10.01167106628418	-3.1771280765533447	0.888385899
-1.4836370944976807	-15.135438919067383	-0.295168681
-36.06742858886719	0.6948233842849731	0.693548618
18.217517852783203	-17.65196990966797	1.20495751
-43.317691802978516	-12.174994468688965	0.526793176
22.375720977783203	33.770591735839844	0.616333094
29.157527923583984	-6.451315402984619	-0.433222345
-19.7474422454834	-2.592918634414673	-0.686860791
-3.0618155002593994	-5.134363651275635	0.379104342
9.504349708557129	-16.736358642578125	0.871235027
-9.898815155029297	-34.43739700317383	1.0554734
-5.304003715515137	-33.302242279052734	0.749090233
7.50836181640625	-20.22245216369629	0.028659958
13.321603775024414	-13.832283020019531	-0.559519563
-12.4148530960083	-3.984762191772461	0.58226924
0.01634850539267063	-7.712810039520264	0.368440375
13.5264892578125	-17.86320686340332	0.402404019
29.92603874206543	-13.957062721252441	0.105842803
14.419151306152344	31.691770553588867	0.005408163
-45.258697509765625	9.930047035217285	0.54603306
-24.71288299560547	-3.8599209785461426	0.100578972
-4.458499431610107	-26.364471435546875	0.718122998
41.00144577026367	12.985700607299805	0.64305847
14.070626258850098	-22.805585861206055	-0.345648761
-12.426190376281738	-2.563209295272827	0.0546087
17.024560928344727	8.562713623046875	0.660639115
40.63494873046875	15.025039672851562	-0.088577905
-11.004858016967773	10.018280029296875	-0.859336439
-3.4343550205230713	7.867908477783203	-0.011171379
-12.009394645690918	4.648966312408447	0.376930906
20.728464126586914	25.69782257080078	0.949880006
-22.053741455078125	13.87105655670166	0.554443547
-11.806219100952148	35.498382568359375	0.454004294
3.447453737258911	-18.6355037689209	0.8508696
-18.620134353637695	-6.935519218444824	0.131128198
0.5690541863441467	14.162331581115723	0.852366143
28.58794403076172	6.4751057624816895	0.49437754
-27.144269943237305	31.255210876464844	0.156209851
5.326981544494629	-17.897672653198242	0.904210434
-3.463897228240967	8.372199058532715	-0.09171489
-26.10866928100586	-2.3703761100769043	0.110117197
16.078678131103516	11.087712287902832	0.533920589
0.6058698892593384	-18.778976440429688	0.497111473
8.225314140319824	-3.8433914184570312	1.046565071
-16.040353775024414	-13.854150772094727	0.544707046
10.308685302734375	7.589231491088867	0.261583394
3.531597852706909	-41.596492767333984	-0.701356078
-5.244305610656738	-7.048985481262207	0.844536011
15.407115936279297	-3.405805826187134	0.70643221
-18.90132713317871	34.230350494384766	1.281997418
8.888737678527832	-16.68358039855957	0.627003717
25.092092514038086	-26.207496643066406	0.702490033
-3.712860107421875	-44.863441467285156	0.57887972
-6.786722183227539	29.198902130126953	0.529384362
-29.9295654296875	-22.14291763305664	0.217064767
46.905433654785156	-1.13170325756073	0.4764618
4.00662899017334	28.963098526000977	1.064554663
-34.66683578491211	-1.9005756378173828	1.179544879
11.053079605102539	35.6068115234375	0.2689681
27.03645133972168	10.982057571411133	-0.101164296
-42.27423095703125	-13.888885498046875	0.114434735
-5.000664710998535	-13.70119857788086	0.415684333
-3.1112008094787598	-25.334638595581055	0.25262255
-9.323976516723633	-24.56719207763672	1.356648509
-31.059782028198242	8.317302703857422	0.016898055
-31.51368522644043	15.590163230895996	0.350613416
-19.189937591552734	26.717641830444336	0.684306012
-37.211734771728516	17.633209228515625	0.467007364
34.85551452636719	-20.7100772857666	0.401881904
10.033909797668457	13.335027694702148	0.577112968
27.84329605102539	-13.667290687561035	0.123813617
16.898014068603516	5.267451763153076	-0.158525562
35.03578567504883	0.10558655112981796	-0.38119001
4.895728588104248	18.54363250732422	0.492156213
-8.365950584411621	-11.935049057006836	0.84887378
40.0145263671875	-3.587765693664551	0.293304146
-4.923286437988281	-11.519474983215332	1.07718942
3.5889759063720703	27.59714126586914	0.864981762
1.2080771923065186	-21.837894439697266	0.645750376
-28.240066528320312	28.06043243408203	0.249113284
12.959554672241211	-22.28077507019043	1.035507597
-19.7180233001709	-14.790857315063477	0.226228147
-13.35513973236084	-21.872573852539062	-0.178090416
11.487170219421387	28.67021942138672	0.33421322
-33.539188385009766	-12.453694343566895	0.525322909
-9.606115341186523	13.694650650024414	-0.680865622
1.5929383039474487	22.052961349487305	0.208201636
-3.846557140350342	1.8062533140182495	0.177346647
4.797802448272705	-1.5812071561813354	0.588645104
13.877788543701172	-33.533653259277344	-0.769100355
-14.406153678894043	9.650514602661133	0.286899283
-17.804777145385742	-3.5219686031341553	-0.307441866
-4.8595404624938965	-4.6037468910217285	0.562439492
35.88123321533203	-12.362431526184082	0.610707378
-16.898582458496094	11.030168533325195	1.343843159
-30.472360610961914	-16.084468841552734	0.031052079
3.7171835899353027	36.02909851074219	0.729600404
-42.735713958740234	-11.233943939208984	0.072274686
-11.436325073242188	-18.470355987548828	0.221697615
10.388701438903809	-5.891940116882324	0.408485605
24.03700065612793	-9.824628829956055	0.085272549
13.810403823852539	-33.967445373535156	0.427297706
-21.6380615234375	-9.744307518005371	0.913531027
-17.026975631713867	15.198451042175293	0.037385085
6.4664082527160645	4.745727062225342	0.72487608
23.240657806396484	17.701295852661133	-0.999412131
-29.431285858154297	21.241539001464844	-0.400969333
26.54513931274414	-1.9691686630249023	0.279218941
-6.306919574737549	2.0304763317108154	-0.604389137
17.22995948791504	-7.5272440910339355	0.843752023
-33.86666488647461	-25.186527252197266	0.209317629
-17.060213088989258	-37.07645797729492	-1.066807355
5.91549015045166	18.575288772583008	0.578633692
7.888370513916016	-16.648212432861328	-0.195320711
-14.601487159729004	25.39725112915039	-0.278496925
33.130638122558594	25.727588653564453	-0.41937348
-9.238556861877441	-24.686180114746094	1.283381142
-14.3318510055542	-0.9369369745254517	0.627716661
7.673985958099365	7.858301162719727	0.651618237
-19.144886016845703	-34.76094055175781	0.572750217
2.0080039501190186	-0.505376935005188	1.661916601
-15.517498016357422	-4.568888187408447	0.580215657
-19.37232208251953	26.80521583557129	1.196671931
8.032855033874512	6.061945915222168	0.654411101
-9.547548294067383	-5.165817737579346	0.872087899
37.992767333984375	8.098773002624512	0.237047833
19.056379318237305	-13.694857597351074	0.592677139
4.554553031921387	5.328419208526611	0.861448309
-23.66234588623047	14.051834106445312	0.286446921
3.657979965209961	13.775431632995605	0.343582523
-40.43070602416992	-10.308164596557617	-0.060420646
40.7801513671875	-5.674923896789551	0.291832374
18.816200256347656	30.37994384765625	0.729813582
8.055645942687988	0.4125469923019409	0.868817401
-2.6532161235809326	-7.703586101531982	-0.60717096
-29.52631378173828	9.868794441223145	0.81750837
9.545360565185547	-2.2550251483917236	0.277552525
1.3851995468139648	-21.91750717163086	0.432328759
-14.73069953918457	-7.5890889167785645	0.858766137
5.194278240203857	29.285511016845703	0.615741189
26.377334594726562	-15.442026138305664	-0.334255003
-27.34207534790039	-2.8973419666290283	0.053761257
-25.089048385620117	-31.951032638549805	-0.443294667
-11.893501281738281	-17.346567153930664	0.169646405
-27.700836181640625	3.90972900390625	-0.264170249
-7.3360276222229	12.354662895202637	-0.82719158
-7.10483455657959	9.163698196411133	-0.095016833
-19.815082550048828	6.031947135925293	-0.022371741
-14.091424942016602	0.6434621214866638	0.61566791
-12.313343048095703	-9.05388355255127	-0.385337342
-29.836580276489258	-0.26261740922927856	0.417477991
12.203347206115723	6.982755661010742	-0.182279356
16.668197631835938	27.065473556518555	1.037130642
-12.923011779785156	-13.911860466003418	1.191369887
5.3826141357421875	26.22987174987793	0.518659605
-21.598926544189453	-31.165414810180664	-1.245409555
-40.378990173339844	-4.148000717163086	0.333187531
-8.382316589355469	-3.7989394664764404	0.586797032
40.80006790161133	-5.74161958694458	0.654195282
12.450260162353516	18.27752685546875	0.712237238
1.4452240467071533	-29.302640914916992	-0.280869748
0.44356146454811096	-1.159816026687622	0.754063261
15.147008895874023	-14.309931755065918	0.170241837
-36.550655364990234	-20.502546310424805	-0.044065868
35.605281829833984	-19.854806900024414	1.01551103
-14.651530265808105	18.93419075012207	1.082991844
-5.42017936706543	17.134567260742188	-0.1775987
-9.777353286743164	1.9670449495315552	0.690218472
11.75256633758545	10.361310958862305	-0.081275512
-30.722211837768555	-22.239322662353516	-0.12895639
14.03639030456543	3.6153297424316406	0.016098872
-9.330818176269531	-1.6932605504989624	-0.005041494
-1.1531050205230713	5.2858147621154785	0.272199166
-12.136093139648438	12.849350929260254	1.14722599
-7.435734748840332	-25.729263305664062	1.342190625
-4.403649806976318	-7.3256516456604	0.064888692
33.13058090209961	25.72260856628418	-0.01476153
-11.086322784423828	-4.671468734741211	0.136920909
-31.582019805908203	-2.526167392730713	0.337304419
24.192642211914062	7.005180835723877	0.138830621
-16.187808990478516	13.843031883239746	0.112406738
-21.463172912597656	-9.518990516662598	0.658281976
-35.05173110961914	28.066726684570312	1.118050077
-25.287952423095703	-26.033645629882812	-1.386440998
-3.1143951416015625	-12.94491195678711	-0.848529403
30.582942962646484	-1.8617595434188843	0.451199506
8.225306510925293	40.163475036621094	0.734187164
-29.415464401245117	8.545794486999512	-0.536002522
13.619843482971191	0.8266894817352295	0.334604741
-4.040777206420898	25.000978469848633	-0.088801651
9.77007007598877	2.434906482696533	0.348021465
0.3968723714351654	-10.81379222869873	0.698347276
-17.0018310546875	1.6535357236862183	0.679929101
6.402286052703857	4.819576740264893	0.188727684
32.5120735168457	14.571052551269531	0.408167008
-7.619609832763672	-18.71845245361328	-0.053052422
-13.275943756103516	-37.67951965332031	0.202409781
15.199444770812988	34.141666412353516	-0.345465639
22.54765510559082	-12.298568725585938	-0.946878582
5.126218795776367	24.03565216064453	1.214289804
-2.390159845352173	6.116869926452637	0.101781384
5.4002275466918945	-31.214069366455078	0.190791596
8.74917221069336	25.896556854248047	0.782820791
35.92848205566406	2.243748903274536	0.045137362
19.704195022583008	8.432418823242188	1.195557927
-34.1749267578125	2.5324783325195312	1.163195971
0.9279142618179321	10.607266426086426	-0.087547727
-1.5674506425857544	-17.8892822265625	0.41569386
2.5543482303619385	8.500724792480469	0.878590269
4.145723342895508	-41.847076416015625	0.053066923
14.978001594543457	21.806669235229492	0.649972551
21.083892822265625	-3.411715030670166	0.510031362
-18.545377731323242	17.575410842895508	0.549357744
-4.9940643310546875	1.8501341342926025	-0.097220854
-31.088958740234375	2.3191914558410645	0.135724325
-11.80482006072998	24.956396102905273	0.662756009
26.310901641845703	-25.674365997314453	0.565355802
-4.348388195037842	-19.66459083557129	0.052289104
4.457735061645508	17.0782413482666	0.544972461
-45.26051330566406	9.927159309387207	0.525840704
19.75937843322754	-5.6007256507873535	-0.780233134
0.903209924697876	-15.364167213439941	-1.182166892
17.335092544555664	-0.5038129687309265	0.545304665
-16.024036407470703	-0.5858052968978882	0.801722176
8.849695205688477	19.472267150878906	0.436766183
33.95793533325195	0.7586426734924316	0.188491648
-35.51506423950195	3.753730297088623	0.552097795
16.832326889038086	-26.132951736450195	-0.670509252
-35.04640579223633	28.061689376831055	1.122715118
-9.31740665435791	42.337162017822266	-0.151366225
3.5869033336639404	36.57561492919922	0.812931463
-30.831878662109375	-8.127676963806152	-0.044019314
-9.505457878112793	-34.381839752197266	1.066151118
-8.640786170959473	6.001902103424072	-0.745864034
-42.37635040283203	2.9017693996429443	0.756645018
-10.490422248840332	24.183725357055664	-0.511060218
-3.126415729522705	-18.330562591552734	0.271768246
-10.578590393066406	-18.558631896972656	0.349070162
-4.2380757331848145	5.800055503845215	-0.190737514
22.102367401123047	-7.170458793640137	0.503814216
-4.45103120803833	-13.370172500610352	0.296099409
-6.357848167419434	-4.086009979248047	1.165319564
24.92725944519043	-25.418033599853516	0.11122892
2.4867982864379883	-9.419644355773926	0.824280078
-35.359947204589844	-6.528233528137207	-1.187222513
4.928136825561523	-12.099486351013184	-1.505221892
24.435468673706055	3.900590181350708	0.418710286
7.9649739265441895	-0.7132157683372498	0.791480618
-6.79279899597168	6.5705790519714355	0.25898055
-22.61031150817871	-11.718270301818848	0.41435888
34.97005844116211	-8.347900390625	-0.106845472
-14.340218544006348	-20.435468673706055	1.012007973
23.140586853027344	-19.0140380859375	0.45190065
-36.377811431884766	10.754834175109863	0.606516958
28.879718780517578	-9.486969947814941	0.699954056
36.377464294433594	-18.66836929321289	0.877042517
-24.210636138916016	18.910839080810547	0.233784784
21.632108688354492	24.755695343017578	0.741183552
-9.488585472106934	-0.07213090360164642	1.237445688
-5.9673752784729	36.78880310058594	0.360763437
-23.817123413085938	18.762386322021484	0.52330718
-4.370144844055176	-28.691436767578125	1.037431419
20.694467544555664	-31.293378829956055	1.001584801
19.381736755371094	-12.851298332214355	-0.026796498
12.741559028625488	30.176284790039062	0.408919747
-21.19472312927246	11.0656156539917	0.715875916
2.6628923416137695	6.928071022033691	0.156745757
-1.3441540002822876	-20.985334396362305	0.045214031
36.729061126708984	-22.3299503326416	0.745833391
22.672243118286133	12.28392219543457	0.568698889
-1.8698644638061523	-27.70484161376953	-0.272195234
14.426946640014648	36.32758712768555	0.81026621
46.89335632324219	-1.1387864351272583	0.411353968
-17.372406005859375	28.20254135131836	0.365811364
-8.925065994262695	30.243579864501953	-0.942752839
-35.82061004638672	21.13737678527832	-0.222510227
28.176332473754883	-9.8859281539917	-0.271116533
-5.278032302856445	-33.337303161621094	0.711193342
-19.11376190185547	14.935786247253418	-0.243102706
-23.743446350097656	-31.711685180664062	0.643368649
-12.719717979431152	36.23319625854492	1.17021742
-7.4416351318359375	-12.67499828338623	-0.716516042
-2.107900381088257	16.417428970336914	0.526403998
-18.908756256103516	34.375701904296875	1.139893698
4.120635986328125	19.530139923095703	0.156923369
27.434412002563477	10.830406188964844	1.016086308
-12.158929824829102	1.9167261123657227	-0.847610231
5.9400715827941895	30.22698402404785	1.237884401
10.954277992248535	-6.230225086212158	1.012505809
-10.209033012390137	14.604323387145996	-0.993793471
-12.759103775024414	6.784803867340088	-0.194573553
20.62469482421875	-22.476200103759766	0.825997776
17.194360733032227	-10.566134452819824	1.185723279
-1.1527628898620605	2.0414316654205322	0.509401179
28.269123077392578	-18.782217025756836	0.193905487
37.200439453125	-0.5970888137817383	0.116993058
-19.207029342651367	16.867443084716797	-0.446252155
8.544604301452637	34.775367736816406	0.66006075
-9.089052200317383	-27.983156204223633	0.553322684
27.349853515625	16.090919494628906	0.107118853
3.992553949356079	13.956165313720703	1.433834809
-27.122135162353516	5.062042236328125	-0.153138254
-6.30317497253418	-1.8504432439804077	0.554297945
-17.88868522644043	-24.52895736694336	-0.187317755
-0.00777167733758688	1.1271544694900513	0.866717799
-21.259639739990234	-20.176971435546875	-0.053476911
-3.6259684562683105	-0.9333637356758118	0.794196945
32.403202056884766	19.738405227661133	-0.25604439
2.893913745880127	3.8976211547851562	0.082426594
5.080512523651123	3.489964485168457	-0.672747173
16.30516242980957	-5.222044467926025	0.211826651
-4.808216094970703	-15.289236068725586	0.551352432
-12.617558479309082	-33.159542083740234	-0.042446959
-18.203683853149414	-37.93984603881836	-1.103339463
27.339113235473633	-14.729860305786133	0.116617382
-11.739911079406738	-19.684661865234375	-0.872237236
-13.768316268920898	-5.328150272369385	1.051918471
-36.155094146728516	7.447873592376709	-0.06650448
-18.61594581604004	-23.13871955871582	-0.820653635
-43.953182220458984	-10.329634666442871	0.683436861
-22.8719425201416	23.91624641418457	1.434350991
-12.142048835754395	-27.12194061279297	0.656181274
-32.361454010009766	-26.865121841430664	1.114856332
28.268571853637695	-18.7983341217041	0.394765873
-26.043758392333984	11.36514949798584	0.684312948
1.7434684038162231	-11.524474143981934	0.047840832
16.810678482055664	8.5570707321167	1.025916022
-4.82032585144043	9.721626281738281	-0.160869646
9.778607368469238	19.65424919128418	0.367770776
-23.295795440673828	18.083356857299805	0.292091459
-17.690454483032227	4.671871662139893	0.23221836
2.4186012744903564	30.237892150878906	0.349735241
-7.709265232086182	-6.090542793273926	-0.424924807
0.38157162070274353	-4.14498233795166	0.856345161
2.5682835578918457	1.8428312540054321	0.316032157
39.07866668701172	0.6742799282073975	0.368694284
-1.4551162719726562	-5.559977054595947	0.015038529
22.33438491821289	33.78903579711914	-0.102507586
-11.318154335021973	-12.195530891418457	0.362846781
18.14609146118164	12.843791007995605	0.683433473
11.869223594665527	-44.398746490478516	0.303288506
-34.612022399902344	5.499759197235107	1.308167306
9.387208938598633	-21.36223030090332	-0.13922588
1.0963897705078125	8.267509460449219	-0.070973828
-22.378812789916992	5.570258140563965	0.758594777
-22.85251235961914	-15.625262260437012	0.168867218
-3.6997599601745605	-44.863243103027344	-0.133970895
-11.017006874084473	23.217628479003906	-0.57290827
-43.11869812011719	2.4455552101135254	-0.106813117
11.938318252563477	5.958148002624512	0.320717068
-1.6227004528045654	29.827823638916016	0.396333919
9.904010772705078	-13.469725608825684	0.166184996
18.939123153686523	-3.387594223022461	0.081050995
22.928009033203125	16.9801025390625	0.946791637
-31.570396423339844	11.081758499145508	-0.238854509
15.133231163024902	-10.430806159973145	0.124250035
-1.4904075860977173	7.6518330574035645	0.148244453
-27.003931045532227	-7.516836166381836	0.978093853
-18.9715576171875	16.83384895324707	-0.339711991
-2.161675214767456	3.86548113822937	1.084660223
28.56026268005371	5.0355634689331055	0.551583501
-16.80876350402832	2.273052215576172	0.361077596
8.648309707641602	-5.858044624328613	0.896857731
-14.073607444763184	-15.018274307250977	1.262335337
16.190584182739258	2.4520487785339355	0.801628043
-5.639745712280273	12.949640274047852	0.010449631
-16.187726974487305	23.560626983642578	0.595157493
21.894044876098633	7.101372241973877	0.610489587
32.671268463134766	8.066513061523438	0.129690139
0.6884267330169678	17.893402099609375	0.560199077
0.4128274619579315	18.068286895751953	-0.02674346
-24.02126693725586	7.798061847686768	0.588815399
-3.1091461181640625	24.986621856689453	0.318938204
2.969578742980957	10.29089641571045	0.711957442
14.09073257446289	-18.230939865112305	0.325172261
-18.4925537109375	17.713485717773438	0.518916821
28.538455963134766	-3.809333324432373	-0.091977925
-27.52801513671875	14.643577575683594	-0.161666902
-1.6125571727752686	9.582008361816406	0.716696913
-5.426466941833496	3.8048055171966553	0.516930337
3.5864524841308594	-7.50490665435791	0.997649349
-5.6495890617370605	-16.197874069213867	0.271127316
-16.74112892150879	3.1600170135498047	0.403851962
11.378198623657227	-44.453453063964844	0.457965604
8.776784896850586	-26.841787338256836	0.232711115
-19.911195755004883	22.461210250854492	-0.612236253
-30.329463958740234	-15.929767608642578	0.622040617
2.1699788570404053	-2.5767767429351807	0.159628767
-33.1258430480957	3.77337646484375	0.689338324
-23.350034713745117	17.69233512878418	0.771057418
18.207273483276367	1.1807831525802612	1.271567287
36.38608932495117	-21.748008728027344	0.438177551
18.399747848510742	-21.61357879638672	1.210282901
6.572327613830566	13.583778381347656	1.09065901
-5.779251575469971	20.963321685791016	-0.207168862
1.920216679573059	32.168914794921875	0.099134908
1.5528854131698608	21.59247398376465	0.043719216
35.766197204589844	-6.916528701782227	0.89340912
-19.054861068725586	-16.839143753051758	0.417377642
-22.551280975341797	-11.59516429901123	0.637957792
9.339181900024414	16.392763137817383	-0.200585055
0.07669790089130402	-14.062664985656738	0.145121485
-27.33339500427246	-11.89632797241211	0.267035901
22.63091278076172	-15.691457748413086	-0.2727793
-24.66342544555664	18.521652221679688	-0.294315932
13.136191368103027	13.173893928527832	-0.378258369
-10.116339683532715	30.735973358154297	-0.7633395
8.545876502990723	-26.885412216186523	0.748751877
1.9932161569595337	-35.66849136352539	0.480940619
13.655935287475586	-16.719402313232422	0.748391527
12.09918212890625	33.16609191894531	1.09762784
-27.408063888549805	29.78396987915039	0.192218319
-14.206307411193848	15.720200538635254	0.735579615
21.68589973449707	3.5889811515808105	-0.095069699
16.308469772338867	27.125852584838867	1.343382406
-18.59078598022461	9.974271774291992	0.587204656
3.9864180088043213	10.116881370544434	1.247541179
8.019883155822754	31.752960205078125	1.048857376
-27.412508010864258	29.888219833374023	0.784486618
36.376548767089844	-18.919761657714844	0.939895665
14.634546279907227	-44.861976623535156	-0.600406835
-16.315393447875977	-9.707902908325195	0.364415647
-27.564743041992188	7.3784894943237305	-0.328031054
-21.214031219482422	-5.427705764770508	0.01341222
10.683878898620605	14.28723430633545	0.281212438
31.6279239654541	11.986542701721191	0.338096593
-7.6231770515441895	-18.695634841918945	0.490558433
3.3874709606170654	-4.5578742027282715	-0.388346744
-17.721330642700195	-32.15266036987305	-0.203321439
3.0149295330047607	-28.45891761779785	-0.424178176
-35.69868087768555	-14.868561744689941	-0.116439709
-1.8563518524169922	13.339067459106445	0.508780734
6.455699443817139	-5.894641399383545	1.222687254
12.656779289245605	-28.08595848083496	0.398805604
5.980520725250244	-14.959789276123047	-0.023574384
3.051760673522949	13.17078685760498	0.131194134
-20.687192916870117	-8.433869361877441	0.505499336
5.386140823364258	34.60247802734375	0.785691454
38.393836975097656	0.616870105266571	0.435712708
-14.760810852050781	30.626815795898438	-0.623683362
-19.58344268798828	-14.352364540100098	0.301260615
3.7673425674438477	-28.150402069091797	0.206311155
23.37666130065918	8.470802307128906	0.12609462
-15.292434692382812	12.567756652832031	0.566982201
3.193955421447754	-19.19961166381836	0.45648937
-2.3765084743499756	34.412353515625	0.229704222
-41.710262298583984	-3.4034221172332764	0.904674735
35.68587112426758	-10.547785758972168	0.99516392
5.758267879486084	-23.43353271484375	-0.239956587
10.873807907104492	32.080039978027344	0.864228366
-16.650074005126953	27.794292449951172	0.018850538
2.4342522621154785	16.46099853515625	1.10726711
32.74406433105469	-24.843292236328125	0.91289791
10.139717102050781	-16.807924270629883	0.635203582
12.004610061645508	23.876985549926758	0.781317725
10.255029678344727	13.679254531860352	0.67375432
0.5924133658409119	-24.69795799255371	0.555867844
-15.84540843963623	26.619157791137695	0.388200982
-8.227968215942383	9.408665657043457	0.081819193
-19.642227172851562	-26.5070858001709	-0.320433252
-7.36089563369751	-8.792030334472656	-1.125917382
-5.905080318450928	11.498900413513184	0.535022269
-2.7794384956359863	20.251220703125	-0.150706856
-24.131258010864258	-8.974466323852539	0.143205244
-12.912924766540527	28.234800338745117	-0.939886874