x	y	effect_size
-9.497530937194824	-32.21504211425781	-0.237833328
-10.383024215698242	-32.3869743347168	1.224386998
-13.229068756103516	-32.42213439941406	0.568198774
-13.032023429870605	-32.26925277709961	-0.749278204
-9.422987937927246	-32.351776123046875	-0.233530232
-5.894993782043457	-36.08919143676758	-0.222656202
28.399677276611328	36.6021728515625	0.169051071
28.518035888671875	36.385372161865234	0.281453243
-6.034963607788086	-36.6846809387207	-0.090533216
-8.21756649017334	-39.228729248046875	-0.966752201
-13.411598205566406	-43.30276870727539	-0.50308676
-8.68670654296875	-39.27751922607422	-0.626336399
-13.224735260009766	-43.05245590209961	-0.532364056
12.669262886047363	-45.7072639465332	0.611291605
12.673541069030762	-45.709266662597656	0.531266527
-15.38943099975586	-43.60407638549805	0.098669026
-15.409910202026367	-43.59758377075195	-0.12948422
29.65322494506836	36.73938751220703	0.074212841
-14.678587913513184	-32.713287353515625	0.08246708
-1.857727289199829	53.18523406982422	0.858660563
-0.6596193313598633	54.72542953491211	0.874134424
2.4641683101654053	52.129783630371094	-0.68382473
1.35657799243927	52.32603073120117	-0.386919796
-0.9392232894897461	52.861854553222656	0.861046201
0.8342998027801514	55.73292541503906	-0.366676058
2.65373158454895	52.60602951049805	-0.842045678
3.5628528594970703	50.64021301269531	-0.835035299
-1.272881031036377	52.31864929199219	0.66106747
-1.149611234664917	54.57748031616211	0.872563883
-0.48031625151634216	54.0645866394043	0.969944809
-2.2477877140045166	55.381500244140625	0.822543308
1.2195355892181396	57.59804153442383	0.348247152
1.8564194440841675	51.727413177490234	-0.831049196
-1.6128093004226685	55.63931655883789	0.628947034
6.106975078582764	53.788143157958984	0.224398728
1.349047303199768	55.59336853027344	-0.570100609
3.3053975105285645	53.83027267456055	-0.758000533
-0.519865095615387	57.05730438232422	0.274071511
2.016986608505249	57.229217529296875	-0.20708638
2.331392526626587	54.01445388793945	-0.757123959
3.324944257736206	58.207908630371094	-0.234153406
1.3744467496871948	58.447776794433594	-0.222611973
6.1055216789245605	54.654788970947266	0.335877234
0.19796210527420044	58.41465759277344	-0.272851631
3.5596394538879395	58.9236946105957	-0.010784049
1.0670198202133179	60.01264953613281	0.180786701
-33.90006637573242	28.014026641845703	0.780858659
9.100301742553711	-11.71362018585205	0.348079111
-0.1841880828142166	-11.931288719177246	-0.101146931
-0.4711587727069855	5.474489688873291	-0.57519733
-7.467061519622803	1.7789360284805298	-0.819794639
-3.615933656692505	21.818374633789062	0.130764674
-33.83340072631836	27.154428482055664	0.315792598
-14.977715492248535	10.155660629272461	0.007149357
16.131484985351562	-6.222216606140137	0.602148546
-4.089550971984863	-28.302640914916992	-0.497597601
-9.895038604736328	24.08205223083496	-0.240378973
-13.506457328796387	21.834774017333984	-0.157755358
-5.882015228271484	14.253795623779297	-0.769913788
12.117074966430664	-11.018865585327148	1.192170803
7.495270252227783	0.4682545065879822	0.509117757
2.0044186115264893	-7.762341499328613	-0.394771325
-1.650444746017456	17.11688804626465	-0.411059504
-29.096250534057617	27.102582931518555	-0.959232266
-29.144981384277344	27.161758422851562	-0.866542784
8.75474739074707	6.188470363616943	-0.120863334
-9.856810569763184	24.78031349182129	0.646836451
9.482457160949707	7.833610534667969	0.557737289
-3.4137980937957764	-0.21384704113006592	-0.616731187
25.108810424804688	-17.827482223510742	1.064030325
-2.7918663024902344	2.8356175422668457	-0.192271465
18.92144775390625	0.3392831087112427	0.887315657
-15.038331031799316	10.119996070861816	-0.464190688
-4.868189334869385	1.0236042737960815	-0.507966087
-3.444566488265991	10.777763366699219	-0.617357823
-26.172571182250977	-14.396617889404297	0.135664482
-13.867425918579102	22.841360092163086	-0.211232219
-4.782978057861328	27.052196502685547	0.251255984
-37.577144622802734	27.59156608581543	-1.219277983
15.709118843078613	3.0048248767852783	0.207121842
10.1851806640625	14.48146915435791	-0.823691007
23.34393310546875	-16.32931137084961	0.373553631
7.119121551513672	-26.7237548828125	0.416215788
12.58948040008545	6.24574613571167	0.057569503
-7.192591190338135	20.505212783813477	-1.343357069
-4.431766510009766	11.958536148071289	0.012501007
-4.3762383460998535	9.881447792053223	-0.443982057
-12.121678352355957	11.122955322265625	-0.081111778
8.153000831604004	-23.007787704467773	-0.345814799
-0.5664055347442627	-8.263699531555176	-0.366464705
21.829614639282227	7.268769264221191	-0.719404312
28.851205825805664	9.952959060668945	0.745193932
-13.58459758758545	22.19971466064453	0.27664225
-33.015098571777344	24.096006393432617	-0.296792631
-1.008487582206726	-5.936452865600586	-0.340465712
2.0429635047912598	-16.88652801513672	-1.208212545
-13.058967590332031	16.06924819946289	-0.33770059
-31.225648880004883	29.33917236328125	-0.43723813
-16.099552154541016	8.789920806884766	-0.737971344
9.165852546691895	-11.219443321228027	0.553229328
-9.372623443603516	1.9850455522537231	-0.803558848
-6.850390434265137	20.3127498626709	-0.487391259
-29.374969482421875	32.644737243652344	-0.680439611
0.8480364680290222	18.880090713500977	0.358621619
-29.153024673461914	-17.332012176513672	0.759996928
-2.9773378372192383	22.396080017089844	-0.289093139
-22.882287979125977	12.00313663482666	0.053085354
-6.6308183670043945	-0.937126100063324	0.201034305
43.869503021240234	-1.361846923828125	-0.44006453
39.36463928222656	-10.401626586914062	0.523429884
16.91347312927246	29.0826473236084	-0.052348487
-2.1615490913391113	25.570377349853516	0.130212461
10.23366928100586	-10.29238224029541	0.695316945
-22.81020736694336	-10.818235397338867	0.580029733
10.239723205566406	4.7168989181518555	0.691683616
7.695312976837158	-5.916286945343018	0.166835431
-33.251976013183594	26.4460506439209	-0.662954269
2.5651962757110596	-0.3475268483161926	0.235746518
-12.343262672424316	11.754783630371094	-0.311492175
-16.112417221069336	-2.9777679443359375	0.371344398
4.475848197937012	3.692694664001465	1.024080452
-4.708553791046143	17.773666381835938	0.091940905
1.0762012004852295	20.345792770385742	-0.690867145
1.3886157274246216	1.7848210334777832	0.955710194
-2.695829153060913	-0.9515721797943115	0.196968953
-32.60032653808594	28.703615188598633	-0.095619087
3.1966733932495117	29.814258575439453	0.630027242
-26.8150634765625	8.148290634155273	0.445157819
-24.167919158935547	15.702619552612305	0.404683095
-14.974706649780273	-37.582210540771484	-0.170194495
-9.631133079528809	3.011932849884033	-0.421449122
-6.136220932006836	14.494623184204102	-0.251168458
-3.9503774642944336	2.3488821983337402	0.329163193
12.947898864746094	-9.674887657165527	0.258768861
-9.471963882446289	16.874465942382812	-0.800560576
22.48158836364746	7.221616268157959	0.293363738
-26.02522087097168	-19.07565689086914	0.418539984
-9.869791984558105	24.476551055908203	0.657499505
10.827136039733887	20.80429458618164	-0.031467837
19.573701858520508	-15.873353004455566	-0.005193973
-38.07339096069336	28.40792465209961	-0.705952494
9.583934783935547	-13.378185272216797	0.122208743
-13.24148941040039	15.383573532104492	0.106635405
7.369203090667725	-15.763880729675293	1.076598758
43.54898452758789	1.5104426145553589	-0.351789976
-15.11232852935791	-8.123149871826172	0.020261753
-30.08053970336914	29.622421264648438	-0.140188711
-4.952870845794678	-22.432193756103516	-0.143443417
-4.396973609924316	-1.7074766159057617	0.114076036
38.219783782958984	9.180765151977539	-0.276156283
17.955650329589844	12.727029800415039	0.127571285
-5.449605464935303	-23.026222229003906	0.749888945
-2.6711184978485107	-18.00873565673828	0.650163055
34.01073455810547	-25.061203002929688	0.608376995
-0.5327293276786804	-37.941444396972656	-0.799966538
-5.929877758026123	-9.92352294921875	0.599123527
-19.27241325378418	-25.8560848236084	-0.119844842
27.018125534057617	-2.7129783630371094	0.502943635
0.8412140011787415	8.847448348999023	-0.100719879
-4.486386299133301	32.84967803955078	0.981630983
4.185641765594482	-20.8289737701416	0.226946095
17.450641632080078	-31.512096405029297	0.586654721
-17.971172332763672	19.440717697143555	0.189353082
8.790607452392578	19.15080451965332	-0.258181454
-33.785858154296875	29.700767517089844	-0.563632553
4.929895401000977	-5.471869945526123	1.072958218
29.242340087890625	-22.886343002319336	0.378257737
-12.385844230651855	-39.71828842163086	0.043013513
12.12501049041748	-9.381630897521973	0.342751914
-32.143524169921875	26.176668167114258	-0.870296077
25.28837013244629	-18.431791305541992	0.775668231
44.6999626159668	-11.488789558410645	-0.757423089
7.540767669677734	-6.222964763641357	0.035892389
-2.2454311847686768	-6.543997287750244	0.018635701
-3.888580322265625	21.515825271606445	0.728025552
28.603605270385742	-12.595097541809082	0.420244624
2.5779709815979004	-32.5332145690918	0.927079707
22.77174186706543	4.157663345336914	-0.642586618
-1.013695240020752	-11.63381576538086	-0.162757191
-19.984447479248047	-15.111719131469727	0.165979115
28.12523651123047	-11.09028148651123	0.465243052
19.703636169433594	-31.147953033447266	0.736004482
-28.631393432617188	28.35222816467285	-0.37366787
11.613734245300293	-19.225391387939453	0.932555757
12.143977165222168	-11.683133125305176	1.042974066
-4.782711029052734	-0.2874564826488495	0.382840938
30.41359519958496	11.616959571838379	0.554693203
-29.61437225341797	-29.23628044128418	-0.134109611
-11.144854545593262	-17.412521362304688	-0.52461212
8.345020294189453	11.695791244506836	-0.371706692
16.992416381835938	17.917789459228516	0.909493676
-15.51451587677002	-25.515745162963867	0.026318764
-5.179370403289795	-31.1462345123291	-0.291317224
6.786619186401367	2.7934935092926025	0.043724126
-19.58058738708496	17.80860137939453	-0.142648173
6.851388454437256	-27.500226974487305	0.215824099
-11.62987995147705	10.462068557739258	-0.519941477
-4.566299915313721	-27.518465042114258	-0.608196617
-11.160174369812012	1.347580075263977	-0.08021874
-5.660857200622559	1.6479099988937378	0.643366919
-2.0222251415252686	-2.259660243988037	0.258468758
0.6400885581970215	-16.048385620117188	0.733413712
-23.25797462463379	7.456048488616943	-0.981050462
-10.109160423278809	3.514291763305664	0.21245088
-1.9151618480682373	3.8857171535491943	-0.021462353
-11.60973834991455	-23.274831771850586	0.140096643
15.14574909210205	-12.22273063659668	1.310430382
29.90472412109375	-18.313283920288086	0.72126898
-0.029241885989904404	-7.397552490234375	-0.228962147
-15.684494972229004	9.073691368103027	-0.274869592
-4.45640754699707	33.513916015625	0.779099119
-2.476140022277832	-14.219562530517578	0.304289545
-4.690729141235352	26.037212371826172	0.430411199
31.098398208618164	-21.917068481445312	0.374132777
-39.53466033935547	22.215463638305664	-0.893584054
-6.711452007293701	8.46518325805664	0.550459652
7.884267807006836	0.9296294450759888	1.249455751
-35.38004684448242	27.498870849609375	0.145322538
-15.099210739135742	4.238195896148682	-0.197114005
-5.19716739654541	-38.648990631103516	0.215977322
9.296991348266602	22.907026290893555	-0.295820124
-32.67797088623047	23.374021530151367	-0.901351256
-17.473163604736328	10.018741607666016	0.282541026
-26.579345703125	1.3583794832229614	-0.126940093
-17.627260208129883	18.36954116821289	0.575412244
10.682353019714355	-4.0008463859558105	0.66520333
-9.305656433105469	23.56092643737793	1.043003833
28.36018943786621	2.504056453704834	0.358440582
-29.701202392578125	34.20179748535156	-1.043001305
2.7726900577545166	-25.983766555786133	0.37035825
5.165378570556641	-14.715058326721191	0.551136884
17.085067749023438	-6.273441791534424	0.552113347
7.695757865905762	9.224682807922363	0.028363351
-28.07190704345703	-15.558870315551758	0.187342838
-35.477264404296875	-5.881372451782227	-1.20987832
25.199840545654297	-33.05855941772461	-0.848379383
29.486852645874023	-5.81033992767334	0.909942647
24.8868350982666	-34.510231018066406	-1.234311695
21.79560089111328	10.669732093811035	0.827727611
-1.7511333227157593	-5.688992023468018	-0.103895385
-18.85773277282715	-20.432960510253906	0.589691459
9.61577033996582	10.130258560180664	-0.168882298
-29.103679656982422	1.4580974578857422	-0.043007864
-15.76043701171875	-36.69150924682617	-0.603904531
-0.9368970394134521	22.305747985839844	-0.232483986
7.156458854675293	-9.961039543151855	0.109212615
-16.31195831298828	-25.56119728088379	0.626065481
-18.009363174438477	28.624849319458008	-0.64104988
11.286938667297363	37.10456466674805	-0.1744265
5.723447799682617	-8.158902168273926	0.668483731
-1.376414179801941	22.307069778442383	-0.149174412
-7.771229267120361	4.39641809463501	0.152995552
-14.29774284362793	-20.683616638183594	-0.045419128
-21.869693756103516	18.529069900512695	0.260825798
-6.712148189544678	-47.67601013183594	-0.268059064
-12.644808769226074	-39.420509338378906	-0.493481715
0.968846321105957	35.233890533447266	0.19652333
4.800465106964111	29.242399215698242	-0.348458418
-15.961177825927734	-17.61852264404297	0.516220908
2.7179534435272217	-5.73787784576416	0.837540177
28.358081817626953	23.771839141845703	0.00176187
34.088932037353516	2.9252240657806396	0.001497478
-5.751204013824463	-30.507402420043945	-0.627873424
-26.73554801940918	-14.475202560424805	-0.41275848
-36.538883209228516	30.665868759155273	0.196003861
14.265983581542969	-8.105341911315918	0.124969479
-25.57693099975586	-16.998741149902344	0.463725598
13.615189552307129	-4.940905570983887	0.692557876
14.001994132995605	-22.444725036621094	0.31727904
5.253923416137695	-23.678956985473633	0.089377152
-11.734599113464355	6.126951217651367	0.333865871
-18.305130004882812	-25.476457595825195	0.061328586
9.80731201171875	0.23836736381053925	-0.18991864
21.99775505065918	-0.6900659203529358	0.854457485
-28.843082427978516	29.698028564453125	0.144079497
27.166852951049805	2.6841111183166504	0.462030998
-12.450611114501953	8.968879699707031	0.642957594
13.16665267944336	-13.379931449890137	0.680642217
-21.83867073059082	12.954243659973145	0.410526452
-34.50588607788086	11.41390323638916	0.179918023
20.650062561035156	24.233287811279297	-0.441811362
6.8509440422058105	0.7340364456176758	0.728712082
3.698697090148926	-1.3539469242095947	0.085624098
-23.341474533081055	-17.176069259643555	-0.231932882
8.546181678771973	7.578310012817383	0.398149883
-5.642349720001221	-28.8991641998291	-0.249080903
-9.026884078979492	-22.194412231445312	-0.426343948
12.357076644897461	3.434424638748169	1.052728149
-28.500701904296875	31.954275131225586	-0.718284307
-11.598345756530762	-23.242435455322266	-0.468432356
-36.46118927001953	26.605979919433594	0.379551956
-8.984715461730957	-22.148473739624023	0.293311496
28.62470245361328	-12.294950485229492	0.56346058
5.831913471221924	33.64677047729492	-0.554348884
-0.6880506873130798	2.566544771194458	0.379422951
12.634366989135742	-25.892976760864258	-0.00232513
3.360145330429077	-47.6146240234375	-0.521277288
-32.00581741333008	32.924678802490234	-0.663951537
6.869138240814209	13.435807228088379	-0.304427774
-5.303164482116699	-2.610532760620117	0.595914958
-4.103063583374023	9.456588745117188	-0.53111466
-29.905391693115234	25.396495819091797	-0.248576102
-2.1215453147888184	-5.466008186340332	0.11544648
9.693860054016113	-3.147897481918335	0.80726221
-32.78232192993164	5.134612560272217	0.879928248
35.15768051147461	-5.175160884857178	1.076142586
-2.7578914165496826	-14.856439590454102	0.730071536
33.226375579833984	-4.936408996582031	0.969415095
7.301165580749512	26.830846786499023	0.144127028
8.950495719909668	-18.350412368774414	0.67605926
-5.130361557006836	-38.62784194946289	0.41067772
13.676278114318848	-29.92609214782715	-0.194871917
-35.85270690917969	31.822805404663086	-0.580445873
-5.715941429138184	7.387836456298828	0.768251375
-17.876766204833984	28.255685806274414	-0.401585116
-5.297158241271973	27.010711669921875	1.076151895
15.818530082702637	-5.5856709480285645	0.427705895
13.524978637695312	-7.378260612487793	0.9273511
-30.15350341796875	26.639537811279297	0.208918277
16.419775009155273	-8.023008346557617	1.059649774
-15.956686973571777	13.995651245117188	-0.234176844
39.661094665527344	-10.020886421203613	0.134447345
17.37859344482422	13.446836471557617	-0.341910065
-12.747589111328125	-4.345989227294922	0.422397187
-1.3572499752044678	-26.171628952026367	-0.427790223
-4.375080108642578	18.374055862426758	0.167896237
-23.733060836791992	-5.707125663757324	0.936941792
41.668121337890625	19.269851684570312	0.365244536
18.593576431274414	30.10378074645996	0.486703661
9.014037132263184	-39.24994659423828	1.172802627
27.28441047668457	-1.4263756275177002	0.697733854
-7.125701427459717	-21.09971809387207	-0.461162523
14.285699844360352	-28.137603759765625	0.620248593
-1.5214511156082153	-0.8633154630661011	0.131287789
-0.4229868948459625	-31.031362533569336	-0.235689531
-1.0765297412872314	24.97320556640625	-0.103763486
8.80822467803955	-22.51126480102539	0.411451192
19.89864730834961	-24.568077087402344	0.364495768
-29.33707618713379	24.18174171447754	0.227424268
-15.500238418579102	-13.842964172363281	-0.269286046
8.744998931884766	5.5127034187316895	0.159853815
23.511045455932617	-17.003639221191406	0.907576484
-30.52720069885254	-30.934938430786133	0.398199175
-3.5957934856414795	5.243719577789307	-0.063921659
-9.1511869430542	-8.236244201660156	0.614954019
10.589695930480957	6.157232761383057	0.486098166
-9.286083221435547	-8.299985885620117	1.014992845
-9.047514915466309	-2.007689952850342	0.152045977
-14.27467155456543	4.466458797454834	0.602465343
-12.068260192871094	21.244342803955078	0.790699091
-15.253497123718262	0.5877798795700073	0.469266243
-26.328933715820312	2.033822536468506	-0.073121784
16.899682998657227	28.904598236083984	0.430653967
23.334714889526367	3.595578193664551	-0.044060376
1.6102147102355957	25.725969314575195	0.050725235
-11.387677192687988	27.82872772216797	-0.239751603
0.7924410700798035	1.2727469205856323	0.961605721
-7.294191837310791	-5.585139751434326	0.840562137
-25.26659393310547	24.964473724365234	-0.974210946
-2.517700672149658	11.429682731628418	-0.210968974
-18.31047248840332	2.891047239303589	-0.342393887
36.86392593383789	-20.139249801635742	0.783116059
-22.034637451171875	-4.4096245765686035	-0.430767762
17.13429069519043	17.852787017822266	0.834122342
-12.80525016784668	-11.517549514770508	0.919450373
6.983443737030029	-45.29252624511719	0.677412668
-13.412436485290527	31.52147674560547	-0.119856428
27.480403900146484	-1.2974574565887451	0.032414069
-29.059606552124023	11.223081588745117	0.152417459
-8.434089660644531	-13.341399192810059	-0.260799804
36.78703308105469	-19.962066650390625	0.662281721
-10.798377990722656	0.5432819724082947	0.195651404
-1.024192214012146	-3.1762776374816895	-0.58537584
12.011299133300781	19.96158218383789	-0.269333746
11.279221534729004	29.25464630126953	-0.790135329
-16.747745513916016	-13.073537826538086	-0.065303135
-1.3793094158172607	-8.19705581665039	-0.31628802
0.8301416039466858	21.655282974243164	0.067433823
29.58932113647461	-13.345747947692871	-0.07968608
3.5156280994415283	41.4522819519043	-0.505448951
-7.44285249710083	5.851535797119141	0.20193025
-3.1005072593688965	0.8844009041786194	0.616676087
-1.218730092048645	33.29853439331055	-0.386680697
25.898591995239258	-18.577119827270508	0.789641823
-32.112457275390625	31.833532333374023	-0.83351332
-2.254833936691284	16.47079849243164	0.37776868
-1.265088677406311	33.67708206176758	-0.693893967
-36.365108489990234	-15.676329612731934	0.000486609
22.628929138183594	-31.995853424072266	-0.142852732
-18.06395149230957	-27.164091110229492	-0.402742744
11.76107406616211	-19.243717193603516	0.930809641
43.88883590698242	-1.433610439300537	-0.647396593
13.157354354858398	-33.98859786987305	0.013558443
-26.280622482299805	-8.267107963562012	0.944853849
22.140914916992188	15.762438774108887	0.783129846
-37.822940826416016	24.0278377532959	0.453067721
18.449806213378906	30.364543914794922	-0.069122225
18.076536178588867	-0.10125434398651123	0.164851334
-18.16972541809082	2.9334232807159424	-0.071577865
-27.73486328125	26.708288192749023	0.234438972
-12.64764404296875	8.025043487548828	0.591433715
-30.691213607788086	-17.50713539123535	0.143281573
30.22440528869629	11.425447463989258	0.912926691
4.241331100463867	21.59847640991211	0.428067398
14.137655258178711	15.948554039001465	0.148547566
-9.037836074829102	32.850059509277344	0.632229506
5.1665940284729	-10.286978721618652	0.428132643
18.870115280151367	1.4513680934906006	0.88363181
34.45265197753906	16.07619285583496	0.552746429
19.037080764770508	-34.645423889160156	0.637229483
6.555426120758057	7.908958435058594	0.351532227
-16.32925796508789	-2.7936816215515137	0.602480237
-11.91677474975586	-40.75300216674805	-0.294722359
-21.407869338989258	19.657878875732422	0.389004619
26.79448127746582	2.692397117614746	-0.184170686
-20.296340942382812	16.500680923461914	0.056593316
24.46906852722168	-0.7441408038139343	0.340449269
1.8012855052947998	14.612387657165527	0.105023033
2.8209738731384277	-15.827249526977539	0.940458727
-4.403238296508789	14.333768844604492	0.382149718
7.013386249542236	-45.298213958740234	-0.749231324
-16.902957916259766	-12.79031753540039	0.371594174
-25.910818099975586	-20.987140655517578	0.171736175
-2.3814303874969482	5.598837852478027	0.476085576
18.58450698852539	-17.66368865966797	0.689581444
-11.657678604125977	1.4865150451660156	-0.637322995
-8.312416076660156	-18.025739669799805	0.418172238
5.371696472167969	-8.818211555480957	0.62138171
9.813592910766602	9.199942588806152	0.818202965
19.57523536682129	-15.073468208312988	0.48243053
-5.234557628631592	12.47594165802002	0.045120468
-23.945945739746094	27.19158935546875	0.289417077
-17.560514450073242	-1.0444228649139404	0.058679968
5.479104518890381	9.891176223754883	-0.0062497
5.5573859214782715	-21.08719253540039	1.122265021
-27.65842628479004	28.773452758789062	-0.420937732
18.187511444091797	-5.350854396820068	1.108559208
1.398375391960144	-30.1732177734375	0.221287542
-11.915473937988281	-8.73965072631836	0.191866651
-30.373640060424805	-30.628337860107422	0.317915334
0.6250224709510803	-11.458803176879883	0.830636584
3.5371272563934326	-9.37645149230957	0.82902436
1.485446572303772	-3.5754942893981934	0.240688486
-4.069952011108398	23.238338470458984	0.596661237
-22.37738800048828	-25.2647705078125	-0.593812187
7.5488600730896	-0.9870444536209106	-0.012469555
11.480552673339844	-7.0114336013793945	-0.211110901
1.085504412651062	19.57615852355957	0.263611812
17.09786033630371	22.083492279052734	0.230250979
-20.714046478271484	20.22298240661621	0.514806402
-12.542837142944336	27.77838134765625	0.826042872
14.594320297241211	1.0560216903686523	0.484576987
38.030574798583984	8.922825813293457	-0.051801529
-1.7850266695022583	7.613961696624756	0.548471166
-29.84555435180664	-29.612520217895508	0.269346679
-0.9138139486312866	-50.54912185668945	0.017036311
0.8444991111755371	35.34419250488281	0.011155766
2.7013120651245117	-18.5975399017334	-0.248453085
-21.916271209716797	13.574538230895996	0.908828661
-6.361688613891602	-29.552303314208984	-0.001241798
-27.239181518554688	25.595529556274414	-0.537359676
-23.525178909301758	29.70599365234375	0.534997122
-8.341927528381348	10.19866943359375	0.270631637
20.17208480834961	-0.9704197645187378	0.511617451
2.460500955581665	-25.57910919189453	0.516802735
15.652200698852539	3.9115240573883057	-0.433035352
20.545944213867188	6.129955291748047	0.184372295
-16.084918975830078	-36.21236801147461	-0.515084347
22.138383865356445	-20.42294692993164	0.839315172
1.5533064603805542	-48.840885162353516	0.097910302
43.86113357543945	1.4333124160766602	0.385739309
-2.5041065216064453	9.997343063354492	0.135198566
-0.28353992104530334	12.28393268585205	-0.759491262
18.81410789489746	-4.504164218902588	0.680900344
-0.5749819874763489	28.749391555786133	0.284481941
-28.498249053955078	-16.480928421020508	-0.812613329
0.921096920967102	22.247989654541016	0.485463271
9.69674301147461	-36.763038635253906	-0.244867408
9.505805015563965	-17.374492645263672	0.673574535
26.741445541381836	11.912874221801758	0.073301129
-2.198284864425659	-22.219329833984375	0.171941948
14.7572021484375	-38.10751724243164	0.365609855
5.255947113037109	-17.131811141967773	0.424825363
-13.35277271270752	31.029407501220703	-0.391309755
1.3716413974761963	-13.818949699401855	0.515021931
-5.3800482749938965	-1.7580342292785645	0.53246442
29.71025276184082	-28.42572784423828	0.268471262
1.693130612373352	35.3011474609375	-0.231516713
35.71540832519531	24.233964920043945	0.310897135
16.673526763916016	-15.62613582611084	0.80079206
15.114056587219238	-15.175328254699707	1.33298759
8.99781322479248	-39.31767272949219	0.969758413
1.3278142213821411	-50.30669021606445	-0.437995646
25.38507652282715	-25.8968448638916	1.037885083
11.076681137084961	9.57409381866455	-0.048156901
0.9656513929367065	-2.838871955871582	-0.227846874
24.17180061340332	-22.292972564697266	0.320504214
-10.651047706604004	13.047319412231445	0.321359732
6.1199631690979	-30.85062026977539	0.848596665
15.829085350036621	-12.487114906311035	0.269031194
-5.6209330558776855	25.365436553955078	0.754418488
-22.352230072021484	-25.24454689025879	-0.298385257
-14.4141206741333	26.271677017211914	1.154227083
-29.73040771484375	17.87717056274414	-0.266077172
-19.959442138671875	-15.11004638671875	0.36060451
-0.5007278919219971	-0.9657899141311646	0.358546435
16.89483070373535	-31.787630081176758	-0.706973713
-9.610062599182129	15.899171829223633	-0.540327516
-1.575612187385559	20.72182846069336	-0.372976426
6.839273452758789	-30.455888748168945	0.560482412
25.4093074798584	28.041458129882812	-0.448635606
-19.46487808227539	-4.893093109130859	0.151356906
3.7512905597686768	16.313650131225586	0.060544418
21.386812210083008	11.862778663635254	0.177956648
27.916122436523438	35.30299758911133	-0.049657986
-0.3821699917316437	3.1650922298431396	0.214506223
-22.73045539855957	12.949908256530762	0.849973573
-3.6133224964141846	-8.12588119506836	0.421771487
-5.958558559417725	27.361833572387695	1.204863823
25.4862117767334	-7.8004326820373535	0.570126591
-3.449847936630249	13.499377250671387	-0.456055047
3.7807204723358154	13.030734062194824	0.573437319
15.95327091217041	9.157028198242188	1.166064714
7.322207450866699	5.970324993133545	0.0620089
-26.320158004760742	31.982694625854492	0.313259785
5.104200839996338	-5.519627571105957	1.260786998
16.200298309326172	-16.045307159423828	0.881887999
8.064852714538574	1.6904228925704956	0.652486105
19.158592224121094	-17.413803100585938	-0.019561957
16.860414505004883	-16.314088821411133	0.679275037
26.535545349121094	-10.28620433807373	0.77653704
-19.97028160095215	-27.11444664001465	0.954139008
-11.636500358581543	-6.602290630340576	-0.492073763
-0.5420961976051331	28.845699310302734	0.557065551
33.91583251953125	-12.948810577392578	1.264409337
16.10826301574707	-25.138593673706055	0.064956612
29.82073211669922	7.626767158508301	0.085064037
1.2920247316360474	-23.373485565185547	-0.528650176
-35.48798370361328	-5.865776538848877	-1.462727615
1.2977181673049927	-50.28461456298828	0.171642557
-35.11860656738281	17.410593032836914	0.568542433
-10.838272094726562	19.3934326171875	0.56403395
8.713345527648926	-20.4706974029541	0.721904532
-1.6075592041015625	-9.47857666015625	-0.798086664
-38.457191467285156	2.1152231693267822	-0.631361123
-5.462320804595947	-34.589256286621094	-0.631919175
22.374889373779297	-41.077392578125	-0.250146956
7.929173946380615	-5.025137901306152	0.795285992
11.95815372467041	1.4124115705490112	0.450115731
8.149221420288086	-12.876853942871094	-0.002833139
-13.142911911010742	-4.54754114151001	-0.106819748
-15.781180381774902	-7.256572723388672	0.196846575
9.221805572509766	23.099027633666992	0.018777647
-25.31096839904785	29.008695602416992	0.006603668
43.302894592285156	-16.796009063720703	-0.010780271
23.49759864807129	0.32298749685287476	0.522980013
-5.961966514587402	-23.216449737548828	0.319459254
44.2783317565918	1.7689692974090576	0.205188447
-6.772964000701904	36.2267951965332	0.293421825
10.280191421508789	-12.18010425567627	1.023964053
-9.820879936218262	7.56543493270874	-0.164225858
42.21134948730469	2.221283435821533	0.647964152
-1.1530100107192993	-13.665237426757812	0.809005798
-5.267967700958252	-5.832884311676025	1.020316404
9.362998962402344	19.658090591430664	0.162157156
10.618365287780762	14.809612274169922	-0.93739479
-31.32010269165039	-16.683080673217773	1.172940562
4.8203959465026855	2.5319607257843018	-0.154733106
-5.830682754516602	-15.213589668273926	-0.902658519
12.915770530700684	-19.767839431762695	0.995486921
-23.224584579467773	-5.070559024810791	0.149811952
-8.318868637084961	20.395374298095703	0.012738679
36.426151275634766	-1.9473599195480347	0.230890505
-5.889651298522949	-11.990090370178223	-0.4577524
-4.991304874420166	-6.316982746124268	0.421383037
21.585439682006836	-1.0195889472961426	1.05850826
1.5098634958267212	14.566055297851562	-0.147796572
6.247121334075928	-3.2281856536865234	0.155637359
9.209633827209473	9.767769813537598	0.154992689
22.808547973632812	-17.390718460083008	0.39364699
-6.491311550140381	8.173645973205566	0.828262547
3.952693223953247	41.80709457397461	0.433782374
1.8938316106796265	-9.906754493713379	-0.291561105
-4.630099296569824	17.519588470458984	-0.015033086
-21.426002502441406	3.036910057067871	0.348744778
-37.97259521484375	1.6538281440734863	0.215647816
18.09329605102539	31.424890518188477	0.804319137
-33.11076354980469	-22.330398559570312	-0.471233703
-8.398842811584473	-34.23218536376953	-0.009567908
-9.266586303710938	37.49098587036133	-0.193482846
19.163372039794922	36.56809616088867	0.606235939
-30.80658531188965	32.08087921142578	-0.426650854
21.565759658813477	2.0688891410827637	-0.20922802
-33.76041793823242	23.29829978942871	-0.289176757
-17.01959991455078	13.923065185546875	0.422518645
-0.7319817543029785	-50.59260177612305	0.139008016
3.3175573348999023	-12.426960945129395	0.716196805
-6.156261444091797	-21.88697624206543	0.317194367
-9.155706405639648	-26.634620666503906	0.104000636
-9.611780166625977	-17.235523223876953	-0.305746911
-8.164230346679688	-13.12601089477539	-0.095562541
9.373367309570312	-28.7262020111084	-0.709910876
-28.562097549438477	-31.922941207885742	-0.550860141
11.77346134185791	36.92159652709961	0.223194165
-18.65537452697754	6.746214389801025	0.22737803
9.968562126159668	20.56673240661621	0.149948817
-12.383143424987793	7.830357551574707	0.737051896
-18.371379852294922	19.18867301940918	0.488956182
1.1454378366470337	8.570751190185547	0.440657209
14.960821151733398	-16.865121841430664	0.947557735
-9.046913146972656	32.629817962646484	0.202272419
3.9567008018493652	-11.176273345947266	-0.109110912
-32.361759185791016	32.48234558105469	-0.047009581
26.31536865234375	19.790536880493164	-0.077794395
35.26408386230469	-5.242135524749756	0.561689492
-5.2363176345825195	34.7784423828125	-0.556966356
25.65083122253418	-19.342445373535156	0.628372601
19.858367919921875	-26.01587677001953	0.483115496
-25.264814376831055	26.889659881591797	-0.654028153
6.456996440887451	-18.995359420776367	0.315055999
15.977065086364746	-2.505720615386963	0.779925303
-4.651597499847412	38.53455352783203	1.05684472
12.342667579650879	-1.0252615213394165	1.041706574
5.383328437805176	4.897134780883789	0.823254227
21.49799919128418	23.553028106689453	0.699079454
-22.82398796081543	-19.68631935119629	0.646655388
8.995271682739258	-18.727298736572266	0.95829979
1.3528060913085938	-8.016193389892578	-1.291910025
-13.51064395904541	30.520427703857422	0.724063025
-24.99563980102539	-16.41614532470703	-0.678175191
15.490436553955078	-39.39772415161133	0.370012755
-35.153602600097656	31.598623275756836	-0.06057097
1.6437757015228271	-49.183326721191406	-0.085863128
17.823165893554688	-21.22877311706543	0.939182149
12.437954902648926	11.292619705200195	0.330906662
15.48828411102295	18.48699188232422	-0.585390362
21.862354278564453	23.247638702392578	0.037365673
21.538705825805664	-10.970444679260254	0.900386425
-27.257932662963867	-12.49242115020752	0.174496982
-6.282054901123047	3.4706060886383057	-0.675458599
-1.109975814819336	36.268245697021484	0.941854573
34.163551330566406	2.8951492309570312	-0.363118015
-0.805623471736908	24.276784896850586	0.807086881
13.39461898803711	-3.7052204608917236	0.150083116
-14.795554161071777	23.11773109436035	0.418091081
39.42228698730469	-11.17443561553955	0.879696941
-11.00520133972168	-41.90555953979492	-0.453093826
0.5032991766929626	9.47758674621582	-0.582520309
-36.717620849609375	1.4257488250732422	0.659380136
4.702807903289795	-28.07746696472168	0.64306643
-41.593223571777344	8.783263206481934	0.903090812
-9.028005599975586	-26.539220809936523	-0.188675835
12.301790237426758	-12.042740821838379	0.84509694
-7.402701377868652	5.3841552734375	0.690916657
-13.379647254943848	-39.91285705566406	-0.279432039
2.5369815826416016	1.432982325553894	-0.619143115
7.303131580352783	-16.57259178161621	0.394210965
9.593562126159668	-28.757633209228516	-0.895284009
-8.897012710571289	4.955256462097168	-0.191802983
9.270696640014648	-6.91815185546875	-0.621606434
-34.514366149902344	11.422327995300293	0.299347548
7.051122665405273	19.23233985900879	0.06805811
-4.4365315437316895	3.3564820289611816	0.201716954
7.420711517333984	16.561681747436523	0.166301682
-23.080278396606445	-1.0661561489105225	0.363746365
0.8009558320045471	-46.78395462036133	0.615537412
-8.782536506652832	35.14331817626953	0.480262458
-29.71891212463379	17.806015014648438	0.601588189
4.405461311340332	7.108205318450928	0.089601116
3.7558445930480957	-7.43646240234375	0.536196646
-11.32501220703125	-15.785945892333984	1.097948946
7.323581218719482	10.55289077758789	-0.156947496
26.407039642333984	19.890066146850586	0.692825009
25.65318489074707	-9.696099281311035	0.912296025
-30.862873077392578	30.70917320251465	-0.772166324
12.246061325073242	21.566829681396484	-0.470318574
21.979045867919922	-2.3235673904418945	0.352719457
25.727069854736328	-35.713111877441406	-0.539798562
17.330867767333984	-20.00713539123535	0.810273909
4.030654430389404	-20.575956344604492	0.437630815
-4.457311630249023	-9.897392272949219	0.681004819
-3.5066652297973633	-11.616681098937988	0.306948493
-9.860347747802734	-37.276668548583984	0.268673186
13.417976379394531	-10.756318092346191	1.14773234
25.516111373901367	-6.664455413818359	0.858153618
28.80405044555664	-1.172809362411499	0.179371611
-5.94167423248291	10.235774040222168	0.122891397
-21.037927627563477	35.65744400024414	0.156927374
20.717756271362305	-14.3103666305542	0.746054818
-27.228473663330078	30.066810607910156	-0.290484504
25.617023468017578	-32.252742767333984	0.409907904
35.129356384277344	-25.91231918334961	1.228229873
7.190002918243408	-11.547747611999512	0.743631867
-8.73024845123291	35.254730224609375	-0.451028169
-29.08563232421875	1.459318995475769	-0.325915361
34.951725006103516	15.231687545776367	1.329902358
1.8226145505905151	-0.4515184462070465	0.315334263
-0.10093005746603012	12.260879516601562	-0.328447423
44.71185302734375	-11.486207962036133	-1.210640946
10.88083553314209	37.70604705810547	-0.365822759
-26.303647994995117	-8.292202949523926	0.203845709
-17.24714469909668	-11.376551628112793	-0.116663663
1.9997153282165527	-17.181190490722656	-0.763789216
-3.6499764919281006	8.207090377807617	0.544462254
-9.568717956542969	38.39142608642578	0.153063991
0.8999279141426086	17.207368850708008	-0.378873035
-9.952594757080078	-10.915188789367676	-0.045595197
-3.2116591930389404	-2.3316919803619385	-0.268304165
11.393780708312988	-21.75977325439453	-0.059713233
-7.6220245361328125	-25.1767578125	-0.087635346
2.6614816188812256	-8.855321884155273	0.811358627
-41.59007263183594	8.784893035888672	0.658378396
21.52138900756836	-5.185467720031738	0.699391174
29.356367111206055	1.9102696180343628	0.317520456
-10.62487506866455	13.577713012695312	0.806357321
-25.942604064941406	-13.430996894836426	-0.111345674
21.32962417602539	-10.736467361450195	0.676900152
-39.21969985961914	-0.819692075252533	-0.741279495
0.4644111692905426	-27.01611328125	0.345099037
5.235393047332764	-12.506972312927246	0.265709743
-3.9397900104522705	28.414730072021484	0.683250492
-40.297584533691406	28.573339462280273	-1.225336198
-9.991214752197266	-15.725360870361328	0.329257389
-17.25789451599121	-1.7614890336990356	0.41265882
-32.8281135559082	5.010562896728516	0.861332439
-4.464973449707031	5.676006317138672	-0.105646504
-12.843253135681152	-11.321697235107422	0.743401465
16.93630027770996	-9.912640571594238	0.047058439
-6.232785701751709	3.4257705211639404	0.622496148
-19.230300903320312	29.1205997467041	-0.647942844
-22.523115158081055	-33.273128509521484	-0.828999638
-7.310372829437256	-39.432090759277344	-1.063830936
-21.592653274536133	26.458423614501953	0.223351989
18.617902755737305	17.95197105407715	0.362105435
-26.19235610961914	22.28780746459961	-0.364141248
-4.408247470855713	-4.139918327331543	0.927181814
-15.97132682800293	-17.62360954284668	-0.12031957
-27.047067642211914	24.958236694335938	0.52938063
-19.835987091064453	20.602157592773438	0.832777138
-13.655771255493164	12.006260871887207	0.917483251
22.868417739868164	5.846005916595459	-0.241975721
-7.749587535858154	-3.8752663135528564	0.589879388
-4.3365302085876465	-17.381235122680664	0.368696707
-7.8197784423828125	0.28648698329925537	1.112755362
3.376142978668213	41.34007263183594	0.192356282
-23.286222457885742	11.213068008422852	0.790154895
4.055291652679443	24.60875129699707	0.179208889
-30.95294189453125	-11.833685874938965	-0.412611544
13.108315467834473	-1.9975383281707764	0.420598574
18.567216873168945	7.723818302154541	0.126183985
4.202462673187256	-32.700965881347656	0.414036815
18.328340530395508	32.89801788330078	0.991079729
-2.1377077102661133	-19.610185623168945	0.656621202
0.3627428114414215	7.413895130157471	0.786750394
43.3051643371582	-16.785951614379883	-0.396710669
5.422165393829346	22.493289947509766	0.178068695
29.781463623046875	10.113019943237305	0.853097153
-1.5249173641204834	18.136554718017578	-0.098808175
11.319948196411133	-14.097264289855957	0.082667989
-25.545978546142578	-0.06248243898153305	0.113278831
-17.710113525390625	20.336565017700195	0.453578256
23.03463363647461	8.566251754760742	-0.298376048
-19.636157989501953	-25.46906852722168	0.142712349
-39.1788330078125	-0.725231945514679	-0.14379531
22.207454681396484	15.773470878601074	0.566453826
-35.675140380859375	31.90106201171875	-0.576215648
29.153038024902344	-22.959501266479492	0.084405845
-5.136341094970703	-34.356101989746094	-0.31294216
4.116978168487549	-4.151669979095459	0.923979553
3.8371992111206055	-41.70378112792969	-0.270774467
2.5838544368743896	-33.27763748168945	-0.028743857
-2.623375415802002	-17.968524932861328	0.754534061
18.674957275390625	-21.446802139282227	1.219362364
8.995322227478027	-2.7178378105163574	0.295167129
16.167634963989258	22.118549346923828	0.323681295
3.575343608856201	-13.078261375427246	0.339567049
12.007720947265625	-15.98578929901123	0.848860096
17.288578033447266	31.704824447631836	0.638627178
5.456000328063965	-1.4862475395202637	0.591603373
33.968929290771484	-12.9276704788208	1.075391002
-27.309642791748047	7.932775974273682	1.603096177
-9.400006294250488	16.719797134399414	-0.131318508
4.8289713859558105	8.178950309753418	0.352946711
2.4628632068634033	-3.700465679168701	0.148062408
23.373126983642578	-11.995579719543457	0.723441878
-11.720319747924805	27.230127334594727	0.785653469
19.901029586791992	-24.300617218017578	0.627273831
38.644588470458984	9.72916030883789	0.163139183
3.0929713249206543	-26.560623168945312	-0.642179391
6.511739730834961	26.700428009033203	0.181178914
9.437357902526855	38.04426956176758	0.125554465
-36.2361946105957	-14.376123428344727	0.716622033
9.625274658203125	14.019725799560547	-0.628734757
-9.205382347106934	-5.9386396408081055	-0.210056297
-15.428346633911133	-33.01158905029297	0.362555761
-36.068546295166016	-14.815838813781738	0.594642631
-4.648944854736328	-24.59377670288086	-0.703306544
41.66994857788086	19.2721004486084	0.185052085
5.994174480438232	19.595081329345703	-0.573157727
-23.363693237304688	30.84640121459961	0.449512976
-29.23674964904785	-18.79572105407715	0.078411268
-6.211464881896973	0.9457648396492004	1.263145265
-14.309818267822266	-20.705150604248047	-0.448280519
13.02282428741455	39.2833366394043	0.927491654
-17.727035522460938	10.06676959991455	-0.150480717
-4.350880146026611	-20.465045928955078	0.885275068
-19.962860107421875	24.926042556762695	-0.460118582
19.14200782775879	36.51551055908203	0.570809367
8.539807319641113	-31.11713981628418	0.852853756
-1.2842609882354736	-37.352272033691406	-0.453905195
-29.209932327270508	-28.25733757019043	-0.156456406
7.405362606048584	26.852128982543945	0.471275783
22.388425827026367	-41.08832931518555	-0.083063059
-29.240093231201172	-13.99653148651123	1.396675826
25.05473518371582	-34.51054000854492	-0.994708773
4.705544471740723	1.268751621246338	-0.043434118
15.169546127319336	-18.39241600036621	0.062773746
-12.9692964553833	-1.710906982421875	1.132808163
-21.2849063873291	3.028418779373169	-0.099920707
2.26655650138855	8.325298309326172	-0.429907438
-17.496017456054688	13.722793579101562	0.681023078
10.462455749511719	-8.735957145690918	0.991566189
-30.499446868896484	28.426555633544922	-0.993309629
13.073030471801758	11.693689346313477	-0.720330346
16.0887451171875	-1.3156219720840454	1.506143021
18.451698303222656	-11.800305366516113	-0.196375078
10.522229194641113	33.3578987121582	-0.693068126
-13.913578987121582	20.421972274780273	-0.921563993
2.397167921066284	4.262669086456299	0.168958856
13.260883331298828	24.74184226989746	0.043112634
-20.214433670043945	17.541934967041016	0.519967084
-29.92475700378418	-11.980280876159668	-0.127581916
-34.43604278564453	25.629119873046875	0.445421058
-3.257720947265625	-29.43586540222168	0.402567638
-15.324739456176758	0.661268413066864	0.351957553
-23.388160705566406	-0.9459609985351562	-0.70778867
3.762057065963745	-21.91590118408203	0.022739109
8.262253761291504	-9.134121894836426	-0.251259283
19.74906349182129	-31.321603775024414	0.343513402
1.65403151512146	3.144780158996582	0.369660564
25.371240615844727	-25.854509353637695	1.192950418
-0.5315769910812378	-4.681467056274414	-0.400701718
-29.05608558654785	11.234925270080566	0.504688003
-2.1428513526916504	0.9806604385375977	1.046527776
-2.5355679988861084	2.3574740886688232	0.736577973
-6.542208671569824	17.42862892150879	-0.38922987
0.12261441349983215	-19.0015926361084	0.51687103
19.001800537109375	4.5265116691589355	0.964756703
-12.637956619262695	-42.533206939697266	-0.128204549
11.002877235412598	21.32494354248047	0.030371917
16.99473762512207	-22.162866592407227	0.705304668
9.142471313476562	-15.175588607788086	0.675114673
26.148584365844727	5.856522083282471	0.307512376
20.060083389282227	-29.739397048950195	0.910998571
3.1799476146698	-49.49087142944336	0.410243198
13.53560733795166	-17.161300659179688	0.031538154
-3.2124924659729004	-27.548786163330078	0.173302648
37.64412307739258	-9.745187759399414	0.035187064
13.257562637329102	24.768070220947266	0.24225561
-19.01595115661621	-20.600006103515625	0.046743252
-12.606217384338379	-12.897400856018066	0.438647126
-9.621271133422852	7.891472339630127	0.015047385
-6.387618064880371	-7.477758407592773	0.157933971
-26.134124755859375	0.7956807613372803	0.507692091
-35.3701286315918	-15.38773250579834	0.615851086
18.44205093383789	-8.0416259765625	1.552866845
-28.80804443359375	33.17326736450195	-0.599991498
6.331169128417969	-14.298709869384766	-0.027917864
15.721243858337402	8.304768562316895	0.575983684
-0.5154204368591309	0.9793347716331482	0.755582535
-22.33517837524414	17.642576217651367	0.017856682
1.151806116104126	-6.156473636627197	0.646228654
-35.11567306518555	17.473604202270508	-0.330757552
17.90870475769043	-14.675397872924805	-0.122797674
3.674504041671753	16.15281867980957	0.836657948
29.871013641357422	35.424617767333984	0.125471569
21.067712783813477	8.089140892028809	-0.377224708
-19.569189071655273	-9.16662883758545	-0.695746502
-6.908425807952881	-2.4012773036956787	0.855652398
27.808053970336914	16.308931350708008	-0.19661514
30.17011070251465	-18.281003952026367	0.551377975
-33.09426498413086	-22.285888671875	-0.974849942
2.4591994285583496	-32.11054611206055	1.179759127
4.3107476234436035	-42.53160858154297	0.058499131
-7.177366256713867	10.087042808532715	0.654538209
19.82317543029785	-7.985657691955566	1.116020974
10.13119888305664	0.17271627485752106	-0.346330755
3.655730962753296	19.192956924438477	0.068768894
-1.697556972503662	35.72384262084961	0.087007568
-11.826972961425781	-18.222829818725586	-0.485720587
-18.979446411132812	-7.705424785614014	-0.555475194
-5.838688850402832	-3.6418516635894775	0.572626005
15.674904823303223	4.32774543762207	0.911656192
-30.159412384033203	-12.260295867919922	-0.295868824
-2.9051339626312256	-3.687488079071045	0.176204702
-7.114470958709717	21.228513717651367	-0.312872667
16.42735481262207	-9.599623680114746	1.028721361
11.322076797485352	9.85007381439209	-0.295103344
22.511367797851562	-14.705547332763672	0.119223315
-1.1848387718200684	14.782088279724121	-0.386181481
-7.183658599853516	-10.414630889892578	0.098408346
7.557417392730713	-26.021072387695312	0.477371878
-14.559920310974121	6.351842880249023	0.70539147
3.0385375022888184	29.88485336303711	0.430606526
-29.267417907714844	-3.9788596630096436	0.660199413
-29.41383934020996	-4.124582767486572	0.894955932
13.147181510925293	-33.98137664794922	0.013808185
-32.517822265625	5.965008735656738	0.831849294
-11.003186225891113	-0.9818584322929382	0.530850289
-15.573681831359863	-6.561174392700195	0.987941212
-31.092119216918945	-11.72515869140625	-0.265894142
1.5607872009277344	25.706571578979492	0.419576021
11.287301063537598	-24.632980346679688	0.288909389
-9.953740119934082	-4.038928031921387	0.797975131
11.068387031555176	-4.374886512756348	0.949356316
13.156509399414062	6.415170192718506	-0.257513387
0.5823522806167603	-20.517593383789062	-0.559975425
15.850337028503418	-8.698232650756836	1.062624875
30.338937759399414	35.174720764160156	-0.034853642
28.754045486450195	22.869651794433594	0.309740943
-1.5160715579986572	-31.97364616394043	0.684371032
15.59967041015625	-39.58361053466797	-0.313638956
-9.073619842529297	-1.9702134132385254	0.567943856
23.74469757080078	7.176013469696045	0.27683342
-34.930606842041016	-15.351579666137695	0.831623076
11.286219596862793	29.2513484954834	-0.998733876
12.516118049621582	38.77667999267578	0.691742743
36.006046295166016	7.311364650726318	-0.352444087
-24.92391586303711	15.43124008178711	1.123612604
25.92087173461914	12.442001342773438	0.477906019
-30.296615600585938	34.93749237060547	0.699752678
-4.452308654785156	39.127445220947266	0.162500453
-10.32813835144043	28.254308700561523	0.146813068
26.774940490722656	-16.843990325927734	0.660263073
23.241065979003906	-11.946513175964355	0.176016528
3.7614762783050537	14.149603843688965	0.364378314
28.20887565612793	9.65623664855957	0.520023536
29.506282806396484	-5.813551425933838	0.726869592
2.995471477508545	11.003847122192383	0.644565397
-35.758697509765625	-13.924485206604004	0.719067514
-6.53418493270874	12.623945236206055	0.870110728
-0.24116145074367523	-38.22175216674805	-0.238506385
28.87030792236328	22.65367317199707	-0.398640356
35.71131134033203	24.247129440307617	-0.03462606
-16.843612670898438	-7.581179141998291	0.065862072
-31.199108123779297	22.531770706176758	-0.751038342
35.596466064453125	-3.300459384918213	1.004508908
-22.920881271362305	-10.808462142944336	0.420253614
-12.681723594665527	17.103363037109375	0.302908447
-21.26531410217285	35.29351043701172	0.197918665
-26.144384384155273	-18.362422943115234	-0.045742145
-10.549424171447754	0.08720975369215012	0.665896934
-31.46796417236328	27.869911193847656	0.108655116
35.67406463623047	-3.21394944190979	0.763965107
9.726066589355469	38.17340850830078	0.437365406
27.734712600708008	37.420562744140625	0.248640484
28.351743698120117	-11.043754577636719	0.366962858
24.240163803100586	-3.9298224449157715	0.346409954
13.387219429016113	-25.970455169677734	-0.503554213
-19.93434715270996	6.607813358306885	0.205074639
-16.872692108154297	29.764087677001953	-0.328882658
-22.532018661499023	-33.27420425415039	-0.472468183
8.66032886505127	4.433154106140137	0.321162698
-14.482389450073242	-38.143280029296875	-0.416478277
34.04653549194336	16.89067268371582	-0.157823554
-6.708918571472168	-47.692325592041016	0.111323714
1.7653456926345825	5.984835624694824	-0.944821297
10.4609375	7.507010459899902	0.899811217
-15.028515815734863	-25.511730194091797	-0.068302942
-14.712298393249512	16.674711227416992	0.177232904
-22.136411666870117	-1.2865275144577026	0.464735392
20.03264617919922	-11.14159870147705	0.873950284
-34.950992584228516	28.9405517578125	-0.297567445
-21.65656089782715	18.12881088256836	0.279801127
4.972401142120361	-35.23165512084961	-0.498175551
26.175912857055664	-19.21683692932129	0.722070546
33.643123626708984	17.63841438293457	-0.911689605
-9.054924964904785	12.035512924194336	-0.614538221
-24.376461029052734	-13.905145645141602	-0.434096861
-6.1099467277526855	-15.875493049621582	-0.785057807
-38.902748107910156	23.065624237060547	-0.102183103
33.82093048095703	-24.9069881439209	0.502954943
-13.630583763122559	28.448829650878906	0.664243044
36.40427017211914	-19.02458381652832	0.280650163
-30.687320709228516	24.189945220947266	-0.10452052
7.711924076080322	-30.823638916015625	0.982130552
-15.886998176574707	3.879197597503662	-0.053786768
25.40681266784668	28.034095764160156	-0.629133055
-38.945491790771484	2.722043991088867	-0.872568047
-28.543413162231445	21.445785522460938	0.565605207
-19.119653701782227	6.69924259185791	0.436334792
-1.5734119415283203	-22.644989013671875	0.553452823
6.882259368896484	-29.394004821777344	1.160348372
-3.343092918395996	-12.767644882202148	0.181448349
19.04770851135254	-34.72023010253906	0.942974499
-9.86056137084961	-30.02399253845215	0.772947146
-5.984418869018555	-9.70932388305664	-0.002148481
17.597930908203125	13.200932502746582	0.276089106
22.363988876342773	-8.09757137298584	-0.12476014
7.122124195098877	-33.21506118774414	0.422831558