x	y	cluster	word
52.775455474853516	1.284152626991272	2	his
-43.02861022949219	16.103580474853516	7	french
-29.484153747558594	6.882925510406494	7	american
-43.64353942871094	15.65909481048584	7	german
-43.29856872558594	16.08017349243164	7	british
-42.95778274536133	16.44801902770996	7	european
-44.505287170410156	8.980276107788086	7	canadian
52.07228088378906	3.4383184909820557	8	The
59.282806396484375	-0.024731285870075226	2	first
52.09939193725586	0.27314043045043945	2	two
58.125213623046875	0.7550111413002014	2	back
50.65938949584961	0.9003974199295044	2	life
49.87495422363281	1.3677252531051636	2	year
57.522796630859375	0.3713538944721222	2	well
53.698646545410156	0.050209615379571915	2	much
59.10588455200195	-0.6970331072807312	2	part
51.091800689697266	1.8993104696273804	0	company
49.98257064819336	-5.464605808258057	5	called
56.60759735107422	0.23029060661792755	2	point
46.70720291137695	0.5205394625663757	2	three
45.25537872314453	2.6931943893432617	0	state
54.48323440551758	-0.30226239562034607	3	full
58.13438415527344	0.028360649943351746	2	second
45.99961853027344	-5.118454456329346	2	run
46.829734802246094	-0.20080624520778656	2	order
54.038780212402344	-1.3424052000045776	2	following
39.1190071105957	-3.617689609527588	2	call
54.07046890258789	-2.9731550216674805	6	working
14.37806510925293	-26.95819091796875	1	makes
47.5610237121582	-0.7380972504615784	2	line
7.730835437774658	8.728079795837402	10	car
51.73335266113281	1.1450332403182983	2	course
51.142696380615234	0.750995397567749	2	side
49.59649658203125	-3.8778486251831055	1	works
44.430633544921875	-2.921431064605713	3	important
56.9102783203125	-0.4366474449634552	2	true
39.4768180847168	-2.5309159755706787	2	plan
31.11288833618164	0.6604127287864685	3	high
38.8768310546875	0.6430113911628723	3	level
19.04985809326172	4.014908790588379	2	mind
32.144187927246094	-9.425687789916992	6	taking
28.420848846435547	6.5565409660339355	4	history
50.711917877197266	-0.35985270142555237	3	current
49.32370376586914	3.7895889282226562	2	later
29.13839340209961	6.780941486358643	0	event
42.93126678466797	0.3837120831012726	3	several
26.79222869873047	5.060755252838135	4	results
10.555953979492188	2.3051598072052	3	access
45.76198959350586	-1.89389967918396	3	less
58.66558074951172	-1.2887176275253296	2	present
27.351049423217773	6.575965881347656	4	research
34.07813262939453	-8.92413330078125	6	running
48.72438430786133	-2.959590196609497	3	features
41.25475311279297	0.2568871080875397	2	four
46.160640716552734	-2.8701093196868896	3	complete
40.6154899597168	2.7284741401672363	2	early
21.30897331237793	-10.048684120178223	5	lost
29.7003116607666	-7.033099174499512	6	living
33.53782272338867	-4.595818042755127	2	return
29.098575592041016	5.012402534484863	0	position
47.99560546875	2.51053524017334	3	wonderful
18.794336318969727	5.273875713348389	0	field
46.21199035644531	1.036307692527771	3	original
49.28874206542969	0.8342127799987793	2	moment
30.33702850341797	7.173447608947754	2	model
26.114158630371094	-11.690096855163574	5	created
48.69979476928711	-6.007808208465576	5	included
35.45992660522461	-2.8878941535949707	2	half
54.82004928588867	-0.007022901438176632	3	certain
27.4188175201416	4.102831840515137	4	subject
4.422409534454346	5.315777778625488	4	events
36.14043045043945	-4.704494476318359	2	lead
-4.89556884765625	21.50278091430664	7	American
12.14373779296875	-28.545988082885742	1	takes
5.46980094909668	-16.811656951904297	5	designed
13.98239803314209	-27.285011291503906	1	includes
21.982572555541992	-11.385137557983398	5	taken
29.68674087524414	-4.033527374267578	2	via
25.792015075683594	2.73581862449646	4	points
57.99884796142578	-1.0441761016845703	3	particular
30.429523468017578	0.9096177816390991	3	major
13.721405029296875	7.027039527893066	4	article
27.536731719970703	5.124606609344482	4	record
26.529239654541016	5.376068592071533	4	details
40.65106964111328	-0.5066942572593689	2	single
-15.480618476867676	-2.2487642765045166	2	energy
57.70927047729492	-0.3937087655067444	2	fact
4.229244232177734	9.483752250671387	2	summer
34.85618209838867	-0.0052701327949762344	3	total
48.536136627197266	0.2351255863904953	2	front
53.17746353149414	-1.6996866464614868	2	thinking
23.622156143188477	-11.181282043457031	5	written
46.041893005371094	-2.7564313411712646	3	necessary
58.01860427856445	-1.4115967750549316	3	general
13.438109397888184	4.501861095428467	4	interest
-1.6953455209732056	1.0037153959274292	0	contact
14.563708305358887	2.958012819290161	2	chance
45.71018981933594	0.13775132596492767	3	fine
40.051513671875	-0.032662682235240936	2	entire
39.15842056274414	1.4422804117202759	3	personal
46.474369049072266	-1.6714612245559692	3	standard
25.761409759521484	2.9834086894989014	4	response
26.782310485839844	-11.926681518554688	5	brought
23.263938903808594	7.374014854431152	0	author
-10.956459999084473	-18.68071174621582	5	spent
47.39282989501953	0.7824392914772034	2	third
0.5771589279174805	5.177628517150879	2	air
45.2051887512207	-0.19358985126018524	3	main
43.6678352355957	0.4816259741783142	3	individual
46.764766693115234	1.032966136932373	2	final
18.604232788085938	6.835047721862793	0	success
45.2050895690918	-1.8790842294692993	3	common
-4.324824333190918	3.6306967735290527	4	title
47.77678298950195	-1.4799249172210693	2	example
17.518390655517578	5.223698139190674	0	production
48.46571731567383	-1.4563175439834595	2	approach
20.993436813354492	-10.782109260559082	5	decided
12.877517700195312	8.71902847290039	0	plans
47.755531311035156	-2.2847766876220703	2	feature
6.582045555114746	4.508110523223877	4	account
10.148846626281738	-29.622482299804688	1	gives
29.62761878967285	-2.686929225921631	2	wish
48.46554946899414	4.603297233581543	2	recently
52.30538558959961	-0.9827612638473511	3	plus
5.392683982849121	-19.425745010375977	5	published
39.894805908203125	-1.2191426753997803	2	sense
13.184891700744629	9.840928077697754	2	lives
4.4746246337890625	1.0695483684539795	0	goal
30.44647789001465	7.357062339782715	10	systems
25.379480361938477	7.559286594390869	3	professional
-12.731663703918457	0.26046767830848694	0	rules
10.848994255065918	5.547271728515625	4	track
18.19063949584961	4.577473163604736	2	charge
31.865713119506836	-10.160744667053223	6	creating
38.6081657409668	-5.0117926597595215	2	currently
-4.783648490905762	6.3196516036987305	0	sales
27.456424713134766	7.847212314605713	0	management
-36.60049057006836	15.838135719299316	7	Canada
32.35654067993164	6.8204545974731445	2	weekend
27.00263214111328	-6.0606369972229	5	based
18.56511878967285	4.236527919769287	2	stage
-39.34174346923828	-5.23032283782959	3	attention
52.587100982666016	-3.4555163383483887	6	leading
42.16148376464844	-2.4201464653015137	2	completely
55.78616714477539	-1.0332636833190918	2	truly
-13.102849960327148	6.935993194580078	2	dog
-3.9692652225494385	7.5250244140625	2	band
33.218482971191406	-3.4597198963165283	0	former
55.90577697753906	-0.620212197303772	2	rather
32.5185661315918	-3.910003662109375	2	speak
56.8270378112793	-1.0433733463287354	2	therefore
38.937843322753906	-5.047048091888428	4	states
47.06142807006836	2.0654330253601074	2	whose
26.450111389160156	0.9119431972503662	3	correct
42.82246398925781	1.910032033920288	3	recent
-12.087886810302734	-0.9585791230201721	4	conditions
29.06410026550293	-6.934803485870361	6	planning
29.171995162963867	3.8013947010040283	3	understanding
27.314456939697266	-4.592108249664307	3	due
49.710182189941406	-1.103052020072937	3	actual
45.808204650878906	1.0704859495162964	3	previous
-18.814697265625	11.118451118469238	2	July
23.60110092163086	-4.890504837036133	3	limited
10.611088752746582	4.677693843841553	2	lines
14.001502990722656	6.285856246948242	4	statement
8.235740661621094	-2.237239122390747	3	higher
10.284634590148926	-1.2717070579528809	3	lower
36.88541793823242	1.9304851293563843	3	excellent
14.441902160644531	1.1434310674667358	3	average
-5.847839832305908	21.039932250976562	7	USA
-6.877176284790039	20.834026336669922	7	Europe
-1.8850966691970825	11.556659698486328	0	member
-1.8539613485336304	11.839007377624512	0	president
25.847335815429688	4.986690998077393	4	reports
3.825103521347046	-5.159186840057373	2	towards
27.27527618408203	8.139514923095703	0	organization
31.901039123535156	5.884898662567139	2	reality
21.476295471191406	-12.226025581359863	5	led
42.2086067199707	-0.25618085265159607	3	regular
31.833017349243164	-7.368703842163086	6	setting
-15.66374397277832	-2.1218137741088867	3	safety
26.141799926757812	-1.370460867881775	2	focus
12.373706817626953	3.402484893798828	3	levels
4.415146350860596	6.0173516273498535	4	costs
29.37721061706543	0.9346187710762024	3	extra
-0.27074524760246277	8.080777168273926	0	brand
1.6202365159988403	5.42628288269043	10	speed
28.92694664001465	0.6287820935249329	3	additional
52.43367004394531	-3.310795783996582	5	involved
-11.212618827819824	1.4424313306808472	4	print
33.91788864135742	-1.9739598035812378	3	successful
48.44339370727539	2.500814914703369	3	fantastic
-17.932849884033203	11.161595344543457	2	August
11.559056282043457	34.15458679199219	9	David
9.613210678100586	-28.90864372253418	1	allows
40.01702117919922	-2.991647481918335	2	exactly
38.9917106628418	0.8446028828620911	3	overall
24.8995304107666	-11.282222747802734	5	presented
20.822811126708984	-11.823765754699707	5	named
50.132423400878906	3.35709810256958	2	earlier
-34.16118240356445	15.880200386047363	7	French
13.669454574584961	-9.060259819030762	6	keeping
58.55384826660156	-0.3960369825363159	2	clearly
-1.8283697366714478	8.354459762573242	0	teams
58.839080810546875	0.6135766506195068	2	anyway
9.002532005310059	-28.795438766479492	1	requires
15.11534309387207	-26.808320999145508	1	calls
-8.344867706298828	9.450431823730469	10	equipment
-14.25198745727539	2.4506049156188965	0	career
-34.924774169921875	16.293203353881836	7	England
8.722370147705078	-7.718033313751221	6	driving
3.6754863262176514	6.331331253051758	2	movement
-13.251104354858398	2.606715202331543	0	campaign
38.0694694519043	-2.2157273292541504	4	reference
36.96421432495117	-0.5728281736373901	3	appropriate
-1.8788646459579468	-3.3666460514068604	3	positive
-36.80392837524414	-3.2728445529937744	0	rights
10.501069068908691	-13.310002326965332	3	increased
22.308780670166016	4.471029281616211	3	national
-8.303507804870605	9.534929275512695	10	machine
3.726155996322632	9.102070808410645	2	spring
-10.072395324707031	6.035270690917969	2	winter
7.479517459869385	-17.470752716064453	5	completed
-35.82633590698242	16.009033203125	7	France
10.912567138671875	4.763929843902588	4	condition
-6.128306865692139	7.84314489364624	0	club
-7.994279861450195	-6.376940727233887	0	join
27.57891845703125	-3.2846274375915527	3	separate
-18.15664291381836	11.145392417907715	2	February
-39.55815124511719	16.149560928344727	7	Florida
22.714427947998047	-11.684871673583984	5	described
-37.1401481628418	16.050140380859375	7	Chicago
-40.610748291015625	-1.9789519309997559	2	wine
9.33178424835205	32.59146499633789	9	Paul
35.39506149291992	-0.5698410272598267	3	direct
30.056886672973633	-0.23109082877635956	3	serious
15.476639747619629	-1.2851029634475708	3	active
34.652767181396484	0.7867732048034668	3	classic
-33.24422836303711	1.2486786842346191	4	album
-0.7682083249092102	7.653836250305176	0	competition
28.683366775512695	7.329662799835205	0	official
37.14912033081055	0.7245996594429016	3	significant
4.339115619659424	-17.058752059936523	5	located
-6.6433820724487305	0.6315966844558716	4	status
-35.64826965332031	15.66026782989502	7	Germany
25.23786735534668	-11.530193328857422	5	produced
37.58815383911133	-1.8152506351470947	3	regarding
4.019590854644775	-18.59025001525879	5	returned
32.78061294555664	-8.565349578857422	6	calling
-29.90334129333496	2.971052408218384	2	dogs
-15.094568252563477	-4.203572750091553	3	degree
-3.899606466293335	11.572361946105957	0	director
27.79794692993164	3.8393313884735107	3	basis
3.405641794204712	-0.21552063524723053	2	forward
-9.26469898223877	0.7240381836891174	4	records
29.166460037231445	1.8496123552322388	3	existing
25.588308334350586	-10.758340835571289	5	established
59.8416633605957	-0.3648083806037903	2	obviously
-29.013959884643555	3.6664376258850098	2	ship
53.674217224121094	-0.590156078338623	2	possibly
1.0244935750961304	8.395569801330566	0	marketing
-3.5127058029174805	5.451661586761475	4	press
-32.74540328979492	-4.123198986053467	2	freedom
-14.460173606872559	-20.064176559448242	5	raised
18.677021026611328	7.1081318855285645	0	efforts
46.28801727294922	-0.39606183767318726	2	totally
-5.056441783905029	-18.06916046142578	5	announced
12.32177448272705	-28.611827850341797	1	brings
13.216099739074707	6.249511241912842	4	studies
5.758572101593018	6.100451469421387	4	info
10.793244361877441	6.885616302490234	2	flat
11.335241317749023	10.356271743774414	0	leader
0.3715386390686035	1.3522378206253052	4	detail
-6.313971519470215	-6.414949417114258	3	secure
-7.446241855621338	20.682376861572266	7	British
13.294053077697754	6.370632648468018	4	document
12.659371376037598	-27.162107467651367	1	leads
-4.524298667907715	2.184208631515503	4	entry
2.70666241645813	-17.28667640686035	5	missed
44.26275634765625	-0.7185559868812561	3	proper
11.604207992553711	33.48817443847656	9	Michael
-21.392004013061523	-6.43924617767334	4	score
32.18737030029297	-0.062302567064762115	3	double
10.4945068359375	10.236799240112305	0	firm
11.571565628051758	-25.504480361938477	1	sets
17.13925552368164	-8.904202461242676	6	allowing
-14.243274688720703	0.7737380266189575	0	communication
32.05060958862305	-9.919482231140137	6	bringing
45.125614166259766	-2.946537733078003	3	critical
5.449454307556152	-8.451982498168945	6	becoming
-5.944222927093506	7.336208343505859	0	bank
-31.801494598388672	-1.8981175422668457	2	brain
-1.1649560928344727	6.949517726898193	2	spirit
-20.527528762817383	-1.8016271591186523	0	conference
31.998046875	3.3590898513793945	3	relevant
9.263995170593262	3.47299861907959	3	commercial
-11.146029472351074	5.377875804901123	2	holiday
27.724742889404297	-2.799865961074829	2	fully
1.769452691078186	5.1549835205078125	2	switch
-3.5021567344665527	1.492889165878296	2	failure
-27.796463012695312	-1.922168493270874	10	bike
-7.881988525390625	-2.643075942993164	3	protection
2.6005070209503174	-18.993223190307617	5	ran
19.575986862182617	3.449873924255371	2	hell
-34.20332336425781	-3.5984230041503906	4	tax
15.569639205932617	2.7624595165252686	2	count
-8.515113830566406	6.987724304199219	3	digital
-12.787023544311523	8.075872421264648	0	artist
24.30390739440918	-9.26553726196289	5	compared
3.3566982746124268	-19.655181884765625	5	joined
-15.128987312316895	1.1309025287628174	0	vision
-34.63478469848633	15.500611305236816	7	German
14.670880317687988	6.4503865242004395	4	description
38.449485778808594	-0.5542199611663818	3	typical
24.8685359954834	-1.6377828121185303	0	creation
30.340423583984375	-1.4455677270889282	3	prior
31.789318084716797	-3.8846776485443115	2	imagine
1.0561132431030273	-18.432531356811523	5	recorded
-34.77741241455078	-4.7997918128967285	4	trial
3.987097978591919	3.538954734802246	0	task
-5.307108402252197	-7.173869609832764	3	maintain
-7.453684329986572	20.682273864746094	7	European
21.558469772338867	-9.865102767944336	5	planned
-32.141963958740234	-2.800675868988037	2	windows
0.5020362734794617	-9.447504043579102	6	spending
-3.0100910663604736	19.766977310180664	8	National
30.166818618774414	-3.7113518714904785	2	NOT
37.09170150756836	-6.5101847648620605	2	typically
-3.9523603916168213	20.943479537963867	8	International
10.624831199645996	-8.344727516174316	6	winning
20.008678436279297	5.290841102600098	2	perspective
-41.020259857177734	15.628151893615723	7	Italy
-14.0062255859375	5.993532657623291	0	studio
20.677654266357422	-7.109513759613037	5	according
8.33541488647461	-2.026578903198242	3	greater
-14.866920471191406	-19.939775466918945	5	signed
-9.7470121383667	2.730139970779419	4	judge
-14.40305233001709	5.831945419311523	0	owners
-3.158268690109253	2.7056186199188232	4	output
2.7203893661499023	-18.464996337890625	5	managed
9.049030303955078	32.36793518066406	9	Peter
-4.6599626541137695	-18.42792510986328	5	formed
10.639579772949219	-26.06595230102539	1	covers
54.868675231933594	-0.8951549530029297	2	specifically
12.277283668518066	-2.914883852005005	2	exist
10.705504417419434	-14.465810775756836	3	dedicated
9.742860794067383	-29.269620895385742	1	holds
-22.06281852722168	18.02315330505371	8	History
-34.76738739013672	-3.625770092010498	4	insurance
-40.038604736328125	-4.769235134124756	4	coverage
31.48995018005371	0.035826876759529114	3	central
-1.5932546854019165	5.664410591125488	2	centre
-15.488576889038086	6.167832851409912	0	winner
-24.05340576171875	-5.430304050445557	4	facts
-5.316094398498535	-18.686935424804688	5	entered
-2.2731893062591553	3.2350516319274902	2	route
15.877328872680664	9.17058277130127	0	department
32.49238204956055	-8.420372009277344	6	speaking
10.697325706481934	-13.555822372436523	3	reduced
-10.851309776306152	2.91153621673584	2	debate
40.66645050048828	0.2857445180416107	2	AND
-1.2848145961761475	-4.136547565460205	3	greatest
11.72443962097168	34.9084587097168	9	Chris
-39.25653076171875	15.546119689941406	7	Paris
-22.71157455444336	3.294992446899414	10	metal
32.58708953857422	1.3423420190811157	3	essential
21.675743103027344	-0.6115877032279968	3	numerous
7.764017581939697	10.931916236877441	2	sorry
22.77076530456543	-10.50357437133789	5	featured
-17.44826316833496	-7.149351596832275	2	cross
30.78742218017578	-3.3596651554107666	2	ahead
-11.626496315002441	-20.256336212158203	5	registered
13.40503215789795	1.031459927558899	3	independent
-26.357460021972656	1.441084623336792	10	radio
-8.743122100830078	-1.281863808631897	0	distribution
47.789615631103516	-3.6709446907043457	2	normally
44.08024597167969	0.011153845116496086	3	initial
3.5393457412719727	-9.959234237670898	6	receiving
9.806045532226562	-27.296892166137695	1	returns
24.426544189453125	3.6106555461883545	2	self
38.59612274169922	1.829993486404419	3	super
22.620630264282227	-9.088896751403809	5	intended
4.601576328277588	-7.157608985900879	6	drawing
48.11910629272461	-7.092746734619141	5	stated
-17.453699111938477	5.801342010498047	0	CEO
-3.007699489593506	0.18829837441444397	2	exchange
-27.86161231994629	-8.097729682922363	0	responsibility
-32.96681213378906	1.6329700946807861	4	magazine
-25.830995559692383	-8.788283348083496	4	register
9.881839752197266	-28.444978713989258	1	represents
-42.08689498901367	13.374921798706055	7	Ohio
32.561073303222656	0.5112273693084717	3	ideal
8.732067108154297	-0.7347511649131775	3	rare
-32.156673431396484	-5.316501140594482	2	shots
-25.334274291992188	-10.140657424926758	2	capture
-11.444233894348145	1.3278906345367432	4	label
-8.498919486999512	8.091811180114746	10	sport
4.392840385437012	-18.90026092529297	5	discussed
-10.974838256835938	0.833867073059082	4	figures
48.23680114746094	-4.612367630004883	3	combined
-0.5024173259735107	-3.020559310913086	3	lack
-40.954830169677734	15.071518898010254	7	Spain
-37.703121185302734	7.441164016723633	8	Save
-28.895727157592773	2.8386664390563965	2	arms
-22.595279693603516	-6.250237464904785	4	charges
8.710651397705078	-30.401973724365234	1	creates
6.15967321395874	4.374490261077881	4	accounts
6.8676066398620605	-8.412598609924316	6	enjoying
29.045324325561523	4.5742411613464355	2	existence
-2.924684524536133	18.945039749145508	8	Team
-10.334831237792969	-5.175600051879883	2	jump
-1.0826287269592285	3.25079607963562	4	tracks
24.301071166992188	1.3041502237319946	4	comparison
-5.677760124206543	3.3039968013763428	3	annual
26.519590377807617	3.8726983070373535	0	matters
29.53424644470215	1.7685472965240479	3	alternative
-29.079084396362305	2.179931163787842	4	mail
48.766876220703125	-6.411681175231934	5	noted
-34.525203704833984	-6.551357269287109	4	survey
-23.331562042236328	-8.333694458007812	4	measures
-12.436103820800781	1.238440752029419	0	agreement
-14.991765975952148	-20.603076934814453	5	issued
41.65843200683594	1.6247934103012085	3	fabulous
42.8364372253418	-1.5370447635650635	2	mainly
13.773962020874023	2.7033259868621826	2	possibility
37.042236328125	2.458049774169922	3	incredible
22.45891571044922	-9.929546356201172	5	chosen
10.692585945129395	34.19474411010742	9	Steve
-35.517093658447266	-1.5730699300765991	0	chair
-44.63840866088867	13.008849143981934	7	Ireland
25.92521858215332	-1.695015788078308	2	attempt
11.032334327697754	-28.135700225830078	1	tells
36.71867370605469	2.6548378467559814	3	brilliant
-27.713024139404297	16.53687286376953	8	Council
13.553318977355957	1.2700437307357788	3	aid
6.761934280395508	3.0984249114990234	4	reporting
4.247386455535889	-6.90347957611084	6	recording
0.6747801303863525	-2.7847182750701904	3	maximum
-5.180733680725098	6.374295711517334	0	advertising
-43.205257415771484	12.901420593261719	7	Michigan
5.1626296043396	1.2202327251434326	3	advance
50.3677864074707	3.9310004711151123	5	previously
10.340646743774414	33.30361557006836	9	Scott
-12.466939926147461	-2.6071572303771973	3	maintenance
-26.800756454467773	16.596189498901367	8	Club
-19.30210304260254	-4.800482273101807	0	foundation
-32.42852783203125	-2.018160343170166	2	plane
12.436437606811523	-2.5428075790405273	2	automatically
-32.70520782470703	-2.6874499320983887	2	port
6.3949360847473145	4.721652984619141	4	proof
2.043052911758423	-4.570108413696289	5	operate
36.304866790771484	-3.1988353729248047	2	entirely
-5.322983741760254	7.95817232131958	0	league
-38.60492706298828	15.197610855102539	7	Italian
-18.665483474731445	-9.162384986877441	3	highest
2.987604856491089	-19.132246017456055	5	spoke
11.970200538635254	34.02281188964844	9	Robert
8.110215187072754	-17.17681312561035	5	defined
41.21724319458008	-2.3653464317321777	2	somewhat
-35.18666076660156	1.1003644466400146	0	editor
-44.4000358581543	1.6275116205215454	2	cheese
-12.230647087097168	8.174424171447754	0	crew
3.606534957885742	2.7283201217651367	0	assistance
-12.815199851989746	5.343642234802246	2	arm
-0.22444579005241394	3.0641136169433594	2	controls
-35.29917526245117	0.24505363404750824	0	agent
-6.92778205871582	-3.2604520320892334	3	importance
22.831684112548828	-8.63476848602295	5	extended
9.184332847595215	3.218075752258301	3	technical
13.450984001159668	-7.856757640838623	6	operating
31.720958709716797	-3.1287643909454346	2	fourth
7.368727207183838	-1.8407797813415527	3	highly
-27.918798446655273	16.81371307373047	8	Association
-4.214915752410889	-0.7617772221565247	2	moments
14.956822395324707	6.425107479095459	4	lists
13.540057182312012	-0.2106410712003708	3	pure
-0.004422425292432308	-9.760906219482422	6	listening
-31.712059020996094	1.0905166864395142	0	photography
50.764671325683594	-3.945601224899292	2	essentially
-23.918563842773438	-7.489249229431152	4	accurate
-23.363615036010742	3.3509445190429688	10	television
14.427834510803223	-27.205402374267578	1	follows
-30.10542106628418	4.127558708190918	2	vacation
1.0373294353485107	-2.6255505084991455	3	minimum
-45.05952072143555	10.156709671020508	7	Jews
-16.668439865112305	-7.56356954574585	2	escape
-37.74192810058594	15.689996719360352	7	Canadian
-20.067916870117188	-5.625255107879639	2	victory
-6.457597255706787	-8.490682601928711	2	define
13.11609172821045	-8.655253410339355	6	producing
-0.03527522832155228	-9.021900177001953	6	flying
-18.473073959350586	-0.7448903322219849	4	subjects
-40.96232223510742	-2.950312614440918	4	shipping
12.593957901000977	1.6083852052688599	3	advantage
-7.301075458526611	-18.51137924194336	5	organized
9.097267150878906	-0.025144480168819427	3	historical
-43.405799865722656	0.4560922384262085	0	scientists
24.798749923706055	-4.41356086730957	3	equivalent
53.05901336669922	0.40233007073402405	2	latter
-4.630015850067139	9.549945831298828	0	division
9.985464096069336	33.904136657714844	9	Jim
-16.367753982543945	0.9421865344047546	0	expertise
-1.3955967426300049	9.578505516052246	0	expert
22.163652420043945	4.474611759185791	3	worldwide
-28.514129638671875	-2.199848175048828	10	cable
8.237192153930664	6.615304470062256	4	publication
-20.268741607666016	16.991384506225586	8	System
-5.593914031982422	1.8831734657287598	2	evolution
9.5400390625	31.878108978271484	9	Martin
23.90795135498047	0.8269100785255432	4	detailed
25.38629913330078	-1.8395466804504395	2	aim
21.89430809020996	6.761063575744629	2	THE
-8.884013175964355	4.534724235534668	3	adult
4.739986419677734	-2.18416166305542	2	split
4.420538902282715	-8.592576026916504	6	saving
-32.9958610534668	-6.5179266929626465	0	domain
-23.630146026611328	-4.989690780639648	4	titles
-21.242143630981445	-2.6271586418151855	3	federal
27.042272567749023	-5.072637557983398	3	primarily
-22.775691986083984	18.219310760498047	8	Society
-31.77836799621582	2.200864315032959	2	holidays
32.06703567504883	-0.9198591113090515	3	extremely
-11.930034637451172	0.42472490668296814	4	investigation
-37.08021545410156	-2.540537118911743	0	agents
-19.978515625	-5.940674304962158	2	arrival
-20.40349006652832	-7.169295787811279	2	fault
10.011261940002441	0.628654956817627	3	guarantee
-0.38652387261390686	7.201629161834717	2	attitude
-23.987503051757812	13.867222785949707	8	Following
-10.90221881866455	-19.653310775756836	5	charged
22.653066635131836	3.321057081222534	3	contemporary
13.042644500732422	9.572368621826172	2	heads
22.56794548034668	7.151101112365723	0	fellow
-13.879592895507812	-0.015788983553647995	0	powers
-42.38224792480469	-0.798134982585907	2	iPad
-34.86375427246094	15.941826820373535	7	Britain
-13.164305686950684	-19.806732177734375	5	scored
12.067205429077148	-27.612686157226562	1	writes
11.330931663513184	-3.368631362915039	3	versus
-8.805542945861816	-19.188249588012695	5	trained
-7.082675933837891	-6.122621536254883	3	assist
36.90647888183594	-6.910170078277588	1	exists
-18.026147842407227	-3.4638874530792236	0	profit
-43.86484146118164	12.413023948669434	7	Scotland
5.803598403930664	1.644716501235962	2	upcoming
20.282960891723633	-12.514325141906738	5	recognized
-44.18244171142578	12.452400207519531	7	Rome
10.39622688293457	34.67197036743164	9	Dave
-43.01420593261719	12.022873878479004	7	Illinois
-14.598037719726562	-1.7432843446731567	2	remote
-14.406740188598633	5.703344345092773	0	designer
10.947257041931152	33.2160530090332	9	Alex
13.034159660339355	-9.243735313415527	6	returning
-3.417526960372925	-0.3911360502243042	2	danger
-3.087541341781616	-1.4003050327301025	2	repeat
22.124774932861328	-1.475964069366455	3	ultimate
0.7523937225341797	-19.50991439819336	5	obtained
22.487743377685547	-7.611656665802002	3	preferred
-1.7027395963668823	8.99247932434082	0	professionals
-44.06216812133789	10.951736450195312	7	Jewish
-38.04328918457031	-5.598038673400879	2	keys
28.9762020111084	3.5929691791534424	2	introduction
10.796988487243652	0.8967269062995911	3	exclusive
-5.610820770263672	-7.599367618560791	3	accessible
2.8716273307800293	-9.119683265686035	6	joining
-42.59528732299805	13.128305435180664	7	Miami
-48.85771560668945	2.236191749572754	4	FALSE
0.11204390227794647	-18.82306480407715	5	directed
-26.097551345825195	0.43822747468948364	10	machines
5.271354675292969	-1.0262936353683472	0	responsible
25.05720329284668	1.2474563121795654	3	brief
3.9321930408477783	-8.41862678527832	6	closing
15.17404556274414	1.127514123916626	3	historic
1.4613597393035889	-11.008091926574707	6	entering
-45.51388931274414	0.06220545992255211	2	invention
-38.74259948730469	7.538625717163086	8	Order
-29.107982635498047	-2.077367067337036	10	guns
-11.365601539611816	4.803219795227051	2	landscape
-19.776670455932617	0.2385791838169098	4	edition
-45.391075134277344	-0.8056835532188416	4	accuracy
-11.394793510437012	-1.9604682922363281	3	functionality
10.899828910827637	-28.53884506225586	1	describes
-6.716545581817627	-18.658349990844727	5	granted
18.26696014404297	2.360398769378662	2	whilst
22.229562759399414	-8.866046905517578	5	aware
-34.17051696777344	-6.186313629150391	4	registration
-10.342033386230469	-0.07251010835170746	4	statements
-12.355280876159668	-20.20059585571289	5	conducted
-19.827280044555664	-2.293703556060791	0	offices
-2.0046536922454834	4.712998867034912	3	efficiency
-9.97241497039795	-19.889997482299805	5	owned
-4.788722515106201	-4.97023344039917	3	efficient
20.53122901916504	-1.2173222303390503	3	outstanding
37.21630096435547	-1.7682843208312988	3	concerning
15.410418510437012	3.0182881355285645	2	correctly
41.52512741088867	-4.842441558837891	3	associated
11.072333335876465	34.7808723449707	9	Brian
-31.0716609954834	-3.8242347240448	0	programming
9.31339168548584	-15.69756031036377	5	informed
18.55052947998047	7.781494617462158	0	representative
-26.629220962524414	2.1518492698669434	10	manufacturer
-10.716771125793457	3.5614092350006104	2	regions
-39.300567626953125	-1.28131103515625	0	membership
-44.863224029541016	0.09934527426958084	2	depression
-2.68703031539917	-1.2284835577011108	2	recall
-30.537288665771484	1.2021799087524414	2	storm
10.3717041015625	32.76178741455078	9	Frank
-10.676653861999512	-5.69558572769165	2	apart
-2.1712212562561035	5.546247482299805	3	musical
9.535298347473145	1.3904048204421997	3	bonus
-11.97902774810791	-19.294170379638672	5	captured
-44.624488830566406	-2.080242156982422	2	calm
-2.8221871852874756	10.912041664123535	0	chief
-27.315046310424805	-1.3011620044708252	10	wheel
-40.00837707519531	-2.676363706588745	2	bands
21.0401554107666	-12.556697845458984	5	represented
-26.405725479125977	2.7423064708709717	10	vintage
-6.817296504974365	2.1245760917663574	0	promotion
-39.64487075805664	7.269861221313477	8	Commission
-23.156309127807617	-7.344050884246826	3	differences
-1.2179186344146729	-19.068819046020508	5	achieved
27.843074798583984	-0.168946772813797	3	impressive
-24.953216552734375	16.62249183654785	8	Pro
-16.833984375	3.100029706954956	0	officer
3.529360294342041	1.767364501953125	3	recognition
-27.93195152282715	17.20987319946289	8	Union
-44.03025436401367	13.029643058776855	7	Irish
-39.54096221923828	8.00644302368164	8	Conference
20.383045196533203	-10.570601463317871	5	headed
-38.88218307495117	-2.7674264907836914	2	century
4.745883464813232	-18.603559494018555	5	declared
-34.053131103515625	-3.0392565727233887	4	climate
10.115269660949707	32.32361602783203	9	Charles
-3.2691519260406494	0.8451836705207825	2	entrance
-15.966053009033203	-3.8933160305023193	4	consequences
24.593313217163086	0.8719406127929688	3	exact
-37.01279067993164	7.321583271026611	8	According
-26.373050689697266	-0.6869809031486511	10	garage
4.2879204750061035	-9.773523330688477	6	promoting
0.013208508491516113	4.799044609069824	2	boot
52.148414611816406	1.830291986465454	2	unfortunately
-39.992191314697266	15.937746047973633	7	Philadelphia
-25.614013671875	0.1685616821050644	10	motor
-6.679033279418945	-8.95509147644043	3	establish
-4.559884071350098	-5.463289737701416	3	permanent
34.37859344482422	-4.278679370880127	2	alongside
8.95775318145752	33.22780990600586	9	Nick
26.671213150024414	-4.601041316986084	2	largely
9.805834770202637	34.370208740234375	9	Jeff
11.479216575622559	-0.9083925485610962	3	superior
-26.096975326538086	16.28586769104004	8	Death
-2.6617093086242676	6.599417209625244	3	academic
-1.5506811141967773	-2.5637359619140625	3	visual
11.082033157348633	-25.96725082397461	1	passes
12.029693603515625	0.29958635568618774	3	functional
-47.69898223876953	2.558274745941162	0	NFL
2.3968403339385986	-9.071328163146973	6	attending
51.62345504760742	-3.563429832458496	2	supposed
2.120002269744873	-11.317363739013672	6	maintaining
5.9392008781433105	5.02551794052124	4	references
-13.143447875976562	-5.114616394042969	3	scientific
-13.970930099487305	-5.2937331199646	3	educational
-14.017208099365234	1.342341423034668	0	communications
12.884716987609863	4.904841899871826	4	evaluation
12.078283309936523	-26.80950164794922	1	lets
-2.27115535736084	-7.158389568328857	5	qualified
6.610816478729248	31.009994506835938	9	Max
-17.363811492919922	-0.8747753500938416	4	findings
-43.89536666870117	11.819646835327148	7	Wisconsin
-22.739253997802734	2.73521089553833	10	electronic
-1.5815786123275757	19.964994430541992	8	Details
4.817513465881348	3.096540927886963	0	contribution
13.00164794921875	4.095217704772949	3	objective
-36.725460052490234	-3.4105026721954346	0	reputation
-39.88733673095703	-3.6279475688934326	4	journal
6.665452480316162	-16.1497802734375	5	driven
10.765360832214355	33.82630157470703	9	Eric
54.736331939697266	-1.187699317932129	3	regard
-29.486583709716797	6.114806652069092	7	coast
-0.31321772933006287	-19.1675968170166	5	maintained
9.756510734558105	-26.774383544921875	1	addresses
-33.70230484008789	-4.800084114074707	4	savings
-22.44086456298828	17.11997413635254	8	Living
11.21204662322998	-9.175954818725586	6	representing
9.181756019592285	-29.74319076538086	1	produces
-34.13051223754883	-0.21545292437076569	0	union
-20.533260345458984	-3.9265966415405273	0	prize
-16.698612213134766	-6.4362897872924805	2	upper
-10.078968048095703	-2.6474640369415283	2	virtual
-14.354010581970215	7.877930641174316	9	brothers
-13.642231941223145	-19.84952735900879	5	gained
-21.14130973815918	-9.03554916381836	3	mental
-37.336917877197266	-0.43704649806022644	0	professor
-22.09609031677246	-7.8669304847717285	3	awareness
-25.564990997314453	1.2208647727966309	10	pump
-26.998682022094727	-1.0763202905654907	10	wheels
22.33653450012207	-2.9506545066833496	3	vital
-8.069311141967773	-3.9462592601776123	3	priority
37.18101501464844	-0.531030535697937	3	subsequent
-2.3013644218444824	-6.265948295593262	3	guaranteed
-11.882553100585938	3.5075840950012207	2	trips
-40.645259857177734	6.635595798492432	8	Member
-45.255863189697266	-2.461458444595337	3	restore
-37.973060607910156	-1.8877902030944824	0	charity
-46.30601119995117	10.015800476074219	7	Greece
-13.850441932678223	-1.5566807985305786	2	pocket
-15.57763671875	-3.3700332641601562	2	possibilities
-7.6650896072387695	2.9819045066833496	0	announcement
-20.483251571655273	-3.225240707397461	0	commission
10.860328674316406	7.802914142608643	3	charming
16.31153678894043	8.759001731872559	0	initiative
-31.650146484375	-2.5541419982910156	2	waves
-26.15441131591797	17.264116287231445	8	Winter
-40.85774612426758	-4.601175308227539	4	diagnosis
41.0658073425293	-2.1836512088775635	2	equally
10.73035717010498	10.127461433410645	0	principal
19.66631507873535	-1.3102308511734009	3	extensive
-4.643932342529297	-19.1479549407959	5	acquired
1.5579335689544678	-7.6850972175598145	6	publishing
-23.41985321044922	16.98048210144043	8	Digital
-45.39152908325195	11.026145935058594	7	Detroit
22.162582397460938	-3.0209591388702393	3	crucial
-7.6621928215026855	-19.157045364379883	5	protected
-31.573545455932617	-6.753495216369629	3	environmental
8.443902969360352	1.963175654411316	3	expense
11.15102481842041	-25.87751007080078	1	breaks
16.244762420654297	8.8395414352417	0	association
-29.12257194519043	15.207511901855469	8	Air
-26.63306427001953	0.736562967300415	10	circuit
-31.56637954711914	-5.575704574584961	3	conversion
14.340215682983398	4.252890110015869	0	intent
-21.319725036621094	17.68590545654297	8	Future
-6.219710826873779	-18.104351043701172	5	celebrated
-15.076603889465332	-5.088018417358398	3	concentration
8.113664627075195	-30.458200454711914	1	delivers
36.509342193603516	1.1937001943588257	3	remarkable
-18.297773361206055	-4.977573871612549	0	wishes
2.911764144897461	0.1672549545764923	2	reverse
-3.441419839859009	7.5641326904296875	0	pro
-24.03268051147461	17.458324432373047	8	Division
-16.721275329589844	-0.686444878578186	4	documentation
11.04455852508545	-8.524287223815918	6	heading
-2.991048574447632	-3.584502696990967	3	reduction
7.425717353820801	5.666794300079346	4	summary
5.487502574920654	-6.855435371398926	6	failing
-15.277396202087402	5.183900356292725	0	producer
5.770174980163574	-16.072168350219727	5	controlled
-25.18496322631836	1.9057607650756836	10	racing
-41.65264129638672	0.3110514283180237	0	photographer
-3.7178075313568115	-2.2221624851226807	2	attempts
-21.98695945739746	3.8061206340789795	3	industrial
-19.078195571899414	-1.8207098245620728	2	territory
-7.768586158752441	-17.026647567749023	5	retired
-45.00901412963867	10.905635833740234	7	Portland
-22.370624542236328	16.080646514892578	8	Access
6.269839286804199	-1.8962143659591675	3	amongst
-19.862384796142578	-6.717869758605957	2	rescue
-4.756597518920898	0.6518075466156006	0	formation
-33.3878173828125	-4.328272819519043	2	reception
-38.8138542175293	-4.558651924133301	2	spell
-7.7829909324646	-17.56761932373047	5	elected
-43.29526901245117	11.342602729797363	7	Catholic
48.15858459472656	4.944955825805664	5	originally
-2.158921241760254	19.593839645385742	8	Classic
44.249176025390625	-3.5012736320495605	3	resulting
-2.430598497390747	19.739410400390625	8	Standard
1.1375796794891357	-19.013465881347656	5	addressed
-16.589542388916016	-23.136640548706055	1	receives
-21.894439697265625	-4.290659427642822	0	contributions
-10.152276992797852	3.658921241760254	2	glory
33.26188278198242	0.086153544485569	3	spectacular
11.91083812713623	8.584234237670898	2	joke
-39.23725509643555	-5.417022705078125	0	integrity
5.6989240646362305	0.6741434335708618	3	contrary
-7.147413730621338	-4.110375881195068	3	formal
-17.453716278076172	5.777758598327637	0	founder
-1.1346008777618408	9.207775115966797	0	specialist
13.641868591308594	-9.536282539367676	6	discussing
10.185951232910156	-14.713469505310059	5	focused
-41.02894592285156	6.274147033691406	8	Award
-12.76050090789795	-20.500530242919922	5	founded
21.53864860534668	1.3971967697143555	2	parallel
-28.690534591674805	2.831094264984131	2	pilot
21.41795539855957	-1.6396924257278442	3	immediate
-39.543209075927734	7.160750865936279	8	Magazine
-48.09587478637695	1.6078393459320068	4	degrees
-23.625110626220703	-6.060919761657715	4	measurements
-39.25505828857422	-0.5288990139961243	0	directors
-18.879898071289062	-6.473213195800781	2	reserve
30.088727951049805	4.692358493804932	2	aspect
-36.54971694946289	-0.03829275444149971	0	publisher
-48.597354888916016	2.15596079826355	0	copyright
-39.72385787963867	15.222613334655762	7	Berlin
30.028823852539062	1.2598881721496582	3	non
11.05900764465332	32.62202835083008	9	Laura
-28.780574798583984	15.178372383117676	8	Radio
-11.647050857543945	-17.25309944152832	5	entitled
-20.684545516967773	-9.220160484313965	2	inner
-37.509586334228516	-1.5256414413452148	0	estate
-22.233930587768555	15.772587776184082	8	Complete
-1.6827166080474854	-2.7212986946105957	3	generic
-2.4343810081481934	17.547250747680664	8	Much
-39.939151763916016	8.022807121276855	8	Tour
2.7040703296661377	-10.252179145812988	6	forming
-28.49142074584961	15.67691707611084	8	Sales
-25.137001037597656	15.839690208435059	8	Off
2.4650754928588867	7.74088191986084	0	participation
20.10723114013672	2.871655225753784	2	fifth
-31.402812957763672	0.45680272579193115	2	adventures
8.733992576599121	-1.2593895196914673	3	dramatic
-12.175528526306152	-8.861222267150879	4	checks
-29.60835075378418	3.3039979934692383	2	cottage
-1.1563546657562256	-4.458570957183838	3	severe
-2.7808618545532227	-18.684547424316406	5	calculated
-13.503080368041992	-5.191291332244873	3	clinical
15.67369270324707	4.420602321624756	0	intention
-6.3748979568481445	0.4065648913383484	0	representation
-28.76385498046875	-2.977797031402588	10	controller
-45.50889205932617	1.0179933309555054	4	magazines
-46.404022216796875	9.40048599243164	7	Jerusalem
-22.529409408569336	-7.9015116691589355	3	limitations
-41.76582717895508	14.74387264251709	7	Sweden
0.34936150908470154	-9.69421100616455	6	scoring
-18.665271759033203	-3.2269108295440674	0	discipline
35.036041259765625	-4.129264831542969	2	simultaneously
9.360177040100098	33.33543395996094	9	Rob
-40.30733108520508	15.123412132263184	7	Dutch
-15.943018913269043	-19.24342155456543	5	certified
-31.203786849975586	-5.727346420288086	2	dose
-5.25259256362915	-19.306337356567383	5	distributed
33.43803787231445	2.057708501815796	3	substantial
-22.97172737121582	16.15563201904297	8	Control
-46.818092346191406	1.1958307027816772	4	albums
-21.935012817382812	-8.385320663452148	3	advantages
-35.512760162353516	-0.8408045172691345	0	producers
23.258432388305664	-3.8403494358062744	3	relatively
-27.13773536682129	-7.192387580871582	0	achievement
3.707855701446533	-16.724262237548828	5	abandoned
2.878533363342285	-15.303003311157227	2	officially
-38.427268981933594	18.035768508911133	9	Charlotte
10.966429710388184	-13.130149841308594	3	enhanced
-2.5238230228424072	6.673044681549072	4	criminal
-34.545772552490234	-5.596516132354736	4	labels
-12.842711448669434	-19.31393814086914	5	drew
-6.946462154388428	2.8940627574920654	0	collaboration
-13.986370086669922	-2.8930344581604004	4	measurement
-21.604280471801758	-5.057493686676025	0	acquisition
-7.033314228057861	-19.079092025756836	5	predicted
-38.315589904785156	-3.424806594848633	2	comic
-38.69902420043945	16.24832534790039	7	Brooklyn
-29.03508758544922	-7.685326099395752	0	profits
-0.9089761972427368	19.405065536499023	8	Between
-32.20060348510742	-4.1656975746154785	3	emergency
-27.885204315185547	5.093461990356445	3	urban
6.996943950653076	-16.740259170532227	5	supplied
-20.409093856811523	17.95322036743164	8	Early
-18.37160873413086	-13.210823059082031	6	celebrating
-0.8502570390701294	20.021869659423828	8	Better
21.0157470703125	2.3586742877960205	3	grand
-18.96562385559082	0.14982105791568756	4	poster
-15.849648475646973	-21.07200813293457	5	awarded
-46.51953887939453	-0.9245925545692444	0	duties
5.239144802093506	4.328032493591309	4	interpretation
28.642507553100586	0.1758790910243988	3	minimal
8.20482063293457	0.41398438811302185	3	universal
-23.230148315429688	17.42728042602539	8	Professional
-24.256248474121094	13.66427230834961	8	Taking
-29.327062606811523	4.719839096069336	2	towns
-44.109127044677734	-0.3826918601989746	0	retirement
-20.35269546508789	-8.760139465332031	3	intelligent
26.761621475219727	-2.994905710220337	2	fitting
14.562891960144043	-0.016465935856103897	3	significantly
-14.828828811645508	-4.204647064208984	4	percentage
-0.2888505458831787	19.962928771972656	8	Working
-8.824406623840332	4.861334323883057	3	liberal
-18.598766326904297	-9.027449607849121	3	fewer
33.53849792480469	-8.42198657989502	6	claiming
-4.604079723358154	9.877151489257812	0	representatives
-15.16822624206543	2.3895230293273926	0	partnership
-18.591503143310547	1.3309612274169922	0	buyer
-6.120922565460205	-7.137619972229004	3	balanced
-47.44012451171875	3.3440213203430176	10	batteries
5.008596420288086	3.702650785446167	2	impression
-2.4088358879089355	1.2088028192520142	2	debut
-40.08497619628906	7.606093406677246	8	League
17.148517608642578	-8.875433921813965	3	requiring
9.76488971710205	-15.256241798400879	5	accomplished
-3.738571882247925	-19.30530548095703	5	secured
-27.876026153564453	15.262794494628906	8	Title
13.992786407470703	-9.443497657775879	6	presenting
-38.78564453125	7.859543323516846	8	Freedom
-24.097415924072266	2.1226468086242676	10	electric
-46.500389099121094	9.53756046295166	7	Wales
-29.239482879638672	-6.241793632507324	3	finest
3.6198809146881104	-9.76462459564209	6	placing
21.83668327331543	-3.429006338119507	3	distinct
-29.082965850830078	0.9139810800552368	2	revolution
-46.05964279174805	-2.2552437782287598	0	announce
21.251537322998047	-0.9931793212890625	3	extraordinary
34.12905502319336	2.0400009155273438	3	exceptional
-28.310649871826172	-9.682567596435547	2	defend
-45.25121307373047	3.301572322845459	10	bikes
31.70667839050293	-8.820676803588867	6	describing
-16.549278259277344	-20.17045021057129	5	shipped
3.0710439682006836	-16.372541427612305	5	forgotten
-37.54615783691406	-4.210704326629639	2	consciousness
20.41107177734375	-5.935583591461182	4	counts
10.628900527954102	9.084365844726562	3	legendary
-44.96617889404297	-1.153134822845459	4	deposit
-42.99991989135742	12.450113296508789	7	Connecticut
-45.05461883544922	0.8487614989280701	2	sheep
-20.76776123046875	17.242450714111328	8	Current
-24.78789520263672	17.655176162719727	8	Field
-27.971376419067383	-9.07752513885498	0	privilege
-28.847305297851562	16.289424896240234	8	Federal
-27.83695411682129	15.914740562438965	8	Film
-21.421777725219727	-7.03156852722168	2	alert
-46.68210983276367	-1.2497344017028809	0	responsibilities
3.3635265827178955	-0.8859335780143738	3	clever
-2.7499959468841553	10.326239585876465	0	executive
13.300387382507324	0.22354909777641296	3	absolute
-1.7446657419204712	-5.925607681274414	3	identical
-45.72352600097656	3.2628824710845947	10	BMW
-40.66639709472656	-3.7472877502441406	4	trials
-47.152748107910156	1.8520660400390625	0	jury
-10.688525199890137	0.11267644912004471	4	observations
-16.6922550201416	-20.74674415588379	5	crossed
-14.89306354522705	-7.6069416999816895	3	occasional
-24.65268898010254	-9.70372486114502	2	preferably
-9.567378044128418	-3.502824544906616	3	placement
-5.2334208488464355	9.376220703125	0	organisation
6.748383045196533	-3.4630959033966064	3	lacking
-2.2572991847991943	19.19758415222168	8	Original
-34.27890396118164	-7.581075191497803	0	objectives
-43.242042541503906	13.963170051574707	7	Switzerland
5.490574836730957	-5.756633758544922	3	demanding
-13.277387619018555	-1.8803547620773315	2	stages
-12.467377662658691	-8.763398170471191	3	gains
0.11113623529672623	1.0085288286209106	4	insight
-26.254310607910156	-9.16139030456543	0	grants
8.649367332458496	-29.577373504638672	1	draws
-6.241666793823242	-19.67915916442871	5	handled
-39.267555236816406	-3.1299424171447754	4	documentary
-44.950218200683594	-3.2805280685424805	5	licensed
2.330601453781128	-17.76738166809082	5	ignored
-41.27370834350586	13.968932151794434	7	Cambridge
-30.446805953979492	1.6661839485168457	2	outdoors
-11.624622344970703	-3.2679455280303955	3	compact
7.9685587882995605	-29.817489624023438	1	operates
5.0039896965026855	-14.928425788879395	5	restricted
-3.401581048965454	-18.648876190185547	5	attempted
-34.148231506347656	0.18479736149311066	0	physician
-27.482200622558594	0.5004505515098572	10	telephone
-43.73824691772461	2.995048999786377	10	cycling
23.3200626373291	-4.573394298553467	3	comparable
-36.14448547363281	-5.283212184906006	4	charts
6.807388782501221	31.138105392456055	9	Emma
-0.5320132970809937	-10.66622543334961	6	charging
8.285902976989746	32.5244140625	9	Rick
-25.169307708740234	16.558317184448242	8	Sound
8.3547945022583	32.08478546142578	9	Ron
-38.89869689941406	-8.166830062866211	6	climbing
-38.9825439453125	-8.057929039001465	6	breathing
36.15480422973633	2.6392173767089844	3	terrific
-8.589204788208008	0.9243250489234924	4	publications
-42.5921516418457	14.173291206359863	7	Netherlands
14.949236869812012	-1.3951882123947144	2	exclusively
-8.848198890686035	-3.3232691287994385	3	difficulties
-11.63759994506836	7.481743335723877	2	genius
-29.43793296813965	-2.486562490463257	10	grid
-11.704916954040527	-3.1309945583343506	3	automatic
-27.59366226196289	-8.843944549560547	0	ranks
-31.111154556274414	-2.9655377864837646	2	grip
-0.7356393337249756	-1.7345536947250366	3	progressive
-11.044310569763184	-20.56990623474121	5	operated
-42.8739013671875	0.8460175395011902	4	Wikipedia
-20.723434448242188	-9.935600280761719	3	lightweight
-26.863746643066406	0.015834210440516472	10	wireless
-44.16740417480469	1.5345462560653687	2	castle
17.54168701171875	7.434457778930664	0	involvement
0.2202090322971344	-17.799467086791992	5	spoken
-36.96142578125	-0.8727706670761108	0	captain
-41.15935134887695	6.26312255859375	8	Edition
-44.831912994384766	11.674538612365723	7	Barcelona
-45.84757995605469	-1.3432420492172241	2	cancel
-38.38262176513672	17.437278747558594	7	Roman
-47.737953186035156	2.141561269760132	4	wines
5.603501319885254	-7.6479620933532715	6	competing
3.317797899246216	-10.527690887451172	6	establishing
-30.050329208374023	-6.236530303955078	3	neutral
0.6248522400856018	18.833547592163086	2	aka
2.054612874984741	-11.25500202178955	6	achieving
-41.67609786987305	-3.684805393218994	2	routes
-5.019471168518066	1.8955497741699219	4	graphic
-4.426685333251953	-4.264161109924316	3	enjoyable
-25.855165481567383	17.51907730102539	8	Cross
-34.501747131347656	-0.9899337887763977	0	convention
-18.393421173095703	-12.61424446105957	6	landing
-6.687271595001221	1.0604355335235596	0	intervention
16.232999801635742	-1.2166907787322998	3	prominent