x	y	cluster	word
-21.69190216064453	27.7012996673584	9	her
-21.939172744750977	27.721595764160156	1	she
-18.83346939086914	25.899824142456055	6	hers
-20.565053939819336	24.18251609802246	4	site
-26.46195411682129	-10.740606307983398	1	She
-20.353425979614258	28.025026321411133	7	beautiful
-20.570344924926758	23.97951889038086	4	website
-20.310144424438477	26.32451820373535	7	design
-19.823596954345703	24.078044891357422	9	online
-20.827970504760742	24.05701446533203	4	blog
-17.99448585510254	23.701702117919922	9	event
-20.564882278442383	25.660608291625977	8	features
-18.013315200805664	24.170499801635742	8	model
-11.653103828430176	18.00493049621582	9	events
-14.331075668334961	24.656658172607422	6	color
-20.380970001220703	27.124013900756836	7	pretty
-15.020320892333984	23.433170318603516	9	items
-16.86200714111328	23.595014572143555	8	choose
-19.887943267822266	27.75727653503418	7	lovely
-10.01612663269043	16.70619773864746	9	phone
-13.725973129272461	21.132158279418945	9	travel
-4.094913482666016	-31.47445297241211	3	China
-20.212003707885742	25.206653594970703	8	feature
-4.622705459594727	-31.267269134521484	3	California
-4.084322929382324	-31.7028751373291	3	Canada
4.364724636077881	27.398906707763672	6	wear
-10.241390228271484	19.520915985107422	9	sale
2.209723949432373	13.351383209228516	9	voice
-13.418011665344238	13.755882263183594	4	sites
-4.58137845993042	-10.910202026367188	2	Each
-14.627036094665527	-15.951563835144043	1	Her
-11.028280258178711	11.533390045166016	4	Facebook
-9.308250427246094	22.323511123657227	7	French
-12.563654899597168	19.402503967285156	8	models
-5.227241039276123	30.436262130737305	0	pattern
4.768223285675049	18.2999267578125	5	recipe
-10.763468742370605	17.807212829589844	9	customer
-16.46409034729004	25.564403533935547	7	beauty
-10.183182716369629	15.63795280456543	9	client
-2.3788771629333496	14.109249114990234	9	classes
-11.08542251586914	19.73899269104004	9	rooms
4.522583961486816	15.426015853881836	9	tips
-10.84687328338623	20.576019287109375	9	novel
-1.5451629161834717	12.24931526184082	9	library
-13.417362213134766	25.35824966430664	6	dress
-10.169744491577148	14.767754554748535	9	readers
-11.327159881591797	17.9921875	9	experiences
8.116196632385254	-14.476027488708496	2	Find
-18.128019332885742	25.512269973754883	7	fashion
-2.8159983158111572	10.65522575378418	9	conference
-7.954500675201416	19.727205276489258	9	shopping
1.5738579034805298	20.195091247558594	5	plants
-4.6682586669921875	30.624536514282227	0	fabric
-1.728257656097412	-11.421981811523438	2	Health
0.4120805263519287	26.731487274169922	6	flowers
-4.252230167388916	11.327445983886719	9	database
-18.422365188598633	27.537246704101562	7	gorgeous
-6.109318733215332	20.51021385192871	5	cooking
-3.304232358932495	13.08426284790039	9	standards
-15.152905464172363	21.71208953857422	8	determined
-11.4271821975708	19.111495971679688	8	sample
7.608034133911133	11.66773796081543	9	residents
-9.976317405700684	18.366539001464844	9	stores
-2.9879543781280518	18.078075408935547	9	homes
-3.183279037475586	12.032033920288086	9	rates
-1.5383998155593872	25.9393367767334	6	dance
-15.57447624206543	24.808469772338867	7	designs
3.63399600982666	20.16250991821289	5	tea
-5.504364967346191	-16.66769790649414	2	Women
-30.270322799682617	-13.711709976196289	10	Mary
-11.720490455627441	19.47348976135254	8	choices
-12.623369216918945	13.182567596435547	4	blogs
19.402542114257812	9.146632194519043	9	cancer
-10.612340927124023	15.723360061645508	9	authors
-13.364511489868164	-10.80582332611084	2	Design
-16.821741104125977	23.23959732055664	8	featured
-13.418639183044434	13.607257843017578	4	websites
-12.668554306030273	18.640464782714844	8	independent
-5.157222270965576	30.40932273864746	0	patterns
-17.167274475097656	26.2479248046875	7	delicious
-11.198033332824707	16.10919189453125	9	agency
13.647562980651855	-12.337810516357422	9	Amazon
0.5543017983436584	-34.28989028930664	3	Mexico
0.8677558898925781	10.45901107788086	8	settings
-8.494161605834961	-10.530011177062988	2	Online
13.839436531066895	18.81768226623535	5	recipes
-1.2993687391281128	11.647456169128418	9	magazine
-7.750598907470703	-9.173312187194824	2	Food
-12.642379760742188	18.037656784057617	8	locations
-2.1811015605926514	-12.70966911315918	2	Series
10.600482940673828	-36.509273529052734	3	Iran
-20.153528213500977	27.683839797973633	7	fabulous
1.5266355276107788	6.74151086807251	8	launched
3.8175437450408936	-35.26592254638672	3	Ireland
-3.8869612216949463	-29.461984634399414	3	Virginia
-0.9028835296630859	13.406634330749512	9	processing
-20.098073959350586	-14.408297538757324	1	Mom
33.744049072265625	-7.213767051696777	9	privacy
29.343509674072266	5.913292407989502	5	eggs
8.335721015930176	9.047966003417969	9	dates
-16.249624252319336	26.76751708984375	7	stunning
0.5071811079978943	8.659317970275879	8	default
-13.395491600036621	-12.872161865234375	2	Summer
-16.59214210510254	25.050750732421875	7	inspired
5.6343512535095215	18.456642150878906	5	cleaning
2.3407700061798096	-33.00799560546875	3	Georgia
-14.212641716003418	25.336292266845703	6	pink
-1.8932937383651733	14.535890579223633	9	samples
7.389470100402832	8.797614097595215	9	assets
-41.857662200927734	-0.5814676284790039	10	Sarah
-19.16524887084961	26.302873611450195	6	lady
5.282742977142334	-13.26901626586914	2	Library
-0.7506607174873352	26.09658432006836	6	bags
-4.441437244415283	26.87505340576172	6	accessories
3.4273386001586914	-34.267696380615234	3	Arizona
-18.571401596069336	20.841476440429688	7	Beautiful
3.6272127628326416	-35.5799674987793	3	Scotland
-7.300251483917236	10.15429401397705	4	blogging
-10.013239860534668	24.78984260559082	7	designer
-10.512066841125488	18.52446174621582	9	sections
0.10411418229341507	15.05554485321045	8	sizes
-1.2843164205551147	10.948012351989746	9	hosting
3.9847002029418945	10.547335624694824	8	flexible
-1.842997670173645	16.521404266357422	6	mirror
18.561738967895508	-13.532618522644043	2	Create
-5.243010997772217	-11.38043212890625	2	Change
-5.645458698272705	20.873376846313477	5	dish
-12.057385444641113	-19.11325454711914	1	Queen
3.7915401458740234	-15.853826522827148	2	Arts
-10.049700736999512	13.498932838439941	4	gallery
2.5213465690612793	10.755413055419922	9	channels
5.540860176086426	27.484397888183594	6	layers
-7.2029523849487305	-10.218085289001465	2	Travel
-5.93057107925415	27.159391403198242	6	outfit
6.395815372467041	27.700389862060547	7	texture
-25.778059005737305	-11.805028915405273	1	Rose
3.0185000896453857	-34.10991668701172	3	Oregon
16.159042358398438	0.4121668040752411	4	browser
-26.632535934448242	-17.98150634765625	10	Kim
-3.0581705570220947	-12.413325309753418	2	Model
0.6768609881401062	9.852880477905273	9	guidelines
-4.67073392868042	-30.175886154174805	3	Sydney
-2.3973679542541504	20.989255905151367	7	affordable
11.102222442626953	6.444851875305176	9	calendar
-1.2076550722122192	12.537214279174805	9	monthly
4.187371730804443	14.309619903564453	9	arts
10.610872268676758	7.322664737701416	9	journal
11.086804389953613	7.981462001800537	9	trends
-7.565452575683594	-11.820477485656738	2	Gallery
18.978652954101562	-17.398439407348633	1	Disney
0.3816740810871124	15.611344337463379	9	loop
-20.854888916015625	-15.716106414794922	1	Miss
-37.11798858642578	-3.2960987091064453	10	Kelly
-13.697431564331055	19.651025772094727	8	integrated
-19.067838668823242	-13.752728462219238	1	Girl
-15.978130340576172	-20.280521392822266	1	Victoria
-11.55031681060791	-16.204570770263672	2	Heart
-28.855775833129883	-15.507672309875488	10	Kate
-34.796661376953125	-7.9801530838012695	10	Elizabeth
26.47896385192871	3.587592363357544	9	pregnancy
5.2594804763793945	-34.82436752319336	3	Maryland
-7.085608005523682	27.95189094543457	6	flower
8.916210174560547	-35.775718688964844	3	Greece
-12.257058143615723	-15.504586219787598	2	Garden
-6.755499362945557	-11.353683471679688	2	Writing
-5.10401725769043	24.811445236206055	7	cozy
16.04984474182129	0.6281060576438904	4	URL
-47.57419967651367	6.186723232269287	10	Lisa
-13.319116592407227	-11.038923263549805	2	Style
29.837312698364258	21.186025619506836	0	quilt
2.8289451599121094	12.201997756958008	9	ships
-36.360530853271484	-4.1433024406433105	10	Anna
4.4158735275268555	26.169414520263672	6	jewelry
-7.438751697540283	18.586013793945312	9	collections
-7.305500507354736	-10.535618782043457	2	Marketing
-45.19997787475586	2.2991747856140137	10	Amy
3.349276065826416	23.251182556152344	6	romance
2.3493008613586426	15.311788558959961	7	designers
-6.252378463745117	-10.451568603515625	2	Access
-14.365534782409668	-16.557228088378906	1	Mother
-3.5567033290863037	-30.85100746154785	3	NYC
-14.857468605041504	27.06488800048828	7	stylish
-14.52830982208252	27.163312911987305	7	elegant
11.448073387145996	13.18089771270752	8	damaged
-1.7114461660385132	13.743231773376465	9	spaces
-5.53120231628418	13.782822608947754	8	reviewed
-33.94588088989258	-10.823071479797363	10	Jane
-10.187397003173828	-11.982796669006348	2	Studio
9.858622550964355	7.92099142074585	9	phones
7.827949047088623	-13.654923439025879	2	Recently
-5.4226975440979	15.398758888244629	8	involve
10.548364639282227	16.664894104003906	9	amenities
7.821680545806885	13.796875953674316	9	pregnant
12.757407188415527	2.6501429080963135	4	tutorial
10.17836856842041	5.935547828674316	8	scan
6.910379409790039	-34.86025619506836	3	Alaska
-0.7389332056045532	15.532636642456055	8	measurements
-48.181087493896484	6.985260486602783	10	Laura
-8.589478492736816	22.62751007080078	6	singer
-11.91901683807373	12.992484092712402	4	blogger
-4.240443706512451	-30.237125396728516	3	Phoenix
10.56909465789795	11.486835479736328	9	theater
-9.289732933044434	-13.136265754699707	2	Color
0.6548907160758972	22.870893478393555	9	nurse
-7.483508110046387	22.239864349365234	5	cottage
-13.66635799407959	-15.18531608581543	1	Girls
6.060659408569336	-34.74517822265625	3	Ontario
12.339272499084473	7.930532932281494	9	engagement
21.123090744018555	2.325417995452881	9	languages
13.97394847869873	-16.621585845947266	2	Breakfast
-14.464177131652832	25.10976791381836	6	purple
-48.089115142822266	4.866199493408203	10	Susan
4.526226043701172	-36.060394287109375	3	Philippines
13.700007438659668	6.247703552246094	9	magazines
1.2752233743667603	-34.54813003540039	3	Sweden
7.4370012283325195	20.201370239257812	6	makeup
16.21007537841797	12.48897933959961	5	beaches
-41.07589340209961	-3.3672423362731934	10	Rachel
13.735058784484863	8.865581512451172	8	certified
18.032073974609375	8.660734176635742	9	rape
14.005741119384766	19.77347183227539	5	baking
10.966158866882324	14.80627727508545	7	DIY
-25.670976638793945	-12.096036911010742	1	Grace
27.646621704101562	22.382551193237305	0	yarn
-8.04603099822998	-24.179790496826172	1	Charlotte
-3.664716958999634	11.093620300292969	9	providers
-18.727819442749023	-20.02733612060547	10	Alice
32.34785461425781	-0.4529120922088623	5	microwave
30.56857681274414	0.727586030960083	5	diabetes
20.756959915161133	2.3857994079589844	9	libraries
0.6350324749946594	12.796671867370605	9	workshops
-10.9285249710083	25.162607192993164	7	inspiring
-10.851235389709473	-19.275211334228516	1	Faith
15.004257202148438	13.226762771606445	5	hiking
-46.628173828125	3.6813809871673584	10	Karen
12.00575065612793	6.542637348175049	9	codes
22.327808380126953	0.8150680065155029	8	booked
-4.396718502044678	-16.01203155517578	2	Beauty
9.804341316223145	12.375921249389648	9	carrier
10.699460983276367	6.686091423034668	9	query
28.406150817871094	-6.683348655700684	4	paste
-20.68985366821289	-13.822361946105957	1	Lady
-2.2231600284576416	-16.758331298828125	2	Kitchen
1.4192804098129272	20.236331939697266	5	gardens
10.53292179107666	3.522670030593872	4	Instagram
-46.561336517333984	5.677713871002197	10	Jennifer
-6.218045711517334	-10.822604179382324	2	Event
0.33717650175094604	8.971652030944824	9	platforms
-43.99663162231445	4.244361877441406	10	Emily
-43.257911682128906	0.47657889127731323	10	Michelle
26.219757080078125	2.5334012508392334	9	giveaway
17.73015785217285	-18.43374252319336	2	Secretary
10.257003784179688	7.8563666343688965	9	vendors
-11.167604446411133	-19.59809684753418	1	Cat
8.925939559936523	21.465473175048828	6	tissue
0.22374342381954193	22.846115112304688	9	mothers
16.37407875061035	5.387805938720703	9	processor
24.504621505737305	10.181620597839355	5	yoga
-35.64301681518555	-4.81634521484375	10	Maria
4.604836940765381	13.485456466674805	9	theatre
-42.32957077026367	-3.5098376274108887	10	Anne
-48.38151168823242	5.440234184265137	10	Linda
3.7838733196258545	-33.773921966552734	3	Connecticut
-7.011528968811035	27.963481903076172	6	dresses
-6.928027153015137	-14.782604217529297	2	Fashion
21.235530853271484	4.033029079437256	9	screening
28.170089721679688	22.68239402770996	0	sewing
10.587265968322754	3.821118116378784	4	bloggers
25.4345645904541	11.311700820922852	5	bake
-1.2366929054260254	27.802425384521484	6	skirt
-3.6110947132110596	-11.786466598510742	2	Target
-2.827439546585083	-15.00235366821289	2	Body
-4.182552814483643	14.844830513000488	8	optional
3.375021457672119	14.510570526123047	9	novels
22.840269088745117	-0.2508833706378937	9	independence
-14.636707305908203	-14.37084674835205	1	Pink
-18.846309661865234	27.27572250366211	7	delightful
-10.374802589416504	26.047119140625	7	sophisticated
-3.204556941986084	22.964609146118164	7	vibrant
-30.504322052001953	-12.552227973937988	10	Emma
2.4857983589172363	19.571088790893555	5	dessert
20.932292938232422	3.28889536857605	9	reservation
18.419296264648438	9.915474891662598	9	cultures
2.0898783206939697	-35.67604064941406	3	Netherlands
-34.376861572265625	-9.419170379638672	10	Ann
-47.08742141723633	5.793374538421631	10	Julie
13.899462699890137	11.152483940124512	9	poems
12.621992111206055	17.101806640625	5	nutrition
28.32465362548828	-7.983044624328613	4	HTML
-43.800235748291016	4.9698100090026855	10	Jessica
-2.9973397254943848	-30.498044967651367	3	Manhattan
16.682756423950195	9.553711891174316	9	cruise
-15.344287872314453	-18.074390411376953	1	Angel
32.82477569580078	-5.542524814605713	9	abortion
-2.35066556930542	10.168062210083008	9	clinic
-0.6231148838996887	12.375076293945312	9	accounting
20.379289627075195	4.251035213470459	9	certification
10.577524185180664	21.592287063598633	6	crown
3.281696081161499	23.75710678100586	6	queen
-7.360633373260498	16.231618881225586	8	highlighted
0.528243899345398	15.379703521728516	8	swap
27.349355697631836	23.190279006958008	0	knit
-45.51214599609375	-2.8920609951019287	10	Nancy
-4.690723896026611	-24.950088500976562	1	Chelsea
2.162665605545044	8.756361961364746	8	specify
7.397327423095703	-36.017398834228516	3	Caribbean
-17.970260620117188	22.072715759277344	2	Simply
19.213088989257812	8.572220802307129	9	nurses
26.4158935546875	7.529820919036865	5	massage
27.77145767211914	18.663333892822266	0	fiber
21.15011978149414	19.3750057220459	6	carpet
-44.624755859375	3.295222282409668	10	Katie
0.014358900487422943	11.973308563232422	9	vendor
22.604215621948242	21.395065307617188	6	ribbon
29.268192291259766	8.193845748901367	5	towels
28.339080810546875	22.162113189697266	0	knitting
26.847883224487305	22.623266220092773	0	fabrics
2.0601134300231934	-35.1882209777832	3	Norway
-4.981922149658203	-16.169809341430664	2	Dance
-21.45598602294922	-14.521286964416504	1	Joy
9.24614143371582	18.413301467895508	5	spa
21.22464370727539	9.230610847473145	9	nursing
7.477107048034668	-34.690696716308594	3	Nevada
-18.65887451171875	20.90259552001953	7	Lovely
-45.888648986816406	4.105999946594238	10	Amanda
-11.970366477966309	20.055330276489258	9	worlds
23.96788787841797	2.6528279781341553	9	coupons
28.26384735107422	3.8323888778686523	6	breast
-8.689427375793457	26.293601989746094	7	delicate
-4.706963062286377	-26.106287002563477	1	Madison
10.665701866149902	16.83799934387207	9	floors
4.603383541107178	23.161035537719727	6	bride
32.79248809814453	-6.994453430175781	9	Netflix
-31.14781951904297	-13.148533821105957	10	Lucy
-42.85265350341797	-3.5401453971862793	10	Barbara
-8.520842552185059	20.21241569519043	9	lounge
20.723960876464844	4.819855690002441	9	prevention
14.990020751953125	19.134136199951172	5	cakes
2.2650561332702637	-34.20030212402344	3	Kenya
15.788116455078125	17.790285110473633	5	cups
19.59412384033203	3.151451826095581	9	coupon
-10.733698844909668	12.262655258178711	4	facebook
-0.897499680519104	-11.909343719482422	2	Agency
-17.37932014465332	-20.06194496154785	1	Dawn
17.915508270263672	14.971441268920898	6	heels
2.5748207569122314	-34.78215026855469	3	Taiwan
2.1808853149414062	7.815624237060547	8	vary
5.761894226074219	22.295209884643555	6	actress
7.625993728637695	12.678487777709961	9	secretary
-7.423779487609863	-14.637656211853027	2	Vintage
-43.005924224853516	-4.013319492340088	10	Carol
10.391873359680176	-23.02518081665039	1	Eve
-2.7978227138519287	-21.64583396911621	1	Sky
-47.22514724731445	2.8887650966644287	10	Heather
6.600045680999756	-17.002710342407227	2	Bed
-35.160091400146484	-9.831555366516113	10	Sue
4.92861270904541	29.56685447692871	5	crafts
-36.25695037841797	-8.276525497436523	10	Helen
20.18340301513672	6.829113960266113	9	closure
-9.9910249710083	-11.834789276123047	2	Creative
-12.86906623840332	-18.767019271850586	1	Princess
-37.36220169067383	-5.732357501983643	10	Ashley
3.242037773132324	-16.165897369384766	2	Fair
-5.5966010093688965	15.988865852355957	8	altered
21.605859756469727	2.2804365158081055	9	museums
31.296091079711914	-8.07545280456543	4	Pinterest
23.516141891479492	18.45594596862793	6	pins
-38.02113723754883	-5.919155597686768	10	Julia
7.090726852416992	19.716533660888672	6	rack
-3.6748595237731934	25.26323890686035	7	decor
-1.564221978187561	-26.23134422302246	1	Liberty
1.4269938468933105	14.257993698120117	8	modeling
2.3787827491760254	-17.352127075195312	2	Glass
1.8924568891525269	-16.4422664642334	2	Apartment
-43.35224914550781	3.957496166229248	10	Sara
-3.852483034133911	-27.147125244140625	1	Florence
0.6188238859176636	-33.71918869018555	3	Austria
5.238811016082764	-13.927629470825195	2	Communication
-45.208335876464844	3.8245880603790283	10	Melissa
-8.446860313415527	22.12602996826172	6	bitch
2.0996499061584473	6.979882717132568	8	explored
13.036397933959961	13.08301830291748	7	vocals
20.763439178466797	21.745094299316406	6	necklace
11.40722942352295	-23.57750129699707	10	Hillary
12.796375274658203	2.9827053546905518	4	templates
-7.093342304229736	20.244035720825195	5	cafe
10.21150016784668	13.993056297302246	8	beam
23.85340690612793	19.71624183654785	6	beads
-35.428070068359375	-6.860778331756592	10	Marie
-0.6953331232070923	8.69495964050293	4	offline
27.044692993164062	7.141340732574463	5	vegan
5.711660861968994	-13.548493385314941	2	Connect
29.381959915161133	21.7022705078125	0	sew
-18.35649871826172	21.220064163208008	7	Pretty
-47.163021087646484	6.6770429611206055	10	Rebecca
13.827120780944824	17.550355911254883	5	containers
-2.0187747478485107	-16.757230758666992	2	Cafe
-42.409263610839844	-0.4968857765197754	10	Nicole
-3.0884687900543213	-23.890846252441406	1	Bella
-34.81793975830078	-7.888607025146484	10	Hannah
24.193416595458984	16.212539672851562	6	costumes
10.228926658630371	-13.70439624786377	2	Enterprise
23.80953025817871	0.725471019744873	8	poses
30.50289535522461	-8.866168022155762	4	Firefox
-31.216350555419922	-14.546842575073242	10	Jean
-40.62252426147461	-3.235701084136963	10	Lauren
-36.04615783691406	-7.699782848358154	10	Catherine
12.33063793182373	6.558277606964111	9	searches
-12.604255676269531	-20.481889724731445	1	Ruby
25.90697479248047	7.913837909698486	5	chickens
-48.118892669677734	6.055662155151367	10	Jenny
6.736198425292969	-33.108882904052734	3	Carolina
12.928659439086914	12.36497974395752	9	rude
-3.421217441558838	27.114404678344727	6	outfits
-40.05756378173828	-1.7784423828125	10	Andrea
-19.37862777709961	-20.42461585998535	10	Sandy
14.631502151489258	-16.655372619628906	2	Yoga
-3.878777265548706	-18.12679672241211	2	Dress
28.715591430664062	1.5723557472229004	6	weddings
-11.394585609436035	16.819211959838867	9	advocates
-33.74370574951172	-12.011558532714844	10	Sharon
-46.21352005004883	-2.278383493423462	10	Margaret
-37.79157638549805	-9.476933479309082	10	Claire
2.9875240325927734	-19.944868087768555	2	Tea
33.0804328918457	-0.11275231093168259	5	nutrients
-46.377052307128906	4.487636566162109	10	Stephanie
27.052640914916992	-4.986058712005615	9	queries
4.864405155181885	18.917085647583008	5	baked
17.717010498046875	11.374588966369629	5	bathrooms
21.775503158569336	18.328521728515625	6	wardrobe
1.771024227142334	29.838123321533203	6	lace
20.951522827148438	14.249125480651855	6	nest
-9.50737190246582	15.643636703491211	9	participant
-14.678145408630371	-17.195507049560547	1	Diamond
-45.352115631103516	4.662081718444824	10	Christine
-4.423888683319092	24.61362648010254	7	comfy
2.1162071228027344	-14.671895980834961	2	Channel
-27.40443992614746	-17.5190372467041	10	Ruth
14.35825252532959	1.843976616859436	4	tutorials
-34.01287841796875	-8.025556564331055	10	Annie
18.6357421875	7.086381435394287	9	survivors
6.106353282928467	-15.86703872680664	2	Medium
-40.28449630737305	-0.879050612449646	10	Jen
5.399267196655273	15.05112361907959	9	moms
3.151991367340088	-32.8339958190918	3	Bristol
-3.1457724571228027	11.79723834991455	9	venues
4.257260322570801	18.777292251586914	5	goodies
13.954866409301758	2.6807861328125	4	browsing
-22.551481246948242	-16.305898666381836	1	Lily
4.854526042938232	29.68935203552246	7	crafting
1.7366126775741577	-19.401674270629883	2	Hair
20.361454010009766	9.146181106567383	9	marathon
-44.52883529663086	-2.3769214153289795	10	Beth
0.9250583052635193	27.496129989624023	6	doll
32.109615325927734	-1.6436258554458618	5	dryer
32.011661529541016	1.105120062828064	5	minerals
18.525672912597656	-17.48407554626465	1	Vista
0.3859655559062958	-16.384422302246094	2	Secret
21.468074798583984	-15.333144187927246	2	Cancer
24.82048797607422	10.418539047241211	5	gardening
9.810925483703613	12.010374069213867	9	trauma
-20.8760986328125	-15.244660377502441	1	Crystal
14.347875595092773	-17.40939712524414	2	Spa
16.650753021240234	2.737605571746826	4	galleries
25.777353286743164	13.885052680969238	7	textures
-1.8857427835464478	-31.31828498840332	3	Shanghai
-1.084004282951355	-12.057777404785156	2	Communications
-43.847198486328125	-0.11823790520429611	10	Liz
-5.940222263336182	-18.48882293701172	1	Flowers
6.2649126052856445	-33.97341537475586	3	Alberta
34.06893539428711	-8.112571716308594	9	AMD
4.184580326080322	-12.824943542480469	2	Programs
26.079776763916016	-8.709434509277344	9	Verizon
-11.083909034729004	26.65032958984375	7	chic
21.435901641845703	4.50999116897583	9	carriers
30.909709930419922	-8.681879997253418	4	CSS
6.405724048614502	-18.658920288085938	2	Recipe
3.3651883602142334	25.092355728149414	6	crystal
-1.275920033454895	-14.693746566772461	2	Rooms
20.546371459960938	20.870147705078125	6	roses
13.512429237365723	6.078226566314697	9	journals
26.519960403442383	-2.6867287158966064	9	airline
13.336563110351562	7.622994422912598	9	assumptions
5.897446155548096	9.032042503356934	9	extensions
-13.710341453552246	-15.683428764343262	1	Autumn
5.278519153594971	23.50107765197754	6	princess
-6.211637496948242	-17.078968048095703	2	Circle
-28.112581253051758	-13.239365577697754	10	Diana
-4.293734550476074	-11.678877830505371	2	Purchase
10.531819343566895	18.089832305908203	5	toxic
-43.54997253417969	1.0924707651138306	10	Angela
-31.86440086364746	-11.051706314086914	10	Lynn
3.96178936958313	-34.48267364501953	3	Glasgow
26.752920150756836	-8.551730155944824	4	Excel
27.530643463134766	8.430122375488281	5	oils
-1.9197770357131958	-14.573848724365234	2	Shopping
-45.1029167175293	-0.7118977308273315	10	Donna
5.845163822174072	-10.132323265075684	4	Blogger
6.676688194274902	27.508424758911133	7	decorating
29.534679412841797	6.0952372550964355	5	cinnamon
-46.37407684326172	0.8489676713943481	10	Kathy
34.63176345825195	-1.3198919296264648	6	candles
-4.552712440490723	25.74925994873047	7	handmade
17.96963119506836	19.859073638916016	7	creamy
11.91508674621582	17.407968521118164	5	cafes
11.223733901977539	-36.23780059814453	3	Bangladesh
-29.031078338623047	-18.14446258544922	10	Jill
19.66179656982422	18.033191680908203	6	curves
14.343822479248047	-12.239703178405762	5	Starbucks
11.898849487304688	10.592934608459473	9	transit
27.539676666259766	23.40523338317871	0	stitch
-2.763434886932373	11.185332298278809	9	destinations
25.411327362060547	1.541229248046875	9	envelope
24.23155403137207	-9.283388137817383	4	Skype
-19.99107551574707	-20.626495361328125	10	Martha
14.191760063171387	-14.58038330078125	2	Recipes
-39.80281066894531	-3.0290238857269287	10	Caroline
-7.838643550872803	-14.425041198730469	2	Designs
-36.439109802246094	-8.690467834472656	10	Sally
-16.59099578857422	-21.743396759033203	10	Mrs
36.211448669433594	-8.0213623046875	9	resolutions
5.217149257659912	-34.24938201904297	3	Delaware
28.935115814208984	6.959946632385254	5	vitamins
10.447190284729004	-5.796694278717041	9	Walmart
26.330890655517578	8.0600004196167	5	tissues
4.4910125732421875	27.75798988342285	6	mesh
13.015978813171387	-19.746044158935547	2	Wind
14.562262535095215	-18.733165740966797	2	Bath
-39.0617561340332	-6.9820332527160645	10	Megan
-5.9808669090271	-12.015050888061523	2	Choice
-34.86307144165039	-11.003730773925781	10	Wendy
2.0354323387145996	30.08666229248047	0	scarf
7.921940326690674	27.8111572265625	7	styling
-34.4804573059082	-7.240600109100342	10	Maggie
22.7919979095459	4.077180862426758	9	deposits
23.651123046875	20.220195770263672	6	pillows
15.32040786743164	19.01914405822754	5	cupcakes
-36.019371032714844	-6.367132186889648	10	Holly
-4.102496147155762	-13.042786598205566	2	Display
12.82158088684082	-15.728209495544434	2	Fitness
-21.59769630432129	-20.31431007385254	10	Joan
-7.376194477081299	-14.223694801330566	2	Designer
-0.6102325916290283	-26.651636123657227	1	Delta
-34.726829528808594	-6.380236625671387	10	Molly
10.583144187927246	9.604248046875	8	concentrations
-24.247058868408203	-16.603933334350586	10	Amber
-47.46479034423828	4.349183082580566	10	Diane
1.480493187904358	29.481958389282227	6	silk
-44.12379837036133	2.436509370803833	10	Erin
30.018890380859375	6.307363033294678	5	yogurt
-34.89026641845703	-11.855179786682129	10	Judy
21.751989364624023	20.2822208404541	6	purse
7.305802822113037	-16.835153579711914	2	Skin
14.962109565734863	17.051862716674805	5	spice
4.539746284484863	-16.344484329223633	2	Poetry
11.048686981201172	-15.756440162658691	2	Taste
-7.128952503204346	-17.73550796508789	2	Cottage
3.304450273513794	-36.12343215942383	3	Colombia
6.431792736053467	-18.77128791809082	2	Cooking
32.59184646606445	-5.791494369506836	9	airlines
9.685914993286133	7.031655788421631	9	scheduling
2.624476909637451	23.696626663208008	6	blonde
-13.04827880859375	-19.117162704467773	1	Pearl
17.694717407226562	-14.756209373474121	2	Interior
0.9307646155357361	23.041574478149414	9	lesbian
-35.780025482177734	-9.57543659210205	10	Ellen
-3.7273666858673096	-20.839683532714844	1	Crown
10.349390983581543	19.549718856811523	7	spicy
6.338274002075195	-35.87123489379883	3	Hungary
28.898483276367188	21.86655616760254	0	stitching
8.442474365234375	24.853694915771484	7	feminine
19.87562370300293	-17.398338317871094	2	Opera
-4.050719738006592	25.880800247192383	7	decoration
23.03453826904297	10.035172462463379	5	bakery
-13.676283836364746	-16.82166290283203	1	Honey
-13.00488567352295	13.287617683410645	4	webpage
16.74808120727539	15.586631774902344	6	pumps
-43.606441497802734	-0.5669816732406616	10	Cindy
-30.067508697509766	-13.087767601013184	10	Sophie
-44.38282012939453	-1.4164259433746338	10	Janet
-29.796615600585938	-14.803595542907715	10	Shannon
29.5356388092041	-3.9123265743255615	8	violated
9.971508979797363	-17.451078414916992	2	Accessories
8.727270126342773	7.686587810516357	9	validation
17.306503295898438	5.154460430145264	9	diary
-36.12220764160156	-10.369064331054688	10	Jackie
7.154008388519287	-33.622764587402344	3	Rio
3.4514529705047607	19.472530364990234	5	cocktail
-14.654359817504883	-13.522706985473633	1	Purple
11.484784126281738	21.918411254882812	6	nude
8.191100120544434	-33.68333053588867	3	Charleston
3.509671211242676	12.591190338134766	9	rep
-38.47468948364258	-4.095980644226074	10	Tracy
28.529476165771484	7.340179443359375	5	shampoo
18.40506935119629	17.14537811279297	8	adjustable
-30.421239852905273	-15.767916679382324	10	Betty
20.97173309326172	20.93832015991211	6	earrings
23.70345115661621	16.9090633392334	6	bracelet
-10.808531761169434	25.65389633178711	7	breathtaking
3.3327062129974365	9.139131546020508	8	outputs
33.84939956665039	-3.1220340728759766	5	calcium
21.51935577392578	-14.061569213867188	2	Patients
10.626899719238281	22.97178840637207	6	butterfly
20.87648582458496	13.69473648071289	6	opera
14.517345428466797	14.867609024047852	5	wellness
10.266719818115234	-35.94850158691406	3	Iceland
16.398189544677734	-16.360136032104492	2	Psychology
9.575624465942383	-21.198637008666992	1	Venus
14.611221313476562	-15.679594039916992	2	Exercise
-4.442849636077881	24.058420181274414	7	layered
3.35343599319458	6.581851005554199	8	filmed
-44.233924865722656	2.101109266281128	10	Sandra
-45.29583740234375	-1.29783296585083	10	Debbie
36.61415100097656	-3.291696786880493	0	needles
24.50473976135254	14.151028633117676	6	shells
0.8532530665397644	-14.722112655639648	2	Stage
2.4186418056488037	-17.93745231628418	2	Dreams
26.87071418762207	-3.3074190616607666	9	registry
8.334078788757324	26.472942352294922	7	elegance
19.27352523803711	-16.252517700195312	9	MAC
30.050477981567383	21.04937171936035	0	quilting
-29.268184661865234	-13.13785457611084	10	Olivia
11.417740821838379	-20.769744873046875	1	Shell
10.208913803100586	21.100854873657227	6	bloom
9.800899505615234	-35.09803771972656	3	Jamaica
16.259746551513672	-15.363009452819824	2	Prevention
5.683131217956543	6.706697463989258	8	emailed
-11.469488143920898	26.39274787902832	7	fashionable
27.666614532470703	9.322125434875488	5	berries
-4.948550701141357	-24.50462532043457	1	Maya
28.284780502319336	-0.8203266263008118	9	therapist
12.48513126373291	-21.009878158569336	1	Twilight
1.2920880317687988	-17.755708694458008	2	Romance
2.636254072189331	-19.892681121826172	2	Cake
1.9864879846572876	23.464134216308594	6	chick
-18.09526824951172	-18.594736099243164	1	Grandma
-41.19114685058594	-2.241236925125122	10	Natalie
23.11194610595703	13.887104988098145	6	perfume
30.535491943359375	20.652910232543945	0	quilts
5.967438697814941	-14.945059776306152	2	Models
-3.270322561264038	15.221534729003906	8	doubles
-42.350990295410156	2.8623695373535156	10	Christina
11.23238754272461	20.033052444458008	7	fragile
-8.43002700805664	15.23383903503418	8	YES
-15.013001441955566	-19.706369400024414	1	Marina
21.90999984741211	21.221616744995117	6	dolls
1.4855880737304688	-19.028194427490234	2	Paint
5.321759223937988	-10.568617820739746	4	Sites
2.6724700927734375	7.610971927642822	8	uncovered
15.286774635314941	7.632580757141113	9	fundraising
5.7233405113220215	26.323593139648438	6	floral
26.62420082092285	-3.621720314025879	9	lender
13.60376262664795	8.98643684387207	8	coordinates
4.604632377624512	-35.468162536621094	3	Romania
1.5255149602890015	23.550870895385742	6	witch
-3.8383405208587646	-23.28192710876465	1	Mum
14.92495346069336	7.329310894012451	9	nonprofit
27.21519660949707	2.9413623809814453	9	mysteries
20.98586082458496	-15.076618194580078	2	Nursing
16.613161087036133	4.367319107055664	9	checkout
-5.452507495880127	-11.198210716247559	2	Sample
27.09294891357422	-12.515668869018555	2	Apartments
29.110477447509766	1.8987321853637695	6	flats
-42.619903564453125	0.24347645044326782	10	Tina
19.775432586669922	19.049518585205078	7	decorate
35.638614654541016	-9.342440605163574	1	Bachelor
-34.431488037109375	-13.118692398071289	10	Pam
1.4066603183746338	-12.890776634216309	2	Platform
-4.5593461990356445	16.483537673950195	8	photographed
4.122069358825684	-14.19803524017334	2	Healthcare
-2.8615269660949707	-14.763806343078613	2	Fit
-5.231622219085693	24.204364776611328	7	fab
5.956213474273682	10.610345840454102	7	intuitive
22.69569206237793	15.281444549560547	6	hips
-43.32917404174805	3.1864960193634033	10	Leslie
-2.577420473098755	-26.01871681213379	1	Aurora
-44.93278121948242	4.972614288330078	10	Patricia
-35.91450881958008	-8.73509693145752	10	Louise
-0.7750957012176514	-12.936529159545898	2	Virtual
-2.4888510704040527	21.938064575195312	7	fierce
2.902801990509033	19.305355072021484	5	desserts
9.86715030670166	-33.57941818237305	3	Alexandria
26.561172485351562	10.78842544555664	5	strawberries
-19.978334426879883	-15.963387489318848	1	Sister
34.73884582519531	-0.40631526708602905	6	breasts
-2.8901188373565674	-30.910032272338867	3	Southwest
37.01502990722656	-9.15457534790039	4	TripAdvisor
35.750423431396484	-8.912447929382324	2	Giveaway
-17.17868995666504	27.014514923095703	7	exquisite
4.1638593673706055	-36.557655334472656	3	Morocco
-29.34001922607422	-16.210086822509766	10	Carrie
13.852241516113281	-15.333174705505371	2	Nutrition
10.342164039611816	-35.661346435546875	3	Ethiopia
-0.653568685054779	-27.91191864013672	3	Queens
3.0310535430908203	25.73165512084961	6	ensemble
-7.029297351837158	-14.016335487365723	2	Inspiration
23.81669807434082	-12.799847602844238	2	Repeat
-22.972566604614258	-18.199234008789062	10	Penny
-30.193313598632812	-11.346158981323242	10	Dana
26.8350830078125	15.246591567993164	6	bra
33.30799865722656	-3.8116133213043213	9	vibration
10.541854858398438	-16.397768020629883	2	Secrets
13.882017135620117	17.224098205566406	5	cocktails
1.8816962242126465	9.31454849243164	8	optimized
-4.795192241668701	15.449993133544922	8	incorporates
35.24809265136719	-9.499467849731445	1	Palin
-28.040029525756836	-15.430710792541504	10	Tara
10.974839210510254	14.409425735473633	7	remake
27.64607048034668	-4.312892436981201	9	lenders
26.14887809753418	15.321128845214844	6	jewellery
24.966856002807617	2.267484664916992	9	shoppers
-36.64234161376953	-9.513071060180664	10	Paula
26.90997886657715	2.0541231632232666	9	salon
28.11221694946289	8.10092830657959	5	salads
31.21267318725586	0.9903154969215393	5	metabolism
14.519267082214355	2.3179876804351807	4	layouts
27.71211814880371	18.70548439025879	0	dye
-29.437545776367188	-11.198554992675781	10	Eva
19.76183319091797	4.954966068267822	9	clinics
29.24518585205078	21.262760162353516	0	crochet
17.95272445678711	7.822682857513428	9	stressful
-28.97990608215332	-13.939240455627441	10	Monica
24.25151252746582	14.772736549377441	6	crystals
4.691838264465332	-33.767887115478516	3	Tucson
-4.310946941375732	-26.537343978881836	1	Savannah
-2.6072702407836914	-13.596071243286133	2	Window
-8.109315872192383	22.38023567199707	6	gal
-22.29507064819336	-15.455184936523438	1	Daisy
0.3551233112812042	-13.177667617797852	2	Readers
6.038180351257324	-10.573641777038574	2	Blogging
35.831722259521484	-8.749701499938965	2	Bake
8.708669662475586	10.991012573242188	9	activist
-39.21190643310547	-4.091071128845215	10	Allison
-26.625940322875977	-17.20768928527832	10	Joyce
-18.548458099365234	-20.994558334350586	10	Tiffany
-6.60188102722168	-18.4963321685791	1	Rainbow
34.94363784790039	-5.259694576263428	6	runway
3.6064813137054443	16.70655632019043	9	catering
9.23324966430664	10.718835830688477	9	organizers
25.69558334350586	3.8187060356140137	9	feminist
-2.1434924602508545	-23.905349731445312	1	Mercedes
9.449655532836914	-20.464052200317383	2	Boots
17.02968406677246	-16.978404998779297	2	Teens
-3.842041015625	16.496837615966797	8	coordinated
-31.09999656677246	-11.43958854675293	10	Lindsay
26.55615234375	5.63520622253418	5	cookbook
-17.782405853271484	18.617300033569336	7	Gorgeous
-40.105445861816406	-4.765005588531494	10	Katherine
-14.36534595489502	-14.585576057434082	1	Flower
6.8409013748168945	-14.870063781738281	2	Offering
-37.87729263305664	-7.111114025115967	10	Samantha
11.011043548583984	-35.69077682495117	3	Istanbul
3.867635488510132	6.892902374267578	8	varies
-36.318904876708984	-4.99630880355835	10	Nina
9.770655632019043	-36.115753173828125	3	Croatia
22.873117446899414	13.471121788024902	6	champagne
-19.919031143188477	-15.08436393737793	1	Candy
-43.61405563354492	-4.654853820800781	10	Lori
12.842947959899902	16.913969039916992	5	beverages
-25.57703399658203	-15.823873519897461	10	Chloe
22.0721435546875	-13.754472732543945	2	Participants
-2.5993382930755615	9.020719528198242	8	CAN
8.532402038574219	10.538640975952148	9	coordinator
-1.9243898391723633	19.644733428955078	7	coastal
-39.826602935791016	-6.618500709533691	10	Danielle
12.001289367675781	-15.426009178161621	2	Biology
-43.863162994384766	-3.521811008453369	10	Cathy
33.03445816040039	-1.4446638822555542	5	mixer
27.46460723876953	-12.355168342590332	2	Residents
3.8847830295562744	-18.661569595336914	2	Comfort
-3.092158794403076	-22.993030548095703	1	Sisters
-36.5071907043457	-3.5884954929351807	10	Kay
-28.01150894165039	-17.759138107299805	10	Bonnie
-44.35980987548828	0.39596256613731384	10	Alison
-2.932903528213501	23.87920379638672	7	boutique
26.420984268188477	-4.449408531188965	9	referral
30.23986053466797	3.335139513015747	6	lipstick
-3.6054906845092773	-27.937448501586914	3	Adelaide
34.686344146728516	-4.015156269073486	6	bulbs
-31.949535369873047	-12.076469421386719	10	Abby
-44.234153747558594	-3.4454591274261475	10	Becky
8.245306968688965	-15.516002655029297	2	Trends
10.039525985717773	-18.39381217956543	2	Jewelry
11.124319076538086	-21.982131958007812	1	Madonna
16.79912757873535	9.412732124328613	9	corridor
27.171737670898438	7.625486373901367	5	mineral
10.270513534545898	-16.440635681152344	2	Bathroom
35.97160720825195	-7.703518390655518	5	breastfeeding
-40.2893180847168	-1.0295487642288208	10	Jess
10.329232215881348	20.203601837158203	7	ceramic
9.493595123291016	20.707780838012695	6	stems
24.20895767211914	-15.833511352539062	10	Hugs
-5.304598331451416	16.121171951293945	8	centered
-17.401479721069336	-20.939029693603516	10	Ana
-21.02658462524414	-20.348264694213867	10	Dorothy
21.538644790649414	15.692479133605957	6	dancer
23.82573699951172	0.7239223122596741	8	uncover
25.526779174804688	-0.6804918050765991	8	reuse
5.686668872833252	22.60860824584961	6	heroine
34.40235900878906	-8.341156005859375	9	Airbnb
-44.07249069213867	-4.271665573120117	10	Cheryl
18.009992599487305	4.190707683563232	9	reviewer
15.799515724182129	-15.869786262512207	2	Accounting
-14.341402053833008	-18.11039924621582	1	Cherry
-47.570556640625	5.029053211212158	10	Denise
-21.19435691833496	-18.78408432006836	10	Marion
23.083959579467773	19.74892234802246	6	ornaments
6.865340232849121	-15.769742965698242	2	Balance
20.73931312561035	17.590614318847656	6	liner
30.607097625732422	3.3385331630706787	6	pearls
22.617511749267578	-16.884422302246094	1	Virgin
3.0887796878814697	-17.92774200439453	2	Passion
11.21413803100586	-16.843244552612305	2	Cleaning
-8.170129776000977	-15.71374797821045	2	Pattern
28.399417877197266	-7.153018951416016	4	bookmark
8.643649101257324	-34.613765716552734	3	Cornwall
19.09979820251465	-14.778463363647461	2	Resolution
-10.178977012634277	-10.163646697998047	2	Delicious
-9.8467378616333	-19.24524688720703	1	Charity
25.342248916625977	21.82633399963379	0	weave
-0.08304314315319061	-16.56791877746582	1	Platinum
31.422977447509766	0.29061657190322876	5	nausea
-27.97607421875	-18.706777572631836	10	Kristen
11.939607620239258	-16.895132064819336	2	Healing
4.405449867248535	8.937405586242676	8	ratios
-4.003465175628662	-25.94170379638672	1	Monroe
26.058263778686523	11.089676856994629	5	caramel
23.03333282470703	4.652085781097412	5	contamination
-34.42271041870117	-12.228517532348633	10	Heidi
21.81068229675293	-16.636320114135742	1	Wings
19.05290985107422	1.500124454498291	8	accessed
-7.417407035827637	10.268001556396484	4	sidebar
-42.883121490478516	-2.882119655609131	10	Deborah
5.403692722320557	-36.18164825439453	3	Bulgaria
-0.4878259003162384	27.376827239990234	6	skirts
31.78292465209961	-8.034982681274414	4	Etsy
-44.35162353515625	-2.0681164264678955	10	Brenda
28.68419647216797	-3.0955820083618164	8	unlocked
-3.235745906829834	22.17061996459961	7	flawless
27.027652740478516	-5.402317523956299	9	encoding
22.564952850341797	15.249898910522461	6	ballet
9.469466209411621	23.802919387817383	6	sparkle
15.971234321594238	0.9005990624427795	4	screenshot
-32.881317138671875	-13.137996673583984	10	Teresa
25.2027530670166	-3.5883922576904297	9	reviewers
-9.55456256866455	-11.150078773498535	2	Elements
-38.31743621826172	-7.6019134521484375	10	Vanessa
-2.9848265647888184	-13.696449279785156	2	Wave
-25.03061294555664	-15.280357360839844	10	Mia
-29.42124366760254	-14.917485237121582	10	Mel
8.622854232788086	-17.64509391784668	2	Pin
25.537145614624023	15.997700691223145	6	gown
-27.72670555114746	-14.131385803222656	10	Zoe
11.604962348937988	-35.71348571777344	3	Myanmar
4.695542335510254	-14.1583890914917	2	Clinical
22.269615173339844	13.60452651977539	6	tits
16.156517028808594	13.331302642822266	6	china
-5.97498893737793	25.636661529541016	7	collage
25.240638732910156	-2.7780349254608154	9	terminals
32.225799560546875	-1.6214118003845215	5	arthritis
5.3746256828308105	9.910730361938477	8	wording
13.588261604309082	-20.821273803710938	1	Hearts
-12.693879127502441	-12.249579429626465	2	Everyday
26.16710090637207	0.06694049388170242	9	resilience
-45.5165901184082	2.848144769668579	10	Melanie
29.68655776977539	-8.319602966308594	4	browsers
33.891963958740234	-4.486656188964844	5	chemotherapy
33.22874069213867	-5.608579635620117	9	dementia
14.705679893493652	15.969582557678223	5	brunch
20.173568725585938	-13.874361991882324	2	Rates
27.014711380004883	23.000324249267578	0	embroidery
28.346282958984375	-3.8955259323120117	9	voucher
22.093629837036133	-15.859136581420898	2	Carnival
-17.991899490356445	-21.198362350463867	10	Elena
-17.929845809936523	-19.0771427154541	1	Ginger
-22.8299617767334	-15.875436782836914	1	Stella
-37.42586135864258	-7.976510047912598	10	Nikki
4.0588603019714355	17.723276138305664	5	café
-27.433034896850586	-16.775983810424805	10	Rita
-39.252445220947266	-3.6145598888397217	10	Courtney
-30.610774993896484	-14.315715789794922	10	Shirley
26.54003143310547	2.555084466934204	9	gossip
22.967004776000977	9.430301666259766	5	diets
-21.411449432373047	-16.534286499023438	1	Kitty
27.741403579711914	2.0794289112091064	9	feminism
-13.011286735534668	-17.798477172851562	1	Sunshine
-13.559831619262695	-20.090303421020508	1	Belle
18.206308364868164	19.87354850769043	7	airy
18.49994468688965	-14.789284706115723	2	Surface
33.65105056762695	-7.132519721984863	9	texting
-48.8238525390625	5.844970703125	10	Carolyn
-35.74378967285156	-10.564911842346191	10	Leah
9.669854164123535	-34.044097900390625	3	Westminster
22.22648048400879	-15.17129898071289	2	Charter
22.996414184570312	21.01283073425293	6	bead
1.7702343463897705	26.641979217529297	6	lavender
16.850000381469727	-17.477096557617188	2	Salon
34.62351989746094	-9.04808235168457	2	Registered
28.479827880859375	-2.5832581520080566	9	raped
7.923130989074707	27.07909393310547	7	interiors
-1.80292546749115	-25.15997886657715	1	Sierra
-18.233423233032227	-20.442224502563477	10	Whitney
-18.46803092956543	20.391618728637695	7	Fabulous
24.03961944580078	-13.346833229064941	2	Fig
12.409942626953125	-21.586986541748047	1	Bride
-27.249752044677734	-15.328421592712402	10	Ellie
4.307208061218262	-15.073519706726074	2	Therapy
18.67843246459961	17.25507354736328	8	alterations
-2.1409196853637695	15.8244047164917	8	stationary
-3.71745228767395	22.352035522460938	7	styled
5.911994934082031	23.420873641967773	6	goddess
31.74041175842285	-4.165027141571045	9	giveaways
8.173401832580566	-21.7799072265625	1	Singer
-45.872989654541016	2.1828620433807373	10	Kathleen
33.35462951660156	-2.321157455444336	5	pesticides
4.335539817810059	25.536439895629883	6	charms
-23.512929916381836	-16.18810272216797	1	Ella
-1.2547212839126587	-23.07023048400879	1	Barbie
15.480681419372559	12.870405197143555	5	basin
4.1539692878723145	-17.382261276245117	2	Café
11.531984329223633	-16.090251922607422	2	Plants
17.89305305480957	-16.234018325805664	2	Parties
18.629552841186523	7.612468242645264	9	survivor
11.990211486816406	9.264211654663086	9	empower
35.27369689941406	-1.4382786750793457	6	veil
-13.672548294067383	-19.528820037841797	1	Raven
-8.684770584106445	25.89119529724121	7	glamorous
-28.530134201049805	-14.53700065612793	10	Brooke
26.73674964904785	-12.215359687805176	2	Revenue
-1.2967805862426758	-24.608814239501953	1	Mercy
-0.4916667342185974	11.002043724060059	9	prompts
-11.111533164978027	-19.690839767456055	1	Bee
30.22333526611328	-7.958542346954346	4	formatting
2.6536216735839844	-15.310103416442871	2	Split
33.154964447021484	-1.7643085718154907	5	toxins
18.397396087646484	-17.631135940551758	1	Mint
-41.74106979370117	-2.7622289657592773	10	Cynthia
2.8340625762939453	-35.31119155883789	3	Tanzania
-10.785099983215332	10.580602645874023	4	Websites
-27.872182846069336	-15.640286445617676	10	Kat
-1.0061767101287842	-15.401046752929688	2	Bedroom
0.17078767716884613	-22.214033126831055	1	Goddess
34.698978424072266	-3.735159158706665	5	rinse
14.119524955749512	7.415080547332764	9	brochure
15.38310718536377	19.233182907104492	5	cupcake
-19.737693786621094	-19.222599029541016	10	Miranda
4.068021297454834	24.404373168945312	6	fairy
26.363330841064453	-7.685044765472412	9	CRM
-29.144880294799805	-16.503662109375	10	Angie
-43.72709274291992	-2.269183874130249	10	Laurie
32.26014709472656	0.5393510460853577	5	liquids
-7.128718852996826	-24.609737396240234	10	Brittany
22.50077247619629	-17.1093807220459	1	Pandora
-5.772351264953613	-24.34274673461914	1	Ivy
-44.64656448364258	4.062752723693848	10	Gina
2.9961276054382324	-13.935407638549805	2	Associate
-37.50105285644531	-10.310736656188965	10	Elaine
-33.45886993408203	-13.855781555175781	10	Michele
19.146595001220703	7.8023810386657715	9	psychic
10.210723876953125	-23.54191017150879	10	Katrina
15.55698013305664	-18.107423782348633	2	Marathon
-46.136627197265625	3.2651708126068115	10	Suzanne
8.127264022827148	-15.584854125976562	2	Collections
-2.126889944076538	-21.713327407836914	1	Destiny
-22.084087371826172	-19.351146697998047	10	Clare
16.90605354309082	-0.1968638151884079	4	screenshots
21.0286808013916	5.7989583015441895	8	displacement
33.082733154296875	0.691431999206543	5	juices
26.316301345825195	-12.716775894165039	2	Diabetes
27.384069442749023	-8.249699592590332	4	WoW
27.618436813354492	-6.389412879943848	4	spreadsheet
-5.296320915222168	-14.84943675994873	2	Celebration
-4.0131659507751465	-24.488731384277344	1	Juliet
21.758832931518555	3.475031614303589	9	assay
9.031357765197754	19.185054779052734	6	cosmetics
-23.927053451538086	-18.087839126586914	10	Jessie
11.837540626525879	-19.73920249938965	2	Guild
28.237445831298828	-4.493203639984131	9	internship
2.8613662719726562	-36.078155517578125	3	Guatemala
10.739840507507324	-35.023841857910156	3	Belfast
6.073653697967529	-16.53120231628418	2	Floor
19.172080993652344	-15.10794448852539	2	Resistance
-20.635555267333984	-16.614343643188477	1	Iris
26.47466468811035	10.252923965454102	5	pastry
22.07700538635254	12.446053504943848	6	maid
2.170238733291626	-18.9713191986084	2	Dancing
-20.401016235351562	-20.0234375	10	Esther
27.047449111938477	-2.1671297550201416	9	receipts
27.9695987701416	-3.2236690521240234	9	autonomy
19.235397338867188	17.760578155517578	8	thinner
26.979585647583008	-0.9274891018867493	9	RNA
2.545295000076294	-16.88694190979004	2	Celebrity
22.720603942871094	19.875225067138672	6	ribbons
28.0277156829834	-0.7540154457092285	9	caregivers
-26.367591857910156	-16.085905075073242	10	Rosie
-27.49461555480957	-11.912988662719727	1	Sophia
7.340280532836914	27.043333053588867	7	furnishings
15.349957466125488	-15.726643562316895	2	Closed
-28.283382415771484	-16.986581802368164	10	Marilyn
20.686962127685547	-16.01881980895996	2	Vegan