x	y	cluster	word
-39.059322357177734	10.183690071105957	2	his
-4.072325706481934	-2.7628238201141357	4	sister
35.1148681640625	23.690149307250977	6	french
32.71293258666992	23.361858367919922	6	american
36.016395568847656	23.09583854675293	6	chinese
36.82081604003906	23.740976333618164	6	japanese
35.861045837402344	23.626344680786133	6	german
36.74491500854492	24.019765853881836	6	italian
35.62391662597656	24.042165756225586	6	british
34.8077278137207	23.919689178466797	6	european
37.087432861328125	23.292705535888672	6	canadian
37.302066802978516	23.561168670654297	6	australian
-49.363525390625	12.500412940979004	3	The
-55.62717056274414	4.277215480804443	2	new
-51.06829071044922	-0.10336152464151382	0	use
-58.36224365234375	2.602576732635498	2	first
-56.44477844238281	1.8162819147109985	8	good
-35.466796875	-5.456671237945557	1	made
-54.02873611450195	2.3518691062927246	8	great
-49.86228942871094	6.063270568847656	2	two
-58.58949661254883	0.1461252123117447	8	really
-39.017845153808594	-4.270284175872803	1	used
-49.37919616699219	3.183568239212036	8	right
-50.27012252807617	5.544764995574951	2	many
-47.197784423828125	6.6866888999938965	7	home
-46.13044738769531	-0.25916096568107605	2	using
-59.155540466308594	1.8135122060775757	2	another
-53.23193359375	3.7359023094177246	8	since
-46.11567687988281	-0.8630390167236328	2	set
-52.8747444152832	3.9903557300567627	8	today
-42.61891174316406	4.047846794128418	8	better
-56.73911666870117	2.299351215362549	8	little
-55.734676361083984	1.3427613973617554	8	well
-49.015464782714844	1.9773402214050293	8	much
-31.451486587524414	-4.95259952545166	1	available
-59.16339111328125	-0.07086916267871857	8	actually
-54.16156005859375	3.877288341522217	2	last
-39.30851745605469	3.186479330062866	8	making
-57.48826217651367	2.3646793365478516	2	part
-18.36929702758789	-6.007599353790283	0	play
-24.2219295501709	7.429503917694092	10	experience
-0.543731689453125	24.20817756652832	3	With
-60.15693283081055	0.669320285320282	8	though
-41.76384735107422	11.281371116638184	4	company
-22.148080825805664	4.297048568725586	4	name
-38.72438049316406	-4.3505754470825195	1	called
-25.006305694580078	8.216146469116211	10	team
-49.31474304199219	3.8219516277313232	0	end
-51.14198684692383	1.4667834043502808	8	point
-49.59611129760742	3.9904346466064453	2	next
-1.398144006729126	0.46805310249328613	4	data
-43.79973220825195	2.0018656253814697	8	getting
-37.77878189086914	9.872260093688965	2	small
-35.388858795166016	5.179835796356201	8	long
-56.232887268066406	3.404413938522339	2	second
-46.54502487182617	3.974777936935425	8	yet
-22.315275192260742	-6.3197808265686035	0	live
-26.0283145904541	0.4539741277694702	8	fun
-55.807743072509766	-0.29566845297813416	8	already
-59.26523971557617	1.1827993392944336	8	either
-38.802982330322266	6.0028204917907715	0	order
-33.850128173828125	1.779742956161499	8	ever
-44.52368927001953	-1.0551401376724243	2	following
-34.097373962402344	10.224881172180176	2	number
-39.75593185424805	2.1241238117218018	8	might
-25.022912979125977	-7.63284158706665	0	call
-6.185572624206543	-2.404907464981079	4	list
-47.00110626220703	-0.1262412667274475	8	working
4.407249927520752	24.29681968688965	3	Our
-52.98619079589844	-0.37310105562210083	8	means
-20.87264633178711	-1.9092612266540527	8	easy
-15.605090141296387	-30.351537704467773	9	makes
-18.96188735961914	-6.120934963226318	0	open
-32.77886962890625	6.708288669586182	8	old
-44.61565017700195	3.25331974029541	8	nice
-42.19320297241211	8.986051559448242	7	line
-0.21280518174171448	3.419503688812256	7	car
-12.688720703125	2.0195631980895996	10	view
-41.504844665527344	6.852709770202637	2	form
-22.815309524536133	4.973609447479248	4	website
-19.780305862426758	-6.101552486419678	0	buy
-25.20843505859375	8.847850799560547	10	design
-54.988800048828125	0.7179405093193054	8	probably
-46.37074661254883	6.187064170837402	10	course
4.838968276977539	23.905282974243164	3	These
-24.040695190429688	0.1560971736907959	8	together
-44.223358154296875	8.610898971557617	7	side
-38.07105255126953	4.515700817108154	0	close
-17.90746307373047	7.902401447296143	2	series
-7.1389241218566895	-12.27616024017334	0	include
-36.18952941894531	-1.0230937004089355	9	works
-34.91593933105469	3.662825584411621	8	perfect
-1.911186933517456	0.657214879989624	4	products
4.249264240264893	23.76738739013672	3	Your
-22.77242088317871	5.414086818695068	4	product
-52.88236618041992	0.9652183055877686	8	quite
-23.122173309326172	-6.631547927856445	0	enjoy
-59.692848205566406	0.6850552558898926	8	however
-17.656240463256836	5.277041912078857	2	high
-16.66470718383789	-5.052206516265869	0	control
-22.41738510131836	7.860911846160889	10	level
-6.463324069976807	-6.63435173034668	8	mind
-25.01338005065918	-4.511342525482178	8	taking
-0.8343609571456909	21.611404418945312	3	New
-49.42985153198242	11.49429988861084	3	Also
-38.975765228271484	10.551337242126465	2	current
-37.24959182739258	2.646697998046875	8	looking
-41.903656005859375	-0.6263431310653687	8	later
7.906271934509277	-3.4983983039855957	4	review
-13.465703964233398	0.20474384725093842	4	writing
-12.548542976379395	2.9307103157043457	10	event
-42.83629608154297	8.977476119995117	7	outside
-23.44193458557129	5.166581630706787	4	market
1.3529095649719238	-4.731179237365723	7	across
-9.13908863067627	5.076469421386719	4	public
-48.65791320800781	12.585877418518066	3	Not
-36.06755447387695	4.527349472045898	8	bad
-34.41836929321289	9.58790111541748	2	several
-45.67652893066406	-0.0931481420993805	2	result
-8.026687622070312	4.6500959396362305	10	quality
-12.292497634887695	1.0759187936782837	10	results
-36.44453048706055	2.0439906120300293	8	mean
5.197572231292725	-13.338850021362305	0	access
-12.89452838897705	-0.7683316469192505	4	report
-41.36579132080078	4.216437816619873	8	less
-40.73600387573242	5.9568705558776855	10	features
-24.321613311767578	5.981008052825928	7	building
-44.39446258544922	1.9386358261108398	8	usually
2.910496950149536	1.4179960489273071	4	price
-45.627811431884766	6.920731544494629	8	stuff
-47.55396270751953	4.1623735427856445	8	maybe
-52.741493225097656	1.945185661315918	8	almost
-32.876956939697266	9.677634239196777	2	four
7.797534942626953	-1.5141584873199463	10	class
-3.2027547359466553	-6.458469867706299	0	link
-38.656158447265625	5.322970390319824	2	complete
18.18299674987793	-2.555445909500122	10	games
-29.484027862548828	4.996953964233398	2	early
-3.0263633728027344	-23.989835739135742	1	lost
-48.34092712402344	13.204669952392578	3	Well
-30.291906356811523	-5.2306365966796875	2	required
13.791950225830078	-15.840211868286133	0	win
5.988202095031738	-30.073392868041992	1	received
-40.312007904052734	10.473052978515625	10	type
-22.134756088256836	-7.6654887199401855	0	return
-23.534408569335938	-1.92754065990448	8	happy
-33.6800422668457	-6.116155624389648	1	provided
-22.32967185974121	0.9513521790504456	7	along
-12.040519714355469	1.7076112031936646	10	position
-33.29371643066406	8.667431831359863	2	special
-25.967622756958008	9.552862167358398	10	style
-37.58195114135742	8.23037338256836	2	similar
47.10929870605469	14.78768539428711	3	Posted
-37.08128356933594	10.123536109924316	2	original
-43.75910186767578	6.184576034545898	8	moment
-22.77074432373047	6.499480247497559	10	model
-50.632389068603516	2.6235289573669434	8	reason
-14.836585998535156	-30.91275405883789	9	gets
4.316716194152832	3.4470596313476562	10	art
-3.1802313327789307	-4.396302223205566	10	test
-12.445598602294922	-35.217529296875	9	provides
-2.9116714000701904	-5.341963768005371	0	care
-11.817623138427734	2.8324227333068848	10	location
-36.8095817565918	-5.0457634925842285	1	included
-37.888858795166016	-4.442816734313965	1	known
-31.47553062438965	6.912815570831299	2	half
-5.388674259185791	-7.897594451904297	8	playing
-35.50628662109375	1.27151620388031	0	remember
-9.015787124633789	3.6369526386260986	10	version
-20.571495056152344	-7.864097595214844	0	hold
16.654560089111328	-1.493837833404541	4	party
-7.246392726898193	-11.127500534057617	0	build
-13.228450775146484	2.3846311569213867	10	action
-54.836814880371094	1.5668731927871704	8	although
-50.697994232177734	4.74669885635376	2	certain
-14.303092002868652	0.4676610827445984	10	subject
-23.11707305908203	-7.925050735473633	0	lead
5.107293605804443	7.928926467895508	6	American
-14.074447631835938	-32.533294677734375	9	takes
3.3453125953674316	-25.359678268432617	1	designed
-35.12221908569336	5.805607318878174	2	short
-51.532752990722656	2.0807173252105713	8	instead
-5.799499988555908	-1.6426740884780884	4	store
5.6515889167785645	-28.92957878112793	1	posted
4.265910625457764	-13.955812454223633	7	drive
-45.36731719970703	2.636007308959961	8	pretty
-14.288590431213379	-29.448986053466797	9	includes
-45.425514221191406	6.293615341186523	8	ones
-2.4245781898498535	-25.01717758178711	1	taken
-20.503337860107422	6.329748153686523	2	key
-15.916254043579102	-0.1405932456254959	2	via
-17.850881576538086	3.8965320587158203	2	strong
-56.84109115600586	3.284856081008911	2	particular
-32.42912292480469	8.135647773742676	2	unique
-35.3299560546875	11.51122760772705	2	specific
-14.599837303161621	7.489110469818115	2	major
5.101276397705078	1.6097034215927124	4	article
-7.741232872009277	0.633581817150116	10	practice
5.269977569580078	-29.505956649780273	1	held
-13.787054061889648	-0.10955113172531128	4	record
41.86122512817383	3.95214581489563	4	card
-20.421049118041992	-5.283801555633545	0	please
-12.355813980102539	0.5859605073928833	4	details
-0.7108227014541626	3.141796588897705	7	road
3.486830234527588	2.856858491897583	4	companies
6.489817142486572	-28.427310943603516	1	played
-32.26094436645508	9.304488182067871	2	single
-55.12226104736328	2.126438617706299	8	fact
-42.73402404785156	-0.6353825330734253	8	beginning
10.424636840820312	14.433148384094238	5	summer
-17.87089729309082	6.796095848083496	2	total
-28.79071617126465	3.0791831016540527	8	soon
-43.0416259765625	9.041979789733887	7	front
-32.227622985839844	5.828821182250977	8	lovely
-14.509617805480957	7.1251139640808105	2	various
-46.267601013183594	4.399804592132568	8	thinking
4.505469799041748	-1.231444239616394	10	method
-35.14289474487305	-1.2764359712600708	9	looks
30.605182647705078	23.073617935180664	6	English
-4.773297309875488	-24.762470245361328	1	written
13.808277130126953	-14.779132843017578	0	release
3.139848232269287	23.195344924926758	3	Since
10.25743579864502	-1.8192188739776611	4	table
-24.195327758789062	8.20897102355957	10	nature
26.321077346801758	-5.968382835388184	4	user
-34.70579528808594	-1.3871543407440186	9	seems
-39.18968200683594	4.5290117263793945	8	necessary
-26.46282958984375	0.7027016878128052	8	feeling
-56.95569610595703	3.8725297451019287	10	general
-55.7294921875	1.9675859212875366	8	kind
-1.3330862522125244	23.739070892333984	3	Although
1.9986916780471802	-9.534412384033203	2	low
-8.964337348937988	2.580303192138672	10	section
14.931286811828613	-14.613694190979004	0	contact
-4.468958854675293	-9.726276397705078	8	chance
-35.873477935791016	4.317948341369629	8	fine
-2.7915050983428955	-24.496610641479492	1	built
-20.57916259765625	6.679471969604492	2	personal
-23.731388092041016	0.2729337513446808	8	cool
-37.4205322265625	11.198229789733887	2	standard
-34.639976501464844	-6.083451271057129	1	brought
-15.400354385375977	-30.120067596435547	9	uses
-8.379837036132812	-2.146038055419922	4	author
26.370141983032227	-5.7417097091674805	4	users
-36.075260162353516	9.066787719726562	2	third
-51.919742584228516	2.343602180480957	8	perhaps
-43.2443733215332	5.752235412597656	8	lot
1.3904765844345093	0.04132785275578499	7	parts
37.720176696777344	15.234084129333496	5	China
-41.19321823120117	0.6511244773864746	8	finally
-23.3780574798584	-1.2787954807281494	8	quickly
-25.74034309387207	-2.7112209796905518	8	thanks
10.998176574707031	-13.105260848999023	8	safe
14.035074234008789	-4.8611931800842285	7	air
10.106730461120605	-0.7706151604652405	4	computer
-36.11162567138672	10.137337684631348	2	main
-32.42381286621094	11.44011402130127	2	individual
-36.07558822631836	8.69139575958252	2	final
-3.845803737640381	-4.368058681488037	10	success
-0.5275794863700867	22.173208236694336	3	Great
-37.43693542480469	8.836749076843262	2	common
16.08796501159668	-0.3536197245121002	4	title
-40.10784912109375	7.6452155113220215	10	example
3.499148368835449	1.130370855331421	10	production
-33.64989471435547	3.465608596801758	8	bit
12.818325996398926	-16.347900390625	0	sell
-16.35304832458496	11.250890731811523	8	late
-10.580260276794434	1.9646669626235962	2	range
18.690401077270508	2.694594383239746	4	customers
-3.333411693572998	-25.435562133789062	1	decided
-19.704727172851562	4.39019775390625	2	normal
-17.73229217529297	-6.7419328689575195	0	break
-39.98094177246094	6.746473789215088	2	feature
-54.848960876464844	0.14642061293125153	8	certainly
0.3205822706222534	22.94223403930664	3	Maybe
10.101408958435059	-3.6755597591400146	4	account
-47.345054626464844	4.4372711181640625	8	yes
-13.19246768951416	-34.32024002075195	9	gives
-22.93397331237793	-3.074928045272827	8	wish
20.654312133789062	-0.696959376335144	7	kitchen
-8.056324005126953	-6.384830951690674	2	upon
3.6554300785064697	-0.6949442028999329	10	device
-40.82475662231445	-0.6493247151374817	8	recently
-47.465877532958984	2.7945263385772705	2	plus
14.818099021911621	-17.525590896606445	0	reach
36.25637435913086	13.8714017868042	5	California
4.1061577796936035	-28.197092056274414	1	published
9.73720932006836	-0.7936455011367798	4	network
-30.6168155670166	1.691638708114624	8	sense
-16.450902938842773	4.894265174865723	2	base
-11.522690773010254	0.47527068853378296	10	option
-24.288076400756836	2.89827823638916	8	guys
-11.196128845214844	3.1063218116760254	10	systems
-7.958236217498779	4.724854946136475	10	professional
-17.760149002075195	-7.197778224945068	0	pass
25.114688873291016	-4.589483737945557	10	rules
-3.670192003250122	-26.165861129760742	1	wrote
-14.473062515258789	3.0145671367645264	10	function
-3.996626138687134	-6.498125076293945	0	charge
-3.825897693634033	-9.259437561035156	8	comfortable
-20.683521270751953	10.927719116210938	2	modern
8.388855934143066	-6.961211681365967	2	private
-2.508190393447876	-26.48089599609375	1	moved
-1.405461311340332	-26.547433853149414	1	bought
16.75308609008789	17.02994155883789	5	March
-4.3169660568237305	-5.21180534362793	2	host
-22.912567138671875	-0.25684717297554016	8	mine
15.727287292480469	17.11427116394043	5	April
42.88166427612305	10.008694648742676	4	Google
41.31821060180664	2.682288885116577	4	reviews
5.703468322753906	21.78156280517578	3	About
36.39409637451172	12.919840812683105	5	Christmas
-31.628559112548828	-1.1303379535675049	8	currently
17.779001235961914	2.3038976192474365	4	sales
6.069006443023682	-29.55487632751465	1	released
37.37215805053711	15.22333812713623	5	Canada
-16.68741226196289	12.446205139160156	5	weekend
5.19389533996582	-12.074189186096191	0	match
-14.20627498626709	-1.7470183372497559	2	based
21.58672332763672	1.2181785106658936	10	language
-2.086310386657715	-24.116077423095703	1	allowed
48.42414093017578	9.843008041381836	0	attention
-1.94315505027771	23.202434539794922	3	Its
38.768341064453125	2.556520938873291	4	fans
-25.040578842163086	-0.3196048438549042	8	easily
-29.24300765991211	1.0377968549728394	8	far
-37.61246109008789	7.6741180419921875	2	leading
-34.74748229980469	2.8231313228607178	8	completely
-0.0153279397636652	-0.3173190653324127	10	environment
6.66625452041626	-0.9326558113098145	10	unit
33.843631744384766	1.0363458395004272	7	camera
9.782296180725098	0.5473998188972473	4	policy
27.881967544555664	-7.359263896942139	4	copy
-24.314380645751953	-7.281494140625	0	expect
-8.179986000061035	-8.158905982971191	8	quick
16.115676879882812	17.282941818237305	5	June
-18.981420516967773	8.997902870178223	2	former
-16.48184585571289	-1.7931758165359497	2	directly
-53.27302551269531	0.9477123618125916	8	rather
-3.0535640716552734	-5.903843879699707	4	deal
-21.657520294189453	-6.075516223907471	0	speak
6.387691974639893	21.230512619018555	3	Home
-53.97052001953125	0.6645063161849976	8	therefore
-30.8542537689209	-1.4962884187698364	4	states
-33.02470779418945	-5.983087539672852	1	considered
-34.769466400146484	7.813564300537109	2	whose
-5.894312381744385	-2.6505260467529297	4	request
-27.667377471923828	-0.15954574942588806	8	note
-18.497629165649414	-2.0832278728485107	0	correct
-46.114601135253906	3.4925496578216553	8	except
-32.45014190673828	10.278173446655273	2	recent
-36.076194763183594	4.003468990325928	8	awesome
-19.593360900878906	9.144014358520508	2	popular
11.630640029907227	-15.577067375183105	0	wait
16.571514129638672	15.145539283752441	5	World
-35.3719367980957	-4.8558030128479	1	meant
-7.3302178382873535	0.7931851148605347	10	terms
25.92914390563965	-3.3015263080596924	10	conditions
-4.971197605133057	-4.535013675689697	8	planning
-46.18724822998047	2.6196980476379395	8	mostly
-11.233905792236328	1.0964224338531494	10	understanding
-26.48033905029297	-4.299844264984131	2	due
-37.96754837036133	11.121891021728516	2	actual
6.1870293617248535	22.34906005859375	3	Best
-35.529300689697266	9.763222694396973	2	previous
21.69843101501465	-1.644616723060608	7	apartment
18.801334381103516	17.276769638061523	5	July
16.69786262512207	1.51935875415802	4	sale
-2.7620949745178223	-7.171595096588135	0	update
-17.67865562438965	0.573050320148468	2	limited
-8.636427879333496	-11.81588077545166	0	produce
5.491686820983887	23.64069366455078	3	Two
18.72404670715332	14.458296775817871	5	Life
2.638590097427368	-2.8167426586151123	7	lines
33.789588928222656	-1.5464366674423218	10	skills
7.37257719039917	-10.702231407165527	2	higher
-30.06488037109375	3.6259586811065674	8	yesterday
-0.8907082080841064	22.742420196533203	3	Good
-46.941349029541016	1.923375129699707	8	generally
-48.79006576538086	13.142593383789062	3	Only
1.958064317703247	-10.029090881347656	2	lower
1.2771029472351074	-27.59688949584961	1	sold
-30.43767738342285	7.952330589294434	8	excellent
2.4268577098846436	-7.336618900299072	2	average
-17.024415969848633	6.893144607543945	2	six
18.109085083007812	0.19473636150360107	4	names
-4.901615142822266	-25.528579711914062	1	developed
31.0799503326416	12.22868537902832	3	Have
11.67833423614502	13.308148384094238	5	USA
-40.31832504272461	6.749558925628662	8	meaning
-27.273561477661133	-1.6999675035476685	8	mention
-20.57204818725586	-2.9792730808258057	8	seem
26.97771644592285	-0.27037906646728516	10	science
12.83510971069336	13.36301326751709	5	Europe
15.580615997314453	-0.4573228657245636	4	member
-9.177285194396973	-2.6141934394836426	4	reports
10.484139442443848	-8.630878448486328	2	per
4.511034965515137	-4.893802642822266	10	guide
13.365410804748535	-12.386147499084473	7	towards
45.49872970581055	14.146747589111328	5	ago
-33.45262145996094	9.546018600463867	2	regular
-13.89574146270752	1.898938775062561	10	setting
21.171754837036133	-17.868242263793945	0	enter
-16.165241241455078	8.493209838867188	7	round
35.013206481933594	0.6653202176094055	7	safety
41.36464309692383	3.6059041023254395	10	memory
2.8917675018310547	-1.3554986715316772	10	levels
10.795818328857422	-1.5824861526489258	4	costs
-18.705612182617188	5.228703498840332	2	extra
10.55756664276123	0.9412401914596558	4	brand
-15.205402374267578	6.1194844245910645	2	additional
-0.3919910490512848	-24.840009689331055	1	shared
17.69599151611328	-9.497108459472656	7	cold
17.549667358398438	17.056610107421875	5	October
-10.100839614868164	9.858928680419922	8	sweet
4.968465328216553	-11.718727111816406	0	respect
36.86869430541992	14.668084144592285	5	Australia
23.985576629638672	-4.925381660461426	10	term
17.090579986572266	16.97724151611328	5	September
-17.917922973632812	1.4487481117248535	2	successful
8.857172966003418	-13.980141639709473	8	quiet
-44.30046081542969	3.3767306804656982	8	fantastic
12.17599105834961	-0.5196296572685242	4	owner
17.220539093017578	17.438941955566406	5	August
-12.327179908752441	-33.78107833862305	9	allows
-33.43600082397461	2.075302839279175	8	exactly
-21.72667694091797	7.41928768157959	2	overall
-1.6877312660217285	-25.824085235595703	1	named
6.213801383972168	-5.078624725341797	10	taste
32.156578063964844	-3.9998695850372314	8	fan
-42.73091506958008	-0.929029107093811	2	earlier
21.40632438659668	-1.9822947978973389	7	window
-6.036393165588379	-11.077116966247559	0	notice
31.585926055908203	23.135610580444336	6	French
-56.053043365478516	0.24988152086734772	8	clearly
-1.716961145401001	23.082931518554688	3	Another
-25.429580688476562	-3.239504814147949	8	despite
35.390499114990234	-6.075654983520508	0	die
16.809776306152344	-2.5220704078674316	10	teams
-23.020183563232422	7.273913860321045	10	concept
10.084793090820312	-17.939476013183594	0	require
-58.01200866699219	0.8529135584831238	8	anyway
-5.476578712463379	-11.579819679260254	0	agree
5.845495700836182	23.890310287475586	3	Their
17.61553192138672	-2.103783369064331	4	patient
-0.938873827457428	23.57366180419922	3	Both
-15.210894584655762	-28.8750057220459	9	calls
7.822347164154053	-15.695385932922363	0	welcome
-56.24992752075195	1.1367411613464355	8	thus
-15.570980072021484	-0.9920744895935059	2	opening
21.29033660888672	-3.662362575531006	10	equipment
17.404172897338867	-3.3612589836120605	10	models
9.698982238769531	-5.461388111114502	4	buying
23.822311401367188	-1.1484003067016602	4	trade
10.75721549987793	-17.44943618774414	0	develop
3.7608792781829834	22.792240142822266	3	Where
4.8370137214660645	-12.884254455566406	2	target
36.11451721191406	15.457087516784668	5	England
-25.1453914642334	-4.599416255950928	8	putting
-15.1040620803833	-29.06429672241211	9	runs
12.827081680297852	-5.244174003601074	7	driving
10.642702102661133	-13.197912216186523	8	easier
-9.567237854003906	-3.1790077686309814	4	claims
-26.738677978515625	6.2855143547058105	10	reference
-27.023685455322266	6.5175604820251465	2	appropriate
34.62125015258789	0.6941205859184265	7	map
34.27022171020508	-2.212512969970703	10	values
45.549110412597656	8.69576644897461	4	rights
3.3892745971679688	-24.836179733276367	1	enjoyed
33.03729248046875	2.32137131690979	7	cars
27.661361694335938	-7.100394248962402	4	credit
-32.30125045776367	3.5570433139801025	8	unless
43.816383361816406	4.270596981048584	7	damage
3.6156985759735107	-20.81197166442871	2	increased
7.753355979919434	-30.11255645751953	1	opened
43.852806091308594	6.7297234535217285	4	cards
38.51872634887695	15.431425094604492	5	Japan
5.216527938842773	6.498985290527344	2	national
19.888288497924805	-3.1400930881500244	7	machine
-9.882481575012207	-7.638357162475586	8	useful
28.980073928833008	-5.6366071701049805	4	clients
5.375946521759033	-6.860325813293457	8	friendly
36.57444381713867	11.029341697692871	5	tour
-10.42681884765625	8.822450637817383	2	couple
4.028420448303223	-4.781467437744141	10	rule
12.547877311706543	15.256632804870605	5	spring
-13.73250961303711	5.904643535614014	2	basic
-16.12128448486328	8.740880966186523	7	middle
39.151241302490234	3.4120450019836426	4	prices
16.56554412841797	12.59217357635498	5	winter
1.5147432088851929	-26.353116989135742	1	completed
37.370853424072266	15.719616889953613	5	France
3.7516000270843506	-1.692163348197937	10	condition
5.552102088928223	-13.922653198242188	0	handle
22.1003475189209	-9.304845809936523	2	length
18.103364944458008	2.653959274291992	4	customer
47.828426361083984	10.378828048706055	7	button
18.212255477905273	-16.661392211914062	0	join
-17.273035049438477	1.9763646125793457	2	separate
18.02325439453125	17.190820693969727	5	February
7.324558734893799	-27.657312393188477	1	closed
19.496244430541992	-3.6479854583740234	7	direction
16.139572143554688	14.127016067504883	4	Company
-13.95616340637207	-31.09355926513672	9	wants
-55.45992660522461	0.3553158938884735	8	indeed
0.9483210444450378	-26.368633270263672	1	passed
13.392215728759766	15.407700538635254	5	Paul
28.177528381347656	-5.674571514129639	4	client
-19.778432846069336	5.688652515411377	2	direct
-17.778331756591797	3.570357084274292	8	serious
44.94304275512695	10.337601661682129	7	weather
39.130882263183594	1.1011602878570557	7	minutes
48.38832092285156	14.507463455200195	4	Apple
-20.65749740600586	10.786285400390625	2	classic
40.566768646240234	3.601477861404419	4	budget
35.40769577026367	-0.7737120389938354	10	classes
16.25592803955078	-2.045426607131958	10	competition
45.09522247314453	2.9941439628601074	0	reply
-18.85812759399414	9.538220405578613	4	official
-30.597429275512695	9.898292541503906	2	significant
2.098806858062744	-0.9229593276977539	10	elements
20.230148315429688	-18.035423278808594	0	improve
5.7816033363342285	-26.154457092285156	1	located
2.08522891998291	-26.485671997070312	1	placed
11.89692211151123	-1.7775734663009644	4	package
-11.575438499450684	8.90911865234375	2	famous
20.131616592407227	-5.982337951660156	10	requirements
36.989505767822266	15.613253593444824	5	Germany
-5.327136039733887	-25.505525588989258	1	produced
0.6306535601615906	-0.5968603491783142	10	operation
19.24574851989746	-6.092373371124268	10	methods
-27.40135383605957	5.524689197540283	2	regarding
39.925174713134766	2.101980686187744	4	contract
-7.738090991973877	-8.431346893310547	8	longer
3.284252405166626	24.202091217041016	3	Any
45.64678955078125	8.847827911376953	4	server
2.5764472484588623	-27.548580169677734	1	returned
-25.796924591064453	-4.493711948394775	0	calling
5.36004114151001	5.798803329467773	2	global
8.748637199401855	-0.6362890005111694	10	construction
37.253292083740234	5.508478164672852	7	dogs
-11.012210845947266	0.6963076591491699	10	ability
28.25860595703125	-4.9294257164001465	4	director
5.199615955352783	-26.866483688354492	1	failed
6.431978225708008	25.012889862060547	3	Using
-11.307658195495605	-32.94565200805664	9	plays
-14.80943775177002	1.278170108795166	2	basis
12.051985740661621	-13.20184326171875	0	forward
27.590972900390625	-4.856698513031006	4	records
-14.428720474243164	5.8483123779296875	2	existing
-5.304662704467773	-24.70475959777832	1	established
-59.101806640625	0.3083217144012451	8	obviously
35.38938903808594	3.0485949516296387	7	ship
16.372713088989258	-0.004205208737403154	4	writer
-49.4141960144043	2.3011391162872314	8	possibly
-8.191447257995605	-11.553157806396484	0	manage
39.58246994018555	6.399020671844482	7	glass
5.180198669433594	7.183411598205566	6	international
10.84233570098877	1.1350547075271606	4	marketing
18.944448471069336	-0.5323134660720825	4	press
35.525367736816406	-4.879539489746094	0	balance
18.135887145996094	0.13027259707450867	4	legal
4.9498515129089355	-3.100461483001709	10	selection
9.901000022888184	-5.465002059936523	4	selling
33.23801803588867	12.197802543640137	3	Comments
-36.45530319213867	3.166485071182251	8	totally
7.75202751159668	-30.627777099609375	1	announced
16.89295196533203	14.624310493469238	5	Art
-13.939571380615234	-32.87688064575195	9	brings
8.641602516174316	-3.937995195388794	4	partner
-50.7888298034668	1.3812553882598877	8	otherwise
4.531825542449951	-3.8262603282928467	10	creative
9.24142074584961	-2.9225594997406006	4	info
12.260558128356934	-4.705983638763428	7	frame
-11.766613960266113	-33.934959411621094	9	contains
12.420270919799805	-8.792428016662598	8	cheap
0.8980085849761963	23.40728187561035	3	Those
0.5678331255912781	-6.034637928009033	7	flat
-0.5486239790916443	-0.550212562084198	10	strategy
20.90838050842285	-5.429199695587158	10	detail
19.791534423828125	-17.273141860961914	0	secure
34.37085723876953	-3.9322450160980225	7	comfort
-46.18731689453125	1.5691901445388794	8	basically
31.10028076171875	23.099821090698242	6	British
8.010464668273926	-29.34449577331543	1	ordered
0.1403661072254181	23.373458862304688	3	Unfortunately
-12.976754188537598	-31.26836395263672	9	leads
17.120100021362305	-0.9356315732002258	4	entry
4.070159435272217	-25.726512908935547	1	missed
-56.734588623046875	-0.13813069462776184	8	apparently
1.8806719779968262	-7.662444591522217	8	soft
-35.959075927734375	11.603720664978027	2	proper
36.002113342285156	-4.399964809417725	0	score
34.45040512084961	1.066270112991333	7	engine
8.627204895019531	-1.8683735132217407	10	testing
0.7954747080802917	-24.613706588745117	1	listed
11.640442848205566	-17.053543090820312	0	push
-18.285749435424805	5.526780605316162	2	double
-27.68132781982422	0.7759307622909546	8	anymore
18.441818237304688	-17.429262161254883	0	replace
9.131017684936523	-4.5017409324646	4	firm
-11.76280689239502	-30.77198028564453	9	sets
-8.835641860961914	4.615038871765137	10	fashion
16.997764587402344	-17.691059112548828	0	avoid
3.4636075496673584	-23.933935165405273	1	experienced
42.21492385864258	14.664901733398438	5	Russia
-12.06818962097168	-8.89637565612793	2	allowing
34.409420013427734	22.627328872680664	6	Chinese
31.232728958129883	-2.4695804119110107	10	communication
-0.3677736520767212	-26.114952087402344	1	followed
4.641079425811768	-29.34589385986328	1	purchased
-5.587741374969482	-5.641842365264893	2	developing
18.907764434814453	-11.733712196350098	8	becoming
37.72807693481445	0.47382256388664246	2	volume
1.461838722229004	22.796865463256836	3	Yeah
-23.51887321472168	-7.329071998596191	0	decide
36.58363723754883	11.06044864654541	5	conference
11.835099220275879	-6.531364440917969	7	star
1.8132799863815308	-8.974031448364258	2	smaller
47.859554290771484	1.6434226036071777	1	reached
9.196362495422363	-14.129966735839844	8	busy
5.608268737792969	4.065464973449707	4	commercial
2.168816566467285	23.144121170043945	3	Perhaps
27.38378143310547	0.9618418216705322	5	holiday
-18.47595977783203	-1.1695934534072876	8	fully
-0.587913453578949	22.97491455078125	3	Which
-2.4548532962799072	-10.289955139160156	8	fair
48.019168853759766	11.416454315185547	7	traffic
13.817730903625488	-14.798242568969727	0	launch
4.8914666175842285	-13.512478828430176	0	switch
21.686309814453125	-6.656084060668945	10	failure
2.163698673248291	-20.544498443603516	1	fixed
15.618487358093262	14.714415550231934	5	Group
4.877028465270996	22.872068405151367	3	Every
11.877556800842285	-8.921229362487793	8	older
46.72296905517578	10.52841567993164	7	bike
-3.988405227661133	-5.623090744018555	0	supply
41.42031478881836	5.7177605628967285	7	stars
-6.989453315734863	-7.101537227630615	8	hell
35.120018005371094	11.940893173217773	4	Service
17.725889205932617	-5.349581241607666	10	mode
44.34027099609375	12.718022346496582	4	Office
41.333255767822266	-1.386697769165039	2	largest
20.403549194335938	-11.418899536132812	2	biggest
-9.797919273376465	1.6868391036987305	2	core
8.491752624511719	0.5625519156455994	10	operations
-39.095767974853516	7.890655517578125	2	addition
-5.8969807624816895	-9.97751522064209	0	count
-27.658836364746094	-5.410572528839111	1	compared
4.9169921875	-28.880916595458984	1	joined
32.075469970703125	23.056869506835938	6	German
42.9808349609375	9.68709659576416	4	Windows
-3.075148105621338	-0.8642535209655762	10	description
-30.764543533325195	8.577106475830078	2	typical
2.2028934955596924	-28.361385345458984	1	arrived
6.917036533355713	-26.38326072692871	1	broken
-16.226131439208984	2.2571635246276855	2	prior
-18.228790283203125	-6.1603102684021	0	stick
29.649049758911133	-5.102956771850586	4	database
-9.891861915588379	9.807098388671875	8	gorgeous
2.003288984298706	-8.165491104125977	2	heavy
48.88437271118164	10.958889961242676	10	error
23.81766700744629	-3.4916160106658936	10	units
31.056821823120117	13.053109169006348	3	Sorry
-26.37449073791504	-1.677379846572876	8	imagine
24.341432571411133	-4.528836250305176	10	defense
48.53076171875	14.501306533813477	4	Microsoft
24.39944839477539	-3.9137959480285645	10	standards
37.679683685302734	6.551390171051025	7	beer
19.108768463134766	-10.466349601745605	8	cute
-14.448042869567871	-30.096220016479492	9	knows
9.591378211975098	-30.19375991821289	1	updated
-25.28633689880371	3.155289888381958	8	lots
17.75469207763672	-17.903427124023438	0	maintain
30.994918823242188	23.11270523071289	6	European
34.89781188964844	22.8488826751709	6	Japanese
-27.516878128051758	1.1242928504943848	8	seriously
-43.091976165771484	2.711620330810547	8	considering
16.171079635620117	-5.907351016998291	10	argument
20.011436462402344	-0.13847777247428894	10	sports
21.429636001586914	-10.052324295043945	2	wide
39.98334503173828	6.6995415687561035	7	windows
-1.9662365913391113	-11.208206176757812	8	neither
19.194141387939453	-11.081343650817871	8	worst
39.3549690246582	7.0686235427856445	7	boat
-39.9636344909668	7.655467987060547	10	combination
27.558422088623047	-4.327873229980469	4	stores
30.997943878173828	12.607773780822754	3	Are
-31.99734115600586	-0.830153226852417	8	typically
19.512922286987305	-17.250247955322266	0	limit
11.459869384765625	13.071823120117188	5	International
-12.474852561950684	5.2795586585998535	10	types
10.340320587158203	-9.474961280822754	2	winning
38.53655242919922	0.6619333028793335	4	storage
-1.2625281810760498	-25.2928466796875	1	agreed
4.420567512512207	23.15460968017578	3	Such
41.44950485229492	14.95531177520752	5	Italy
31.75614356994629	-1.1565505266189575	7	studio
6.6453752517700195	-29.384868621826172	1	delivered
7.860896587371826	-0.93806391954422	10	designs
15.655656814575195	1.1169874668121338	4	manager
-1.1839202642440796	-6.009304523468018	7	anywhere
30.63846206665039	11.81163501739502	3	Does
4.924864768981934	-0.7598320245742798	10	functions
8.356250762939453	-2.9222211837768555	4	opinion
-7.510356426239014	-4.8407416343688965	2	according
47.724124908447266	1.9563218355178833	1	signed
21.245397567749023	-3.939833879470825	10	facilities
-17.38489532470703	14.010964393615723	5	Mike
11.356688499450684	-9.37899398803711	2	pair
29.289806365966797	-4.197885036468506	4	owners
38.21226501464844	1.6555588245391846	4	quote
35.83481216430664	-2.3735158443450928	10	command
34.21981430053711	-1.4599319696426392	10	techniques
21.925962448120117	-5.619170188903809	10	output
33.384300231933594	1.4719117879867554	7	station
-23.95439338684082	0.8891624212265015	7	somewhere
45.08970642089844	6.759235858917236	7	gun
4.421329975128174	-26.384788513183594	1	managed
13.603113174438477	15.380026817321777	5	Peter
-45.61394119262695	4.444411277770996	8	guess
22.851545333862305	-5.3916754722595215	10	format
-11.315939903259277	-31.595252990722656	9	covers
43.188602447509766	3.8266441822052	10	instructions
33.62907028198242	-4.458345413208008	8	pleasure
-47.81779861450195	0.39721938967704773	8	specifically
-4.356558799743652	-11.808993339538574	0	exist
42.36253356933594	7.428109169006348	4	parties
36.937286376953125	6.009561538696289	7	cities
42.093048095703125	4.853275775909424	7	signs
0.292754590511322	-26.614242553710938	1	introduced
-18.392589569091797	-1.3992815017700195	8	properly
3.5829710960388184	-18.219335556030273	2	dedicated
-19.867023468017578	-5.1876349449157715	0	forget
-12.09127426147461	-34.605403900146484	9	holds
18.423980712890625	14.779109954833984	5	History
45.14667892456055	8.450819969177246	4	insurance
-16.326187133789062	5.43153715133667	2	central
1.6708667278289795	-0.8222038745880127	10	components
-2.97751522064209	-22.657276153564453	8	able
14.746709823608398	-4.646147727966309	7	centre
-2.2995619773864746	-11.081559181213379	8	surprise
30.76466178894043	-7.021636962890625	0	winner
24.742658615112305	-6.704257965087891	10	input
35.012290954589844	-2.270749092102051	10	expression
8.560643196105957	-29.426448822021484	1	fell
8.640687942504883	-30.104843139648438	1	entered
19.386505126953125	-3.6241650581359863	7	route
7.942541599273682	-1.7553719282150269	10	presentation
4.130524158477783	1.9180899858474731	4	department
19.01322364807129	-18.106142044067383	0	achieve
0.5422850251197815	-8.684982299804688	2	eight
8.060324668884277	-7.331213474273682	2	custom
-12.058187484741211	8.89732837677002	8	speaking
2.5772533416748047	-20.677536010742188	2	reduced
-32.09479904174805	3.708289861679077	8	AND
-23.14386749267578	7.52034330368042	10	manner
20.491804122924805	-11.306024551391602	2	greatest
-17.385772705078125	13.998762130737305	5	Chris
14.182129859924316	-12.890247344970703	0	roll
-10.60653018951416	-34.45323944091797	9	shares
47.23587417602539	14.890244483947754	3	Under
29.672962188720703	0.03652229160070419	7	metal
1.9274818897247314	-27.027101516723633	1	dropped
-18.701379776000977	2.1987907886505127	2	essential
17.811426162719727	14.23644733428955	5	Design
0.28532645106315613	-8.461008071899414	2	numerous
-0.8106461763381958	-12.36088752746582	8	sorry
35.16476821899414	-1.6396723985671997	10	tests
41.954524993896484	13.317334175109863	5	Science
43.67133712768555	10.970646858215332	5	episode
-4.117788314819336	-24.853988647460938	1	featured
39.338191986083984	5.629632949829102	7	wind
34.31406021118164	-5.905340671539307	7	cross
-31.49405288696289	8.509806632995605	2	usual
47.39719009399414	1.721504807472229	1	registered
6.940155982971191	-7.410231113433838	2	independent
38.2824821472168	6.6721391677856445	7	radio
32.38270950317383	11.806710243225098	3	Call
27.608856201171875	-5.880629062652588	4	distribution
-43.7056884765625	2.4472861289978027	8	normally
-49.82319259643555	2.0901072025299072	8	sort
18.388050079345703	-5.7995123863220215	10	definition
47.488887786865234	9.852832794189453	7	temperature
29.776758193969727	-2.228936195373535	7	channel
44.544986724853516	8.807425498962402	4	consumers
25.71695327758789	-5.613513946533203	4	authority
-34.44251251220703	10.827024459838867	2	initial
19.720321655273438	-14.635193824768066	2	receiving
-10.942910194396973	-33.94853591918945	9	returns
42.014129638671875	3.3651180267333984	4	orders
9.782120704650879	-16.948965072631836	0	fail
44.92222595214844	12.255597114562988	4	DVD
5.401919364929199	22.95804786682129	3	Being
4.669592380523682	-2.373399257659912	10	examples
36.223121643066406	0.4292565882205963	10	experts
-48.5466423034668	12.475776672363281	3	Anyway
-30.536945343017578	7.37017822265625	8	super
-9.758981704711914	10.988383293151855	8	lol
18.925155639648438	2.2574832439422607	4	agency
6.484740734100342	21.930198669433594	3	Big
-23.91967010498047	-2.9980075359344482	8	hoping
0.09530218690633774	4.3233184814453125	7	south
-3.5499651432037354	-23.28004264831543	1	intended
4.342705249786377	-21.201332092285156	2	improved
37.725555419921875	-1.2060633897781372	10	settings
-33.93950271606445	-5.6912665367126465	1	stated
-3.1177291870117188	-25.35348129272461	1	ended
8.921133041381836	-17.184022903442383	8	prefer
14.887078285217285	14.42414379119873	5	General
0.08968045562505722	4.299567699432373	7	north
15.101151466369629	-13.458508491516113	0	exchange
-13.07253646850586	9.851572036743164	8	stupid
6.8224687576293945	-0.03741062432527542	10	facility
-10.890568733215332	-32.226158142089844	9	hits
41.59064483642578	9.779742240905762	4	magazine
31.844623565673828	-3.2176663875579834	4	parent
44.1955451965332	1.2720717191696167	0	register
-9.797835350036621	9.020004272460938	2	tiny
47.04248046875	10.988640785217285	7	ice
17.462139129638672	-13.749844551086426	0	appeal
13.676775932312012	-3.6835906505584717	7	shops
9.191203117370605	-10.057010650634766	2	advanced
44.307498931884766	13.84399127960205	5	Ohio
12.500540733337402	-4.697364330291748	7	hour
31.964616775512695	11.542194366455078	3	Set
-13.934120178222656	-30.766807556152344	9	feels
-19.425573348999023	2.607776165008545	8	ideal
42.26544952392578	8.059621810913086	4	papers
5.4391770362854	24.519329071044922	3	Having
4.035224914550781	-8.37236213684082	8	rare
42.704620361328125	5.015036582946777	7	shots
29.37752914428711	-4.163876533508301	4	label
-6.881600856781006	-8.385000228881836	8	worse
5.2018303871154785	21.705547332763672	3	Part
47.64490509033203	11.544719696044922	7	drivers
26.2076358795166	-0.3848884403705597	10	sport
-5.2196125984191895	-8.010485649108887	7	passing
8.052164077758789	-28.550594329833984	1	taught
-25.916759490966797	-0.7088600993156433	8	hopefully
20.240009307861328	0.8745633363723755	4	markets
5.207180023193359	-1.3041960000991821	10	element
2.531646490097046	22.441043853759766	3	Right
46.04566955566406	14.75113582611084	3	Hello
18.768205642700195	-5.721259593963623	10	technique
-6.857244968414307	-4.666455268859863	2	respectively
12.505413055419922	-2.3503637313842773	10	locations
38.03179168701172	-0.8410713076591492	10	decisions
19.766862869262695	-10.413248062133789	8	expensive
32.8941650390625	1.1213269233703613	7	vehicles
34.84039306640625	-4.7798967361450195	8	faster
-37.47018814086914	7.008149147033691	2	combined
45.14258575439453	5.348611831665039	7	repair
32.13650131225586	11.939486503601074	3	Buy
9.676483154296875	-10.975077629089355	2	lack
41.61131286621094	14.655367851257324	5	Spain
2.5880978107452393	-9.114845275878906	2	ten
8.979122161865234	14.332650184631348	5	Tom
-22.954452514648438	-1.56046462059021	8	regularly
35.3418083190918	-1.6806646585464478	10	positions
37.73112869262695	4.121220588684082	7	arms
23.44464111328125	-5.165476322174072	10	generation
-12.445115089416504	-35.57087707519531	9	creates
39.07754135131836	12.798812866210938	5	Series
17.807193756103516	-10.520197868347168	8	slowly
-8.667887687683105	-8.010970115661621	8	slightly
32.65126037597656	12.305703163146973	3	Open
13.12955379486084	-1.074151635169983	4	accounts
47.77931213378906	10.807018280029297	7	mouth
8.29391860961914	-15.275728225708008	8	enjoying
14.88890266418457	15.331390380859375	5	Team
34.74555969238281	22.17220687866211	6	Spanish
-9.409966468811035	0.8052455186843872	10	comparison
29.793764114379883	-8.566648483276367	2	annual
-11.316204071044922	-0.3388019800186157	10	matters
-13.60988998413086	5.5397796630859375	2	alternative
42.525997161865234	3.790740966796875	4	script
42.26922607421875	0.9247815012931824	0	relax
43.80204391479492	14.0084228515625	5	War
37.73740005493164	2.53079891204834	4	mail
-36.09444046020508	-5.335733413696289	1	noted
42.813175201416016	8.077798843383789	4	survey
28.89394187927246	-6.503701210021973	4	agreement
47.951114654541016	2.113823175430298	1	issued
-33.18693923950195	5.658284664154053	8	fabulous
31.433443069458008	-3.789957046508789	2	net
-34.27082443237305	5.893795013427734	8	mainly
8.407676696777344	-30.704925537109375	1	launched
6.150902271270752	23.025997161865234	3	Nice
-2.206634283065796	-9.110923767089844	8	possibility
8.4597749710083	14.286701202392578	5	Steve
45.02753448486328	7.156773567199707	7	chair
44.60260772705078	14.696297645568848	5	Ireland
-18.397016525268555	-5.328251838684082	0	attempt
-12.672769546508789	-33.130821228027344	9	tells
-26.413291931152344	2.946465253829956	8	brilliant
-11.893172264099121	-32.7343864440918	9	presents
-13.03754711151123	-34.23533630371094	9	puts
14.146050453186035	-0.9254190921783447	4	reporting
15.934415817260742	-6.1732330322265625	10	reaction
8.326421737670898	-10.632179260253906	2	maximum
19.171287536621094	2.0652499198913574	4	advertising
19.597585678100586	-14.472001075744629	2	losing
44.6862907409668	14.25605297088623	5	Michigan
12.711928367614746	-14.820002555847168	0	advance
39.19282150268555	7.479033470153809	7	lake
-41.59074020385742	-1.7638179063796997	1	previously
8.683798789978027	14.296738624572754	5	Scott
23.508607864379883	-6.7079386711120605	10	purposes
30.57731056213379	-2.656855344772339	10	maintenance
41.67470932006836	8.445045471191406	10	courses
37.003055572509766	-4.701435089111328	0	upgrade
39.87532043457031	5.699699878692627	7	bridge
-10.250262260437012	10.268218040466309	8	weird
7.989072322845459	-7.786221504211426	2	internal
-4.098080635070801	-10.696992874145508	8	automatically
-32.1722526550293	1.259310245513916	8	effectively
40.65804672241211	6.88496732711792	7	port
20.510271072387695	-5.7413859367370605	10	procedure
17.5242977142334	15.263416290283203	5	States
49.454734802246094	14.65298080444336	4	privacy
16.085186004638672	0.3148958384990692	4	partners
-16.275821685791016	1.0132646560668945	2	relative
14.607215881347656	-17.385263442993164	0	operate
-26.62380027770996	1.594067096710205	8	entirely
19.85249137878418	0.06884098798036575	10	league
-9.15562915802002	-7.896637439727783	8	perfectly
7.222908973693848	-16.426006317138672	8	hopes
34.23968505859375	23.113903045654297	6	Italian
3.1728885173797607	-16.944927215576172	8	concerned
-24.469573974609375	-1.2655401229858398	8	frequently
35.245147705078125	22.460567474365234	6	Russian
48.678646087646484	11.848917007446289	4	license
41.105098724365234	-1.6037330627441406	2	highest
5.513176918029785	-28.053247451782227	1	spoke
20.54548454284668	-17.78154754638672	0	promote
-17.27866554260254	13.935018539428711	5	Robert
31.970640182495117	-1.8172072172164917	10	universe
2.062041997909546	-24.505929946899414	1	defined
40.172943115234375	13.47022819519043	5	Spring
-34.91716766357422	2.951429843902588	8	somewhat
20.77358055114746	-10.430757522583008	2	random
34.9002571105957	11.777358055114746	4	Website
49.28754806518555	14.606220245361328	4	cookies
36.84621047973633	12.794734954833984	5	Institute
42.945716857910156	7.089137554168701	4	editor
47.43175506591797	12.300590515136719	7	cheese
19.390201568603516	14.085090637207031	3	Live
-40.12303161621094	3.5646755695343018	8	merely
28.91890525817871	-2.0683178901672363	7	arm
4.922756671905518	-27.49909782409668	1	approved
-9.333377838134766	1.6391046047210693	2	portion
17.086132049560547	-6.7943925857543945	10	controls
43.58504104614258	7.581020355224609	4	agent
-25.80939483642578	2.93708872795105	8	terrible
30.790355682373047	-6.782594203948975	0	contest
24.23566246032715	-7.496803283691406	10	importance
18.4719181060791	15.9621000289917	5	Summer
-4.362910270690918	-23.07480812072754	2	extended
7.8251633644104	-6.719970226287842	10	technical
-0.4190633296966553	-3.841317892074585	10	operating
-17.50787353515625	7.327603340148926	2	fourth
-2.696194887161255	-25.779550552368164	1	claimed
9.612715721130371	-11.820541381835938	8	highly
41.380943298339844	13.804121017456055	5	Association
-13.676956176757812	-32.079219818115234	9	finds
25.904678344726562	-3.7812914848327637	10	interface
-1.7820017337799072	-12.598832130432129	8	glad
10.663586616516113	-12.756921768188477	8	mistake
-8.276222229003906	-3.215257406234741	4	lists
2.726285457611084	-7.623641014099121	8	pure
33.405338287353516	12.018370628356934	3	Price
27.582197189331055	-0.43311750888824463	10	tradition
-1.4218600988388062	-11.866303443908691	8	lucky
6.17510986328125	-27.758546829223633	1	checked
44.19575881958008	5.699050426483154	2	string
41.335445404052734	8.83021068572998	10	photography
-44.9907341003418	1.0463504791259766	8	essentially
42.95970153808594	2.1431241035461426	8	accurate
-2.3329927921295166	-9.273473739624023	8	reasonable
40.491233825683594	5.334705352783203	7	riding
34.361263275146484	3.2452991008758545	7	television
-10.204995155334473	-0.22211326658725739	10	setup
-14.956598281860352	-29.69069480895996	9	follows
29.7816219329834	-0.22197508811950684	7	plastic
39.82960510253906	3.5011651515960693	4	kit
8.301819801330566	-10.542121887207031	2	minimum
31.67218017578125	12.891436576843262	3	Welcome
44.26967239379883	2.249415636062622	0	edit
11.958386421203613	-11.854517936706543	2	replacement
21.52517318725586	-17.394573211669922	0	escape
-22.49631690979004	-3.440565347671509	8	admit
34.224308013916016	22.31517219543457	6	Canadian
-49.23387145996094	11.899919509887695	3	Actually
40.727783203125	1.21822190284729	0	victory
18.61404037475586	-18.178064346313477	0	define
-7.553619861602783	-7.903522491455078	8	opposite
3.913123369216919	-17.874481201171875	2	producing
40.46935272216797	5.900597095489502	7	doors
24.41718864440918	-8.807680130004883	8	reliable