x	y	cluster	word
-43.2202033996582	-0.5775003433227539	4	her
-43.65885543823242	-0.2586205303668976	4	him
-43.83296585083008	-0.07791745662689209	4	man
-40.753257751464844	-0.1572551429271698	4	woman
16.949546813964844	30.007051467895508	2	african
34.92561340332031	17.172748565673828	2	nigerian
34.66847229003906	17.05531883239746	2	jamaican
34.7719841003418	17.60373306274414	2	kenyan
33.713096618652344	15.751922607421875	7	african-american
35.316402435302734	17.616907119750977	2	ethiopian
35.98311996459961	17.552183151245117	2	haitian
36.98786926269531	17.987459182739258	2	congolese
-43.906471252441406	-0.6136183738708496	9	life
-36.27785873413086	-6.698559284210205	1	keep
-36.77272415161133	1.3565176725387573	0	God
-40.29057693481445	-0.059152908623218536	4	children
-41.14065170288086	-1.6762579679489136	9	story
-42.690128326416016	-1.5791261196136475	7	state
-31.67952537536621	-1.9093395471572876	4	women
-42.427101135253906	-2.6008245944976807	1	needed
-41.82763671875	-2.416996479034424	1	plan
-41.42137145996094	-3.090057611465454	1	running
-39.40180587768555	-0.028732294216752052	4	child
-37.38386917114258	-5.023530006408691	8	field
-16.18255615234375	-17.27692413330078	8	energy
-36.80754089355469	-4.317351341247559	9	trip
-39.6087646484375	-4.52934455871582	1	response
-38.24692153930664	0.10351638495922089	4	baby
-40.0639533996582	-3.1455094814300537	1	situation
-38.74040222167969	-2.8791370391845703	3	education
-25.305110931396484	1.1177505254745483	0	church
-39.92118453979492	-1.2828353643417358	4	human
-10.098930358886719	-12.894094467163086	9	race
-6.463442325592041	-10.334783554077148	7	vote
-36.390098571777344	-3.047961950302124	9	lives
-35.56618118286133	-10.272188186645508	8	track
-36.074485778808594	-6.188522815704346	1	charge
-4.531014442443848	3.957315683364868	0	Jesus
-37.90747833251953	-5.26867151260376	9	stage
14.78335952758789	-18.539915084838867	1	attention
-40.69821548461914	0.4312662184238434	4	mother
-28.196044921875	-6.706445693969727	3	social
-31.575912475585938	-6.220486640930176	9	band
-4.843620777130127	3.866022825241089	0	Lord
-33.22947311401367	-2.270259380340576	7	president
1.1464568376541138	23.25385093688965	2	Israel
-33.191524505615234	-2.760106325149536	10	President
-41.86151885986328	-3.989156484603882	3	organization
-3.5080647468566895	16.706558227539062	7	Obama
-33.885799407958984	-1.4122400283813477	7	society
-43.227996826171875	-2.1989262104034424	1	involved
-25.787189483642578	38.04137420654297	5	David
-39.48004913330078	-2.628293514251709	7	political
-33.910465240478516	-6.311176300048828	9	movement
-26.72490692138672	-13.0848388671875	1	positive
-25.560386657714844	1.520959496498108	0	Church
-4.698048114776611	4.107986927032471	0	Christ
-2.198310613632202	32.94599151611328	2	France
-21.655311584472656	-7.951786518096924	9	club
-0.40035367012023926	30.969547271728516	6	Florida
-33.80004119873047	-9.385210990905762	1	progress
-1.456199049949646	32.03029251098633	6	Chicago
-15.88852310180664	-19.210466384887695	1	steps
-35.7357177734375	-8.634005546569824	1	active
-8.87391471862793	-16.383407592773438	9	album
-40.24505615234375	0.403102844953537	4	father
-25.693572998046875	-10.073741912841797	3	status
-21.004150390625	-12.685748100280762	9	records
-28.01164436340332	-3.128269910812378	7	economy
-21.75153923034668	-11.684342384338379	9	journey
-39.942222595214844	-5.991772651672363	3	efforts
-35.16728210449219	-4.386569499969482	3	leader
-29.912076950073242	-3.6705093383789062	3	mission
-34.77422332763672	-6.421093940734863	1	document
-8.99567985534668	-3.8773481845855713	4	born
-42.61088943481445	-3.0774080753326416	1	critical
-2.833970308303833	-17.885272979736328	8	brain
-16.424901962280273	-7.307417392730713	4	disease
-16.147634506225586	-14.006932258605957	9	conference
-37.798465728759766	-2.3959622383117676	3	leaders
-22.2820987701416	-9.229020118713379	8	rock
-10.533843994140625	-15.0626859664917	9	artists
-28.564306259155273	-4.887030601501465	3	financial
-30.558908462524414	-9.568511009216309	1	task
-36.64506149291992	-7.168524742126465	1	planned
-20.394556045532227	-10.507040023803711	9	dance
-7.387252330780029	17.069032669067383	10	Education
-3.5680525302886963	19.105436325073242	10	Women
-33.132747650146484	-8.432465553283691	1	happening
-35.7519416809082	-1.6949747800827026	4	soul
-27.94377899169922	-5.346712589263916	3	organizations
-21.397777557373047	-9.678107261657715	9	crowd
-29.803321838378906	-4.355757713317871	3	leadership
-1.4942528009414673	31.02947998046875	6	Paris
-27.879791259765625	-3.656587600708008	7	economic
11.796749114990234	36.34189224243164	2	Africa
-10.27829647064209	-4.351294994354248	4	birth
-7.66170597076416	-9.034163475036621	7	violence
-8.514456748962402	-9.26138687133789	7	crime
-8.735856056213379	-13.303998947143555	7	streets
-8.70007038116455	-9.54643726348877	7	election
-17.25566864013672	-4.799099445343018	3	CEO
-18.36252784729004	-13.780904769897461	3	funding
-15.360690116882324	-20.45503044128418	1	depth
-28.24004554748535	-14.149102210998535	1	discussed
-28.847129821777344	-11.700723648071289	1	encourage
-21.04526710510254	-8.46461296081543	9	camp
3.9104251861572266	17.39525604248047	10	Save
-12.900472640991211	-17.859535217285156	7	charges
13.908928871154785	-3.405592918395996	7	debt
-30.533710479736328	-2.6378891468048096	3	youth
-21.293041229248047	-16.033361434936523	8	jump
-21.800918579101562	-15.156551361083984	8	tracks
-37.859989166259766	-8.282770156860352	3	aid
-2.0467164516448975	-17.093460083007812	8	cell
3.8179452419281006	-17.079072952270508	8	plane
-31.303937911987305	-9.750322341918945	1	proof
-23.62101173400879	-5.965455532073975	4	alive
-14.697126388549805	-17.432872772216797	8	fuel
10.835470199584961	-24.545610427856445	3	loan
1.1998590230941772	29.32978630065918	6	Georgia
1.2539221048355103	5.313273906707764	0	Jews
-14.491869926452637	-12.908590316772461	3	wealth
-13.916768074035645	-7.60189962387085	7	murder
-14.142970085144043	-22.858163833618164	1	organized
13.135871887207031	33.510677337646484	2	Egypt
1.5399456024169922	-22.940176010131836	1	charged
-12.175179481506348	-2.811687707901001	4	babies
-27.31197738647461	-3.9009764194488525	7	crisis
1.3153029680252075	5.586878299713135	0	Jewish
-17.34878158569336	-21.88311004638672	1	monitoring
-13.708673477172852	-17.980318069458008	8	resistance
1.4869086742401123	30.603403091430664	6	Miami
31.571109771728516	9.116418838500977	10	FALSE
-2.6424660682678223	-7.772125720977783	7	prison
-9.406517028808594	-15.245372772216797	9	festival
-24.36897850036621	0.22359251976013184	0	spiritual
-18.98410415649414	-18.19843864440918	1	transition
-19.20760154724121	-17.00755500793457	3	connections
-4.617627143859863	22.670122146606445	10	Queen
-40.481666564941406	-4.019880294799805	1	concerning
-31.077409744262695	-11.745015144348145	1	informed
-15.082998275756836	35.256126403808594	5	Jackson
13.629653930664062	-27.29724884033203	3	membership
13.949324607849121	-16.048810958862305	8	depression
0.554984986782074	30.885948181152344	6	Atlanta
0.6939224004745483	-18.88941192626953	8	pitch
-31.857595443725586	-6.180591106414795	9	musical
-26.556941986083984	-5.500118255615234	3	institutions
20.070266723632812	-17.067432403564453	8	layers
6.886449813842773	-16.672849655151367	9	bands
-14.756418228149414	-22.344703674316406	1	achieved
-28.56661033630371	-10.713128089904785	3	recognition
-7.042348384857178	-24.396059036254883	3	volunteers
-24.862958908081055	37.49980545043945	5	Charles
-0.23774434626102448	31.23277473449707	6	Philadelphia
-22.68877410888672	34.419273376464844	5	Joseph
-30.945987701416016	-1.8003441095352173	7	humanity
-28.811723709106445	-5.173001766204834	3	academic
-21.602903366088867	-12.979734420776367	9	composition
11.578185081481934	24.367443084716797	6	NFL
-18.849103927612305	-12.434856414794922	3	attending
-34.6613883972168	-9.321714401245117	1	evaluation
-29.259592056274414	-10.516693115234375	3	contribution
-24.774272918701172	38.11008071899414	5	Eric
-13.772899627685547	34.19445037841797	5	Jordan
-8.840929985046387	-10.953232765197754	7	union
-1.7952730655670166	20.781517028808594	10	Run
-22.086153030395508	-3.0172085762023926	4	brothers
-1.6611275672912598	-18.385223388671875	8	pump
-36.9821891784668	-8.299915313720703	1	vital
26.612327575683594	-1.3419291973114014	4	pregnancy
6.746031761169434	-17.550901412963867	9	roots
-6.31368350982666	-24.77440643310547	3	charity
13.605181694030762	31.14203453063965	2	Greece
2.5536046028137207	29.049339294433594	6	Kentucky
6.446191310882568	-24.29109764099121	1	diagnosis
14.081308364868164	-24.662261962890625	3	loans
-33.2784538269043	-6.092502117156982	9	narrative
28.46971893310547	-5.2737345695495605	8	electricity
4.313904285430908	29.12357521057129	6	Detroit
-36.08683776855469	-8.743179321289062	1	crucial
-40.235416412353516	-4.854597568511963	1	ongoing
-5.195647239685059	-23.257980346679688	3	payments
2.3783743381500244	-18.360504150390625	8	circuit
2.233337640762329	27.116527557373047	6	Clinton
-4.357335090637207	-17.93705940246582	4	feeding
-18.267305374145508	-13.251433372497559	3	volunteer
-26.99165916442871	-5.325782299041748	3	institution
12.67286205291748	-2.260810136795044	7	poverty
-27.919084548950195	-9.726740837097168	1	formation
2.080516815185547	-12.74146556854248	4	darkness
-14.981276512145996	-10.522475242614746	7	elected
-33.99386978149414	-3.554150342941284	10	YOU
-3.900665283203125	-17.136510848999023	8	medication
-11.217018127441406	-22.9920654296875	3	contributions
-0.03991137817502022	3.335792303085327	0	churches
-26.012115478515625	-7.954831600189209	9	agenda
-32.19945526123047	-11.658464431762695	1	focused
10.864422798156738	-10.05490779876709	4	pregnant
0.19780942797660828	-8.161341667175293	7	voting
8.608536720275879	-26.738679885864258	1	founded
16.656118392944336	-18.780593872070312	1	scan
-36.82130432128906	-6.424726486206055	1	parallel
31.072359085083008	2.3048489093780518	8	degrees
-25.793581008911133	-6.901799201965332	3	supporters
22.540224075317383	-13.703702926635742	8	climb
-20.545007705688477	-8.676124572753906	9	singer
0.9949905872344971	-8.798288345336914	7	arrested
-23.331283569335938	35.95306396484375	5	Simon
-29.19979476928711	-10.039827346801758	3	motivation
-30.177719116210938	-4.866299152374268	3	participation
-37.85471725463867	-7.500366687774658	1	encouraging
-14.381034851074219	-8.623963356018066	7	protest
-24.184539794921875	-0.22704774141311646	0	blessed
0.3483506143093109	-19.773365020751953	8	drag
11.429823875427246	35.69275665283203	2	African
4.184013366699219	8.383105278015137	0	Jerusalem
-33.57815933227539	-10.267428398132324	1	interaction
-5.606273174285889	25.219087600708008	5	Prince
13.826004981994629	-12.160968780517578	4	infection
23.81057357788086	-5.431086540222168	9	albums
6.092298984527588	-19.68964195251465	9	producers
-4.206954479217529	29.46112632751465	6	Charlotte
-33.0185432434082	-1.1685982942581177	7	criminal
10.116487503051758	-17.4617977142334	9	voices
-1.4528064727783203	31.877470016479492	6	Brooklyn
27.864614486694336	-4.033957481384277	8	diabetes
-1.7465057373046875	-23.591930389404297	9	celebrating
0.20464929938316345	26.872098922729492	6	Duke
11.075629234313965	-4.172924518585205	7	jail
10.048626899719238	19.313371658325195	10	Minister
-10.100658416748047	-15.011134147644043	9	musicians
11.949996948242188	-1.851676106452942	7	elections
-40.81284713745117	-2.554835081100464	1	claiming
4.826230049133301	-22.460561752319336	1	complexity
0.2765035331249237	-8.327234268188477	7	fraud
-32.49816131591797	-10.309781074523926	1	accomplished
6.783288955688477	-26.5314884185791	1	organize
-11.76313304901123	-11.188678741455078	7	revolution
-7.6921892166137695	-10.06330394744873	7	arrest
-0.8618243932723999	-15.289510726928711	8	consciousness
-11.802096366882324	-3.3936197757720947	4	mothers
-15.54261589050293	30.500389099121094	5	Jacob
15.547104835510254	-2.3019611835479736	7	governor
-35.6129035949707	-5.201023101806641	1	worthy
22.84859275817871	-7.516379356384277	9	athletes
13.507454872131348	-17.316911697387695	1	trials
-31.3718318939209	-11.46750545501709	1	addressing
30.77330207824707	14.163151741027832	7	Romney
-27.616056442260742	-5.996784210205078	3	organisation
-18.018875122070312	-17.942420959472656	9	stages
-27.51353645324707	-10.819721221923828	3	insight
8.040189743041992	-20.584325790405273	9	documentary
-18.721473693847656	-4.743678569793701	1	Consider
7.494088172912598	-13.3531494140625	6	basketball
-19.555740356445312	34.98698806762695	5	Ron
18.738746643066406	-19.037052154541016	8	climbing
2.8215982913970947	28.58246612548828	6	Louisiana
14.410733222961426	33.006168365478516	2	Nigeria
-22.137508392333984	-2.935995578765869	4	sons
21.7303466796875	-16.736316680908203	8	grid
-39.78981018066406	-6.489206790924072	3	involvement
-23.40500831604004	-11.633028984069824	9	struggles
-14.980801582336426	-22.877670288085938	1	establishing
5.690101146697998	1.1282833814620972	9	verse
-18.5331974029541	-4.217686176300049	10	Listen
-10.997201919555664	-12.040037155151367	9	chaos
-28.711761474609375	-6.593818187713623	3	intervention
16.718862533569336	-26.248172760009766	3	donation
-0.8473329544067383	2.0104916095733643	0	minister
14.961637496948242	30.15290069580078	2	Cuba
-9.950305938720703	-11.782774925231934	9	tragedy
14.972651481628418	-12.264880180358887	4	stolen
26.21434211730957	6.473012924194336	7	abortion
2.2796592712402344	29.650005340576172	6	Orlando
-22.15382957458496	35.286190032958984	5	Aaron
24.00198745727539	-8.610873222351074	9	crop
-0.8746315836906433	-14.973886489868164	1	separation
14.776018142700195	23.087360382080078	6	NBA
-3.854963541030884	19.79349136352539	10	Woman
34.00559997558594	2.260864496231079	3	donate
-33.123069763183594	-6.853856086730957	9	collective
4.428640365600586	-14.916777610778809	8	crown
25.4780330657959	-9.630236625671387	3	productivity
-5.502034664154053	-4.279933929443359	4	queen
-24.46287727355957	-0.11280440539121628	0	faithful
17.54329490661621	-25.596704483032227	3	donations
-13.668865203857422	-22.273014068603516	1	productive
22.184900283813477	-11.680529594421387	8	chamber
31.174158096313477	9.407848358154297	10	HIV
-24.173513412475586	-0.12453188002109528	0	blessing
4.393621444702148	15.310333251953125	3	PhD
8.019856452941895	25.961875915527344	6	Mars
-19.98284339904785	-8.054490089416504	9	jazz
-28.925477981567383	-8.646848678588867	9	phenomenon
14.202118873596191	31.246192932128906	2	Caribbean
4.909391403198242	7.639318943023682	0	Gospel
-12.77615737915039	32.58290481567383	5	Moore
-4.608408451080322	20.144695281982422	10	CNN
-7.4849090576171875	24.013879776000977	0	Pope
-24.650894165039062	36.74585723876953	5	Jonathan
0.8057340979576111	2.9275381565093994	0	gospel
11.063203811645508	17.976240158081055	10	Born
-9.910758018493652	-23.73086166381836	1	organizing
3.4416677951812744	-8.730369567871094	7	mayor
10.405409812927246	-17.84128189086914	9	portrait
-16.64291763305664	29.71378517150879	5	Bishop
32.97698974609375	6.216926097869873	8	oxygen
1.9389102458953857	29.33437156677246	6	Mississippi
12.538349151611328	-27.21982192993164	3	scholarship
-1.1173136234283447	24.99125099182129	5	Mayor
-21.903703689575195	-15.305034637451172	8	beats
10.630945205688477	-24.958232879638672	3	financing
3.550765037536621	-15.25615406036377	8	hood
-28.59996223449707	-8.857748031616211	9	dynamics
-28.26949119567871	-11.81936264038086	3	participating
2.129464626312256	-19.892993927001953	8	jumping
-2.649489402770996	1.2313244342803955	0	salvation
-8.072419166564941	-22.304903030395508	3	intellectual
-22.34830665588379	37.58844757080078	5	Fred
-1.6209579706192017	18.28890609741211	10	Youth
11.853140830993652	-2.517454147338867	7	racism
10.966058731079102	35.4150390625	2	Belgium
4.344916820526123	-20.387102127075195	8	apparatus
-13.114623069763184	-22.296354293823242	1	obtaining
15.526651382446289	-16.59400749206543	1	prevention
12.150813102722168	35.923667907714844	2	Kenya
-9.6796875	-12.533729553222656	9	march
-5.211052894592285	-26.04169273376465	3	encouragement
-5.189028263092041	-11.20148754119873	7	welfare
-11.805631637573242	-16.150651931762695	9	departure
-9.376548767089844	-18.290393829345703	9	archive
-7.201137542724609	24.745399475097656	5	Moses
-11.588435173034668	-25.42376708984375	1	devoted
-0.4972743093967438	-11.214666366577148	7	ignorance
18.865013122558594	-4.815982818603516	4	slave
-4.546248912811279	-2.3453338146209717	4	devil
-12.520870208740234	31.730371475219727	5	Louis
-1.7651158571243286	19.960716247558594	10	Band
20.30885887145996	-19.258934020996094	8	electrical
4.393710136413574	29.712501525878906	6	Louisville
-16.484020233154297	34.36669921875	5	Carter
-35.80073547363281	-7.073834419250488	1	continually
-15.826521873474121	-22.593555450439453	1	motivated
32.23111343383789	10.345768928527832	10	Discussion
-31.451337814331055	-12.540696144104004	1	documented
-0.9983671307563782	3.521580696105957	0	pastor
23.5237979888916	-11.337945938110352	8	gravity
-8.364575386047363	16.45296287536621	10	Nation
20.045705795288086	-15.74879264831543	8	rhythm
-7.4730000495910645	-22.17169761657715	3	educated
22.70345687866211	-5.156489849090576	9	stadium
-15.457213401794434	-14.159161567687988	3	attendance
21.444133758544922	-8.809539794921875	9	summit
17.31039810180664	-26.734039306640625	3	achievements
-20.458484649658203	36.400230407714844	5	Barry
31.306787490844727	6.684942722320557	8	bees
5.519204139709473	-17.380094528198242	8	underground
-4.238915920257568	-17.728803634643555	1	biological
25.21453857421875	5.77878999710083	7	slavery
5.324719429016113	6.505232810974121	0	Satan
7.783191680908203	-14.605640411376953	9	blues
11.861688613891602	26.29376983642578	6	Athens
-3.165909767150879	-11.576338768005371	9	unity
14.111714363098145	-12.97049331665039	4	stealing
7.6726531982421875	-20.804689407348633	9	archives
4.810024261474609	17.572952270507812	10	Status
33.43413162231445	1.0407880544662476	3	donated
-20.150100708007812	-9.18299674987793	9	musician
21.546829223632812	-2.7083845138549805	9	funeral
5.601709842681885	-15.418396949768066	8	drums
10.20933723449707	-14.98334789276123	9	vocals
-16.22515106201172	35.00554275512695	5	Parker
-3.2535996437072754	26.960914611816406	5	Miles
17.35167694091797	-1.47102689743042	7	dignity
7.845326900482178	22.719749450683594	5	Hillary
-10.072853088378906	-21.22865104675293	1	annually
1.5925261974334717	19.142385482788086	10	Track
-5.1662421226501465	-26.221139907836914	3	mentor
17.470535278320312	-2.9567508697509766	7	theft
18.95838165283203	-4.46688985824585	4	slaves
-15.576513290405273	-17.28359603881836	8	matrix
12.381752014160156	-2.7526652812957764	7	constitution
-16.10887336730957	-23.613563537597656	1	investigated
6.162715911865234	24.13863182067871	5	Bella
8.7315673828125	26.30180549621582	6	Edinburgh
-18.38558006286621	36.111541748046875	5	Adams
-20.379119873046875	35.17497253417969	5	Jean
6.580326557159424	-19.160465240478516	9	recordings
22.32666015625	7.473944187164307	0	blessings
-13.001968383789062	-24.59442901611328	1	illustrate
17.495800018310547	-1.0732852220535278	7	equality
-12.602429389953613	34.093910217285156	5	Franklin
-13.1671724319458	29.696029663085938	5	Ali
4.529717922210693	-16.95165252685547	8	diamond
16.155302047729492	29.46405601501465	2	Libya
6.384624481201172	27.293720245361328	6	Jazz
29.327383041381836	14.52706241607666	2	Palestinians
5.002577304840088	23.135162353515625	5	Abraham
3.541166067123413	30.368135452270508	6	Memphis
19.752023696899414	-11.124640464782715	9	crowds
-7.123685836791992	-9.054643630981445	7	criminals
17.661930084228516	27.87798500061035	2	Gaza
23.9032039642334	-6.188520908355713	9	wardrobe
21.667360305786133	-11.45456600189209	8	gates
-15.774805068969727	-20.231216430664062	1	sampling
-10.148944854736328	-2.1785881519317627	4	twins
3.832134246826172	-24.03437042236328	1	proceeds
-26.693208694458008	-13.35330867767334	1	structured
13.308391571044922	-25.96720314025879	3	educators
-5.997185230255127	-9.773881912231445	7	protests
-9.905668258666992	31.50726318359375	5	Diamond
-24.81104278564453	-11.210975646972656	1	revolutionary
8.273665428161621	-19.63692283630371	9	headline
-6.129122257232666	-16.885541915893555	4	playground
15.576886177062988	-18.60072135925293	1	spark
-16.445810317993164	-22.971023559570312	1	responding
13.317626953125	-24.94900131225586	3	entrepreneurs
-33.902549743652344	-3.606074094772339	10	NOW
5.296387672424316	-17.01944351196289	8	crops
36.992366790771484	17.40272331237793	0	LORD
-0.45614945888519287	-11.828622817993164	7	disorder
20.74601936340332	-16.857187271118164	8	pulse
-18.1262149810791	-18.98316764831543	1	breakdown
3.183903932571411	28.048782348632812	6	Bristol
-1.108973741531372	17.934499740600586	10	Leadership
-7.257415294647217	17.13926124572754	10	Organization
14.337121963500977	-4.535890579223633	7	conspiracy
-16.38117027282715	-19.949321746826172	1	progression
31.194120407104492	-1.5342081785202026	8	obstacles
24.934450149536133	-7.865727424621582	7	deficit
2.939220905303955	-14.342456817626953	4	rats
16.01209831237793	-1.8546899557113647	7	homeless
12.975432395935059	32.23076248168945	2	Palestine
2.6320972442626953	-11.447795867919922	4	curse
-21.520652770996094	33.77499771118164	5	Samuel
-4.1812310218811035	19.294082641601562	10	Revolution
-7.802002429962158	27.93009376525879	5	Oscar
10.868725776672363	-3.9176506996154785	7	blacks
-2.8890230655670166	-0.8181851506233215	9	miracle
-8.412875175476074	-19.229774475097656	1	thesis
-13.496512413024902	28.279525756835938	4	Mama
24.775001525878906	4.222049713134766	7	unemployment
-10.509629249572754	-10.317706108093262	4	armed
11.41976547241211	22.021753311157227	0	Saints
-7.095064640045166	-16.851613998413086	9	bust
16.280546188354492	-17.82252311706543	1	kicking
14.467340469360352	-27.18877410888672	3	accountability
-30.903486251831055	-12.714726448059082	1	initiated
-13.517550468444824	-19.988407135009766	1	structural
-34.101524353027344	-8.668590545654297	1	proving
3.0354866981506348	-15.879865646362305	8	pit
12.507512092590332	-3.3330564498901367	7	terrorist
27.358783721923828	3.6419548988342285	7	custody
-21.7537841796875	-15.754680633544922	8	kicks
9.171290397644043	19.919363021850586	10	AIDS
-22.478879928588867	36.79291915893555	5	Marc
10.119979858398438	-16.95717430114746	9	ritual
18.069820404052734	-19.9243106842041	1	monitors
-31.845767974853516	-8.870319366455078	1	profound
-9.752535820007324	-17.314748764038086	9	spotlight
2.008509635925293	-22.426315307617188	1	mentally
8.467609405517578	-25.49838638305664	3	foster
20.914653778076172	-11.413153648376465	9	ego
-3.856653928756714	17.068391799926758	7	Democratic
-16.51889991760254	30.831851959228516	5	Joshua
16.53571319580078	-19.021484375	1	scanning
-19.272125244140625	-7.290040969848633	2	continent
-13.283008575439453	-20.433992385864258	1	investigations
15.867637634277344	29.861751556396484	2	Haiti
22.48790168762207	-11.541702270507812	8	squares
19.831613540649414	-0.043840233236551285	7	unions
26.55253028869629	4.125101089477539	7	bankruptcy
-15.348200798034668	-7.705099105834961	7	despair
-21.389265060424805	35.52635192871094	5	Jesse
-13.491658210754395	31.767305374145508	5	Lucas
-10.196431159973145	28.93821144104004	5	Martha
-1.8694593906402588	25.711069107055664	5	Banks
4.627621650695801	-26.225032806396484	1	responds
12.042768478393555	-20.392072677612305	9	camps
-21.78009796142578	37.30290603637695	5	Caroline
-23.048402786254883	35.2308349609375	5	Benjamin
6.938910961151123	4.930540084838867	0	parish
20.133190155029297	-15.000816345214844	8	drum
33.23199462890625	9.660374641418457	10	Jump
-19.215761184692383	36.81192398071289	5	Morris
1.000964641571045	-19.389293670654297	9	buzz
2.692409038543701	-19.001422882080078	8	mesh
14.413033485412598	-17.74056053161621	9	emotionally
15.618390083312988	-3.8965563774108887	7	convicted
-18.454872131347656	34.252384185791016	5	Albert
-10.043802261352539	-4.137093544006348	4	fathers
-22.951658248901367	-12.442269325256348	9	critique
-6.759675979614258	-4.409123420715332	4	murdered
-16.30584716796875	-19.296737670898438	1	energetic
-6.733635902404785	25.07670783996582	5	Brother
20.149887084960938	-13.779472351074219	8	wax
-1.3471941947937012	2.4736392498016357	0	theology
-8.128544807434082	-24.31552505493164	3	funded
8.07388973236084	-19.708515167236328	9	headlines
0.6963286399841309	28.220849990844727	6	Delta
-21.993616104125977	-12.266422271728516	9	vocal
27.148941040039062	9.059225082397461	7	ballot
-22.029508590698242	34.693599700927734	5	Joel
29.084362030029297	7.7864089012146	4	throne
-23.58513641357422	37.794212341308594	5	Diane
-28.17725372314453	-12.808523178100586	1	assisting
-5.203100681304932	-22.088165283203125	3	governance
9.645723342895508	25.148284912109375	6	Eagles
-0.8748369216918945	20.67708969116211	10	Count
-15.135062217712402	30.307573318481445	5	Isaac
25.346799850463867	-2.206678628921509	4	vampire
14.73403549194336	-11.632875442504883	4	infected
-12.071711540222168	-22.652864456176758	3	rewarding
12.544805526733398	33.60194396972656	2	Colombia
-1.3105920553207397	3.1944739818573	0	congregation
-13.225672721862793	-24.954397201538086	1	illustrates
-30.54399299621582	-9.164712905883789	1	relevance
34.58928680419922	2.0446269512176514	3	donors
-34.61038589477539	-8.04988956451416	1	forthcoming
4.264286518096924	-12.285563468933105	9	verses
-6.53452205657959	24.615833282470703	5	Saint
12.930266380310059	-9.94301986694336	4	infants
6.382380962371826	18.04889488220215	10	Vote
22.497346878051758	-14.709233283996582	8	magnetic
-2.474331855773926	-0.9940686821937561	9	cult
-0.18382155895233154	-19.114526748657227	8	jumps
-14.693696975708008	-13.868139266967773	3	finances
22.424684524536133	-15.308455467224121	8	pumps
10.627455711364746	-18.520999908447266	9	biography
-17.5726318359375	32.91318893432617	5	Sophie
-22.845937728881836	37.092185974121094	5	Janet
19.04850959777832	-10.50839900970459	9	portraits
12.310359954833984	-17.372358322143555	9	illusion
-9.384629249572754	-3.855837106704712	4	royal
15.702286720275879	-27.29630470275879	3	educate
6.742313385009766	18.55633544921875	10	Crime
31.711030960083008	1.023596167564392	9	feat
23.527658462524414	-3.948678731918335	9	listeners
10.10469913482666	25.253751754760742	6	Lions
9.064183235168457	-16.883487701416016	9	chorus
-10.83127498626709	-1.8375906944274902	4	monkey
-11.938267707824707	-9.460244178771973	7	democratic
30.964780807495117	14.990904808044434	2	Ubuntu
-3.696268320083618	29.000335693359375	6	Jefferson
14.170673370361328	32.376556396484375	2	Venezuela
16.25333595275879	28.269699096679688	2	Palestinian
28.411243438720703	-4.238869667053223	8	diamonds
11.740047454833984	17.001676559448242	10	Motion
16.228992462158203	-8.411270141601562	4	bush
-0.36792823672294617	2.3153493404388428	0	preaching
23.111492156982422	-6.257204532623291	9	dancers
-23.940189361572266	37.1929817199707	5	Marcus
-16.532886505126953	-21.892324447631836	1	focusing
4.665821075439453	-15.109711647033691	8	storms
-6.18330192565918	-12.741660118103027	9	debates
11.925817489624023	-10.365365982055664	4	lion
31.287370681762695	0.305302232503891	3	maturity
-2.608873128890991	26.8704891204834	5	Newton
20.87837028503418	-15.451934814453125	8	groove
31.545013427734375	16.200572967529297	6	NCAA
0.30167388916015625	18.865503311157227	10	Founder
-3.85917592048645	-1.915330410003662	4	servant
21.09117317199707	-2.5843098163604736	7	redemption
-9.834112167358398	-3.0761849880218506	4	infant
4.844195365905762	28.595216751098633	6	Rochester
-6.4585185050964355	-21.94441032409668	3	interventions
0.18661430478096008	17.256128311157227	10	Economy
19.226163864135742	-0.32530614733695984	7	protesters
-10.823719024658203	-2.523550033569336	4	daddy
-8.432515144348145	28.480422973632812	5	Les
-17.643768310546875	33.4308967590332	5	Olivia
-14.018871307373047	32.77150344848633	5	Duncan
14.4847412109375	28.184757232666016	2	Brussels
3.2458114624023438	29.771623611450195	6	Albany
14.047126770019531	30.623292922973633	2	Jamaica
5.385380744934082	4.349762439727783	0	saints
29.014816284179688	0.5589991211891174	1	threatens
-5.5553483963012695	-3.1205248832702637	4	prince
3.0508079528808594	3.9904370307922363	0	bishop
-5.856060028076172	18.065725326538086	10	Movement
-11.381335258483887	-2.465440273284912	4	mama
15.158970832824707	-26.36569595336914	3	financially
20.500524520874023	-17.4210205078125	8	loops
1.4391968250274658	5.354094505310059	0	Jew
-11.146879196166992	-18.533370971679688	9	comparisons
-0.669338583946228	-13.542579650878906	9	hierarchy
11.743210792541504	-26.88673973083496	3	fundraising
-5.970677852630615	27.906051635742188	5	Drake
-9.108657836914062	-2.8168413639068604	4	witch
12.233814239501953	-26.603063583374023	3	nonprofit
1.9688719511032104	3.712049961090088	0	ministers
2.6169097423553467	30.560474395751953	6	Jacksonville
-21.21132469177246	33.8685302734375	5	Gabriel
25.616369247436523	-12.180167198181152	1	scanned
22.640949249267578	-7.873019218444824	9	athlete
-7.592242240905762	29.228803634643555	5	Reid
34.65481948852539	2.5642940998077393	3	scholarships
-15.006426811218262	33.612937927246094	5	Chad
12.51900577545166	34.740108489990234	2	Ghana
3.220353841781616	-9.78884506225586	4	defender
13.016149520874023	35.42685317993164	2	Uganda
26.69156265258789	-7.397724151611328	8	hips
10.17809772491455	18.121171951293945	10	Beast
27.131277084350586	-7.353099346160889	8	lightning
-24.24464225769043	38.31732177734375	5	Leslie
27.90566062927246	-4.732859134674072	8	cargo
28.235279083251953	-7.930018901824951	8	membrane
-15.066534996032715	-7.583370208740234	7	misery
-30.95644187927246	-9.983210563659668	1	positively
31.846065521240234	2.3338193893432617	1	signatures
-3.0782523155212402	-7.186453819274902	4	rebels
9.273818969726562	-23.502607345581055	3	logistics
4.814665794372559	-15.39310359954834	8	mornings
8.018787384033203	-26.06869888305664	1	owe
17.576040267944336	-26.66741180419922	3	accomplishments
3.2417242527008057	-19.926076889038086	8	relay
-16.202661514282227	-12.362394332885742	3	founders
10.629012107849121	26.14548683166504	6	Alexandria
0.09559206664562225	-18.739002227783203	8	bounce
4.26111364364624	4.061803817749023	0	prophet
-7.6984028816223145	-23.0856990814209	3	lending
13.601645469665527	33.081947326660156	2	Morocco
9.652889251708984	17.47293472290039	10	Album
14.305326461791992	34.17646408081055	2	Ethiopia
23.03342628479004	-13.355740547180176	8	scanner
1.9269267320632935	28.51048469543457	6	Queens
-9.253290176391602	-16.618350982666016	9	ensemble
-17.535785675048828	-17.58999252319336	9	phenomena
5.985478401184082	-23.699827194213867	1	continuity
-20.38850975036621	-12.963018417358398	1	yearly
5.425775527954102	-25.070173263549805	1	dismiss
3.783848524093628	7.514819145202637	0	Cathedral
-19.989490509033203	36.84772872924805	5	Harvey
30.15858268737793	3.4895896911621094	8	meds
-2.19684100151062	0.13535717129707336	0	sanctuary
29.69893455505371	1.5461820363998413	1	diagnosed
13.665412902832031	-1.8728774785995483	7	presidency
33.048133850097656	15.950655937194824	10	Palin
6.289394378662109	-22.350553512573242	1	reconstruction
0.5028194785118103	1.9709196090698242	0	spirituality
34.230709075927734	7.591433048248291	1	workflow
-17.793142318725586	34.42326736450195	5	Carlos
-3.905534029006958	-3.0887300968170166	4	widow
-17.61171531677246	-12.584117889404297	3	founding
6.736692428588867	24.780323028564453	5	Lion
34.65481948852539	14.529285430908203	8	insulin
-15.32712459564209	-18.871084213256836	9	distraction
26.01902198791504	-11.373579978942871	1	scans
31.06024932861328	13.99577522277832	7	Holocaust
-9.151841163635254	-21.293886184692383	3	thriving
6.998593330383301	4.521273136138916	0	choir
10.116134643554688	26.25942611694336	6	Cape
3.4893879890441895	17.66802406311035	10	Monitor
16.22699737548828	-3.5315096378326416	7	murders
30.650131225585938	-3.2924888134002686	8	crystals
16.47593879699707	-10.008296966552734	4	horn
0.18137182295322418	29.763465881347656	6	Savannah
19.071062088012695	-17.758554458618164	8	pathways
13.072624206542969	-3.970458984375	7	unemployed
-10.947502136230469	32.39794158935547	5	Griffin
-6.9721150398254395	-11.02718448638916	7	activist
6.828220367431641	24.131975173950195	5	Elvis
4.746703147888184	18.7635555267334	10	WHO
26.29329490661621	-6.26551628112793	8	weed
-1.0943642854690552	-8.534804344177246	7	constitutional
22.903291702270508	0.6056738495826721	3	charities
-38.32166290283203	-4.708192825317383	1	singular
-26.693647384643555	-7.984335899353027	9	discourse
22.088502883911133	-15.523284912109375	8	circuits
8.641683578491211	-21.886146545410156	3	organizers
18.555091857910156	-1.1527622938156128	7	feminist
30.14554786682129	-4.387751579284668	8	frequencies
-24.193084716796875	36.24773025512695	5	Gregory
29.830183029174805	13.031572341918945	7	homosexuality
-14.294590950012207	-7.175925254821777	7	mob
-7.388796806335449	27.12175178527832	5	Eli
13.805370330810547	29.687610626220703	2	Cairo
5.682570457458496	6.983427047729492	0	Prophet
-7.4549560546875	-10.717838287353516	7	politically
-8.899426460266113	-13.911514282226562	9	rap
16.204191207885742	-11.477370262145996	4	wizard
-7.9749369621276855	-21.509008407592773	3	privileged
-7.82416296005249	23.31645965576172	0	Pastor
16.607067108154297	-8.212836265563965	8	bananas
21.271976470947266	7.115335464477539	0	altar
19.51948356628418	-10.329469680786133	9	reunion
9.948774337768555	17.596906661987305	10	Birth
-12.302566528320312	-12.75054931640625	9	realities
-21.122142791748047	-10.912029266357422	9	greatness
32.31283187866211	16.877689361572266	6	Mets
22.856807708740234	9.504292488098145	0	Judaism
-8.120498657226562	-2.823479175567627	4	goat
-8.335004806518555	29.627965927124023	5	Berry
13.828810691833496	33.8486328125	2	Zimbabwe
4.903830528259277	-22.77109146118164	1	spontaneous
-13.670722007751465	32.977291107177734	5	Wade
11.256413459777832	-25.88373565673828	3	volunteering
11.860357284545898	18.241167068481445	10	CDC
-1.7056553363800049	-9.066408157348633	7	oppression
4.062375545501709	6.384122371673584	0	Amen
21.76425552368164	-9.246912002563477	9	optimism
29.304325103759766	7.223017692565918	4	vampires
2.376138687133789	-11.42348575592041	4	plague
13.046597480773926	-11.021419525146484	4	livestock
34.6765251159668	9.404744148254395	8	mixer
-8.187029838562012	26.75971794128418	5	Solomon
-17.895238876342773	-18.941572189331055	1	breakthrough
23.176532745361328	-14.482759475708008	8	traps
-3.775697708129883	0.6447415351867676	0	righteous
13.26991081237793	34.86067199707031	2	Sudan
-5.2834272384643555	18.48447608947754	10	Leaders
3.7100460529327393	29.366010665893555	6	Philly
14.624314308166504	30.679885864257812	2	Cyprus
21.900724411010742	7.241483688354492	0	obedience
-8.066801071166992	-3.222550868988037	4	newborn
14.088543891906738	-10.01556396484375	4	thief
-20.632986068725586	36.895381927490234	5	Leonard
-5.70357608795166	18.092445373535156	10	Initiative
-39.69475173950195	-6.0174994468688965	3	endeavor
-8.431885719299316	-23.423246383666992	3	supporter
-0.1450749635696411	-23.89741325378418	1	conceived
7.260482311248779	19.72997283935547	10	Unity
32.45182800292969	14.112488746643066	7	referendum
-4.475670337677002	20.945392608642578	6	Renaissance
15.97751522064209	-11.52949333190918	4	herd
-6.679133415222168	29.33549690246582	5	Sanders
16.508981704711914	-19.475238800048828	1	monitored
7.464206695556641	23.998027801513672	0	Madonna
7.199735164642334	18.750675201416016	10	Murder
34.549835205078125	15.793923377990723	4	breastfeeding
32.28955841064453	6.838307857513428	8	syrup
30.322406768798828	15.08179759979248	2	IMF
30.617908477783203	4.813268184661865	8	conductor
12.161466598510742	-9.74963092803955	4	goats
15.150959968566895	-12.20876407623291	4	rescued
-13.273273468017578	-24.992347717285156	1	researched
30.16971206665039	1.278019905090332	1	deposited
21.60637664794922	-7.318765163421631	9	dancer
23.4453182220459	9.386220932006836	0	Torah
-12.799516677856445	33.338172912597656	5	Porter
-11.452784538269043	-3.841036558151245	4	offspring
7.745299816131592	5.797733783721924	0	pope
31.320613861083984	14.96411418914795	10	BlackBerry
-35.77717590332031	-3.228823661804199	4	pretending
-1.4937431812286377	-9.389881134033203	7	injustice
32.78472137451172	6.089567184448242	8	serum
8.444674491882324	18.806196212768555	10	Cabinet
36.72007751464844	16.86810874938965	6	MLS
31.928098678588867	4.927671432495117	8	cocaine
5.314675331115723	-23.630352020263672	1	catalyst
-27.160825729370117	-14.559696197509766	1	characterized
23.22049903869629	8.459123611450195	0	sermon
12.558696746826172	-11.275886535644531	4	adolescents
24.71407699584961	-9.997639656066895	1	urgency
15.435998916625977	-9.673257827758789	4	monkeys
-14.826068878173828	34.55913543701172	5	Marion
9.236349105834961	16.840681076049805	10	Feed
19.907075881958008	-18.645883560180664	8	pumping
28.284523010253906	-8.363017082214355	8	detector
16.26036834716797	-20.475814819335938	1	contributes
-9.7894287109375	-18.337923049926758	9	recap
-30.31498146057129	-10.427884101867676	1	instrumental
27.944843292236328	-7.016145706176758	8	wells
30.829484939575195	5.968735218048096	8	vineyards
32.48582458496094	9.073171615600586	10	ADHD
6.142908096313477	6.434330940246582	0	Messiah
-27.234691619873047	-9.110064506530762	9	paradigm
28.979442596435547	8.228141784667969	4	healed
-5.654023170471191	19.842487335205078	10	Charity
22.100038528442383	-12.582006454467773	9	weave
31.712675094604492	-1.6611348390579224	8	energies
9.425137519836426	-17.801513671875	9	reflections
4.305478572845459	-21.65503692626953	1	transitions
-2.337980031967163	24.243940353393555	5	Chance
0.04553944617509842	-10.413862228393555	7	accusations
-23.440109252929688	36.42152786254883	5	Bernard
19.059722900390625	1.2975831031799316	7	genocide
-18.848796844482422	-4.901676177978516	1	WILL
6.33179235458374	-25.47110939025879	1	urgent
-11.46535587310791	30.859272003173828	5	Cohen
-0.4798049032688141	-9.5675048828125	7	rebellion
-17.380535125732422	-7.42250394821167	4	begging
-3.1710622310638428	-7.912975788116455	7	presidential
-3.230729579925537	2.371497869491577	0	GOD
-3.947604179382324	29.472715377807617	6	Monroe
8.622261047363281	16.976057052612305	10	Strength
15.44290542602539	-25.467897415161133	3	literacy
-3.4689109325408936	1.1788783073425293	0	bless
33.65597915649414	3.0536069869995117	3	eligibility
-22.5181884765625	35.8515625	5	Deborah
13.53403377532959	-26.148826599121094	3	fundraiser
-21.825632095336914	36.28813552856445	5	Brenda
1.508734941482544	-23.762292861938477	1	interrupted
23.27437973022461	-6.0832085609436035	9	ballet
-13.584343910217285	-12.578595161437988	9	heroic
31.441415786743164	5.774666786193848	8	hurricane
12.664816856384277	-24.932836532592773	3	entrepreneur
32.87946319580078	16.974994659423828	6	Spurs
-9.091947555541992	29.401432037353516	5	Pierre
33.74602127075195	8.879993438720703	8	MRI
8.01598072052002	-15.375443458557129	9	circus
4.023503303527832	16.283565521240234	10	References
9.907011032104492	-26.623945236206055	3	tenure
-8.649635314941406	-11.008320808410645	7	plea
15.16308307647705	28.351564407348633	2	Cuban
12.677125930786133	17.500144958496094	10	Gender
34.71432876586914	10.131231307983398	8	altitude
-3.476404905319214	21.20383644104004	10	Crew
33.08354949951172	16.836746215820312	6	NASCAR
-14.366414070129395	-24.46703338623047	1	underway
27.99240493774414	5.86529541015625	4	inheritance
13.871989250183105	32.15643310546875	2	Ecuador
-15.448338508605957	-21.79210090637207	1	characterize
10.5115327835083	-26.97120475769043	3	organizational
14.430325508117676	23.317214965820312	6	LSU
15.613779067993164	-16.141904830932617	1	seize
-24.49614906311035	-10.752376556396484	1	succession
4.887535572052002	26.34459114074707	6	Apollo
-9.891362190246582	-16.27618408203125	9	collage
25.99126434326172	-2.8756473064422607	4	horns
2.2255258560180664	2.9126150608062744	0	saint
28.25849723815918	12.229379653930664	0	prophets
0.27689799666404724	-11.27268123626709	7	deception
7.840016841888428	-25.216190338134766	1	recruited
-34.91656494140625	-5.381257057189941	1	declaring
23.050119400024414	8.076924324035645	0	prophecy
4.231391906738281	18.015567779541016	10	Documents
8.005488395690918	-25.952001571655273	1	owed
1.5609217882156372	-12.65108585357666	9	doom
15.347381591796875	22.389686584472656	6	Carnival
31.144210815429688	-0.4810287356376648	1	distributions
-13.794024467468262	31.07419776916504	5	Stella
18.72478675842285	-4.651846408843994	4	thieves
-12.259366035461426	30.3261661529541	5	Alfred
25.059871673583984	4.117269515991211	7	inequality
-12.991522789001465	30.915260314941406	5	Sebastian
3.7537598609924316	-24.69525146484375	1	tackling
15.962409019470215	30.511404037475586	2	Yemen
24.929588317871094	-4.8242998123168945	9	remix
17.02081298828125	-2.8946173191070557	7	robbery
-35.982337951660156	-7.652075290679932	1	relates
11.380274772644043	31.459503173828125	2	Belgian
23.272750854492188	-12.163740158081055	8	poles
30.991535186767578	13.10414981842041	7	creditors
25.626951217651367	4.384591102600098	7	feminism
-6.123405933380127	27.54022789001465	5	Belle
-0.5608243942260742	2.8123931884765625	0	clergy
0.4120056927204132	-23.306983947753906	1	persistence
-3.6930105686187744	21.63372802734375	10	Atlas
5.502032279968262	25.056303024291992	5	Hood
26.730270385742188	5.854700565338135	7	reconciliation
25.5245361328125	-11.48300838470459	1	tackles
-20.65483283996582	34.312625885009766	5	Leah
8.173776626586914	-28.269102096557617	1	testify
3.3685779571533203	-25.234657287597656	1	documenting
11.7781400680542	25.29022789001465	6	Newark
-21.774250030517578	-10.766640663146973	9	joyful
-6.879396438598633	28.593589782714844	5	Burton
4.914554119110107	25.27797508239746	5	Sierra
11.709315299987793	-28.140453338623047	3	mentors
30.373445510864258	0.9940235614776611	1	brewing
18.065994262695312	-2.504016637802124	7	arrests
3.5496904850006104	7.746521472930908	0	Baptist
27.26584243774414	-2.180424928665161	4	steals
25.666748046875	-10.20689582824707	1	scaling
-0.8344846367835999	20.109020233154297	10	Proof
28.513324737548828	12.291298866271973	0	covenant
13.977835655212402	-16.24356460571289	1	incidence
34.739803314208984	9.649806022644043	8	treadmill
30.416831970214844	-0.7316398024559021	9	paragraphs
29.352754592895508	6.25222110748291	8	loaf
-6.393585205078125	-23.285051345825195	3	empower
0.7195720076560974	19.63441276550293	10	Charge
-5.824467182159424	23.79293441772461	0	Mercy
-21.294902801513672	35.9303092956543	5	Trevor
36.42668151855469	16.438507080078125	8	electrode
12.196220397949219	35.29560852050781	2	Tanzania
15.718679428100586	-4.099195957183838	7	imprisoned
23.98233985900879	1.8124771118164062	3	counselor
32.32255554199219	16.399560928344727	6	Chiefs
16.797849655151367	29.165756225585938	2	Somalia
-0.8591857552528381	-13.907376289367676	3	intellect
-2.230325937271118	-8.937638282775879	7	socialist
3.7797858715057373	-23.0567684173584	1	characterization
-11.249958038330078	-16.161113739013672	9	saga
29.15977668762207	-1.550590991973877	8	hive
29.77175521850586	0.3251875936985016	1	sparked
33.19861602783203	8.611681938171387	8	CRM
20.4044189453125	-7.802987575531006	3	academia
0.8312755227088928	17.16407585144043	10	Crisis
10.038345336914062	24.415170669555664	6	Basketball
2.5235507488250732	16.887104034423828	10	Funding
33.27264404296875	3.3852880001068115	9	residency
14.693355560302734	-0.7291535139083862	7	socialism
-14.261406898498535	-6.774111747741699	4	rebel
-12.076950073242188	32.733455657958984	5	Coleman
13.051045417785645	-1.4718351364135742	7	solidarity
0.5995250344276428	2.874886989593506	0	biblical
-8.41743278503418	-15.719873428344727	9	festivities
19.711803436279297	-1.1295150518417358	7	municipality
10.616147994995117	24.319974899291992	6	Marathon
6.9306745529174805	22.667259216308594	5	Sheriff
-23.014122009277344	37.81064987182617	5	Suzanne
-1.6238453388214111	19.540000915527344	10	Musical
3.445981025695801	3.327465057373047	0	cathedral
27.57255744934082	-1.6186472177505493	4	biting
31.196931838989258	5.625439167022705	8	winery
14.664234161376953	-15.873473167419434	1	displacement
2.6113617420196533	-20.9499454498291	1	averaging
32.48784637451172	9.706826210021973	10	Diabetes
-1.9687840938568115	23.122915267944336	10	Keys
25.364707946777344	5.207474231719971	7	prisons
7.113164901733398	-15.288800239562988	8	funk
-5.072813034057617	-22.95798110961914	3	monetary
12.964181900024414	34.18147277832031	2	Guatemala
8.446905136108398	17.766883850097656	10	Resistance
1.716689944267273	18.581974029541016	10	Forward
6.061770915985107	23.36957550048828	5	Cain
35.00541687011719	14.27542781829834	8	electrons
31.257213592529297	2.7684223651885986	1	deposition
30.00118637084961	11.30138874053955	4	fertility
-14.824807167053223	29.51024055480957	5	Esther
32.58039855957031	7.330355167388916	8	toaster
34.388118743896484	13.775605201721191	1	diagnose
8.094317436218262	16.13178825378418	10	MVP
4.359239101409912	16.97388458251953	10	Begin
-18.131488800048828	33.78709411621094	5	Felix
5.4225616455078125	16.8810977935791	10	Monitoring
-14.828144073486328	30.44390296936035	5	Caleb
5.2902421951293945	-25.828163146972656	1	ignores
15.346933364868164	-10.914681434631348	4	mutant
-11.405794143676758	30.119815826416016	5	Bruno
-14.320996284484863	-19.779251098632812	1	initiation
-15.168977737426758	-12.591623306274414	3	cohort
28.413291931152344	6.02111291885376	9	burial
0.9198699593544006	-10.246065139770508	7	dismissal
3.2985036373138428	-20.065645217895508	8	fuels
28.142166137695312	1.8129152059555054	7	seizure
24.98646354675293	-13.332036018371582	1	sampled
26.286043167114258	7.0201215744018555	7	imprisonment
-3.5438692569732666	29.761062622070312	6	Hampton
-15.85461711883545	32.87936019897461	5	Andre
35.19944763183594	14.728392601013184	8	electrodes
3.4892807006835938	6.168386459350586	0	Himself
14.892343521118164	32.30459976196289	2	Congo
28.00018882751465	-0.6072559356689453	4	sharks
-11.755538940429688	32.0526237487793	5	Jenkins
6.562842845916748	-23.145503997802734	1	mathematical
-12.402341842651367	-13.647846221923828	9	spectacle
27.090354919433594	-5.083789348602295	8	hypertension
7.211099624633789	18.63579559326172	10	Violence
15.813498497009277	22.61081314086914	6	Bulls
-13.357406616210938	30.703380584716797	5	Roland
11.851977348327637	-27.797393798828125	3	mentoring
26.196590423583984	-8.644377708435059	8	sprint
-29.80156135559082	-12.521659851074219	1	staggering
-7.201811790466309	-22.44951629638672	3	schooling
30.29635238647461	0.09640643000602722	1	paved
17.06528663635254	-15.259928703308105	1	temporal
-11.349007606506348	31.41666030883789	5	Neal
3.7257251739501953	28.49674415588379	6	Bronx
11.69422435760498	18.817092895507812	10	Judges
26.820669174194336	8.317325592041016	7	boycott
15.73625659942627	-27.298242568969727	3	educating
8.707926750183105	-27.89402198791504	3	honoring
-14.454455375671387	31.874170303344727	5	Malcolm
14.993749618530273	-2.2029476165771484	7	bankers
14.671624183654785	-2.008699655532837	7	presidents
2.780651569366455	18.294628143310547	10	Flow
2.890570640563965	7.548139572143555	0	Churches
-14.976871490478516	32.28693771362305	5	Alexis
1.7151124477386475	-19.313274383544922	8	flux
32.682594299316406	0.7391743063926697	1	devote
-17.811634063720703	35.76820755004883	5	Freeman
6.551840305328369	-26.355060577392578	1	constructive
5.128654956817627	22.98862648010254	5	Isaiah
12.021726608276367	18.992719650268555	5	Einstein
25.850948333740234	3.8831236362457275	7	assassination
-2.2743477821350098	-9.644311904907227	7	liberation
14.73535442352295	-19.562990188598633	1	compose
28.914228439331055	-3.7900376319885254	8	cocoa
33.51634216308594	12.790324211120605	3	ROI
30.101537704467773	7.68002462387085	8	vineyard
-12.132745742797852	-13.365668296813965	9	narratives
15.748575210571289	-10.292613983154297	4	crib
-22.38933753967285	-6.005330562591553	1	WAS
-8.224030494689941	28.99642562866211	5	Regina
29.549531936645508	10.803775787353516	4	womb
13.703818321228027	23.831226348876953	6	Wilmington
29.466903686523438	9.580963134765625	9	manuscripts
6.277123928070068	4.9399027824401855	0	pastors
20.310089111328125	-3.076849937438965	9	mourning
27.299518585205078	-9.008065223693848	8	spins
0.667302131652832	-20.87120246887207	9	trajectory
33.56631088256836	14.46171760559082	7	cannabis
28.873146057128906	-2.469573974609375	8	scalp
27.913930892944336	-6.830594062805176	8	canopy
30.518924713134766	-1.7858000993728638	8	solvent