x	y	cluster	word
-16.389070510864258	-2.071310520172119	9	sister
15.684215545654297	12.246321678161621	6	chinese
17.283056259155273	11.56657886505127	6	japanese
17.75893783569336	10.95768928527832	6	german
17.348838806152344	11.74443244934082	6	asian
18.300968170166016	10.816582679748535	6	thai
29.13926887512207	14.828500747680664	6	korean
-40.57393264770508	18.498868942260742	9	also
-41.381507873535156	16.17564582824707	3	new
-42.99625778198242	16.83811378479004	8	use
-42.796669006347656	19.94725799560547	9	way
-41.606651306152344	18.227521896362305	3	good
-40.879188537597656	17.307575225830078	3	great
-42.612335205078125	20.392019271850586	9	even
-42.07661819458008	19.99846076965332	9	really
-39.8443489074707	12.16620922088623	4	used
-30.97135353088379	14.376701354980469	8	find
-39.69230651855469	14.341197967529297	10	home
-39.568763732910156	13.184842109680176	1	using
-42.28178024291992	17.974889755249023	9	place
-25.040016174316406	3.4536120891571045	9	may
-42.662261962890625	19.304136276245117	9	another
-38.53095245361328	17.622314453125	9	since
-32.557125091552734	0.8577207922935486	3	available
-41.7845458984375	20.412534713745117	9	actually
-39.291053771972656	16.868261337280273	9	last
-31.283876419067383	14.794195175170898	8	try
-12.023711204528809	30.32281494140625	5	They
-25.192237854003906	-0.5355860590934753	8	play
-11.805906295776367	29.232990264892578	5	With
-42.4322395324707	21.00241470336914	9	though
-29.070316314697266	-0.6274498105049133	10	name
-37.915809631347656	14.064701080322266	9	end
-25.15152931213379	-10.154479026794434	1	data
-30.24803352355957	-0.8033674359321594	10	room
-37.37902069091797	15.29849910736084	9	yet
-25.504690170288086	0.08794310688972473	8	live
-31.046709060668945	5.509551525115967	3	fun
-4.662400245666504	-6.689979076385498	8	share
-42.07884216308594	19.035736083984375	9	thing
-33.322479248046875	12.872659683227539	9	might
-5.3342108726501465	30.86961555480957	5	Our
-39.78805923461914	16.47275733947754	9	means
-28.296613693237305	1.7990820407867432	3	easy
-35.15027618408203	17.06238555908203	3	nice
-32.544498443603516	10.545061111450195	4	came
-36.530086517333984	10.302729606628418	1	form
-31.881189346313477	-8.848488807678223	8	buy
-32.30204772949219	-2.9250400066375732	1	design
-39.983585357666016	18.611852645874023	9	probably
-38.203922271728516	13.35166072845459	1	course
-30.731517791748047	-2.8615522384643555	10	online
-37.87457275390625	12.523762702941895	10	side
-33.26993942260742	6.852581024169922	3	perfect
-31.764802932739258	-6.678377151489258	0	products
-32.35309600830078	-5.174384117126465	0	product
-21.223155975341797	2.918245553970337	9	etc
-40.09480285644531	17.309093475341797	9	quite
-23.857450485229492	-8.44194507598877	10	video
-26.444427490234375	1.0848309993743896	8	enjoy
-19.274307250976562	28.31037139892578	5	Just
-19.726633071899414	28.36514663696289	5	Also
-13.949309349060059	-15.830131530761719	10	review
-32.35829544067383	-5.272604465484619	0	market
-27.774791717529297	-6.885870933532715	3	public
-28.344934463500977	-7.665649890899658	1	value
-34.714969635009766	13.132344245910645	9	bad
-36.55529022216797	11.92372989654541	9	result
-28.33125114440918	-8.140192031860352	3	quality
23.922765731811523	20.753948211669922	5	Reply
-30.792156219482422	14.056302070617676	8	understand
-30.274919509887695	-3.3788647651672363	1	building
-24.732826232910156	-9.864079475402832	10	content
-35.55964660644531	14.321746826171875	9	usually
-5.883808612823486	-6.685681343078613	8	watch
-29.332239151000977	-9.485902786254883	0	price
-39.94026184082031	14.74966812133789	9	stuff
-37.64597702026367	16.7100772857666	9	maybe
-15.21094799041748	28.87251853942871	5	However
-9.630311012268066	-19.088552474975586	1	class
-20.752517700195312	-10.869590759277344	10	link
-4.140645503997803	-17.944210052490234	10	games
-17.047216415405273	28.764575958251953	5	Well
-27.49709129333496	3.3475239276885986	9	happy
-33.21982192993164	0.5540393590927124	4	provided
-3.869520425796509	-14.907220840454102	10	movie
-33.69047927856445	13.598148345947266	9	sometimes
-36.425437927246094	7.923763275146484	1	style
-34.42428970336914	9.206775665283203	3	similar
-29.683637619018555	-4.42930793762207	1	model
-24.211318969726562	-12.284493446350098	1	art
-21.528079986572266	-11.545502662658691	1	test
-28.0808162689209	-5.370947360992432	10	location
-15.850934028625488	29.281147003173828	5	Yes
-33.21227264404297	10.873037338256836	4	known
-27.742630004882812	4.388841152191162	9	wrong
-17.628828048706055	-1.2234745025634766	10	friend
-32.21354293823242	13.08865737915039	9	remember
-24.861818313598633	-0.8048050999641418	8	learn
-24.396059036254883	-7.877076625823975	10	version
-3.1679608821868896	-15.676701545715332	10	party
-4.964641571044922	-8.197956085205078	8	build
-26.576351165771484	-5.32426118850708	10	action
-39.42988204956055	18.647174835205078	9	although
-6.797858715057373	30.71129035949707	5	Thanks
-32.8885498046875	5.92990779876709	3	short
-31.189416885375977	-7.581392288208008	0	store
7.830535411834717	-8.123035430908203	4	posted
-4.437417507171631	-6.783881664276123	8	drive
-35.43240737915039	16.89415740966797	3	pretty
-23.316286087036133	-3.5404300689697266	10	via
-19.867813110351562	-4.295817852020264	3	strong
-25.501115798950195	-7.494983673095703	1	practice
25.17186164855957	-7.3125481605529785	10	card
9.110015869140625	1.293329119682312	7	eat
-25.492464065551758	-0.2166156768798828	8	choose
-30.676563262939453	8.21686840057373	9	guy
2.459803819656372	-23.73117446899414	1	players
-8.345979690551758	26.57657241821289	2	Love
-26.885257720947266	-6.1596574783325195	1	application
-28.64262580871582	4.594207763671875	9	soon
9.65707015991211	-18.276344299316406	10	file
-32.20201873779297	6.254954814910889	3	lovely
-12.27367877960205	-19.960594177246094	1	method
9.946653366088867	10.872246742248535	6	English
-7.903217315673828	32.13370132446289	5	Since
7.988670349121094	0.4501584470272064	7	table
1.120247721672058	-23.390043258666992	10	user
-41.617984771728516	16.91432762145996	3	general
-41.427978515625	17.924570083618164	9	kind
-13.787727355957031	29.55434799194336	5	Although
3.1617181301116943	-22.108179092407227	10	phone
-3.3740272521972656	-18.012882232666016	10	hours
-35.55677795410156	7.877816200256348	3	standard
-21.12989044189453	-16.408784866333008	4	uses
1.1245825290679932	-23.975688934326172	1	users
-36.22203063964844	13.303771018981934	9	lot
13.461734771728516	11.429518699645996	6	China
-22.617448806762695	-11.016029357910156	10	source
-32.91167068481445	12.305874824523926	9	finally
-10.226061820983887	-10.721172332763672	3	safe
-3.306609869003296	-16.303085327148438	10	air
-34.036380767822266	6.004789352416992	3	main
-11.715092658996582	28.096982955932617	5	Great
-34.477745056152344	8.622447967529297	3	common
-30.448991775512695	7.00566291809082	9	bit
-3.573314666748047	-8.484640121459961	8	sell
-19.485546112060547	-0.10141631960868835	9	late
-28.202123641967773	-6.945797443389893	3	range
-3.4680590629577637	-27.89389991760254	0	customers
-11.34930419921875	-21.20820426940918	1	options
-12.418618202209473	30.787532806396484	5	Maybe
-37.360984802246094	17.011375427246094	9	yes
-24.36640167236328	2.8930835723876953	9	wish
9.640335083007812	0.5001028180122375	7	kitchen
-32.2567138671875	11.496793746948242	9	recently
-28.131799697875977	-4.8192548751831055	10	base
-27.169443130493164	-4.842668533325195	1	option
-7.863322734832764	31.73978042602539	5	Many
-29.7611026763916	3.534698724746704	9	guys
-20.990760803222656	-11.715863227844238	10	display
7.414491653442383	-21.574249267578125	1	rules
-27.64401626586914	-4.039403915405273	1	function
-17.204143524169922	-7.341601848602295	3	comfortable
-8.943140029907227	-14.539180755615234	3	private
-22.27410316467285	-21.02374839782715	4	bought
-24.309795379638672	5.2752838134765625	4	loved
-21.254108428955078	-10.429642677307129	10	host
23.262012481689453	-2.322086811065674	10	Google
21.908620834350586	-9.624666213989258	10	reviews
-3.079735279083252	-27.974523544311523	0	sales
5.566864013671875	32.8989143371582	5	Use
-14.050008773803711	-14.851761817932129	10	match
-2.197978973388672	-19.926435470581055	1	language
-21.691909790039062	-18.005699157714844	4	allowed
-19.035314559936523	28.938472747802734	5	Even
-13.623748779296875	-9.699265480041504	3	hot
9.535408020019531	-15.180325508117676	8	download
-0.458777517080307	-6.748023509979248	8	apply
-27.673673629760742	4.841554641723633	9	easily
-28.370250701904297	4.969390392303467	9	far
-37.13628005981445	13.49792194366455	9	whatever
-9.315152168273926	-20.16892433166504	1	unit
-7.937185764312744	-20.378490447998047	1	policy
9.023908615112305	-17.281444549560547	10	copy
-26.62979507446289	5.781831741333008	9	expect
-25.296194076538086	-3.96079683303833	10	directly
-4.848274230957031	25.613771438598633	2	Home
-3.730043649673462	-26.79865264892578	0	stock
-22.65897560119629	-9.55687141418457	10	request
-23.488330841064453	0.2471400499343872	9	correct
-36.805137634277344	15.072202682495117	9	except
-35.384578704833984	12.913700103759766	3	awesome
-32.8678092956543	3.7700729370117188	3	popular
-5.3704962730407715	-4.861597061157227	9	wait
-5.081508159637451	26.95880699157715	2	Best
10.958702087402344	22.33187484741211	2	July
-10.199466705322266	-7.271381855010986	9	watching
-19.92690658569336	-11.885183334350586	8	update
-20.535045623779297	-5.7649455070495605	3	limited
-5.514155387878418	-8.58178997039795	8	produce
-0.547114908695221	-16.236799240112305	10	Internet
8.410750389099121	-22.01971435546875	1	skills
-8.771005630493164	30.29315948486328	5	Will
-29.810909271240234	9.060303688049316	9	yesterday
-12.613005638122559	28.399276733398438	5	Good
-37.78989028930664	15.33932876586914	9	generally
-17.213272094726562	29.221614837646484	5	Only
-15.141406059265137	-12.135538101196289	3	lower
-22.1043701171875	-21.502952575683594	4	sold
-32.85611343383789	4.906161785125732	3	excellent
2.011159658432007	32.6398811340332	5	Each
-2.605525016784668	-17.303085327148438	10	names
-23.339113235473633	-17.49063491821289	4	developed
4.733047962188721	33.91438674926758	5	Have
-35.35839080810547	11.451913833618164	9	meaning
-31.232038497924805	-7.4886674880981445	0	shop
-26.093488693237305	6.618624687194824	9	mention
-5.922300815582275	-16.119892120361328	10	per
-13.562307357788086	-16.244003295898438	1	guide
23.46111488342285	20.151771545410156	9	ago
-7.046230792999268	-26.275415420532227	0	brand
-21.150787353515625	-18.81037139892578	4	shared
-19.39657211303711	-1.4110206365585327	3	sweet
9.885307312011719	-18.925809860229492	10	files
13.77797794342041	10.255402565002441	6	Australia
-10.415653228759766	-9.915863037109375	3	quiet
-6.900874614715576	-18.471757888793945	0	owner
-28.96654510498047	6.074313163757324	9	exactly
7.747944355010986	0.577455461025238	7	taste
13.349592208862305	-16.392854690551758	10	fan
-0.9595880508422852	-17.370283126831055	10	window
11.338597297668457	-14.084259033203125	9	die
-29.133983612060547	-3.71743106842041	1	concept
-41.58684158325195	19.818675994873047	9	anyway
-3.453601121902466	31.089250564575195	5	Their
-12.740771293640137	-10.937313079833984	3	fresh
-3.6814136505126953	-17.150711059570312	10	patient
-12.713560104370117	29.464494705200195	5	Both
10.619089126586914	-18.366546630859375	10	videos
-6.716062545776367	-21.288774490356445	1	models
-6.290987491607666	-27.129589080810547	0	buying
1.0197116136550903	-26.881155014038086	0	trade
-1.8123582601547241	-6.800337314605713	8	develop
-7.043683052062988	31.27219009399414	5	Where
-8.08413028717041	-21.596521377563477	1	materials
-6.392073631286621	23.316146850585938	2	Wednesday
-13.163529396057129	-19.530784606933594	1	tool
18.680767059326172	-16.746685028076172	1	values
-1.6383570432662964	-6.047763347625732	8	accept
-28.496944427490234	8.634329795837402	9	unless
11.381820678710938	-7.397505283355713	4	opened
26.672122955322266	-5.9766364097595215	10	cards
14.321112632751465	11.276240348815918	6	Japan
-20.27808952331543	-5.2939133644104	3	useful
11.261831283569336	0.3644128143787384	7	restaurant
3.45992374420166	-24.378854751586914	0	clients
-15.052456855773926	-9.019482612609863	3	friendly
21.248876571655273	-8.225436210632324	10	tour
-18.044830322265625	-0.9938520789146423	10	couple
-4.945621967315674	-15.521852493286133	10	spring
-23.592016220092773	-5.76412296295166	3	basic
24.709735870361328	-19.851457595825195	0	prices
4.987908840179443	25.4486141204834	2	School
-4.037353038787842	-6.293035984039307	8	handle
18.78862762451172	-0.048716749995946884	7	recipe
-3.547008514404297	-27.65022087097168	0	customer
28.25078773498535	3.469026565551758	10	button
15.939065933227539	-17.801788330078125	10	movies
14.531463623046875	-0.255479633808136	7	restaurants
-11.337529182434082	-14.11028003692627	3	beauty
9.195491790771484	0.7064476609230042	7	dinner
0.3419227600097656	23.77658462524414	2	Company
-20.09880256652832	-19.968467712402344	4	passed
2.959923028945923	-23.665626525878906	10	client
-25.911182403564453	-2.615999221801758	3	direct
18.391456604003906	0.23078367114067078	7	fish
21.081418991088867	-10.559028625488281	10	minutes
30.892175674438477	13.661846160888672	0	Apple
23.635927200317383	-12.380380630493164	1	budget
18.469799041748047	-16.311464309692383	1	classes
-2.8765575885772705	32.6993408203125	5	Sometimes
-23.207006454467773	-17.933393478393555	4	learned
24.962482452392578	-3.6784987449645996	10	reply
-23.902652740478516	-4.305511474609375	10	official
-1.8405755758285522	-17.925138473510742	10	rooms
2.1173150539398193	-8.271834373474121	8	improve
7.08884334564209	-8.091225624084473	4	located
-9.088766098022461	-21.293306350708008	1	package
-19.218061447143555	-1.3935576677322388	3	famous
-4.1368818283081055	-22.320737838745117	1	requirements
27.827857971191406	-6.09645938873291	10	tips
-5.447099208831787	-22.33415985107422	1	methods
14.465887069702148	-17.897045135498047	1	teacher
27.061399459838867	-12.207964897155762	0	contract
12.632736206054688	-16.532730102539062	9	pressure
-8.274877548217773	31.28645133972168	5	Any
12.021568298339844	-4.988251209259033	4	served
26.57767105102539	-3.6426126956939697	10	server
34.6412353515625	-11.555455207824707	8	install
-7.335878372192383	-20.693450927734375	1	construction
7.594357490539551	-19.697675704956055	1	exercise
-25.844980239868164	-5.991500377655029	1	ability
13.370467185974121	-18.010887145996094	1	director
10.38496208190918	0.5749667286872864	7	eating
-0.8684852123260498	33.342124938964844	5	Using
-3.779324531555176	-6.165478706359863	8	fix
28.203109741210938	-2.895012617111206	10	driver
-5.41226863861084	-8.324984550476074	8	manage
17.45199203491211	-1.228580355644226	7	bathroom
-6.1063032150268555	-27.22372055053711	0	selling
0.6662325263023376	24.29627227783203	2	Art
-11.835395812988281	-15.8965482711792	10	partner
-18.81254005432129	28.386253356933594	5	Still
-12.598076820373535	-11.997122764587402	3	cheap
-10.388383865356445	30.216960906982422	5	Those
-25.560794830322266	-10.67184829711914	1	strategy
16.191368103027344	-19.88153648376465	3	comfort
-37.052825927734375	15.56755256652832	9	basically
10.124710083007812	-7.209708213806152	4	ordered
-16.329504013061523	28.375083923339844	5	Plus
-11.639019012451172	30.871566772460938	5	Unfortunately
-40.42269515991211	19.15870475769043	9	apparently
-15.939455032348633	-8.751522064208984	3	soft
-29.11174774169922	-7.7163238525390625	0	demand
-34.635189056396484	7.643581390380859	3	proper
-16.31362533569336	29.22785186767578	5	Finally
14.596067428588867	9.451932907104492	6	Americans
-8.90008544921875	-10.006505012512207	3	favorite
-9.487189292907715	-18.0296688079834	1	testing
-19.964990615844727	-18.909866333007812	4	listed
-2.5070641040802	-6.320132255554199	8	push
-29.188682556152344	7.29690408706665	9	anymore
-9.529330253601074	-15.963615417480469	3	firm
-9.6683349609375	-17.793724060058594	1	sets
-18.451425552368164	-19.408367156982422	4	experienced
13.888607025146484	12.451302528381348	6	Chinese
-10.99710750579834	30.947750091552734	5	Yeah
-4.123156547546387	-15.359186172485352	10	star
-9.668442726135254	-8.802180290222168	9	busy
-7.6417317390441895	-25.881303787231445	0	commercial
-9.587393760681152	31.513486862182617	5	Perhaps
-12.321822166442871	29.862844467163086	5	Which
22.867645263671875	-20.265689849853516	0	shopping
-14.91549015045166	-7.258591651916504	3	fair
30.411964416503906	8.101146697998047	10	traffic
-1.3335144519805908	-8.96656608581543	8	launch
10.892549514770508	-15.516493797302246	10	load
-19.983701705932617	-17.489933013916016	4	fixed
0.09977544099092484	24.346874237060547	2	Group
-5.188728332519531	31.35000228881836	5	Every
-29.890535354614258	-8.501873970031738	0	supply
-15.313319206237793	29.38473892211914	5	Though
24.624303817749023	-15.752175331115723	0	plants
7.367215633392334	24.54454803466797	2	Service
18.731462478637695	23.688955307006836	2	Office
-19.695104598999023	-19.026203155517578	4	recommended
16.289600372314453	24.814109802246094	2	Hotel
-35.817527770996094	9.410165786743164	3	addition
16.045408248901367	0.11888087540864944	7	cook
26.4057559967041	-1.5663944482803345	10	bus
12.633280754089355	11.21396255493164	6	German
23.158199310302734	-2.3592467308044434	2	Windows
22.761898040771484	1.3173903226852417	7	flowers
-25.160648345947266	-0.0837390273809433	8	stick
-2.047945976257324	-5.4849348068237305	8	teach
29.100727081298828	8.76491928100586	1	error
4.0092902183532715	-24.182910919189453	1	units
13.074858665466309	0.13609610497951508	7	cooking
7.135136127471924	34.240333557128906	5	Sorry
6.67963171005249	-20.2690486907959	1	defense
4.222883224487305	-23.037378311157227	1	sources
5.938012599945068	-21.677907943725586	1	standards
6.107174396514893	25.304616928100586	2	Park
-9.148082733154297	-10.625033378601074	3	cute
-13.090618133544922	-5.007755756378174	9	knows
34.18062210083008	6.056562900543213	7	cake
11.6620454788208	-8.740860939025879	4	updated
-30.579435348510742	3.870548725128174	9	lots
0.7931986451148987	-7.373647212982178	8	maintain
14.497347831726074	12.292820930480957	6	Japanese
-28.601911544799805	6.6118388175964355	9	seriously
10.264290809631348	0.36796194314956665	7	lunch
-35.05775451660156	11.997272491455078	9	considering
25.964706420898438	-6.350163459777832	10	windows
-11.161694526672363	-5.566325664520264	9	neither
23.855892181396484	-7.441473007202148	10	boat
-35.9631462097168	9.603533744812012	3	combination
3.8376078605651855	-10.761219024658203	9	hurt
-2.8607141971588135	-27.28093910217285	0	stores
6.631803035736084	33.92750549316406	5	Are
1.9458857774734497	-9.629057884216309	8	limit
-29.102937698364258	-4.626641273498535	1	types
22.688207626342773	-17.454626083374023	0	storage
-6.0460896492004395	31.64698600769043	5	Such
-10.164532661437988	-21.44375228881836	1	designs
-4.87420129776001	-19.014766693115234	10	manager
-15.08056926727295	-5.760974407196045	9	anywhere
7.094596862792969	34.959144592285156	5	Does
17.659351348876953	-0.12030404806137085	7	menu
-11.46451473236084	-20.234619140625	1	functions
21.46778678894043	1.4989765882492065	7	tea
-21.013019561767578	-16.16683578491211	4	according
-12.949671745300293	-16.48391342163086	1	master
27.3347225189209	-2.9127931594848633	10	visitors
-5.384410858154297	-21.43056869506836	1	facilities
3.4140689373016357	-25.05194854736328	0	owners
-22.108753204345703	-19.509553909301758	4	liked
8.571172714233398	-22.14688491821289	1	techniques
9.913973808288574	-18.003149032592773	10	updates
11.048775672912598	25.26432991027832	2	College
15.803680419921875	-16.401493072509766	10	station
-26.492956161499023	3.9183835983276367	9	else
-10.307764053344727	-6.673506259918213	9	likes
-26.76521110534668	3.5869672298431396	9	somewhere
6.907353401184082	-7.727604389190674	4	managed
-35.89570999145508	15.525696754455566	9	guess
-0.03399059176445007	-22.411720275878906	1	format
26.0218448638916	-8.920083045959473	1	instructions
24.19774627685547	-7.889184474945068	1	parties
33.67937088012695	-11.234088897705078	8	shoot
-3.1993610858917236	25.68996810913086	2	Video
-19.722143173217773	-20.051820755004883	4	introduced
-23.57372283935547	0.5031309127807617	9	properly
-24.042226791381836	1.5978580713272095	9	forget
-22.56159210205078	-0.7859039902687073	9	appreciate
-9.044535636901855	-22.031038284301758	1	choices
-26.221702575683594	-9.894906997680664	1	components
-22.101139068603516	-15.76868724822998	9	able
-12.264683723449707	-5.823400974273682	9	surprise
-29.706315994262695	-0.6904503703117371	10	nearby
18.76875877380371	-13.938401222229004	1	expression
11.301868438720703	-7.39028263092041	4	fell
14.922393798828125	24.908615112304688	2	Road
12.149398803710938	-7.42137336730957	4	entered
-10.437994956970215	-15.715728759765625	3	custom
-28.558761596679688	-3.408646821975708	1	manner
0.6276904344558716	-12.054059028625488	10	roll
12.403727531433105	-6.6741042137146	4	watched
12.078960418701172	-8.859968185424805	4	shares
26.324953079223633	19.155071258544922	5	Under
-24.143150329589844	-11.815454483032227	0	houses
1.16610848903656	24.708040237426758	2	Design
-11.516801834106445	-4.932275295257568	9	sorry
18.59137535095215	-15.213606834411621	1	tests
17.21867561340332	24.556394577026367	2	Science
26.07459259033203	-0.6099793314933777	10	episode
24.68073272705078	-5.3747711181640625	10	wind
-31.94952964782715	4.678386211395264	3	usual
-34.58407974243164	14.261388778686523	9	okay
-35.34608459472656	14.011799812316895	9	normally
-2.93430233001709	-21.14965057373047	1	definition
30.81369972229004	3.012819766998291	10	temperature
10.768573760986328	-18.620426177978516	10	channel
27.374059677124023	-18.78728485107422	0	consumers
-22.792539596557617	-19.34287452697754	4	noticed
25.99578285217285	-14.307344436645508	0	orders
-3.837010383605957	-5.3528900146484375	8	fail
-33.48466110229492	13.520795822143555	9	somehow
26.876089096069336	1.6639790534973145	10	DVD
20.48426628112793	-15.661005020141602	1	experts
6.497809886932373	1.1015467643737793	7	delicious
-18.09930419921875	28.41818618774414	5	Anyway
-32.18631362915039	5.1013569831848145	3	super
-20.46626091003418	3.3027358055114746	9	lol
2.0865955352783203	25.136308670043945	2	Online
-21.613201141357422	-19.247806549072266	4	ended
-7.354360103607178	-4.925271511077881	9	prefer
14.674325942993164	10.93249797821045	6	Indian
-10.113484382629395	-20.467458724975586	1	facility
34.416404724121094	6.998173713684082	7	recipes
23.104900360107422	-2.9727699756622314	10	magazine
13.888850212097168	-17.66215705871582	10	parent
27.523500442504883	6.2629194259643555	8	rent
-33.678226470947266	12.576282501220703	9	knowing
4.748044013977051	21.75147819519043	7	Food
-6.63854455947876	-26.682811737060547	0	shops
-7.839418411254883	-13.625715255737305	3	advanced
2.897047281265259	-8.276007652282715	8	contain
-4.535646438598633	-16.062774658203125	10	hour
-11.788777351379395	-6.154449462890625	9	till
-10.273497581481934	-6.404391765594482	9	feels
6.105853080749512	33.46133804321289	5	Through
-4.121073246002197	32.39288330078125	5	Having
-1.4218813180923462	32.12234115600586	5	Try
29.677608489990234	-0.4358864426612854	1	feedback
-4.261000633239746	27.576557159423828	2	Part
15.110150337219238	0.07975131273269653	7	meat
8.664194107055664	-7.890161037445068	4	taught
-24.041215896606445	3.344428062438965	9	hopefully
-3.3806850910186768	-28.621156692504883	0	markets
-10.799186706542969	-19.519786834716797	1	element
-4.891270637512207	32.1552848815918	5	Hey
24.20028305053711	20.566640853881836	5	Hello
-3.6882834434509277	-20.8421630859375	1	technique
15.062873840332031	28.069446563720703	2	Place
-6.639595985412598	-19.525901794433594	10	locations
0.9500765204429626	-19.539764404296875	3	expensive
16.824392318725586	-0.35644054412841797	7	plate
33.530357360839844	-8.6769437789917	8	repair
15.701932907104492	24.127525329589844	2	Street
-6.175153732299805	23.68178367614746	2	Tom
20.021047592163086	-14.399555206298828	1	positions
13.464634895324707	-15.287002563476562	10	tip
19.448884963989258	1.2655081748962402	7	ingredients
10.173454284667969	27.605514526367188	2	Open
30.132404327392578	4.695367813110352	10	mouth
-9.086968421936035	-9.234859466552734	9	enjoying
15.07076644897461	10.049455642700195	6	Spanish
-18.353538513183594	-0.33953431248664856	3	everyday
9.16357135772705	24.793428421020508	2	Technology
26.137948989868164	-7.805978775024414	10	script
32.86973190307617	-11.635576248168945	8	relax
19.774356842041016	22.84646224975586	2	War
3.3522350788116455	31.60788917541504	5	Last
12.481390953063965	-18.38242530822754	10	net
12.665886878967285	-7.656026363372803	4	launched
-5.042163848876953	30.40738296508789	5	Nice
24.547086715698242	-19.619979858398438	0	goods
26.407428741455078	4.437607288360596	2	Android
-6.867145538330078	-13.721314430236816	3	maximum
26.56839370727539	18.09922981262207	2	Reviews
-2.3916547298431396	-27.532390594482422	0	advertising
5.375598430633545	-19.2764835357666	1	purposes
27.917137145996094	-7.486176490783691	1	courses
25.388137817382812	-5.648152828216553	10	bridge
-19.898847579956055	-0.18567204475402832	9	weird
-8.214488983154297	-14.669363021850586	3	internal
5.8197455406188965	34.54726028442383	5	Did
-27.37116050720215	5.951949596405029	9	effectively
4.588993072509766	23.102252960205078	2	Mom
-21.117612838745117	-17.297725677490234	4	attached
32.827423095703125	14.421576499938965	3	privacy
-5.732983112335205	-19.127389907836914	1	partners
-21.373388290405273	-4.598138809204102	3	relative
-0.9968772530555725	-7.094290256500244	8	operate
-17.54113006591797	-4.743608474731445	9	perfectly
15.027734756469727	10.929391860961914	6	Italian
-25.587209701538086	3.624176025390625	9	frequently
20.358797073364258	-13.77541446685791	10	exposure
15.95242977142334	10.803749084472656	6	Russian
30.061508178710938	8.594207763671875	1	license
-26.194541931152344	-8.574874877929688	1	component
16.03603172302246	25.763134002685547	2	Spring
34.77765655517578	-10.776015281677246	8	submit
8.55838680267334	24.573760986328125	2	Website
33.00490951538086	13.010083198547363	7	cookies
3.2593181133270264	26.756467819213867	2	Live
11.925044059753418	-17.92474365234375	10	arm
5.561619281768799	-12.385772705078125	9	loves
-23.300729751586914	-8.967101097106934	10	portion
-28.3386173248291	3.1789488792419434	9	terrible
4.055769443511963	24.633392333984375	2	Summer
1.9155415296554565	-9.658842086791992	8	conduct
32.5851936340332	0.366362988948822	0	furniture
0.6051210761070251	-22.590089797973633	1	interface
2.184792995452881	25.573333740234375	2	Program
-12.018248558044434	-4.223141193389893	9	glad
-11.685284614562988	-17.545286178588867	1	factor
-9.089530944824219	-7.325283527374268	9	mistake
8.063719749450684	23.52896499633789	2	Price
-12.276158332824707	-4.952682018280029	9	lucky
27.775087356567383	-1.4559800624847412	10	string
-17.11260223388672	-7.973919868469238	3	reasonable
23.186277389526367	-12.364357948303223	1	kit
-23.74211311340332	2.6069557666778564	9	admit
8.318571090698242	25.63623809814453	2	Hall
33.57854080200195	8.357610702514648	7	alcohol
-19.459089279174805	28.883193969726562	5	Actually
-14.100785255432129	-5.759557247161865	9	opposite
-6.4060187339782715	29.50428009033203	5	Everyone
2.697573661804199	-17.973459243774414	3	reliable
-17.50286865234375	-8.839208602905273	3	practical
32.58966064453125	-1.3110649585723877	0	shipping
-0.8020178079605103	-22.28390121459961	1	resource
2.927367925643921	-14.867085456848145	9	tho
24.6754150390625	-4.238658905029297	9	luck
-22.065601348876953	-19.222787857055664	4	picked
25.80144500732422	18.867626190185547	5	Students
-1.7483795881271362	24.40288543701172	2	Lee
17.903539657592773	-11.211190223693848	3	valid
-9.908868789672852	30.833694458007812	5	Thus
11.60780143737793	25.68075180053711	2	Master
2.5669171810150146	-7.318549633026123	8	generate
-8.061649322509766	30.206111907958984	5	Very
18.278091430664062	-13.621444702148438	1	lesson
-21.09651756286621	-4.932356357574463	3	equivalent
2.4882073402404785	-16.029521942138672	3	senior
-28.11090850830078	7.9450507164001465	9	yeah
1.0735936164855957	32.465213775634766	5	Overall
7.349377632141113	-21.60495376586914	1	skill
-1.849364995956421	-13.955965042114258	9	lately
34.448631286621094	6.254645824432373	7	bowl
-1.5708463191986084	-20.451139450073242	1	expert
-0.5675055980682373	32.64069366455078	5	Wow
10.8436918258667	-17.417659759521484	10	tag
-1.6224360466003418	32.98380661010742	5	Should
10.734834671020508	-16.853851318359375	10	hosts
13.18289852142334	25.018699645996094	2	Site
-10.496238708496094	-11.226638793945312	3	convenient
5.079625606536865	30.84324836730957	5	Made
-20.602758407592773	2.2422375679016113	9	whenever
3.572636604309082	-15.897103309631348	3	weak
5.216261386871338	24.462196350097656	2	Kids
7.43742561340332	-16.219223022460938	9	acting
-6.6871867179870605	-17.944307327270508	10	listing
25.648527145385742	-9.639191627502441	1	layout
5.366318702697754	34.274391174316406	5	Would
24.547821044921875	0.6006984114646912	9	heaven
-8.66329574584961	22.279949188232422	2	Richard
-15.616765975952148	-11.440309524536133	3	ease
15.370438575744629	26.928171157836914	2	List
13.511417388916016	11.188958168029785	6	Asia
29.278865814208984	7.23875093460083	1	expectations
27.417551040649414	-7.810419082641602	1	lessons
10.142959594726562	-13.783804893493652	9	fuck
27.013090133666992	-12.340486526489258	0	availability
5.819459915161133	-18.678152084350586	1	handling
16.585172653198242	-15.043286323547363	10	requests
-28.33228874206543	2.2395615577697754	3	extremely
19.311996459960938	-10.98606014251709	9	fault
4.252042293548584	27.37421417236328	2	Play
6.662838935852051	35.0324592590332	5	Whether
6.565718650817871	-18.263538360595703	1	limits
-23.601943969726562	3.80976939201355	9	wonder
-24.541263580322266	4.036037921905518	9	thinks
0.6441983580589294	-13.610655784606934	10	counter
-8.159994125366211	26.32216453552246	2	Little
-15.848252296447754	29.889339447021484	5	Sure
21.37470245361328	-14.648170471191406	1	trend
-3.266120672225952	24.44104766845703	2	Ryan
31.055648803710938	-2.123073101043701	1	developers
6.873946666717529	-8.647397994995117	4	writes
9.991960525512695	10.848633766174316	6	foreign
-22.16219139099121	-18.403072357177734	4	requested
-30.659626007080078	8.635090827941895	9	elsewhere
28.872425079345703	-2.001922845840454	1	maps
34.09721755981445	-9.944110870361328	8	express
-3.0090208053588867	28.7309627532959	5	Beautiful
-21.39933204650879	4.916438102722168	5	whereas
-2.4310364723205566	-28.42333984375	0	consumer
-31.653194427490234	3.5323355197906494	3	variety
24.015409469604492	-17.796737670898438	0	trading
14.143993377685547	0.37074166536331177	7	foods
25.686277389526367	-19.58046531677246	0	brands
-8.755420684814453	-19.18416976928711	1	philosophy
-20.755584716796875	0.18233782052993774	9	rarely
-14.500178337097168	-4.063360691070557	9	worry
12.8882474899292	-19.441740036010742	10	remote
3.977191925048828	-23.8931941986084	1	designer
-10.195343971252441	-5.002739429473877	9	surprised
10.4198579788208	-8.075882911682129	4	displayed
29.599903106689453	9.207474708557129	10	rating
12.155945777893066	11.170985221862793	6	Western
32.88538360595703	14.388235092163086	10	password
15.932121276855469	-16.217636108398438	10	contents
-11.302082061767578	-7.782548904418945	9	fucking
4.93955135345459	-12.074965476989746	9	afraid
-17.60814094543457	-8.080317497253418	3	ultimate
-18.988677978515625	-4.563553333282471	3	decent
15.126263618469238	25.696369171142578	2	Guide
-21.044029235839844	-5.830265998840332	3	preferred
4.950565814971924	-22.260692596435547	1	craft
31.994544982910156	1.3821146488189697	0	toys
20.775653839111328	-16.41267204284668	1	regulations
13.092076301574707	-7.486823081970215	4	submitted
29.894590377807617	2.7629876136779785	10	deck
-0.7807413935661316	29.94661521911621	5	Easy
11.50866413116455	-17.124465942382812	10	matches
28.279081344604492	-8.659055709838867	1	module
-9.887518882751465	-14.841840744018555	3	exclusive
14.587576866149902	-13.884357452392578	10	stream
7.581939697265625	25.631738662719727	2	Room
-32.02970886230469	0.5959985256195068	3	corresponding
-15.637962341308594	-6.854780197143555	3	zero
-25.7310848236084	-11.227092742919922	1	requirement
-18.541730880737305	28.828712463378906	5	Really
-5.510148048400879	23.881383895874023	2	Dan
-14.424386978149414	29.309555053710938	5	Besides
17.156478881835938	24.89461898803711	2	Party
-6.814291000366211	-14.29183292388916	3	responsible
15.176599502563477	-15.918359756469727	10	bits
18.93903923034668	-14.746377944946289	1	guidance
34.68921661376953	-9.345481872558594	8	expand
14.503337860107422	24.95233154296875	2	Collection
-2.302351236343384	32.51426696777344	5	Hopefully
21.06595230102539	-13.418681144714355	10	destination
19.982149124145508	-9.710700988769531	10	hosting
24.82308006286621	-11.294251441955566	3	flexible
-19.40289306640625	-17.620742797851562	4	specified
-15.285202026367188	-8.282371520996094	3	familiar
27.287864685058594	-4.350974082946777	10	index
-2.1467247009277344	-22.719024658203125	1	functionality
17.788076400756836	-14.418675422668457	1	directions
29.16754722595215	8.196027755737305	1	errors
17.834569931030273	-10.724896430969238	3	minor
15.695853233337402	11.188044548034668	6	Australian
14.559242248535156	-0.08259990811347961	7	drinks
20.88197898864746	-15.195783615112305	1	expansion
5.581104755401611	34.93166732788086	5	Had
18.55257797241211	23.900379180908203	2	Games
28.214027404785156	8.990124702453613	10	permission
-21.494604110717773	-15.502423286437988	9	successfully
20.27202606201172	1.6005065441131592	7	vegetables
30.45211410522461	13.19653034210205	10	Linux
-20.57846450805664	-20.224607467651367	4	talked
12.516264915466309	0.19238169491291046	7	dish
-2.4337096214294434	28.738174438476562	5	Small
6.793069362640381	22.156753540039062	2	Shop
13.135783195495605	-19.701269149780273	3	external
23.748218536376953	-20.757078170776367	0	factory
0.4782530963420868	27.52967643737793	2	Happy
2.375368595123291	-18.057022094726562	3	efficient
-13.719066619873047	-5.073529243469238	9	correctly
0.019226739183068275	25.181171417236328	2	Line
1.2392644882202148	-17.680816650390625	3	comprehensive
3.3362293243408203	24.475276947021484	2	Star
30.701793670654297	4.506684303283691	10	fishing
-8.559246063232422	22.34962272644043	2	Andrew
34.462364196777344	-10.939022064208984	8	adjust
1.0053561925888062	-19.669998168945312	3	premium
30.852676391601562	9.997515678405762	10	buttons
4.662203788757324	26.74448585510254	2	Building
12.637903213500977	26.81964683532715	2	Friends
25.629234313964844	-20.094226837158203	0	manufacturer
-4.534812927246094	-22.28832244873047	1	concepts
-0.8528854250907898	26.70965576171875	2	Way
33.21820831298828	12.113687515258789	7	fridge
-18.273340225219727	1.0335232019424438	9	crap
15.15817642211914	10.381105422973633	6	Singapore
-16.396886825561523	-7.82033109664917	3	extreme
-12.736637115478516	-14.850160598754883	10	bonus
-14.476511001586914	-3.67585825920105	9	bet
3.587353229522705	-20.41727638244629	3	luxury
23.69388198852539	-7.162793159484863	10	tube
26.885221481323242	-0.44953393936157227	10	seconds
-2.257723808288574	-15.430572509765625	9	dad
34.54572296142578	-11.271239280700684	8	publish
-37.98906326293945	15.749207496643066	9	hence
6.343623638153076	-20.263385772705078	1	resort
6.8492045402526855	27.18511390686035	2	Name
25.655420303344727	-6.849893569946289	10	branch
10.729427337646484	25.851940155029297	2	Travel
3.283468723297119	-23.018949508666992	10	promotion
26.28287124633789	-9.467381477355957	1	arguments
-2.3678979873657227	26.456226348876953	2	Special
15.207534790039062	26.14753532409668	2	Class
-18.53367805480957	1.1926941871643066	9	nobody
3.7051515579223633	26.576618194580078	2	Link
-7.149428844451904	30.568029403686523	5	Never
5.857285976409912	25.731462478637695	2	Story
22.65668487548828	-17.213451385498047	1	packages
29.78648567199707	-2.231997013092041	1	employer
27.619821548461914	2.523660659790039	9	century
15.901123046875	-6.744501113891602	4	stored
8.810750961303711	35.36506271362305	5	Has
9.116453170776367	22.676286697387695	2	Market
28.44419288635254	3.929090976715088	10	folder
24.670780181884766	-21.035573959350586	0	manufacturing
-21.552820205688477	-4.388241767883301	3	exact
6.983680725097656	-7.5266547203063965	4	pushed
8.872288703918457	34.364925384521484	5	According
4.0805134773254395	27.28042984008789	2	Update
16.42286491394043	0.9822813272476196	7	dishes
18.623077392578125	-0.7025800943374634	7	bath
-20.474905014038086	-0.35912543535232544	9	horrible
-4.016045093536377	-21.151697158813477	1	mechanism
-37.18428039550781	16.252708435058594	9	unfortunately
-38.546043395996094	16.177173614501953	9	besides
30.727556228637695	13.767375946044922	0	Sony
-29.786361694335938	5.028656005859375	9	odd
-10.351676940917969	-20.870054244995117	1	usage
30.66913414001465	9.28864860534668	10	trailer
3.394807815551758	23.720319747924805	2	Kim
19.916841506958008	23.556339263916016	2	Code
14.52827262878418	26.17473793029785	2	Model
-18.240982055664062	-7.53703498840332	3	suitable
3.347046136856079	-24.082937240600586	1	provider
-4.062891483306885	26.743255615234375	2	Real
35.2485466003418	5.28136682510376	7	rice
-15.790460586547852	-9.994251251220703	3	superior
28.194477081298828	0.11365833878517151	10	crash
-12.221677780151367	-21.081464767456055	1	capabilities
0.08794933557510376	-6.972507953643799	8	implement
-0.04074864089488983	32.61295700073242	5	Currently
19.159114837646484	-15.033866882324219	1	guidelines
-17.458194732666016	-9.368586540222168	3	functional
4.032927513122559	30.60359001159668	5	Close
29.1132869720459	5.424374580383301	9	breath
14.410547256469727	9.62169361114502	6	Sydney
18.843311309814453	-20.44867706298828	3	affordable
-1.6926521062850952	28.096229553222656	2	Long
29.4208984375	-5.468852996826172	1	transportation
12.851740837097168	-15.313089370727539	10	chat
-8.476968765258789	-19.687362670898438	1	versions
17.231489181518555	-22.288637161254883	3	domestic
28.345155715942383	-0.7819878458976746	10	patch
20.715194702148438	-7.873265743255615	10	YouTube
-22.11818504333496	2.501339912414551	9	exception
-36.0384407043457	15.24240493774414	9	honestly
16.514516830444336	-21.610977172851562	10	steel
26.01691436767578	-10.71652603149414	1	scope
11.750677108764648	-18.555809020996094	10	segment
-30.06923484802246	5.607700347900391	9	silly
26.59437370300293	-8.951894760131836	1	weapon
-34.589576721191406	12.172958374023438	9	unlike
4.563038349151611	23.244630813598633	2	Dad
-6.798604965209961	30.198617935180664	5	Always
28.964929580688477	3.5357203483581543	10	bug
31.59224510192871	14.316969871520996	0	Samsung
25.03291893005371	-20.572864532470703	0	retail
14.82512092590332	24.4854736328125	2	Gallery
26.87248992919922	-10.825820922851562	1	regulation
18.18030548095703	-15.483152389526367	1	template
-13.860875129699707	30.125417709350586	5	Apparently
27.1994571685791	-2.1690187454223633	10	tags
-3.5225203037261963	26.59501838684082	2	Super
1.9397414922714233	-18.97399139404297	3	competitive
4.898897171020508	24.654949188232422	2	Living
6.741049766540527	-17.420413970947266	1	applying
-36.22856140136719	16.237058639526367	9	hardly
7.536615371704102	22.248825073242188	2	Product
16.974014282226562	26.569568634033203	2	Location
-5.10020112991333	24.1707706451416	2	Kelly
-19.106895446777344	-18.74589729309082	4	modified
-4.258899688720703	-16.574790954589844	9	phrase
26.448524475097656	7.399137020111084	8	delete
16.333120346069336	-20.127117156982422	3	raw
8.968989372253418	32.80503463745117	5	Learn
28.351091384887695	2.67869234085083	10	tournament
9.897517204284668	24.06751251220703	2	Software
22.239459991455078	-4.950794219970703	1	translation
16.662303924560547	-18.042430877685547	10	flower
22.688350677490234	-12.848328590393066	1	assembly
28.988298416137695	10.935924530029297	9	injured
21.48887825012207	22.089000701904297	2	Table
11.859798431396484	24.534934997558594	2	Garden
28.788013458251953	8.369368553161621	1	mistakes
-8.261500358581543	27.665294647216797	5	Perfect
11.018059730529785	27.519779205322266	2	Writing
11.612569808959961	27.187360763549805	2	End
-11.24405574798584	-6.370296955108643	9	shame
30.780654907226562	3.993816614151001	10	pets
24.326242446899414	21.3201961517334	5	Choose
12.953597068786621	-7.128775119781494	4	drove
33.506446838378906	-11.186259269714355	8	blow
9.811091423034668	26.183002471923828	2	Public
19.154434204101562	25.092748641967773	2	Drive
-22.96635627746582	0.7026793360710144	9	consistently
31.425628662109375	5.3388519287109375	10	servers
30.46212387084961	10.64579963684082	10	URL
12.861334800720215	-2.3841567039489746	7	cooked
26.37575912475586	-2.3572027683258057	10	tab
-7.175015926361084	-15.40456771850586	3	principal
26.209165573120117	18.113128662109375	2	Date
2.035327196121216	24.28200340270996	2	Style
31.528722763061523	-2.659114122390747	0	contracts
-18.061080932617188	-16.8394718170166	3	applicable
30.35903549194336	10.054545402526855	10	directory
33.626625061035156	-9.284891128540039	8	trigger
13.82360553741455	25.42345428466797	2	Sports
25.9451847076416	-14.8095064163208	0	ships
26.254863739013672	18.632078170776367	2	Quote
-3.1584043502807617	24.277254104614258	2	Anna
11.117989540100098	-12.729442596435547	9	willing
7.072159767150879	-22.101341247558594	1	instruction
30.38344955444336	-2.729588508605957	1	developer
20.166532516479492	-10.874002456665039	10	complaint
12.468160629272461	-12.622549057006836	3	temporary
30.55109977722168	11.506975173950195	10	episodes
25.524717330932617	-10.991548538208008	1	flexibility
13.152447700500488	-14.796183586120605	10	pin
3.2636945247650146	-9.422039031982422	8	suffer
19.206083297729492	-10.915886878967285	9	wishes
-5.200178146362305	28.213695526123047	5	Simple
-0.9182164072990417	-19.769969940185547	3	pro
26.25910758972168	-19.867839813232422	0	manufacturers
28.21051025390625	-0.11086706817150116	10	rank
19.80763816833496	23.98021125793457	2	Tips
24.15221405029297	-15.0579833984375	10	container
-10.792837142944336	-18.23866844177246	1	scenario
15.940403938293457	-12.469120979309082	10	broadcast
9.56522274017334	23.148759841918945	2	Marketing
20.86249542236328	-10.22183609008789	10	accident
18.561674118041992	-9.992671012878418	9	TRUE
-4.710648536682129	23.891647338867188	2	Amy
11.180279731750488	26.999300003051758	2	Type
4.734361171722412	33.58226776123047	5	Yesterday
12.234076499938965	-8.652875900268555	4	retired
31.21600341796875	-2.788853406906128	1	designers
14.146491050720215	27.070810317993164	2	Staff
15.101892471313477	12.2691650390625	6	Asian
-11.094411849975586	30.224702835083008	5	Whatever
12.8318452835083	-2.8178343772888184	7	ate
25.933853149414062	9.696656227111816	4	suffered
27.91033935546875	1.5618997812271118	10	actor
25.570178985595703	-20.584428787231445	0	pricing
34.28840637207031	5.230801105499268	7	pizza
-9.731395721435547	-11.508949279785156	3	elegant
21.2963809967041	-15.936988830566406	1	managers
29.20594024658203	-6.040832042694092	1	provisions
-0.3915935456752777	31.85395050048828	5	Looking
5.178715229034424	-15.269107818603516	3	handy
-21.632596969604492	-9.427227020263672	10	mini
3.2192301750183105	-16.029743194580078	3	conservative
-9.38894271850586	-11.799036979675293	3	ordinary
-5.744629859924316	-4.877478122711182	9	rush
0.7331461906433105	25.87879753112793	2	Jane
34.762855529785156	5.768537998199463	7	sauce
2.3302807807922363	26.29254913330078	2	Learning
9.749837875366211	24.488306045532227	2	Studio
7.928859710693359	35.0950813293457	5	Recently
25.410476684570312	19.618961334228516	5	Write
16.415327072143555	-21.41903305053711	3	outdoor
-3.067070484161377	26.821636199951172	2	Fun
1.3777015209197998	-7.814754486083984	8	introduce
7.582361221313477	-16.079618453979492	10	searching
26.345027923583984	7.080835342407227	8	upload
6.979299068450928	21.732328414916992	2	Products
30.399452209472656	-5.171213150024414	1	amenities
30.817617416381836	12.106815338134766	10	ratings
29.33391761779785	9.940999984741211	1	tutorial
15.676023483276367	-6.600430488586426	4	hosted
19.326627731323242	-20.628740310668945	0	cheaper
33.17204666137695	15.173055648803711	2	permalink
23.179725646972656	-5.501848220825195	3	romantic
-5.023720741271973	-4.725184917449951	9	suck
-21.758024215698242	6.220727443695068	9	LOL
13.97183895111084	24.146242141723633	2	Manager
18.055477142333984	-19.524917602539062	3	convenience
-9.436408042907715	31.209531784057617	5	Usually
13.368229866027832	27.188648223876953	2	Test
31.44754981994629	6.838163375854492	0	dealer
-28.461681365966797	7.207840919494629	9	kinda
30.55280303955078	1.5756186246871948	10	gaming
26.902339935302734	-19.282543182373047	0	buyers
10.744245529174805	-8.630200386047363	4	expanded
-18.388399124145508	-6.15413236618042	3	superb
-7.974358081817627	-14.570345878601074	3	generic
29.10009765625	-3.3439223766326904	10	copies
4.461878299713135	-11.638643264770508	9	tend
26.504201889038086	9.736496925354004	4	rated
8.073573112487793	33.382205963134766	5	Want
23.711727142333984	-15.737801551818848	10	toy
20.818218231201172	22.5247859954834	2	Tour
27.154638290405273	-9.0489501953125	1	array
1.1638193130493164	-10.24287223815918	8	insert
12.586113929748535	25.915800094604492	2	Dean
22.649229049682617	1.4857956171035767	7	toilet
14.538277626037598	22.702491760253906	2	Sales
-19.754535675048828	-5.589424133300781	3	acceptable
32.815635681152344	-0.26721563935279846	0	packaging
8.945459365844727	27.404098510742188	2	Hot
18.917198181152344	-1.6514376401901245	7	sink
23.93071746826172	-5.2885212898254395	3	offensive
33.70841598510742	8.135696411132812	7	knife
29.95557403564453	4.5876970291137695	10	fingers
1.5367871522903442	32.20088195800781	5	Excellent
33.964393615722656	7.498978614807129	7	chips
5.400822162628174	-23.520444869995117	0	quantity
-5.708794116973877	23.640871047973633	2	Andy
5.573359966278076	-12.323136329650879	9	disappointed
24.575069427490234	-16.718950271606445	0	consumption
33.76619338989258	-9.032207489013672	8	mount
29.425411224365234	13.13282299041748	1	languages
15.214814186096191	24.685468673706055	2	Box
32.80946350097656	12.339081764221191	7	glasses
17.163591384887695	0.9136117100715637	7	soup
7.060321807861328	22.049766540527344	2	Store
6.192300319671631	-15.039888381958008	9	safely
30.388254165649414	14.24364185333252	2	Java
18.508033752441406	11.143872261047363	6	Philippines
26.420713424682617	-6.7025604248046875	10	frames
29.814908981323242	-0.9814233183860779	10	controller
-2.121265411376953	-6.987477779388428	8	utilize
31.245424270629883	7.155657768249512	0	magazines
29.498214721679688	14.564891815185547	6	Vietnam
12.27985668182373	-15.04574966430664	10	twist
-12.944658279418945	-14.805437088012695	10	loads
7.505878925323486	33.10150146484375	5	Used
8.96809196472168	23.599437713623047	2	Car
2.0830142498016357	-7.390697956085205	8	modify
5.919990539550781	-15.981061935424805	10	recommendation
30.30810546875	2.592397689819336	1	makeup
14.10777473449707	25.637542724609375	2	Space
-26.404254913330078	-6.6137495040893555	1	capability
-0.7549842596054077	-21.648452758789062	1	utility
27.76924705505371	6.377792835235596	8	ban
18.038103103637695	0.619482159614563	7	dining
8.932097434997559	33.35517883300781	5	Enter
22.668991088867188	-6.085960865020752	10	horror
18.09014892578125	25.3876895904541	2	Cook
15.368536949157715	-19.579294204711914	3	adorable
29.64061737060547	11.322992324829102	10	stroke
26.53801918029785	4.418490409851074	2	DIY
1.5088341236114502	-27.032508850097656	8	import
28.5002498626709	9.202186584472656	9	patience
4.257779598236084	24.93744468688965	2	Daily
-19.564979553222656	-4.625702857971191	3	relatively
22.8492374420166	-10.507261276245117	10	shell