x	y	effect_size
39.09477615356445	-4.77886438369751	-0.8234710296989197
38.36286926269531	-5.523331165313721	-0.838121671464771
41.53511047363281	-2.9816229343414307	0.9420216848630584
41.19239044189453	-3.359421730041504	0.8694903772207102
38.278228759765625	-4.995915412902832	-0.7882322230003707
42.2342529296875	13.627925872802734	-0.9889145785714504
41.1560173034668	11.662989616394043	0.9979677302408828
41.50545120239258	13.187614440917969	0.8787499859405763
44.46603012084961	2.884108543395996	-0.6325821052790739
43.93534851074219	2.0424747467041016	0.5707727207714357
41.72170639038086	11.19581413269043	-0.5222319086412313
38.90949249267578	17.095684051513672	0.5394075513895674
43.75461196899414	3.071099042892456	-0.7143465224388587
38.89924621582031	17.119976043701172	0.0796117612261166
43.41368865966797	2.029010534286499	0.8662519551108196
42.23606491088867	-2.5019681453704834	1.0423604969358178
1.1454730033874512	12.667019844055176	0.0874929074054082
-0.692116916179657	-3.3164470195770264	-0.3190181726675611
-18.177488327026367	-9.070320129394531	-0.5775195183254934
-30.80024528503418	10.395768165588379	-0.3996288071872292
4.023195743560791	13.21513843536377	-0.2245984376654244
4.965194225311279	1.3033952713012695	-0.3637697871640792
-19.676454544067383	-10.298781394958496	-0.2839999798500626
6.005471706390381	10.269410133361816	-0.3913864583887649
-36.14995574951172	-19.6573543548584	-0.4919194863875225
13.121854782104492	10.882604598999023	-0.4438435484424324
-18.913484573364258	-9.86117935180664	-0.0932933840478314
-10.755247116088867	9.338728904724121	-0.2278817171400474
-19.333539962768555	-7.938642501831055	-0.1466110248243693
-36.87165451049805	-19.320701599121094	-0.7006253261301972
1.0464307069778442	16.366670608520508	-0.165241269946989
11.52875804901123	3.8353970050811768	-0.2926648931138713
-19.78185272216797	-14.73015022277832	-0.4652165173291031
-24.82293701171875	-14.566902160644531	-0.2241418925841661
-3.141580820083618	-1.1470574140548706	0.2370959864485735
-16.549287796020508	-10.628594398498535	-0.3659282097970247
8.146934509277344	6.194182872772217	-0.4685073923444409
-37.101341247558594	-19.727638244628906	-0.4530163614015099
1.3655788898468018	-0.6780109405517578	-0.1483532398525863
0.4078281819820404	6.548401355743408	-0.4752216528296726
-19.01308250427246	-11.857948303222656	-0.3708603375335881
5.038686752319336	19.637834548950195	-0.2954514846392876
14.84614372253418	21.91819190979004	-0.7566946578266284
3.9660356044769287	11.465664863586426	-0.3128381353624454
-2.194091796875	6.8921308517456055	-0.2709839807812462
17.235382080078125	7.739209175109863	-0.4374503428169466
13.428139686584473	10.592031478881836	-0.3666600268670669
0.9179873466491699	13.30688762664795	0.2231103881661031
22.429105758666992	4.2150349617004395	-0.3672563558077322
-22.877906799316406	-10.042562484741211	-0.4028274367472225
4.0768961906433105	20.54052734375	-0.3578426900686836
-5.689526081085205	-30.34400749206543	-0.4558212716536353
-37.49427795410156	-20.077396392822266	-0.4698915176183999
10.334209442138672	5.398331165313721	-0.2783190810751522
25.927703857421875	17.60285758972168	-0.264834265814167
7.745169162750244	-5.778034687042236	-0.0650696508816239
5.126138210296631	10.713659286499023	-0.3388370032176135
9.94379997253418	11.33430290222168	-0.2171300534821925
3.5283801555633545	17.709461212158203	-0.4336768478915309
-11.971144676208496	4.068305015563965	-0.4250808292303651
10.159270286560059	-3.9259862899780273	-0.3158501273772511
-2.691178798675537	24.082698822021484	-0.4322959531999361
-43.576297760009766	-28.647109985351562	0.0479435304425621
-37.008750915527344	-20.95676612854004	-0.5714568626288908
-20.709781646728516	-14.763781547546387	-0.6681831828387876
39.740821838378906	-4.802580833435059	-0.8072944110628001
20.00461196899414	11.452220916748047	-0.3211122731390652
-11.502141952514648	4.768689155578613	-0.3511330000082751
9.707023620605469	8.438464164733887	-0.3593117124906539
8.096219062805176	12.217297554016113	-0.0148443239305301
3.07895827293396	15.735023498535156	-0.0019027499868204
14.753915786743164	22.87301254272461	-0.8227999004402704
-35.29336166381836	-33.93989562988281	-0.7957890378488034
-0.8063256144523621	17.46266746520996	-0.3948046020703678
-44.28196334838867	-29.0235595703125	0.2047810116968169
-12.343098640441895	7.759860038757324	-0.328605048096472
-13.747881889343262	-11.04306411743164	-0.6380595939742435
-36.762332916259766	-22.95905303955078	-0.2394054548548526
-1.1179511547088623	25.445707321166992	-0.3533275901230465
16.999637603759766	22.0361270904541	-0.6823563592118725
6.128122329711914	19.753925323486328	-0.4995825590616089
1.7448487281799316	14.549982070922852	-0.1106789215074357
-29.069435119628906	-4.684327602386475	-0.9210081559749282
-21.297725677490234	-10.138274192810059	-0.4867151738237635
0.20244549214839935	4.181023597717285	0.1677504935197441
-0.17855077981948853	19.470375061035156	-0.3465825859792479
1.0911145210266113	12.418537139892578	0.0277536856292568
6.603297233581543	-17.369028091430664	0.3723802337400965
-44.81333541870117	-29.074573516845703	-0.0308510130479771
22.11041259765625	3.961421251296997	-0.3963101637330754
5.8123626708984375	17.25766372680664	0.4721936697767667
-14.565482139587402	24.17740249633789	-0.154833561339143
-8.664807319641113	6.436736106872559	-0.2397924958350593
-23.072084426879883	-12.439253807067871	-0.2898933461091439
-0.8560436964035034	17.133352279663086	-0.272486020162125
20.21426773071289	13.038634300231934	-0.3025925265266705
-22.875837326049805	-14.955141067504883	-0.6949426359278118
7.937167167663574	9.569049835205078	-0.2640656620979438
-25.0362548828125	-0.1719026416540146	0.0939408685262838
-17.567310333251953	-11.534838676452637	-0.4802314679131769
-15.0612211227417	-15.002524375915527	-0.3036896462225389
-39.72933578491211	-30.473705291748047	-0.1782173243758358
-45.33287048339844	-29.332378387451172	-0.0391753183287147
-16.772907257080078	-10.704591751098633	-0.4602152164122202
-37.82322311401367	-21.00211524963379	-0.5305496403627409
-0.06889808177947998	36.669593811035156	-0.2631306291871906
-6.979956150054932	30.426631927490234	-0.1162956141344094
2.2302656173706055	14.752558708190918	-0.235939085509569
-21.498571395874023	11.200907707214355	-0.4069576121965503
-27.384849548339844	-14.376134872436523	0.3362526275235125
-35.90162658691406	-33.93263244628906	-0.3627364616367468
10.85459041595459	18.557641983032227	0.1153317031077311
9.389505386352539	21.99357795715332	0.0415752805466977
-20.4689884185791	-18.37602424621582	-0.5306562789115683
3.611875534057617	9.216182708740234	-0.5693167808493099
-35.2225456237793	-33.93733215332031	-0.5336677527898094
-2.6781578063964844	11.942120552062988	-0.3038340350279828
-21.472484588623047	-10.410087585449219	-0.3169144276143765
20.735057830810547	-21.216915130615234	-0.3497344794744793
-38.60478973388672	-21.434005737304688	-0.5558875949358549
-18.982017517089844	-13.498461723327637	-0.3451215123711335
-35.229942321777344	-20.48255157470703	-0.4410833267948275
-22.663602828979492	-10.84504508972168	-0.5215952576375135
-31.731386184692383	10.012273788452148	-0.6644085086865632
4.996153354644775	-0.7528197169303894	-0.3281376935323691
-11.376967430114746	14.926749229431152	-0.301423851631973
15.874505043029785	20.550697326660156	-0.4711413293197133
-4.42880392074585	4.425874710083008	-0.2259738550991231
-14.029486656188965	-20.13965606689453	-0.3679456615574154
-14.099446296691895	4.985198497772217	-0.2372955170328037
10.018904685974121	15.430167198181152	-0.2236203257187274
-37.81046676635742	-21.836458206176758	-0.2487501361318305
-20.646677017211914	-21.9423770904541	-0.1982146193099036
9.160782814025879	14.112494468688965	-0.1361931068810221
24.423147201538086	32.9686279296875	-0.9731075236843598
-45.98715591430664	-29.352581024169922	-0.1677742711967972
-21.13388442993164	-15.56460952758789	-0.446095059675598
-23.99408531188965	-7.851724147796631	-0.7590492558821866
17.295269012451172	-8.698613166809082	0.3345438003434169
5.864576816558838	12.606197357177734	-0.2668240027133962
22.7180118560791	4.4792866706848145	0.0375837154212176
-9.926563262939453	25.644426345825195	-0.2899391704377108
-3.1832611560821533	17.223512649536133	-0.7510035527937658
-5.331736087799072	-21.359281539916992	0.5131229115316933
-37.85828399658203	-23.322179794311523	-0.2601625526648734
-9.318887710571289	-25.441898345947266	0.5428440962356788
4.88690185546875	1.3003456592559814	-0.4317939567374805
31.5018367767334	12.805828094482422	-0.6613103708417101
0.17524290084838867	3.1925647258758545	0.0345432620228377
-23.24463653564453	-13.64718246459961	-0.2684733310058246
-19.501150131225586	-12.162330627441406	-0.1890013125996194
-13.836030006408691	6.427450656890869	-0.4136240443035738
13.884608268737793	7.465428829193115	-0.2502353038063336
6.869513034820557	12.721078872680664	-0.0365025879966766
-19.927465438842773	-15.88461685180664	-0.6809731154177504
15.72874641418457	-3.410177707672119	0.3056310219437175
-36.07205581665039	-24.72516441345215	-0.338687360103173
-8.05792236328125	7.657220840454102	-0.169124206878314
-10.3424711227417	21.4348087310791	-0.3194092260334141
18.878570556640625	7.799127101898193	-0.2589879012478197
-7.9851250648498535	5.6119794845581055	-0.0923117692953515
16.60240936279297	-14.91777229309082	-0.2345970630433124
-11.663076400756836	-6.059114933013916	-0.3643657308735296
4.930045127868652	14.355024337768555	-0.098473305430811
10.016146659851074	11.856409072875977	-0.4800091625379097
-26.151456832885742	-15.098220825195312	-0.0233954816505054
-15.889260292053223	-18.212373733520508	-0.2285171417445041
11.158205032348633	-2.4751930236816406	-0.0371445244589196
15.411966323852539	-20.341842651367188	-0.516730144881353
7.9593987464904785	-6.353184700012207	-0.288373037170718
13.487318992614746	-7.3792724609375	-0.2950451541398016
3.684650421142578	18.610963821411133	-0.4581333207880619
40.672813415527344	-3.9955549240112305	0.9230477995992244
-10.411126136779785	-1.8648689985275269	0.0506759925385323
-4.202993869781494	23.27621841430664	-0.6513787894827603
40.79741287231445	4.700793743133545	0.1023762517376315
8.999164581298828	20.88025665283203	0.1787048181674801
-43.12239074707031	-28.321781158447266	-0.0870413080316194
10.784220695495605	14.556328773498535	-0.2363693682136343
2.6198642253875732	-3.5121421813964844	-0.2037639830744213
-17.305830001831055	-8.224353790283203	-0.6315314803933687
-6.389255523681641	-15.488080024719238	-0.295160368761427
13.629512786865234	10.0948486328125	-0.508219442063676
-10.074759483337402	7.1383771896362305	-0.1202500548914146
-31.534080505371094	10.076744079589844	-0.6283530543651626
-11.506095886230469	6.552567481994629	-0.0305780762816392
-36.980350494384766	-24.26875114440918	-0.0303353948432264
2.6237828731536865	4.534404277801514	-0.3452915381201702
1.8055005073547363	19.4158935546875	-0.4472336145071027
-24.305686950683594	-14.201345443725586	-0.1956908815357743
-19.459857940673828	19.046350479125977	0.1157613383679125
0.3998167812824249	-21.515701293945312	0.0725579058156605
-39.001609802246094	-23.208574295043945	-0.3167749154281101
-38.48919677734375	-22.21100425720215	-0.4201935031840893
19.813417434692383	-21.46103858947754	-0.3229300810392308
27.542333602905273	-4.407505512237549	-0.531147449888983
-10.159098625183105	17.982887268066406	-0.145531295455656
-35.61716079711914	-25.65373992919922	-0.1579280294904799
11.787139892578125	29.827926635742188	-0.2237434584146735
0.12757699191570282	-24.662487030029297	-0.0223179136126867
-12.907512664794922	32.17827224731445	-0.1645498297423767
-21.595247268676758	1.6471003293991089	-0.0996072988726699
-3.3697586059570312	-18.814884185791016	0.258769480297408
2.5193867683410645	20.279254913330078	-0.3914798823129027
-3.528977155685425	25.60472297668457	-0.3099398476120107
-46.419612884521484	-28.781349182128906	-0.2360542777377808
-31.07878303527832	-21.06308937072754	-0.3036243664296325
12.55931282043457	32.19149398803711	0.1865539680916944
7.414221286773682	17.892719268798828	0.1314275631860919
22.434371948242188	12.241291046142578	-0.549973018579677
3.7157344818115234	13.078431129455566	-0.2940555094928035
-19.834922790527344	5.551527500152588	-0.2590376881740953
-26.420164108276367	-9.899314880371094	-0.8422468901985566
-11.201305389404297	9.354508399963379	-0.307840949782423
2.18320631980896	13.000600814819336	-0.3185532888969611
0.4893825352191925	6.542153358459473	-0.5135759494427651
35.30353927612305	5.424139499664307	0.1131228485603658
26.573644638061523	33.090675354003906	-0.7335879830535235
-1.992916226387024	25.694334030151367	-0.4844636160680143
23.870141983032227	20.302013397216797	-0.905997779920064
7.045614719390869	31.543481826782227	-0.0129630392529567
-6.371589183807373	23.780763626098633	-0.7687389412304003
7.861976623535156	-17.057645797729492	0.0673832579657803
-31.904340744018555	-1.0934762954711914	-0.4522704920367252
-15.553295135498047	-10.210814476013184	-0.1064596963306764
5.689911365509033	12.631372451782227	-0.2739970520813061
-9.398630142211914	-10.794862747192383	-0.2734700574416303
1.4887887239456177	-0.2409585863351822	-0.3154810454335338
18.50846290588379	11.897848129272461	-0.2931420010360058
18.50113868713379	9.84589958190918	-0.2171536054466448
40.98099136352539	7.031522750854492	0.4187031476971533
-9.504256248474121	27.9040584564209	-0.0328735881695591
-20.415246963500977	28.05193519592285	-0.5436317716948156
-21.091060638427734	-12.03324031829834	-0.4357750849787482
9.416377067565918	9.078633308410645	-0.2776365661792538
-3.1428565979003906	15.58887767791748	-0.422290455898527
-7.566647529602051	-34.099205017089844	-0.1799311859514623
-13.533819198608398	5.314380168914795	0.1625510460934939
15.439931869506836	-20.365060806274414	-0.2720584110914348
19.56965446472168	17.308345794677734	0.0067902153451445
-3.4420080184936523	31.98487663269043	-0.4500740048866985
5.710362434387207	-31.321504592895508	-0.117366502772989
14.948472023010254	3.3252129554748535	-0.2974750848355177
5.677530765533447	19.9566650390625	-0.2345384246997643
-39.34675598144531	-19.83745002746582	-0.1938732918600302
0.8463583588600159	16.294261932373047	0.0599881195094861
-41.6986083984375	-31.854726791381836	-0.1991000411531449
7.990911960601807	16.486148834228516	-0.3244140887312168
39.062583923339844	-7.704016208648682	-0.9347848169616432
2.2093894481658936	-30.607894897460938	-0.3745111035227728
18.349367141723633	-7.452337741851807	-0.1892928637834758
9.343692779541016	2.886826992034912	-0.1493330757675278
-18.973608016967773	-14.7982816696167	-0.1689286477696675
0.47398263216018677	-5.826073169708252	-0.2569913620872333
-40.807308197021484	-31.98603057861328	-0.0753427337331471
24.63808250427246	7.822070121765137	-0.1029097740920543
11.35908031463623	-5.597634792327881	-0.2255910648924817
9.386241912841797	17.740802764892578	-0.2549830751722654
-13.247769355773926	8.99970531463623	-0.3211175453811665
-32.6458854675293	-25.158294677734375	-0.3952728253658872
4.750626087188721	26.468870162963867	0.018178655967865
-25.052993774414062	-0.21655339002609253	0.1617490234373596
5.055304527282715	3.9506120681762695	-0.2409954716553735
-41.32878875732422	-31.35890007019043	-0.0702505653648565
-37.825626373291016	-25.134620666503906	0.0999106630695706
-38.592506408691406	-24.16252899169922	-0.1485269490564922
2.589949369430542	17.36348533630371	-0.3458341198279964
-5.075423240661621	24.218006134033203	-0.4004582214199676
-19.83493423461914	-16.652667999267578	-0.8323551796750415
-39.42533493041992	-23.99064826965332	-0.2420394984268052
-5.786134719848633	-21.528610229492188	0.4639314236010707
-38.025238037109375	-24.475074768066406	0.0687406148347463
6.239277362823486	2.4331347942352295	-0.2448250389554633
-9.775657653808594	-0.5601069331169128	-0.4565613035461675
-30.431211471557617	18.449033737182617	-0.9519352227902352
-1.031727910041809	15.299593925476074	-0.1996195806916669
-36.482666015625	-25.53714370727539	-0.4050510988819594
18.810672760009766	3.9665863513946533	-0.2938116202074475
25.930761337280273	18.077539443969727	-0.0978164147499334
7.475481033325195	4.06097936630249	-0.1426313030604337
17.439605712890625	23.249862670898438	-0.1637151492499516
19.279272079467773	-26.750722885131836	0.3296610113051025
30.250150680541992	-7.57053279876709	0.3212443857796791
6.405312538146973	21.918981552124023	-0.2884027677851309
5.396714210510254	11.091266632080078	-0.2452460039056214
-4.494272232055664	28.317102432250977	-0.2192644404706739
-0.24058251082897186	10.734556198120117	-0.4854885865380871
-5.375706672668457	-34.74708938598633	-0.8706796027268413
-30.788543701171875	-26.25274085998535	-0.5955131321111339
-12.7588529586792	25.001644134521484	0.32526249005502
8.067505836486816	11.052356719970703	-0.1962963576212051
-15.473066329956055	-12.40875244140625	0.4028423979295386
33.718544006347656	2.8411240577697754	0.0665879430254194
27.6228084564209	6.549379825592041	0.0660889390865118
-15.801813125610352	-31.53716278076172	-1.1427724094095484
26.285871505737305	-19.18315887451172	0.4442502578044707
-42.648155212402344	-31.462739944458008	-0.1444666264347062
12.671388626098633	-2.149507761001587	-0.4277580727845959
28.283401489257812	19.485509872436523	-0.3060289537972995
8.839207649230957	8.890965461730957	-0.2480781010373911
3.9528307914733887	-3.986633539199829	-0.5922857556818845
26.28592872619629	-14.902275085449219	0.1962073035115724
-36.99611282348633	-26.445133209228516	-0.373325945239779
-15.279704093933105	7.055347919464111	0.088982156485387
-33.41769027709961	9.02409839630127	0.0995306146879065
-1.9480875730514526	2.60176682472229	-0.1668405018795466
-23.845722198486328	-11.443351745605469	-0.5008114414903284
23.961782455444336	-14.210989952087402	-0.2209254033476342
-41.171810150146484	-32.6224365234375	-0.2112207169643799
18.02245330810547	27.656715393066406	-0.2507852404764479
-0.9734585285186768	-10.268768310546875	0.2131584153306401
9.362627983093262	10.338519096374512	-0.5454168484875214
-22.083837509155273	10.411654472351074	-0.6003302496094185
1.2775259017944336	-15.565157890319824	0.3771217677732217
2.17254900932312	-30.668582916259766	-0.666806242670925
-44.040592193603516	-14.752551078796387	-0.6485752759910408
13.615132331848145	-7.432446002960205	0.0640104843138858
31.625394821166992	8.759647369384766	-0.5046311288734842
-8.897486686706543	26.083354949951172	-0.1325872672665502
30.048816680908203	-7.377094268798828	0.4888227635702664
14.104660034179688	20.867969512939453	0.4864527979693298
39.539886474609375	14.465694427490234	0.8675730287710973
-5.7549943923950195	-36.209564208984375	-0.1329499636515401
16.481935501098633	-2.4734747409820557	-0.326342719866439
-4.534477710723877	10.201906204223633	-0.3190880994823916
-0.04120565578341484	29.272424697875977	0.4442279760887678
-21.12845802307129	28.28360366821289	-0.3382906079796953
-14.705594062805176	24.228530883789062	-0.140331909978485
24.593820571899414	10.703560829162598	-0.2226481267882873
20.786460876464844	11.466350555419922	-0.3307207128658965
5.721388816833496	5.410303592681885	0.1108279446973908
-5.60604190826416	-30.466569900512695	-0.4707497503048402
-10.155996322631836	-21.277854919433594	-0.2026813508854702
12.637404441833496	32.225921630859375	-0.0914411778720956
-42.08757400512695	-31.143680572509766	-0.0244787951611609
-24.4589786529541	-11.267926216125488	-0.3787317498220411
9.32166576385498	4.552610874176025	0.2168461501282871
-4.4365763664245605	10.189281463623047	-0.4575644158857604
11.205015182495117	18.3104190826416	-0.1020780280939033
-19.889501571655273	-13.084924697875977	-0.3693999973171389
7.1900105476379395	14.482529640197754	-0.280454476493388
4.263976097106934	33.974884033203125	-0.5995803602308084
-46.932373046875	-29.37191390991211	-0.2532751968442809
-17.537145614624023	-15.488714218139648	0.4199532803410929
9.221384048461914	6.329712867736816	-0.4293673412371996
-42.182220458984375	-32.22035217285156	-0.1050638043223085
-29.770977020263672	10.916155815124512	-0.7686198465270587
8.965641975402832	14.306933403015137	-0.1691284247126802
15.52325439453125	7.504450798034668	-0.090550551947354
13.51675033569336	4.445821285247803	-0.3824969858211165
-6.514521598815918	-16.075286865234375	0.5154793668699922
-39.11249542236328	-24.93145751953125	-0.2262696907180759
17.019460678100586	5.6049017906188965	-0.4942588636885194
19.71309471130371	-8.593450546264648	-0.3429229609221373
-21.270709991455078	12.26427936553955	-0.2377251571064884
30.532878875732422	12.471774101257324	-0.5058184081616944
-42.84370422363281	-32.681495666503906	-0.1951344316607202
41.45024490356445	3.1351065635681152	0.1543286629944222
-14.504308700561523	-2.23287296295166	-0.1242282465836441
10.831400871276855	8.26025104522705	-0.3284914497587961
-42.24241638183594	-32.89213943481445	-0.1342676106416843
16.442346572875977	9.48723030090332	-0.3725833814014844
10.290544509887695	-4.633028030395508	-0.0037796499088851
-34.87973403930664	-9.054618835449219	0.1242745254079375
-5.4131083488464355	30.431608200073242	-0.1791127417344417
11.66360855102539	13.461795806884766	-0.6181922591978113
21.781335830688477	-19.15726089477539	-0.0955401077735043
-19.253814697265625	28.522531509399414	-0.386100349343602
10.765493392944336	24.819684982299805	0.4707596179404906
4.665666103363037	9.595856666564941	-0.4894107333345254
-43.03802490234375	-32.034095764160156	-0.1478389239067088
12.631057739257812	22.90801429748535	-0.1290619432302281
11.31878662109375	21.316837310791016	0.4125307107497885
1.1621897220611572	-15.525566101074219	0.4547576200584849
26.205402374267578	-19.280839920043945	-0.1046839638494542
-41.64838409423828	-33.04820251464844	-0.2251172995977969
-3.3025741577148438	6.889898300170898	-0.1164004699878811
-17.52472686767578	-2.9847028255462646	-0.0818222925489315
-6.242616653442383	-22.257709503173828	-0.1834566235840223
15.15198802947998	1.0537290573120117	-0.1574764026553387
-4.280000686645508	10.927985191345215	-0.331038488707305
-28.665098190307617	-18.97399139404297	-0.9137858983822076
11.300779342651367	1.0210225582122803	0.0109176179798098
-13.440088272094727	-18.41458511352539	-0.1584454741921468
-21.97199249267578	-11.707839965820312	-0.1494529591000252
-6.925873279571533	23.805255889892578	-0.8713637167754483
35.53120040893555	5.5343756675720215	0.2943590270289317
-38.741661071777344	-25.684160232543945	-0.3614597131067666
24.397233963012695	32.97287368774414	-0.900888970126636
-14.075691223144531	28.898847579956055	-0.176873383740537
-6.442132472991943	6.61723518371582	-0.2239756588988756
-3.5613725185394287	14.661249160766602	-0.1030464748925805
6.614831447601318	-32.41083526611328	0.01625851630331
-39.742610931396484	-25.371469497680664	-0.2743764988560821
-23.01302146911621	24.073591232299805	-0.1994057306272862
1.9399135112762451	10.274418830871582	-0.1385018301815844
15.756775856018066	-13.638335227966309	-0.243361660245329
-31.09991455078125	-21.085397720336914	-0.2787490388553638
14.041202545166016	-24.36609649658203	-0.0842131700399846
-8.850944519042969	-10.56193733215332	-0.1936973329520288
-38.03725814819336	-25.900915145874023	-0.462955842292686
-19.878013610839844	-21.616897583007812	0.0471897389771652
27.24020767211914	4.572259902954102	-0.6254167229378534
11.622384071350098	15.01410961151123	-0.2836830938063751
20.858901977539062	-28.901899337768555	-0.1359969531539498
5.1824212074279785	23.927833557128906	-0.4751029277537887
-0.833063006401062	28.108280181884766	-0.6253709473249662
7.519463062286377	28.41230010986328	-0.2990615807603961
-27.83324432373047	-18.45498275756836	-0.2380208034739004
-1.7795461416244507	4.820446014404297	0.1267948054081008
1.8733959197998047	22.668201446533203	-0.3761319906952153
-15.809283256530762	7.3210577964782715	-0.1921059342087463
-22.998689651489258	24.042905807495117	-0.3984230861614113
-10.884208679199219	-3.3304708003997803	-0.2505195070820625
-5.333102703094482	-36.141624450683594	-0.457850538501561
4.856281757354736	16.091276168823242	-0.2197902541509386
-23.04838752746582	14.197906494140625	-0.33973330044297
9.366000175476074	37.96305847167969	0.2994851361490229
19.74673080444336	2.0133578777313232	0.1037922613995756
-33.170406341552734	-25.230091094970703	-0.2742747965587876
-6.060056686401367	20.666353225708008	-0.1480291981101954
7.922994613647461	10.648914337158203	-0.5875608629118398
31.93584442138672	-0.19403932988643646	-0.787181460681101
-9.373943328857422	4.328674793243408	-0.6913634404320397
8.983348846435547	15.497869491577148	-0.0359661933534954
-34.30059814453125	5.387191295623779	-0.2850977050937802
13.06612777709961	6.811817169189453	-0.2038521456876449
-16.176862716674805	-19.368223190307617	-0.3949898596583091
15.209665298461914	-0.8143941760063171	-0.558953409323958
7.644756317138672	-6.7344818115234375	-0.4378938934841302
27.942535400390625	10.081595420837402	0.0311569405533805
-1.0487818717956543	15.222373962402344	-0.2483018300122303
-11.887478828430176	-6.019839763641357	-0.515182828279971
14.260912895202637	-4.904960632324219	-0.0683415533592488
-20.83197784423828	-27.699260711669922	0.0574466030912581
7.024567127227783	14.603885650634766	-0.3553783683203503
11.893054962158203	-14.565080642700195	-0.6586646575450958
13.189188003540039	14.455775260925293	-0.3352749202424824
-5.417069435119629	-34.84912872314453	-0.4046453298252314
25.491466522216797	1.4298808574676514	0.1497718266222835
-6.266740798950195	-14.779594421386719	0.0882226137716097
-2.589017391204834	-5.932521820068359	-0.1423110793748118
2.198047161102295	-16.68619155883789	0.5564592272179921
-2.7696640491485596	-6.294979572296143	0.011705171528048
-33.38818359375	9.07666301727295	-0.0634966195106557
39.521644592285156	14.531224250793457	-0.5583743701716315
-19.24703598022461	-8.741056442260742	-0.2762185514494267
12.963991165161133	-0.08310601115226746	-0.4985973568461873
13.3214693069458	2.661379098892212	-0.218078463672711
6.217651844024658	15.338298797607422	-0.1590093271973732
-11.2208833694458	-21.019033432006836	-0.517429671751115
12.480137825012207	-0.648524284362793	-0.4423142068512045
-23.66524314880371	-21.993776321411133	-0.4240435858961704
-17.371761322021484	1.2636750936508179	0.6870049032074386
10.043798446655273	9.944169998168945	-0.0813136723710316
3.3343241214752197	-14.559527397155762	0.2907765160326543
-15.782219886779785	23.24323844909668	-0.3034568934709613
9.400461196899414	13.542957305908203	-0.3777873392318494
-39.4417839050293	-26.081056594848633	-0.3424898994835395
3.93463397026062	-3.9416568279266357	-0.749424330683656
-8.657198905944824	11.413810729980469	-0.6723670527229197
-10.2739839553833	30.813812255859375	-0.4079631915691515
-26.070972442626953	1.2512340545654297	-0.4171492608731552
-2.07840633392334	-0.7769506573677063	-0.0238125715262838
-17.812273025512695	-6.779661178588867	-0.0104676197220672
27.53142738342285	-4.410006523132324	-0.5030113467164044
-25.760831832885742	-4.994137763977051	0.0124287628969815
-7.362236022949219	10.344616889953613	-0.401274565529131
11.247961044311523	-28.411174774169922	0.0290060075750167
13.732583045959473	16.53087615966797	-0.4134369440668844
7.469091892242432	-11.527748107910156	-0.7759403572891569
20.782609939575195	-2.791609525680542	-0.112815995567585
-16.550907135009766	-16.3719425201416	-0.0484789567851162
27.703641891479492	15.011014938354492	-0.1655077790926276
-47.14793395996094	-28.634756088256836	-0.2033561515305606
-16.973941802978516	-18.0968017578125	0.1097722494033745
42.29715347290039	11.135807991027832	-0.0509670275919231
14.123723030090332	12.385223388671875	-0.4087481763827626
0.20714497566223145	8.247859954833984	-0.2355438534310893
19.56166648864746	-8.423786163330078	0.0921307723980207
8.08331298828125	8.06268310546875	-0.1009749353908031
27.738079071044922	14.815530776977539	-0.4845701409296492
-17.29438018798828	14.521553993225098	0.1943775969871189
-6.5038838386535645	-24.820589065551758	-0.8705709478500318
-16.233022689819336	-12.891376495361328	-0.0370260575737633
6.078456878662109	7.539773941040039	-0.732976236728619
-5.776838302612305	-18.927637100219727	0.2223091268492468
-11.933868408203125	5.8336100578308105	0.3632763338901309
-26.962846755981445	-6.897281646728516	-1.1868763479998343
-15.26590347290039	-17.888282775878906	0.0273531821914717
-6.577033519744873	0.28275513648986816	-0.4255214620416369
-4.995476722717285	-15.753225326538086	-0.2713012488105096
33.220462799072266	-12.853043556213379	0.2875379696673089
23.027862548828125	24.349082946777344	0.0508792710682512
6.396218299865723	9.068244934082031	-0.3130823233399949
16.738510131835938	10.371895790100098	-0.6624661291064303
13.247518539428711	32.90530776977539	0.5339170496258775
-23.477306365966797	24.7611083984375	-0.6550809952854006
-0.3420749306678772	19.324317932128906	-0.0998968001690644
2.768221855163574	-8.486815452575684	-0.5195800154107689
2.740063428878784	29.380722045898438	-0.1307800964101498
3.831876039505005	0.5745955109596252	0.3067487770350042
14.780242919921875	-8.873642921447754	0.2191496960832881
-19.586835861206055	-5.38736629486084	-0.0492031806554128
-9.992258071899414	29.42740821838379	-0.2236784662706573
9.467061042785645	37.841060638427734	0.2841235050807894
13.780238151550293	24.565317153930664	1.4434946658148833
9.62874984741211	22.239818572998047	0.2484029353062485
-13.544197082519531	0.356635719537735	-0.0820829288766901
-5.874632358551025	6.090308666229248	-0.6504645780458154
-19.675992965698242	-21.48661994934082	-0.0652669994800595
0.2577296793460846	-21.57217788696289	0.0810236424465711
5.06873893737793	-6.232748985290527	0.0130727499999191
-7.514330863952637	-34.2286262512207	-0.3836683429008605
-6.469155788421631	30.56635856628418	0.3022123900755615
34.62554168701172	-18.19151496887207	-0.4224027194582908
23.981090545654297	-13.173718452453613	-0.2936082505965547
10.801283836364746	10.097430229187012	-0.3367553776992733
8.28668212890625	13.977422714233398	-0.1468210716538852
-23.287109375	-12.838907241821289	-0.5079684339639202
-7.957885265350342	13.965516090393066	0.2144202545511802
-11.616006851196289	15.086405754089355	-0.1955001674072301
-32.06801223754883	-0.6955031156539917	-0.1304171769990204
-38.255741119384766	-26.5360107421875	-0.2393696424015309
-4.901549339294434	27.950368881225586	-0.135120623257574
25.855030059814453	17.120515823364258	-0.2838434632498168
-37.87914276123047	-27.055360794067383	-0.2399833990816909
-34.9695930480957	-8.83541488647461	-0.4794941393790328
-22.176908493041992	26.333389282226562	-0.6812488773064821
7.374186038970947	-33.11914825439453	-0.2583522468585182
-1.0611850023269653	12.81008243560791	-0.1506451034114732
8.847603797912598	2.3071773052215576	0.8517673761134414
13.553292274475098	-22.35834312438965	-0.0711286871627968
28.88847541809082	3.153010129928589	-0.5690558117400857
-6.974302291870117	8.617240905761719	-0.5592601607628142
15.60009765625	3.4990434646606445	-0.3183337925444223
39.70263671875	12.00439453125	0.7898250895754736
15.709022521972656	13.438196182250977	0.4907292031591665
-9.488227844238281	-25.451963424682617	0.3717083134655448
31.593006134033203	8.67769718170166	-0.4012592886807122
15.35669994354248	24.308549880981445	0.340719246758946
-33.82352828979492	8.25651741027832	0.4604798735106283
-22.982990264892578	-16.300323486328125	-0.0272210226998638
-13.2161865234375	5.871893882751465	0.2423615162676031
38.90190124511719	-6.778724670410156	-0.954455991791819
-17.2960262298584	14.53258228302002	-0.5824493770326512
13.499831199645996	-22.213787078857422	-0.5467799254609667
16.570266723632812	-15.027594566345215	0.0244783384482881
-29.117948532104492	2.796961784362793	-1.3969998085192326
-5.720559597015381	11.917102813720703	-0.4390708729460758
10.09481430053711	-24.45049476623535	0.8676539180678636
-27.35125160217285	-25.064058303833008	-0.55795890470609
13.711926460266113	4.990970611572266	-0.4505664999123946
-38.93729019165039	-26.671945571899414	-0.3202982067374721
6.308847427368164	-17.120250701904297	0.3510720638880741
-7.136598110198975	9.589458465576172	-0.1264150172233717
-7.752077102661133	16.423431396484375	0.4501911554687859
-21.416418075561523	1.87102210521698	-0.5499763299619358
41.356746673583984	7.363611698150635	0.445940858496446
-24.070491790771484	12.26419734954834	-0.0629879152450609
19.81353759765625	-20.988353729248047	-0.2084389143887944
7.716949462890625	-11.673615455627441	-0.2723571249834219
25.343975067138672	-5.050183296203613	0.2529901729375534
21.511526107788086	-10.694451332092285	0.1040552582092153
-2.948834180831909	-13.60313892364502	-0.2299012384062619
-21.804439544677734	-2.590151786804199	-0.2121293898068463
12.112349510192871	7.724615573883057	-0.3371704270777315
-23.208633422851562	-20.21584129333496	-1.2401292243237672
-15.522120475769043	25.212738037109375	-0.22768381788792
-7.635117053985596	-14.497688293457031	-0.514387707466462
-23.07091522216797	-21.49578285217285	-0.6122500371712253
-28.422157287597656	-12.417665481567383	0.7503996172558086
11.575896263122559	28.129369735717773	0.9905749960764572
-17.524845123291016	33.17978286743164	0.1462925318147998
-25.91126251220703	-4.355867862701416	0.0899218051221859
41.73100662231445	2.959198236465454	0.0523843969111333
30.980682373046875	7.22432279586792	0.0439263716141625
-22.30283546447754	-8.571242332458496	-0.188021156665138
18.500965118408203	15.419994354248047	-0.3261007250478579
11.86052417755127	2.3792614936828613	-0.4285364774089398
18.95682144165039	14.875679969787598	-0.2703645181190937
-0.06574317067861557	34.3692512512207	0.2018346365277261
31.930967330932617	-0.18630921840667725	-0.2849100566457664
5.908402442932129	-27.269712448120117	-0.1911280727946062
-31.696489334106445	-1.6103549003601074	-0.4369872420694101
40.59718322753906	6.9993367195129395	0.1714696012274394
-6.9409637451171875	-22.470550537109375	-0.7072803265902137
-1.8250772953033447	17.84581184387207	-0.2907945169960765
10.49781322479248	6.085977077484131	-0.1000014812147537
2.9813292026519775	-9.560215950012207	-0.3299730429139803
-2.0186774730682373	7.514925956726074	-0.2873882789085548
-39.709659576416016	-37.608863830566406	-0.2526805691943955
18.785308837890625	-7.592400550842285	-0.0513437610988543
17.823585510253906	27.152101516723633	-0.3217822747732827
-4.355189800262451	-9.669281959533691	-0.0887139289370383
9.183603286743164	-1.288089632987976	-0.359036396872711
31.041759490966797	7.411740303039551	0.0599832224025584
-17.652385711669922	-12.542086601257324	-0.4645244211886114
-38.4278678894043	-1.6889123916625977	0.3892024065895067
15.677576065063477	-23.9035587310791	-0.4556341180444507
0.4504660964012146	24.084917068481445	-0.4470756328586449
-4.180037021636963	-22.736406326293945	0.229538351137065
22.254796981811523	15.762739181518555	-0.6788043730621619
27.733013153076172	24.090410232543945	-0.4939580635492495
11.380193710327148	5.450446605682373	-0.3819984121815046
0.08701284974813461	9.035446166992188	-0.114034965232997
-9.227556228637695	31.877723693847656	-0.5933868427774965
25.695449829101562	-4.624829292297363	-0.4535028200825126
-44.08622360229492	-14.96221923828125	-0.9147469474594196
7.282168865203857	-4.776303291320801	1.004130386112326
20.57365608215332	-20.2116641998291	-0.0186477815811378
-24.89911651611328	-23.048030853271484	0.3735259275170515
-6.2225542068481445	0.5654225945472717	-0.5503244383794785
-15.580223083496094	-21.186233520507812	-0.4133628093894722
-11.900012969970703	2.9189834594726562	0.027275140344073
-5.771151065826416	39.935508728027344	-0.376346801612764
-44.03593826293945	-14.355155944824219	0.5659843926192972
8.109922409057617	-7.054744243621826	-0.3268490220054594
-9.5297269821167	8.788636207580566	1.3945696482807972
-26.448467254638672	-7.5448713302612305	-0.588026326859221
14.005847930908203	-8.243728637695312	-0.0997475795311273
-14.600826263427734	-13.9722900390625	0.4755350074649813
-36.55290222167969	-14.627764701843262	-1.0558154861246745
-25.735143661499023	26.557971954345703	-0.7133864595077242
11.432353019714355	-28.522815704345703	0.0199675493841226
-5.8839592933654785	18.212732315063477	-0.3075019180338593
27.913511276245117	10.046879768371582	0.1240560655200173
-38.78036880493164	-27.402252197265625	-0.3623696049655268
-10.286343574523926	-2.0726451873779297	0.2803020051678656
-11.3805570602417	26.022741317749023	0.0327724155586859
-6.877011775970459	-6.160319805145264	0.964653912737298
16.565895080566406	0.8529697060585022	-0.2693584074062267
5.694868564605713	16.284984588623047	-0.0577893364927079
15.464776039123535	5.117971420288086	-0.390877143158338
2.0835485458374023	24.490524291992188	-0.3549436588494967
20.521631240844727	10.95865535736084	-0.1395564424914862
-15.323182106018066	-32.480987548828125	-1.2023579943484046
6.95841121673584	24.706972122192383	0.145411150463886
2.753469705581665	-15.513484954833984	0.3641537036475583
-7.701332092285156	-4.669306755065918	0.183048411052869
17.127405166625977	20.185396194458008	-0.3101867292473207
-7.682200908660889	-10.361003875732422	-0.2695321076769563
-20.333911895751953	-11.208683967590332	-0.2970679666209609
15.69603157043457	16.58760643005371	0.0434404100673667
12.772549629211426	8.478949546813965	-0.2070372000143801
-2.9039835929870605	20.459163665771484	-0.0703965583827855
4.263240337371826	33.99445343017578	-0.6130241366661929
14.928473472595215	11.097143173217773	-0.7330676227415407
-1.1108421087265015	36.93312454223633	-0.0283449842900851
14.640021324157715	26.879791259765625	0.0853127581677645
-38.43521499633789	-1.6762088537216187	-0.2852905434350451
17.612802505493164	-7.344509601593018	-0.1964316706499242
0.7888540625572205	9.955245971679688	-0.2742590627927656
6.144035816192627	-0.03908352926373482	-0.5189170966083309
10.19070816040039	25.14139175415039	0.4630242888889139
20.889333724975586	-28.94801902770996	0.1040178301530424
-30.080821990966797	19.00130844116211	-0.2498014374539582
20.711271286010742	8.422266960144043	0.0768284505845637
2.9246888160705566	18.955677032470703	-0.4813640517998578
-16.252958297729492	-13.835448265075684	-0.2523216475764657
-26.07050323486328	1.2181763648986816	-0.1840530583358472
32.493316650390625	13.991863250732422	-0.4455254862659418
16.857717514038086	2.335484027862549	-0.4416468196601732
-24.832931518554688	-12.357598304748535	0.0389387483641538
26.784849166870117	33.17584228515625	-0.6604519847499736
16.926496505737305	12.496859550476074	-0.4170141932844439
-11.46180534362793	-15.188555717468262	0.1898048325085687
14.841166496276855	-15.602089881896973	-0.1255977008812562
-1.18955659866333	-32.01322555541992	-0.9450091553308302
-8.213628768920898	-22.152231216430664	-0.8573574822177109
-7.545360088348389	-14.566097259521484	-0.3415600207896431
-3.864067554473877	8.611944198608398	-0.5427392957180922
27.88446617126465	-6.306335926055908	0.0240468465398632
-47.586395263671875	-29.197664260864258	-0.3475360514878636
3.5101306438446045	6.247178077697754	-0.5620722473536072
14.425780296325684	-1.044259786605835	-0.5764228301514542
6.2047810554504395	23.498310089111328	-0.1103735721401964
1.9119610786437988	9.519018173217773	-0.3296688713187337
-17.551816940307617	33.193607330322266	0.0447058383321677
10.05017375946045	0.6727238297462463	-0.622082087355476
-18.99693489074707	-13.193872451782227	-0.0859156028363856
-39.83815002441406	-38.640132904052734	-0.5324440833400275
19.65247917175293	4.3443474769592285	-0.4154348067656212
10.45682430267334	16.221620559692383	-0.3039857490542588
18.71628189086914	7.983008861541748	-0.1958425946017028
13.053133964538574	3.4881091117858887	-0.2793662273533642
17.951038360595703	-2.565326690673828	0.3139003645900279
20.949060440063477	20.276639938354492	-0.6226951032306586
-39.44765090942383	-38.32244110107422	-0.354081837320428
-20.844926834106445	-26.794313430786133	0.2670191925498144
-11.181193351745605	-17.73163414001465	0.6249116444376754
-11.746501922607422	-20.798986434936523	0.5251007609012633
-0.953572154045105	-31.949115753173828	0.1443331956902999
11.975687026977539	-4.759944438934326	0.0145727226989127
9.530573844909668	-3.464331865310669	-0.5485745638628882
15.577698707580566	7.519964694976807	0.12438308721283
-14.547019004821777	17.524316787719727	0.290893056001087
4.849207878112793	-1.3923875093460083	-0.5819070625111403
43.71563720703125	15.846294403076172	-0.9204387570035928
-3.926868200302124	26.75189971923828	-0.4189930086554879
2.797478437423706	-8.59479808807373	-0.5057621397021572
11.49289321899414	1.3395079374313354	-0.2512425923730713
13.386275291442871	-11.387953758239746	-0.0410880885803603
27.39311981201172	-16.62712860107422	0.6756013471082041
3.787907838821411	13.898896217346191	-0.4676620721031133
-13.007344245910645	32.374786376953125	-0.0913100660186765
0.11413485556840897	25.720855712890625	-0.4186097324772395
-3.0263407230377197	22.657684326171875	-0.7460726609336675
7.765602111816406	0.8015806674957275	-0.594923875871816
23.749494552612305	-1.8799618482589722	-0.1891534951022272
-35.25917434692383	-8.072731971740723	-0.6966318907989505
43.64879608154297	15.72470474243164	-1.0052791555316314
0.275862455368042	-24.55013656616211	0.0754218593305801
33.21894454956055	-12.851950645446777	0.277214389065173
-3.6620702743530273	12.950719833374023	-0.5280447135159102
-10.588829040527344	14.406047821044922	-0.0795960193844241
-23.101104736328125	-7.752778053283691	-0.1688212469435256
-2.8382906913757324	21.012767791748047	-0.1806859855428124
-30.15053367614746	-7.693265438079834	-0.5135880368747835
27.168109893798828	-17.869592666625977	0.4998440792907493
12.666160583496094	-11.77610969543457	-0.5452333355127588
3.7680933475494385	11.036876678466797	-0.2333199419623371
-14.817334175109863	-30.68769073486328	-1.1455806356337508
12.235992431640625	-14.574116706848145	-0.2264526727670553
23.973133087158203	-14.434816360473633	-0.3521686203267489
10.55847454071045	13.38252067565918	-0.45886393238135
4.720298767089844	-14.067609786987305	0.1090546855092688
-2.0080695152282715	10.017500877380371	-0.5743999922281711
4.351990222930908	-13.573668479919434	-0.7070552825377976
-4.9897990226745605	21.064342498779297	-0.5100413927709637
13.936972618103027	18.56937026977539	0.6338177805675757
-7.44047737121582	-5.289861679077148	0.5831754731117582
14.24033260345459	5.75325345993042	-0.2774823701628086
20.743358612060547	-0.4734152853488922	-1.1278687883965406
5.415062427520752	23.852344512939453	-0.3327682051358724
23.034801483154297	24.361291885375977	-0.1191171635530269
6.952995777130127	-1.851334810256958	0.186770375326762
10.581446647644043	37.613731384277344	0.6765689277889063
3.4715466499328613	26.32966423034668	-0.4120992787576438
7.787508964538574	27.692373275756836	-0.5045769549397587
-8.056259155273438	27.733213424682617	0.0252280997858685
-10.784468650817871	-17.743898391723633	0.4970907818451616
-32.244964599609375	-16.21952247619629	-0.8871299208605449
2.5345027446746826	2.581878423690796	-0.0414797881043411
6.32582426071167	-18.696378707885742	0.3910721671406721
-28.851749420166016	-11.012598037719727	0.10488059941506
19.250581741333008	6.786679744720459	-0.6355817834674021
-13.236551284790039	19.49983024597168	-0.2704493058794174
-7.938751697540283	27.59702491760254	0.191611277853308
-11.429930686950684	30.992324829101562	0.211558474216446
-23.014474868774414	-4.534095287322998	0.4450108268762073
27.626388549804688	6.628809452056885	0.4087782134209145
-33.59270095825195	-25.23866081237793	-0.1733974604161742
31.736753463745117	12.948051452636719	-0.5445852864920109
-1.6530430316925049	1.8206067085266113	0.3301455589947962
-13.14828109741211	8.793444633483887	-0.154860661283396
14.493722915649414	-2.561232566833496	1.1680951132647293
15.752185821533203	-1.96751070022583	-0.1406886272772504
27.917064666748047	0.028948631137609482	-0.4321282599986761
-6.54121208190918	-35.96291732788086	-0.3213930044266255
6.968907833099365	11.125836372375488	-0.3365616722646027
-0.4263363182544708	-10.125978469848633	-0.1786445389424599
18.812515258789062	21.93610954284668	-0.1621036428807294
2.626537561416626	7.030085563659668	-0.3576036658793755
-37.53227996826172	-30.162893295288086	-0.0462759964066797
-6.481271743774414	-24.84796714782715	-0.3887111503654911
1.8703229427337646	-21.48380470275879	0.163938069663503
26.024150848388672	-9.346123695373535	-0.6881629247582022
2.7846508026123047	6.9300456047058105	-0.227375616786181
26.139963150024414	3.109137535095215	-0.9366411239943166
22.011478424072266	6.933272838592529	-0.2948303673062187
18.16593360900879	-0.2574206292629242	-0.3895875054624775
-8.224599838256836	18.914648056030273	0.1610423106162345
29.09316635131836	3.9911551475524902	0.0385676876885849
24.36200714111328	19.934921264648438	-0.2218638391761555
19.12372398376465	-26.437541961669922	0.0187801624190485
-22.231914520263672	0.8914538025856018	-0.1458610473258598
-10.945795059204102	10.718067169189453	-0.5352091844772168
22.551652908325195	-3.135831117630005	-0.5051001762332771
21.97541618347168	-19.627702713012695	-0.1368111746658456
-23.924978256225586	-13.716952323913574	-0.3136089626604836
1.53745436668396	-0.043695248663425446	-0.4540773657404375
5.854135513305664	-31.60627555847168	-0.1370577383362896
-6.96881628036499	-5.760841369628906	1.1882688120985143
18.20710563659668	0.9492526650428772	-0.3272273097469519
15.314820289611816	-6.624401569366455	0.1701177045500762
-21.970571517944336	-2.8880209922790527	-0.1557989155120733
-4.896596431732178	-31.38450050354004	-0.669229788278682
19.356773376464844	0.008627684786915779	-0.1729456172047747
-6.513065338134766	3.7452914714813232	-0.6966649053713597
14.428401947021484	9.408963203430176	-0.7540808614209178
-26.035572052001953	26.515018463134766	-0.8576027268855825
3.254427194595337	8.738574028015137	-0.6139509019050121
-40.042049407958984	-37.12302017211914	-0.1682600052545061
-4.958377361297607	-21.1164493560791	0.7732601597917323
1.6283633708953857	30.677589416503906	1.0839485984562025
-25.394704818725586	6.422274589538574	-0.5691352349849031
2.58866810798645	-21.568838119506836	-0.3959493679882565
24.643753051757812	7.838428497314453	0.1054607147365684
-39.711570739746094	-27.00384521484375	-0.2147618891456629
-15.797935485839844	-31.670358657836914	-1.092841580800888
-25.400564193725586	6.4186835289001465	-0.5578630237009762
-47.79716491699219	-28.616762161254883	-0.459882824081069
15.905163764953613	-0.3724263310432434	-0.8305779023121759
18.39537239074707	-11.823335647583008	-0.1436544546947988
0.6340726017951965	20.704517364501953	-0.4146503374696059
-5.375185966491699	15.794397354125977	-0.2895733273013032
-7.720642566680908	-6.087645053863525	0.6461540135033637
18.808090209960938	-20.15399169921875	0.1077831188927101
14.544282913208008	16.49077796936035	-0.375466256027766
6.349684715270996	5.89098596572876	-0.1152396451414951
-3.620016098022461	-0.06345513463020325	-0.1324505576340382
-4.371949672698975	-9.711603164672852	-0.0092728809862612
-1.2694668769836426	23.699920654296875	-0.4806319034711785
17.948524475097656	34.61257553100586	0.4643817742484166
7.7728729248046875	-2.7445290088653564	-0.0655815155804846
-20.828630447387695	-27.7393856048584	0.4196473217570146
3.9018802642822266	-21.690120697021484	-0.7668149023213893
16.685943603515625	15.02427864074707	-0.0754078921470905
-3.761427402496338	-0.8666244745254517	0.0538306427141289
-35.44428634643555	-7.45428466796875	-0.887700423598526
7.528744220733643	31.715103149414062	-0.4706702385310853
12.159110069274902	7.290470123291016	-0.2919321907184899
26.450307846069336	31.132034301757812	-1.342863383286905
19.016407012939453	-23.71628761291504	-0.2240912924545018
-23.5528507232666	24.663963317871094	-0.7939377652667259
-24.635299682617188	26.807138442993164	-0.8201670867032629
-4.926088809967041	18.462467193603516	-0.439100957363158
16.0135555267334	18.67381477355957	-0.4469873016852478
27.898813247680664	0.03862711042165756	-0.2532581301992754
0.9376526474952698	37.223087310791016	-0.661477645137052
7.841444969177246	-22.349628448486328	-1.2933404893976328
-2.8759710788726807	2.0694243907928467	0.2991393703468314
0.8485581874847412	18.001049041748047	-0.638255664757277
-34.33332824707031	5.838177680969238	-0.4488497024963462
-8.598664283752441	11.3384428024292	-0.5547366826334041
-13.922286987304688	-31.847593307495117	-0.4402159784207533
11.692706108093262	-19.022626876831055	0.0317872770306341
9.214252471923828	36.90150451660156	0.5719087906803336
34.751365661621094	5.16795539855957	0.1344227713493291
25.616294860839844	-3.1198854446411133	-0.2510602509427345
11.99237060546875	23.415802001953125	-0.4488199172541219
13.260130882263184	-8.006389617919922	-0.2806401928727451
31.39055824279785	-7.901782035827637	0.3993534016538002
-34.2889518737793	5.12363338470459	0.2722771039296243
16.20996856689453	-4.907674789428711	0.4044686973214369
-16.395315170288086	-32.1107063293457	-1.2566662257133177
3.2881791591644287	-13.822054862976074	-0.3471681127697683
1.6302732229232788	-21.3963680267334	0.0327221743578642
28.47885513305664	19.583850860595703	-0.2407471130410799
41.787574768066406	8.97076416015625	0.616507167175586
11.468036651611328	9.910117149353027	-0.2375767391999647
-30.646533966064453	18.111492156982422	-1.1209157659857758
26.467880249023438	31.106979370117188	-1.3660034316516578
-11.59145450592041	-1.9767014980316162	-0.2678437841802092
10.815561294555664	-9.077798843383789	-0.0632162557502996
19.16579818725586	-23.255456924438477	-0.4737766776981709
-8.399402618408203	-6.89261531829834	0.0236263318524286
-24.58222007751465	-9.873453140258789	-0.4141980008689482
22.33167839050293	-6.471395969390869	0.4268523854025527
12.97784423828125	16.043853759765625	-0.2255393049891204
14.115803718566895	23.719072341918945	0.5582490637841017
22.190980911254883	-6.582096576690674	-0.1850454618640288
13.641471862792969	0.9077348709106445	-0.8557700532599767
-37.41281509399414	-30.03763771057129	0.0498870324862282
-17.55531883239746	-2.5798420906066895	0.2784707007794597
-2.2582507133483887	19.57007598876953	0.3379045376776488
-35.254150390625	-8.076338768005371	-0.0517992491996785
3.950319528579712	15.848579406738281	0.1581101252769139
-21.889053344726562	-13.155482292175293	-0.4722110715286652
-24.821779251098633	-16.465314865112305	-0.170925679699536
-15.208013534545898	-32.475765228271484	-1.0426224039804337
-14.255684852600098	-8.86546516418457	0.1187621611117035
-19.927501678466797	10.340770721435547	0.1966123906758602
12.58048152923584	20.006935119628906	-0.5195891993157602
-13.461185455322266	28.97637939453125	-0.49871352580173
22.0752010345459	9.463910102844238	-0.3559341058305918
-5.8408966064453125	13.902809143066406	0.046527995712706
14.596905708312988	-14.44805908203125	-0.0752079657197054
20.706146240234375	19.51357078552246	-0.5319937732466155
0.5635643005371094	-1.212573766708374	-0.5248558643721407
-25.835678100585938	-11.608478546142578	-0.7151730264868011
7.20949649810791	-11.449258804321289	-0.4655702045868004
-22.000017166137695	-16.753286361694336	-0.0341867745851763
27.02940559387207	33.34188461303711	-0.6587311649468215
17.72410774230957	28.672618865966797	-0.490709293937037
-19.438007354736328	19.053064346313477	-0.4038710456498377
11.335320472717285	11.764113426208496	-0.5157926572168708
5.2085089683532715	-29.002086639404297	-0.1266353936562368
33.73591995239258	2.8735082149505615	0.2316882641296322
-40.482215881347656	-37.730445861816406	-0.2103284066856313
-4.669283866882324	-1.4391900300979614	-0.2279288454904422
5.859599590301514	-27.398893356323242	-0.0568829044912706
-8.923824310302734	22.253202438354492	-0.4749439596192592
18.687097549438477	-4.847968578338623	-0.2905597771312928
27.942699432373047	-3.2778079509735107	-0.7228103980835945
-12.03419017791748	30.852209091186523	0.0327537540033339
17.956724166870117	-1.4536672830581665	0.1514145504810742
-48.45626449584961	-28.480575561523438	-0.6330575518773924
-43.6204833984375	-14.30390739440918	0.2624540397389529
9.838467597961426	7.208022117614746	0.2736219062869499
-14.550491333007812	17.5537052154541	-0.166893812449935
-18.95870018005371	28.63462257385254	-0.1761577006339938
-6.257008075714111	20.661916732788086	-0.1886423517252401
19.871646881103516	-2.514676570892334	-0.0471620253901119
-40.603248596191406	-37.13232421875	-0.2008288441759489
2.8115482330322266	29.425140380859375	0.2337869350287594
0.16379715502262115	-31.602766036987305	-0.4959590914239143
-20.181438446044922	5.133756637573242	0.0519166563231658
40.56290817260742	11.759361267089844	0.9824888742177694
3.7153799533843994	22.169492721557617	-0.1492861909411081
-40.75059127807617	-37.606327056884766	-0.2209471541705657
2.3961894512176514	11.207408905029297	-0.1128021878880318
-25.58776092529297	-13.146896362304688	-0.4557874906960354
17.655200958251953	-0.40545913577079773	-0.1653662957433589
15.16921615600586	-14.371709823608398	-0.1710755065466714
-5.799121856689453	39.959224700927734	-0.7354528637734934
-14.336282730102539	-17.05200958251953	-0.0176176536043677
11.83318042755127	29.992673873901367	0.1598069525319344
-16.67613410949707	-24.978158950805664	1.0004938807098325
30.632740020751953	-7.156480312347412	0.1048988361114819
22.439624786376953	-0.08699251711368561	-0.6415942753698596
-16.37095832824707	-5.9475603103637695	-0.1702639954128958
-16.460952758789062	-8.093401908874512	-0.0071498631600274
18.4237117767334	-11.790705680847168	-0.0600156425846464
21.666982650756836	-21.48720932006836	-0.5776226226385743
1.949243187904358	21.741788864135742	-0.3036062425196404
-1.6099408864974976	-18.42500877380371	-0.2213946569152168
-0.5368194580078125	-25.230756759643555	0.0356392649802553
-1.3077404499053955	14.492188453674316	-0.2120960498682102
-10.954407691955566	22.501296997070312	0.0486443967790019
-21.671585083007812	-7.958203315734863	0.0863144548701659
-28.18016815185547	-12.83340072631836	-0.125102211213831
-36.71802520751953	-14.654934883117676	-0.3039290430736549
-9.97691535949707	5.204806327819824	0.1402788748319635
-3.491508960723877	10.779284477233887	-0.4192063368516583
27.714290618896484	24.08992576599121	-0.8974749703805762
-0.39632993936538696	21.3238582611084	-0.3265586365807122
19.87204933166504	28.245813369750977	-0.2208485330303205
-7.693793773651123	-36.06050491333008	0.3084598782367476
17.944778442382812	34.560707092285156	-0.214096323812957
-1.5681430101394653	-10.447311401367188	0.2787912569565233
-14.079051971435547	-22.935319900512695	0.122214534672866
25.981008529663086	18.510292053222656	-0.1393827011291275
-2.9917523860931396	-13.636367797851562	-0.7004966900968835
-18.04249382019043	-21.479047775268555	-0.2168843378669817
26.24749183654785	-14.05978775024414	0.1470703642262171
4.914234161376953	8.741009712219238	-0.4100550326873717
34.62588882446289	-18.19134521484375	-0.3831688261157249
-4.045996189117432	31.461469650268555	-0.660402234667291
21.855533599853516	-7.297885894775391	-0.0987399590121542
-20.822612762451172	-26.615495681762695	-0.2261613098847085
15.955080032348633	-7.264335632324219	0.0230516305896344
21.553173065185547	-10.771591186523438	-0.3973074773251828
-19.821657180786133	10.307537078857422	-0.1010105306714849
21.781455993652344	2.4026100635528564	-0.468866797980519
-24.850692749023438	-12.86876392364502	0.0248843711053157
-18.468814849853516	-17.758466720581055	-0.0639141786145639
20.490234375	18.481433868408203	-0.3190948882724076
-1.5327928066253662	12.956172943115234	-0.0485207989076526
24.66151237487793	11.095741271972656	-0.3560162237765821
18.132816314697266	3.8016581535339355	-0.0431044692897909
-0.3350425064563751	36.73477554321289	0.0471579370915299
-3.219592332839966	-18.81968879699707	0.2098272554680521
-43.27683639526367	-15.043682098388672	0.1479760550889678
-23.08367347717285	13.647907257080078	-0.2199872327591174
13.975882530212402	14.56727409362793	0.0028662349599451
40.954368591308594	6.164783477783203	0.3489791750773474
22.281282424926758	-0.18532167375087738	-0.4474797635105491
-10.976863861083984	20.457984924316406	0.7582145645272004
15.190403938293457	-24.008132934570312	-0.3151786716307616
-23.575176239013672	12.887770652770996	-0.276477076820419
23.640216827392578	5.35651159286499	-0.3819918934075585
3.8176965713500977	2.277059316635132	-0.1293059478670706
-37.37372589111328	-14.737398147583008	-0.4120698089671533
-16.20492935180664	-13.103840827941895	0.0504898822595698
22.0463809967041	15.760255813598633	-0.5694347493954861
1.6501001119613647	-2.539299249649048	-0.5048236091406599
1.2929441928863525	30.46613121032715	0.9387957015630276
-11.869424819946289	-12.938424110412598	0.0811787735707421
7.806655406951904	-7.236879348754883	-0.4290855881070853
10.378914833068848	-27.910381317138672	-0.0937706929987521
27.13834571838379	3.9888949394226074	-0.1930626935585838
-5.702188014984131	27.390697479248047	-0.0339707345731469
-37.15997314453125	-29.962114334106445	-0.1100020891081701
26.3056697845459	-15.185273170471191	0.4938521270106418
9.058321952819824	36.548954010009766	0.2512852805025262
43.89555358886719	1.6170066595077515	0.5410383556169996
-5.7394022941589355	-19.02657127380371	0.4027871577212576
-12.533149719238281	-4.922598838806152	-0.2816195466878818
6.497111797332764	22.58576011657715	-0.2424100212233436
15.693917274475098	22.67106056213379	-0.7821307102611841
2.649646759033203	-17.14533233642578	0.3344532596239279
19.257978439331055	16.377565383911133	-0.5778770488318069
22.287212371826172	-17.78354263305664	-0.60318246589596
25.195220947265625	14.16043758392334	-0.4529912339998471
8.760449409484863	19.80431365966797	-0.061131548142387
-14.370827674865723	12.976083755493164	-1.0893402810305186
20.00249671936035	28.3314266204834	-0.165866158331703
-17.417844772338867	1.1997953653335571	0.4300720862019129