x	y	cluster	word
0.36265555024147034	18.330808639526367	3	her
-0.3356475532054901	19.569734573364258	3	she
-2.036210536956787	29.18206787109375	2	girl
1.6501878499984741	17.688982009887695	3	woman
-1.153149962425232	20.247772216796875	3	sister
-1.3646886348724365	23.38268280029297	3	hers
-3.1370792388916016	21.76247215270996	3	She
10.41506576538086	12.303855895996094	3	women
7.314716815948486	23.403635025024414	8	beautiful
6.076397895812988	11.039813041687012	0	class
9.895683288574219	-17.772945404052734	4	Health
-2.488262891769409	30.36447525024414	2	hot
-1.5309478044509888	23.632539749145508	0	couple
3.175110340118408	13.313398361206055	0	date
6.740074157714844	14.354035377502441	0	photos
12.106834411621094	12.270111083984375	0	model
2.278273105621338	21.617250442504883	0	pictures
14.19742488861084	10.60816764831543	8	hair
-1.5657448768615723	30.7553768157959	2	girls
2.2217283248901367	-20.78643035888672	7	Women
21.098896026611328	0.1382310390472412	3	skin
0.3286292254924774	24.563562393188477	0	wonderful
-4.147478103637695	23.618183135986328	0	info
-0.5927667021751404	18.71544647216797	3	mother
24.428895950317383	11.630331039428711	8	wedding
3.17471981048584	17.112037658691406	3	stories
6.149980068206787	7.248292922973633	3	relationship
-3.585073709487915	-29.567352294921875	4	Food
-18.56281852722168	-7.316234111785889	1	Her
-14.834405899047852	-3.809885025024414	10	Hot
25.098438262939453	2.410757541656494	0	rooms
24.739822387695312	-0.09754885733127594	0	cell
16.567691802978516	16.237747192382812	0	shopping
-31.09764289855957	-7.254237651824951	1	Mary
23.248918533325195	-2.707876682281494	3	cancer
4.867936611175537	10.266111373901367	0	updated
2.882469415664673	26.383304595947266	5	sweet
16.542530059814453	6.502230167388916	0	models
19.957002639770508	10.163288116455078	0	kitchen
1.9294801950454712	19.040027618408203	3	older
11.754064559936523	-28.658424377441406	7	Wedding
-11.307363510131836	-41.0210075378418	9	FREE
-11.700739860534668	-18.17261505126953	7	Plus
27.44807243347168	9.992643356323242	8	shoes
1.2505087852478027	-20.337244033813477	6	Model
10.691535949707031	22.94019317626953	8	fashion
6.904876232147217	20.281034469604492	8	cute
11.644779205322266	22.413225173950195	8	dress
21.02184295654297	18.268178939819336	8	colors
19.670270919799805	4.130919933319092	0	shipping
2.4171736240386963	14.453393936157227	0	sharing
5.556787014007568	22.869672775268555	8	beauty
-16.554140090942383	-4.205268859863281	10	Girl
-11.697344779968262	-3.461280345916748	10	Girls
-2.1029956340789795	-14.356712341308594	6	Gallery
12.224970817565918	6.588314056396484	0	classes
-10.207082748413086	-1.0076266527175903	10	Sex
18.47477912902832	13.111549377441406	0	stores
-2.482215642929077	33.50651550292969	2	sexy
-0.42913371324539185	21.263389587402344	3	mom
-1.4474396705627441	38.21430206298828	2	teen
-18.47098731994629	-14.403989791870117	6	Summer
34.499732971191406	26.662830352783203	5	recipe
4.64963436126709	-26.62837028503418	7	Shipping
2.857811689376831	24.343955993652344	8	lovely
-8.92662239074707	-0.5989928841590881	10	Movies
-2.7670788764953613	-27.997562408447266	4	Natural
11.878804206848145	4.050993919372559	3	marriage
6.82034969329834	11.321097373962402	0	websites
-1.1853259801864624	30.45184898376465	2	pics
-11.410441398620605	-19.497447967529297	7	Heart
31.372968673706055	27.996681213378906	5	cream
18.05952262878418	18.590574264526367	8	pattern
25.224517822265625	11.50931167602539	8	flowers
25.116445541381836	5.642451763153076	0	bedroom
-12.5889310836792	-23.087791442871094	7	Style
10.66012191772461	7.8316473960876465	0	magazine
-2.8277745246887207	-18.041431427001953	6	Magazine
6.28942346572876	14.823261260986328	0	sample
-15.41909408569336	-4.1382856369018555	10	Pictures
10.926347732543945	-22.614622116088867	6	Privacy
-9.207267761230469	-3.218449115753174	10	Asian
13.325937271118164	23.221229553222656	8	designs
35.3390007019043	26.309419631958008	5	sugar
-0.12693333625793457	30.070693969726562	2	gallery
7.178527355194092	23.72635269165039	8	clothes
32.81437301635742	25.297279357910156	5	tea
2.6866776943206787	12.548168182373047	0	reserved
10.893669128417969	3.725916862487793	3	relationships
-4.2466301918029785	-23.96375274658203	7	Fashion
24.316909790039062	5.900569438934326	0	bathroom
33.475181579589844	27.23006248474121	5	milk
-2.8551909923553467	39.48075485229492	2	pussy
32.58439636230469	27.386642456054688	5	chocolate
-0.5658761262893677	-17.897167205810547	6	Student
-13.30691146850586	-22.70691680908203	7	Pink
-13.912459373474121	-18.99075698852539	1	Queen
-33.68130111694336	-2.77533221244812	1	Sarah
-21.935178756713867	-8.854572296142578	1	Lady
-3.9291560649871826	-16.410051345825195	6	Dance
-27.72092056274414	0.2966781556606293	7	Rose
-9.889228820800781	-39.2563362121582	9	WITH
-21.058881759643555	-5.04047155380249	7	Beautiful
22.676172256469727	-2.620805501937866	3	therapy
-0.22214511036872864	37.41381072998047	2	mature
2.398778200149536	-25.826622009277344	7	Hair
12.716217994689941	21.420059204101562	8	clothing
34.203163146972656	25.0355281829834	5	foods
21.795570373535156	18.56283950805664	8	accessories
7.31119441986084	24.526533126831055	8	pink
30.429536819458008	27.384504318237305	5	cake
16.6583194732666	16.3061466217041	0	affordable
-24.046022415161133	-0.8410339951515198	6	Enjoy
14.510093688964844	12.151416778564453	0	shower
-0.7903351783752441	22.53584098815918	3	lady
12.967498779296875	-28.66890525817871	7	Shoes
-15.78515911102295	-18.15827178955078	7	Beauty
10.687058448791504	-25.68636131286621	7	Bed
-26.945558547973633	-8.434464454650879	1	Miss
18.502063751220703	13.945852279663086	0	shops
28.645692825317383	10.637216567993164	8	jewelry
26.641040802001953	12.890552520751953	8	fabric
21.559782028198242	15.006522178649902	8	designer
4.676158428192139	22.52031707763672	0	tiny
34.7956657409668	24.11357879638672	5	organic
8.471221923828125	-30.33205795288086	7	Dress
6.74111270904541	10.953885078430176	0	blogs
-0.6421511173248291	37.73500061035156	2	nude
34.92061233520508	25.676979064941406	5	recipes
18.908601760864258	-0.45237475633621216	3	breast
-13.06318473815918	-42.10206604003906	9	LOVE
12.242347717285156	-20.377473831176758	4	Cancer
4.190857887268066	-27.964370727539062	7	Bag
-36.755760192871094	6.474822044372559	1	Kelly
-0.64217209815979	31.226667404174805	2	wet
-18.298967361450195	-7.54033899307251	10	Mom
6.762105464935303	7.867051601409912	3	parent
-31.60246467590332	-6.921807289123535	1	Elizabeth
24.892730712890625	4.736022472381592	0	bath
-19.185373306274414	-12.450345993041992	6	Picture
18.483562469482422	17.539039611816406	8	patterns
5.846524715423584	24.110422134399414	8	gorgeous
30.59079360961914	28.076196670532227	5	delicious
-22.851301193237305	-2.9263851642608643	6	Getting
-24.231992721557617	-17.113080978393555	7	Sweet
0.3709302544593811	40.863800048828125	2	cum
-2.3563146591186523	34.40742492675781	2	naked
-11.342856407165527	-0.6709595322608948	10	Teen
-32.39078903198242	-4.198437213897705	1	Ann
-24.581144332885742	1.1047240495681763	7	Perfect
4.111286640167236	24.02256965637207	0	attractive
11.280688285827637	-29.358598709106445	7	Jewelry
5.237502574920654	-30.362834930419922	7	Vintage
-1.4616644382476807	39.45060348510742	2	blonde
3.978034496307373	23.008188247680664	8	ladies
-15.968034744262695	-15.266707420349121	6	Write
20.348115921020508	6.955915927886963	0	swimming
-26.858644485473633	-9.168224334716797	1	Kim
5.21264123916626	10.396276473999023	0	availability
6.851362228393555	9.100788116455078	3	authors
0.2897886335849762	20.531394958496094	3	loving
-24.714319229125977	-8.860973358154297	1	Victoria
-32.90116882324219	-3.2491395473480225	1	Jane
-13.679120063781738	-40.9659309387207	9	MORE
19.59739112854004	19.072601318359375	8	flower
-0.49902626872062683	-29.24188995361328	4	Tea
-7.117396354675293	-13.192126274108887	7	Halloween
-7.177767276763916	-22.058238983154297	7	Clear
-11.412559509277344	-21.4631290435791	7	Crystal
17.786109924316406	12.034217834472656	0	holidays
1.9368705749511719	16.955116271972656	3	pregnant
-12.35254192352295	-1.5619709491729736	10	Sexy
8.890303611755371	23.225740432739258	8	stunning
34.68959045410156	26.185762405395508	5	eggs
9.69156265258789	-18.803726196289062	4	Fitness
-33.614097595214844	3.3894877433776855	1	Jennifer
7.400529861450195	13.281486511230469	0	samples
4.985909938812256	25.12453842163086	8	matching
16.40618324279785	15.429150581359863	0	trends
6.593474388122559	-16.445768356323242	6	Alaska
5.110839366912842	7.947425842285156	3	sensitive
-13.995869636535645	-40.591270446777344	9	NOW
-2.6642329692840576	-30.362388610839844	4	Cream
-9.513143539428711	-19.92897605895996	6	Ideas
-14.612300872802734	-40.56261444091797	9	HERE
-3.091313362121582	-30.65686798095703	4	Chocolate
11.431241989135742	1.9384037256240845	3	pregnancy
11.962922096252441	-24.388347625732422	7	Spa
0.277133047580719	-27.66400718688965	4	Skin
6.202816486358643	-25.0007266998291	7	Floor
-36.21077346801758	1.382624864578247	1	Kate
-40.776885986328125	6.518704891204834	1	Lisa
16.173328399658203	3.1245508193969727	1	singer
-35.5140266418457	-3.63478422164917	1	Susan
13.136975288391113	1.80966317653656	3	nursing
20.786529541015625	2.9647555351257324	0	coupon
-7.8585357666015625	-23.436376571655273	7	Flowers
17.27656364440918	14.465385437011719	0	layout
-19.007709503173828	-13.506701469421387	6	Secret
22.442045211791992	-2.4288318157196045	3	depression
33.08879852294922	26.588010787963867	5	egg
-0.059079550206661224	24.808677673339844	8	fabulous
4.951952934265137	7.826833248138428	3	babies
18.18610382080078	0.016710059717297554	3	oral
-41.482879638671875	5.898460388183594	1	Amy
-33.57112503051758	-3.6412460803985596	1	Anne
14.183430671691895	14.808002471923828	8	romantic
-3.615475654602051	23.817556381225586	0	newest
13.918028831481934	22.771480560302734	8	elegant
18.825790405273438	-0.003420839784666896	3	massage
-24.194866180419922	0.8052322864532471	6	Simply
-7.954151153564453	-17.192598342895508	6	Reserved
4.707065105438232	-16.98689079284668	6	Dakota
-0.13000720739364624	-31.36975860595703	4	Recipe
-21.05244255065918	-3.544748067855835	7	Pretty
10.78227710723877	11.994599342346191	3	couples
-34.73674774169922	1.9837346076965332	1	Anna
-1.1033130884170532	33.19519805908203	2	teens
-34.535743713378906	-3.817326307296753	1	Barbara
-37.59059524536133	0.9959742426872253	1	Laura
-5.357510566711426	-22.299091339111328	7	Ladies
-13.889668464660645	-15.158781051635742	6	Month
-10.531440734863281	0.15328410267829895	10	Porn
36.14273452758789	25.5675106048584	5	vegetables
23.465978622436523	-2.0638298988342285	3	diabetes
-26.542644500732422	-9.890124320983887	1	Maria
-2.7336034774780273	37.92947769165039	2	fucked
19.439281463623047	6.1678032875061035	0	template
-12.170793533325195	-22.738723754882812	7	Flower
15.506645202636719	18.760128021240234	8	dresses
14.037102699279785	-17.63130760192871	4	Recipes
-38.30905532836914	5.445497512817383	1	Michelle
24.30525016784668	-1.1552971601486206	3	dental
19.217998504638672	6.045653820037842	0	cruise
0.5221903324127197	22.25802230834961	3	girlfriend
9.679275512695312	-24.357675552368164	6	Rooms
-26.721599578857422	-6.868157863616943	1	Charlotte
-1.1749354600906372	-19.03753662109375	6	Calendar
-5.437412738800049	-13.077123641967773	7	Princess
23.295747756958008	11.568214416503906	8	designers
-20.260135650634766	-15.516608238220215	6	Choice
-13.573051452636719	-12.006864547729492	6	Sites
-1.705230474472046	-18.336706161499023	6	Virtual
25.323497772216797	12.780332565307617	8	crystal
-33.08394241333008	-5.453969478607178	1	Nancy
13.85554313659668	-27.549182891845703	7	Bedroom
-0.9099472761154175	34.0717887878418	2	bitch
-1.654119849205017	36.81307601928711	2	lesbian
-5.692873001098633	-23.89284896850586	7	Designer
-31.57337760925293	-1.2577931880950928	1	Grace
-2.4877634048461914	39.166648864746094	2	tits
-36.362796783447266	7.2306437492370605	1	Jessica
-14.899347305297852	-15.829123497009277	6	Purchase
-25.669443130493164	-0.8668330907821655	7	Valentine
-26.158206939697266	-4.200632095336914	1	Madison
23.674711227416992	2.6900253295898438	0	carrier
37.245487213134766	26.172283172607422	5	cups
-12.448095321655273	-20.978422164916992	7	Pearl
-30.971954345703125	-4.029399871826172	1	Alice
8.167359352111816	-25.373273849487305	6	Dining
-16.305896759033203	-11.930535316467285	6	Shows
-0.8282497525215149	39.98249816894531	2	anal
9.98678207397461	-18.229129791259766	4	Therapy
14.938736915588379	5.518712520599365	3	engagement
12.237869262695312	1.5100418329238892	3	addiction
19.465768814086914	7.3367204666137695	0	pets
11.319679260253906	-21.138187408447266	6	Nursing
20.23418617248535	13.792491912841797	0	carpet
23.808053970336914	-2.7363085746765137	3	disorder
-2.8134605884552	-14.877917289733887	6	Teacher
-23.848651885986328	0.8245846629142761	6	Recently
-36.69676208496094	-1.5171688795089722	1	Linda
-38.866600036621094	6.439677715301514	1	Rachel
17.081266403198242	13.497918128967285	0	dot
3.318618059158325	12.492225646972656	0	browse
14.205979347229004	22.6147518157959	8	stylish
-0.18115977942943573	32.43860626220703	2	galleries
36.485504150390625	25.93494415283203	5	baking
4.6217145919799805	-18.052431106567383	6	Cruise
-39.18440246582031	1.5936201810836792	1	Karen
-16.55263900756836	-15.920014381408691	6	Created
-19.362646102905273	-16.013547897338867	6	Finding
12.843465805053711	-17.905521392822266	4	Diet
9.67280387878418	-28.12202262878418	7	Bags
34.57526779174805	27.236501693725586	5	salad
-12.67305850982666	-40.847381591796875	9	BEST
21.342430114746094	17.514551162719727	8	colours
5.514841079711914	-26.13050651550293	7	Luxury
-24.087093353271484	0.0961613580584526	6	Lots
4.22468376159668	-16.070627212524414	6	Caribbean
10.818297386169434	24.042272567749023	8	purple
23.135440826416016	4.735112190246582	0	spa
1.3661993741989136	-20.00932502746582	6	Models
-3.682141065597534	-29.345138549804688	4	Healthy
-6.503261566162109	-23.675073623657227	7	Designs
34.42736053466797	22.93677520751953	4	nutrition
13.053476333618164	19.018537521362305	8	costume
11.224360466003418	-23.685047149658203	6	Apartment
18.414770126342773	0.05510671064257622	2	facial
10.078725814819336	11.387794494628906	3	nurse
-3.051133871078491	38.193748474121094	2	babe
20.916982650756836	6.810881614685059	0	relaxing
12.273493766784668	-21.2183837890625	4	Yoga
-26.21810531616211	-3.397824287414551	1	Eve
14.820892333984375	15.18144416809082	8	makeup
12.454652786254883	-28.607688903808594	7	Womens
3.9514341354370117	17.100868225097656	3	celebrity
-4.241032123565674	-18.452999114990234	6	Newsletter
5.7370147705078125	12.370945930480957	0	photograph
8.55247974395752	23.29471206665039	8	outfit
-21.82980728149414	-19.27212142944336	4	Sugar
16.265382766723633	2.9394474029541016	1	actress
-33.153411865234375	5.822268486022949	1	Ashley
18.356779098510742	6.042510032653809	0	magazines
29.71380043029785	28.41118621826172	5	honey
23.452922821044922	-0.3726412057876587	3	yoga
4.8230180740356445	-21.382686614990234	6	Holidays
2.1676464080810547	-23.92557144165039	7	Contemporary
-11.602020263671875	-15.891191482543945	6	Multiple
-3.2825539112091064	-14.304760932922363	6	Celebrity
25.708818435668945	0.7590574622154236	0	beaches
12.366949081420898	13.625587463378906	3	romance
-16.133867263793945	-13.255049705505371	6	Sample
-29.26540184020996	-6.83412504196167	1	Marie
-0.429162859916687	18.697425842285156	3	sisters
-8.2955904006958	-22.22199821472168	7	Mirror
-1.8224258422851562	34.93280792236328	2	xxx
11.474635124206543	-26.265439987182617	7	Shower
-22.34088706970215	-16.463172912597656	7	Cherry
-7.199323654174805	-17.081884384155273	6	Contest
-1.3820631504058838	-30.318132400512695	4	Cooking
12.734705924987793	-17.69258689880371	4	Nutrition
-12.6322021484375	-42.03221893310547	9	VERY
-38.3795280456543	3.3586032390594482	1	Emily
29.94603157043457	28.761516571044922	5	pie
-42.05620574951172	5.829829692840576	1	Julie
-11.070545196533203	-17.476295471191406	6	Target
35.72954177856445	27.02804183959961	5	lemon
3.878631830215454	-20.20225715637207	6	Apply
25.720346450805664	-4.823325157165527	3	acne
-0.14980317652225494	21.573514938354492	3	lover
-2.3257322311401367	36.84653854370117	2	sucking
-21.919071197509766	-14.575287818908691	7	Unique
-3.727153778076172	-18.545459747314453	6	Statement
12.365598678588867	18.6295223236084	8	adorable
5.787310600280762	7.235994338989258	3	caring
7.460360050201416	-23.401718139648438	6	Seller
-12.435153007507324	-3.6443560123443604	10	Cute
-9.378050804138184	-0.018461668863892555	10	Amateur
-2.673733949661255	-13.03909683227539	6	Virgin
-10.110270500183105	-0.3279063403606415	10	Ass
-10.357813835144043	-3.435375928878784	10	Wife
6.243982791900635	-20.08638572692871	6	Fiction
-20.33771514892578	-21.398698806762695	7	Cake
15.845976829528809	12.153498649597168	0	rack
-30.076465606689453	-0.7679281830787659	1	Dawn
24.72484588623047	-2.8161211013793945	3	abortion
10.883439064025879	20.564001083374023	8	nail
20.751529693603516	7.554601669311523	0	laundry
13.21458625793457	18.186397552490234	8	skirt
12.392881393432617	23.7637882232666	8	colorful
3.4651594161987305	16.340286254882812	3	passionate
-14.020624160766602	-13.43956184387207	6	Updates
1.9496427774429321	20.694650650024414	3	enjoys
24.812015533447266	-3.231031894683838	3	syndrome
-20.692380905151367	-9.257242202758789	1	Hilton
-36.19386291503906	-0.9778542518615723	1	Carol
4.350808143615723	7.501389026641846	3	mothers
14.368518829345703	-20.613140106201172	4	Massage
13.97356128692627	13.004517555236816	0	swim
-31.74401092529297	-2.074328660964966	1	Heather
19.44066047668457	10.583168983459473	0	soap
3.0537822246551514	14.430512428283691	0	separated
11.12244701385498	16.746726989746094	0	queen
-16.310468673706055	-16.539831161499023	7	Bottom
11.867742538452148	20.93106460571289	8	charming
18.77194595336914	10.958139419555664	0	grocery
22.256404876708984	5.0006890296936035	0	measurements
-4.518935680389404	-20.5445556640625	6	Collections
10.805997848510742	6.8795928955078125	3	blogger
-13.018282890319824	-2.4935708045959473	10	Pics
-41.40993881225586	6.828914642333984	1	Amanda
11.317209243774414	-26.0122013092041	7	Bathroom
-22.839900970458984	-16.454076766967773	7	Candy
-33.65913009643555	6.751702308654785	1	Lynn
2.4686944484710693	-15.149391174316406	7	DIY
-30.5346622467041	-4.389397621154785	1	Lauren
4.976068019866943	-23.824438095092773	6	Desk
10.95518684387207	-18.58745765686035	4	Breast
-1.9431054592132568	38.101802825927734	2	horny
-11.33435344696045	-20.302501678466797	7	Evening
-37.96607971191406	5.777416229248047	1	Katie
14.543898582458496	-20.849714279174805	4	Oral
-9.076566696166992	-39.77338409423828	9	SALE
7.211616516113281	7.892367362976074	3	clinic
3.416959047317505	-24.337047576904297	7	Covers
10.280394554138184	-25.36483383178711	7	Pump
-17.43195152282715	-12.831377029418945	6	Exclusive
-37.322628021240234	4.711881637573242	1	Emma
7.437344074249268	-28.76361083984375	7	Fabric
29.273605346679688	28.437671661376953	5	homemade
-36.947174072265625	7.565609931945801	1	Nicole
-30.628522872924805	0.6584960222244263	1	Joy
15.206987380981445	11.904473304748535	0	tub
28.811010360717773	27.15762710571289	5	dressing
15.897233963012695	12.799816131591797	0	sunny
9.85350227355957	-29.871952056884766	7	Costume
-37.87270736694336	-0.7448623180389404	1	Helen
-10.562026023864746	-2.843813896179199	10	Galleries
20.506473541259766	5.051926612854004	0	templates
11.66282844543457	18.648244857788086	8	bride
26.300567626953125	7.805021286010742	0	tile
0.293404221534729	29.423892974853516	0	hottest
-9.034765243530273	-23.177371978759766	7	Colors
-18.09907341003418	-11.778741836547852	6	Dancing
7.432168006896973	18.359006881713867	3	belly
-2.280831813812256	31.75377082824707	2	chick
-21.429479598999023	-19.763708114624023	4	Whole
6.072969436645508	17.76393699645996	0	outdoors
-32.904544830322266	-5.56031608581543	1	Catherine
-14.210336685180664	-3.968803644180298	10	Huge
-13.829264640808105	-19.026098251342773	7	Ruby
-13.594599723815918	-18.281192779541016	6	Twilight
12.489590644836426	-29.311214447021484	7	Dresses
-0.07236260920763016	-22.76529312133789	7	Platinum
-39.57716369628906	6.588586807250977	1	Julia
-34.405059814453125	-1.6999419927597046	1	Sharon
-11.111430168151855	-39.784427642822266	9	ABOUT
3.2403922080993652	-23.516521453857422	7	Salon
-6.9666900634765625	-12.249612808227539	6	Sierra
-25.23737907409668	-0.31792426109313965	6	Wonderful
-23.16524314880371	-17.716455459594727	4	Honey
-0.6280291676521301	-17.520570755004883	6	Teachers
-15.697973251342773	-39.651187896728516	9	NOTE
-10.75345516204834	-0.044277921319007874	10	Blonde
8.625718116760254	18.95511817932129	8	exotic
-19.78898811340332	-12.804909706115723	6	Dreams
-9.302882194519043	0.5954867601394653	10	Mature
-36.520477294921875	-0.4924425482749939	1	Sue
1.746893048286438	37.8330078125	2	breasts
14.850323677062988	13.905692100524902	0	closet
-15.880393981933594	-39.601619720458984	9	WOW
5.610109806060791	22.33426856994629	8	heels
20.835947036743164	19.31521987915039	8	decor
24.637508392333984	16.372713088989258	8	silk
25.290159225463867	15.367140769958496	8	necklace
1.138136863708496	20.80183219909668	3	pose
-9.662025451660156	-22.027572631835938	7	Wear
11.670649528503418	-29.800235748291016	7	Necklace
7.434414863586426	-24.22257423400879	6	Platform
8.387707710266113	17.988021850585938	0	french
28.417922973632812	5.8732709884643555	8	waist
12.937155723571777	-29.70174789428711	7	Earrings
3.969607353210449	15.831127166748047	3	intimate
12.989713668823242	-22.863956451416016	6	Bachelor
-39.21228790283203	3.6506643295288086	1	Rebecca
5.4190802574157715	-20.79977798461914	6	Classes
-41.27057647705078	5.330178737640381	1	Melissa
28.746618270874023	9.310110092163086	8	beads
-8.517970085144043	1.5222280025482178	10	Anal
19.19683265686035	17.34475326538086	8	vibrant
-3.6714789867401123	-30.28598403930664	4	Milk
22.55674934387207	-3.194446086883545	3	counseling
-32.73185729980469	1.0920084714889526	1	Betty
5.228662967681885	-24.74842643737793	7	Carpet
14.837115287780762	-23.448287963867188	6	Czech
11.326740264892578	6.72147274017334	3	bloggers
-40.66802215576172	7.838986873626709	1	Sara
12.779167175292969	3.104363203048706	3	spouse
-4.701849937438965	-19.917579650878906	6	Trends
-9.687174797058105	-1.2714089155197144	10	Teens
1.024929165840149	-17.134428024291992	6	Patient
14.235809326171875	11.031034469604492	8	lip
-34.002830505371094	5.9776835441589355	1	Holly
13.516020774841309	-18.475074768066406	4	Vitamin
19.980695724487305	-3.7809793949127197	0	null
36.90656280517578	26.616823196411133	5	vanilla
16.53165626525879	21.6734561920166	0	inexpensive
-0.07661847025156021	35.06672668457031	2	kissing
-21.04983139038086	-3.8769824504852295	7	Lovely
25.659677505493164	12.549139976501465	8	luxurious
-33.87040710449219	-4.361478805541992	1	Ellen
-19.318126678466797	-16.72086524963379	6	Explore
22.335790634155273	-0.12335558235645294	3	toxic
16.665502548217773	6.040290355682373	0	modeling
-13.902737617492676	-2.864098072052002	10	Naked
-15.626663208007812	-11.874229431152344	6	Reality
3.3870840072631836	-15.485785484313965	7	Victorian
-31.898330688476562	-6.561733245849609	1	Joan
22.61911964416504	2.601012706756592	0	registry
1.7900495529174805	40.02436065673828	2	webcam
12.630424499511719	-19.091266632080078	4	Diabetes
6.618180274963379	14.59714412689209	0	swap
2.168382406234741	-18.806062698364258	6	Nurse
-37.75062942504883	1.55290949344635	1	Donna
15.785737991333008	4.365797996520996	3	poems
-7.97075080871582	-16.248672485351562	6	Secrets
3.592942476272583	-28.485013961791992	7	Pattern
-39.96524429321289	8.083895683288574	1	Lucy
-10.93032455444336	-1.42519211769104	10	Nude
-4.187837600708008	-29.93213653564453	4	Eating
12.387927055358887	24.69364356994629	8	delicate
21.380496978759766	17.222631454467773	8	ribbon
-23.326311111450195	-6.1973395347595215	1	Amber
4.196077346801758	-16.50098991394043	6	Alberta
-4.434063911437988	-15.57062816619873	6	Romance
-2.9842612743377686	36.85767364501953	2	babes
8.433839797973633	17.76261329650879	0	strips
-2.6601905822753906	38.43040466308594	2	slut
-2.5491185188293457	36.05215072631836	2	boobs
7.556246757507324	20.237411499023438	8	doll
14.629322052001953	2.972378730773926	3	nurses
-42.27350997924805	4.386294364929199	1	Annie
14.90877914428711	17.29781150817871	8	costumes
7.772983551025391	7.855391502380371	3	seniors
-19.87043571472168	-11.42061710357666	7	Kiss
11.78745174407959	-22.741289138793945	6	Registry
14.765148162841797	-23.280929565429688	6	Mercedes
-39.978275299072266	3.659816026687622	1	Christine
25.7695255279541	7.403074741363525	0	weddings
-35.63386535644531	4.958940029144287	1	Monica
-0.489522248506546	17.348899841308594	3	grandmother
-39.0875129699707	3.7788238525390625	1	Stephanie
7.172692775726318	-24.802419662475586	7	Compact
24.76939582824707	16.667081832885742	8	lace
-8.28815746307373	-14.85329818725586	6	VIP
28.647829055786133	11.722430229187012	8	earrings
-9.631197929382324	0.24329817295074463	10	Hardcore
4.5512166023254395	-20.198631286621094	6	Advertise
7.968044281005859	-20.042795181274414	6	Factor
26.75846290588379	13.5933256149292	8	floral
24.787338256835938	-2.5890464782714844	3	disabilities
23.240041732788086	3.9621267318725586	0	cosmetic
-38.89018249511719	4.40381383895874	1	Janet
31.771312713623047	27.906627655029297	5	baked
18.278263092041016	11.941776275634766	0	catering
-32.03592300415039	-3.3914740085601807	1	Andrea
12.3316068649292	-24.680400848388672	7	Fiber
-14.5228910446167	-41.60005569458008	9	HOT
24.64621925354004	12.271944999694824	8	sewing
-26.019865036010742	-7.620926856994629	1	Beverly
32.043426513671875	27.198837280273438	5	dessert
28.258010864257812	11.330368041992188	8	fabrics
-1.1236002445220947	-25.953975677490234	7	Cottage
31.234310150146484	27.03636932373047	5	cakes
-7.848405838012695	1.9502910375595093	10	Cum
2.853888988494873	11.726594924926758	0	giveaway
-37.509334564208984	3.905888080596924	1	Claire
20.394926071166992	10.032386779785156	0	cottage
-11.136808395385742	-16.236858367919922	6	Editorial
10.55788803100586	13.458136558532715	3	celebrities
0.41486018896102905	-18.871688842773438	6	Parties
25.383333206176758	5.165860176086426	0	pumps
-13.653830528259277	-39.9290657043457	9	FIRST
-33.93796157836914	-4.778629302978516	1	Beth
6.669577121734619	-16.194761276245117	6	Denmark
24.71540069580078	5.5160417556762695	0	balcony
-6.955781936645508	-16.6759090423584	6	Readers
18.488401412963867	19.26561737060547	8	crafts
-37.50095748901367	2.309750556945801	1	Diana
-41.94050216674805	8.265006065368652	1	Jenny
28.070159912109375	8.105464935302734	8	ceramic
1.1327670812606812	36.21125030517578	2	lingerie
-0.47763627767562866	-31.052831649780273	4	Salad
23.450145721435547	2.149615526199341	0	accommodations
8.329814910888672	-26.608959197998047	7	Clearance
-14.601506233215332	-41.166568756103516	9	CLICK
0.14185848832130432	41.29116439819336	2	ebony
-9.735097885131836	0.8252553343772888	10	Pussy
-23.807941436767578	-8.74062728881836	1	Bella
-8.264912605285645	-17.589706420898438	6	Closed
-18.20988655090332	-15.308545112609863	6	Changing
18.303983688354492	20.619369506835938	8	cocktail
-0.8503474593162537	40.533199310302734	2	dildo
-2.1706974506378174	-26.542606353759766	7	Mint
-24.58634376525879	-0.9652419686317444	6	Absolutely
29.099340438842773	8.650785446166992	8	yarn
-28.522689819335938	-2.8044273853302	1	Sister
-36.91786575317383	5.92245626449585	1	Christina
2.4296576976776123	18.45574188232422	3	moms
28.45341682434082	4.0026116371154785	8	nylon
-10.84229850769043	-0.9471120238304138	10	Lesbian
4.5814056396484375	-28.59657096862793	7	Decor
-8.905763626098633	-16.96633529663086	6	Cancel
1.939719796180725	24.83646583557129	8	delightful
-39.57504653930664	6.085209369659424	1	Angela
-38.765987396240234	0.6176219582557678	1	Diane
-5.583706855773926	-17.51272964477539	6	Dates
-5.7155632972717285	-24.848054885864258	7	Silk
3.4220480918884277	-26.98223114013672	7	Crafts
27.497621536254883	12.414060592651367	8	bracelet
-5.2454071044921875	-11.725768089294434	1	Marina
-2.0428242683410645	40.165401458740234	2	brunette
8.562911987304688	-29.130643844604492	7	Bridal
-0.48516830801963806	34.38372802734375	2	erotic
-8.034112930297852	1.9032517671585083	10	Tits
-38.060829162597656	0.07345669716596603	1	Kathy
-41.51315689086914	2.9763717651367188	1	Sally
-22.996776580810547	-2.765084981918335	6	Giving
6.608980178833008	7.2317070960998535	3	supportive
0.32912492752075195	-28.9383602142334	4	Powder
35.99439239501953	26.685304641723633	5	coconut
-21.47382926940918	-13.602923393249512	7	Autumn
-13.15500259399414	-15.764469146728516	6	Lifestyle
-23.3837947845459	-3.608755350112915	6	Loved
34.7000617980957	23.091529846191406	3	healthier
-23.264650344848633	-7.426835060119629	1	Tiffany
20.114646911621094	6.183628559112549	0	cluster
-5.575173377990723	-20.149301528930664	6	Affordable
-31.452543258666992	-3.1205568313598633	1	Lindsay
-33.062461853027344	4.974213123321533	1	Megan
-23.760358810424805	-10.63407039642334	1	Mama
-41.03867721557617	3.135058879852295	1	Liz
25.519559860229492	3.863913059234619	0	showers
5.594330310821533	-19.16651153564453	6	Coordinator
9.44884967803955	-26.28756332397461	7	Mirrors
25.30854606628418	3.6433632373809814	0	mattress
-22.93696403503418	-6.114161491394043	7	Kitty
-40.78286361694336	4.520938396453857	1	Jackie
-30.161434173583984	-2.9752979278564453	1	Dana
35.504512786865234	24.298547744750977	5	dairy
12.432779312133789	18.105308532714844	8	princess
-37.44942092895508	-0.12616987526416779	1	Judy
-15.192840576171875	-13.020331382751465	6	Sharing
-37.75088119506836	7.732607841491699	1	Sandra
15.155802726745605	8.424290657043457	8	bra
24.328693389892578	12.250542640686035	8	quilt
6.841382026672363	-25.57695770263672	7	Rack
10.70517349243164	17.94407844543457	8	pale
-42.56093215942383	3.364715337753296	1	Wendy
7.5329389572143555	14.845876693725586	0	clicks
-5.047436714172363	-14.422077178955078	7	Doll
0.35604268312454224	18.901599884033203	3	mum
21.039461135864258	-4.458285808563232	3	nonprofit
-20.770036697387695	-20.849435806274414	4	Egg
10.164732933044434	-28.079402923583984	7	Trim
-14.389917373657227	-39.97522735595703	9	SEE
-20.678617477416992	-14.380036354064941	7	Bee
12.957941055297852	1.2195936441421509	3	complications
11.240530014038086	7.809121608734131	0	AMI
-28.648149490356445	1.0672752857208252	1	Lily
8.247285842895508	-22.95062828063965	9	MAC
28.24852180480957	10.058506965637207	8	knit
0.22177448868751526	34.55378723144531	2	bikini
-41.44658660888672	4.122696399688721	1	Jill
11.476551055908203	-29.412464141845703	7	Bracelet
6.397272109985352	-22.49275779724121	6	Engagement
17.08513641357422	18.302906036376953	8	purse
-1.0037620067596436	41.48794937133789	2	milf
7.638957977294922	-21.179214477539062	6	Libraries
5.60724401473999	-30.21794891357422	7	Lace
9.154640197753906	13.139410018920898	3	wives
-27.241052627563477	-7.956933975219727	1	Whitney
-19.34769058227539	-8.458001136779785	1	Britney
9.472713470458984	-17.24139404296875	4	Wellness
3.3257877826690674	34.32971954345703	2	virgin
29.8524112701416	28.340421676635742	5	yummy
9.882526397705078	-30.055742263793945	7	Satin
6.348531246185303	18.716060638427734	3	toes
10.299145698547363	20.855178833007812	8	polish
-11.71477222442627	-40.213035583496094	9	OTHER
24.27834701538086	9.451554298400879	8	scent
-31.511754989624023	-0.5974032878875732	1	Kay
-25.258813858032227	-5.0779876708984375	6	Aurora
-25.873537063598633	-0.30807918310165405	6	Sunshine
25.843515396118164	-5.08025598526001	3	tumor
16.347820281982422	14.476701736450195	0	salon
4.940454483032227	-27.570167541503906	7	Printed
3.5301735401153564	36.20240783691406	2	escort
-13.153149604797363	-41.0682373046875	9	TWO
-41.191097259521484	7.8591532707214355	1	Cindy
-1.269994854927063	-30.458274841308594	4	Cookies
-38.38525390625	1.684327244758606	1	Caroline
-33.40031814575195	-4.3620710372924805	1	Patricia
6.191036701202393	9.801960945129395	0	contacting
18.76144790649414	21.408203125	8	handmade
18.962888717651367	18.846187591552734	8	roses
-9.660414695739746	-23.52155113220215	7	Basket
-0.37862086296081543	35.7863883972168	2	panties
20.82288932800293	5.486602783203125	0	stamps
22.05800437927246	5.804441452026367	0	gardening
-1.6270915269851685	-16.67262840270996	6	Relationship
-3.086073875427246	-18.793367385864258	6	Disclaimer
-5.4780473709106445	-16.21742057800293	6	Blogger
27.252567291259766	11.881606101989746	8	bridal
11.250825881958008	3.7502188682556152	3	depressed
11.49543285369873	20.24988555908203	8	fairy
1.3339300155639648	-27.235355377197266	7	Tropical
5.894126892089844	20.136564254760742	8	skinny
4.215897560119629	10.635936737060547	0	checkout
-20.54780387878418	-15.664841651916504	6	Everyday
33.85753631591797	26.323427200317383	5	bake
-11.9887113571167	-21.193456649780273	7	Roses
24.434520721435547	9.96789264678955	8	candles
-13.944945335388184	-4.1653361320495605	10	Wet
37.60169219970703	27.117612838745117	5	spicy
-23.66050910949707	-6.746500492095947	1	Belle
-11.110889434814453	-15.632604598999023	6	Shared
17.586021423339844	20.834617614746094	0	decorating
34.378780364990234	24.77821922302246	5	vegetarian
-37.087501525878906	2.525505542755127	1	Erin
21.669858932495117	16.339492797851562	8	styling
-17.351591110229492	-14.969051361083984	6	Across
-10.489352226257324	-23.20929718017578	7	Wrap
19.703771591186523	19.588756561279297	8	decorations
-33.23221969604492	-3.579460382461548	1	Louise
-1.6848224401474	32.458133697509766	2	chicks
-7.250053405761719	-17.449264526367188	6	Winners
29.224376678466797	9.663107872009277	8	handbags
-20.49786376953125	-4.83687686920166	7	Gorgeous
29.75058364868164	27.482370376586914	5	spice
-3.356278419494629	-13.690347671508789	6	Vampire
-1.4024535417556763	40.953514099121094	2	blowjob
-2.9041361808776855	-19.62685775756836	6	Awareness
9.423148155212402	12.773893356323242	3	cheating
15.474018096923828	-24.717863082885742	6	Runtime
31.456398010253906	27.307619094848633	5	pumpkin
-11.475863456726074	-20.624662399291992	7	Coral
13.25806999206543	2.6922154426574707	3	emotionally
6.3794121742248535	-30.543010711669922	7	Jeans
-3.5784988403320312	23.562969207763672	0	invites
6.337587833404541	-21.012304306030273	6	Novel
-9.951332092285156	-16.373432159423828	6	Benefit
18.69927215576172	6.998480796813965	0	coordinate
-13.305590629577637	-22.267847061157227	7	Butterfly
2.2001521587371826	-26.636720657348633	7	Nail
8.625362396240234	-20.78403091430664	6	Compliance
10.331830978393555	-18.23928451538086	4	Pregnancy
3.655701160430908	-29.488557815551758	7	Floral
-10.766597747802734	-40.61112976074219	9	STAR
-36.872318267822266	3.912214994430542	1	Molly
-18.004743576049805	-8.431647300720215	1	Mommy
-4.981840133666992	-24.531831741333008	7	Ribbon
-29.13370704650879	-0.7538069486618042	1	Penny
-38.966888427734375	2.608334541320801	1	Carrie
-12.983301162719727	-1.9430577754974365	10	Babe
24.06662940979004	2.602510452270508	0	markers
-23.929147720336914	-9.724472045898438	1	Willow
5.781360626220703	-16.909162521362305	6	MSN
-40.51464080810547	6.964400768280029	1	Tina
19.59081268310547	16.140514373779297	0	cozy
13.53335189819336	20.950590133666992	8	wardrobe
-6.508826732635498	-11.535632133483887	1	Maya
-41.254417419433594	0.7851471900939941	1	Paula
-18.50472640991211	-16.19818878173828	6	Choosing
-8.362447738647461	-21.35735511779785	7	Clothes
20.285783767700195	18.26055335998535	8	pearl
26.422094345092773	-6.9594502449035645	5	teaspoon
-6.129509449005127	-10.485742568969727	1	Katrina
25.255390167236328	-4.070710182189941	3	arthritis
28.93157386779785	7.75512170791626	8	fragrance
-14.356724739074707	-20.42380714416504	7	Bride
-38.30708694458008	5.955490589141846	1	Natalie
-2.927778959274292	-19.67129135131836	6	Consumers
9.610445022583008	-27.8858642578125	7	Ceramic
-10.860901832580566	-22.805091857910156	7	Shape
-12.971750259399414	-40.241859436035156	9	TODAY
28.489164352416992	3.69909930229187	2	latex
-2.548877000808716	31.136754989624023	2	naughty
12.18072509765625	2.7570133209228516	3	therapist
-0.3389817774295807	40.80949783325195	2	tit
19.28496742248535	0.6406674981117249	3	hips
12.549691200256348	0.25584474205970764	3	wellness
6.4055986404418945	13.632707595825195	0	bookmark
-1.1809498071670532	-31.382537841796875	4	Ingredients
12.13589859008789	22.822946548461914	8	chic
6.010135650634766	-23.608007431030273	6	Weddings
-34.6292724609375	7.431773662567139	1	Eva
1.4995646476745605	20.80354118347168	3	poses
-11.91270637512207	-17.6501407623291	6	Carnival
25.96297836303711	9.546961784362793	8	knitting
-6.561149597167969	-10.845412254333496	1	Madonna
11.232747077941895	2.9682509899139404	3	parenting
-11.707890510559082	-2.0934739112854004	10	XXX
13.523314476013184	2.2116947174072266	3	survivors
0.5251806974411011	38.322593688964844	2	orgasm
16.0032958984375	4.181182384490967	3	vampire
16.07970428466797	4.613354682922363	3	dancers
-6.7024736404418945	-19.77906036376953	6	Optional
3.4039969444274902	-22.20429039001465	6	Reception
3.028944969177246	-25.7054443359375	7	Makeup
-7.785825729370117	-9.119571685791016	1	Married
-42.02073669433594	3.22562575340271	1	Debbie
26.06598663330078	-5.661205768585205	0	membrane
-19.937740325927734	-13.812580108642578	6	Passion
-10.318668365478516	1.0788320302963257	10	Horny
-22.76874542236328	-9.914347648620605	1	Sisters
9.986146926879883	23.680025100708008	8	fashionable
26.62151527404785	12.064812660217285	8	metallic
27.872880935668945	11.158024787902832	8	jewellery
1.9842677116394043	-22.90325355529785	7	Swim
-21.521278381347656	-18.046207427978516	4	Naturally
-9.751931190490723	-40.152244567871094	9	SAVE
-4.911128044128418	-18.937681198120117	6	Giveaway
-25.537593841552734	-7.880180835723877	1	Rosa
-11.829889297485352	-18.082292556762695	6	Split
34.92876052856445	25.056596755981445	5	vegan
-41.93416213989258	3.6949219703674316	1	Maggie
-4.032542705535889	-14.191384315490723	7	Sleeping
9.789335250854492	-28.918838500976562	7	Metallic
7.0194244384765625	-16.05490493774414	6	Norwegian
-12.140826225280762	-41.19934844970703	9	PLUS
5.629758834838867	-14.708894729614258	6	Mai
21.492826461791992	4.851047039031982	0	vacations
37.5484619140625	27.45851707458496	5	creamy
22.180099487304688	16.710832595825195	8	sleek
1.1000471115112305	40.776939392089844	2	hentai
-34.25345993041992	-0.13206183910369873	1	Allison
-12.035901069641113	-21.267122268676758	7	Fairy
-5.767560005187988	-11.706817626953125	1	Abbey
19.58323860168457	15.273605346679688	0	boutique
25.183855056762695	14.977542877197266	8	gown
6.266905307769775	23.098934173583984	8	adore
12.003955841064453	-26.760345458984375	7	Nylon
3.3590333461761475	33.99650573730469	2	juicy
0.47182536125183105	20.39021873474121	3	obsessed
-22.81081199645996	-3.816718101501465	6	Totally
6.880120754241943	-20.612924575805664	6	Languages
4.563862323760986	-25.528043746948242	7	Laundry
-36.16831970214844	2.5231502056121826	1	Jen
-0.3762108087539673	41.32322692871094	2	shemale
13.883148193359375	11.791632652282715	8	curves
22.56264305114746	-1.0992002487182617	3	allergic
-3.9567370414733887	-27.804338455200195	4	Cure
9.727529525756836	24.368078231811523	8	exquisite
-28.121484756469727	-8.26067066192627	1	Kristen
-19.838834762573242	-8.445175170898438	1	Spears
14.660755157470703	-20.50894546508789	4	Facial
0.5242106914520264	-24.811891555786133	7	Boutique
-22.25421714782715	-10.497953414916992	6	Sunny
0.86122065782547	-22.72736167907715	6	Romantic
-32.47812271118164	-1.6081647872924805	1	Marilyn
-26.150938034057617	0.7547631859779358	7	Inspired
-22.400136947631836	-14.305150032043457	7	Fancy
36.4908332824707	26.9549503326416	5	cinnamon
9.196722030639648	-24.24312400817871	6	Templates
12.105551719665527	21.024227142333984	8	butterfly
2.68030047416687	14.517068862915039	0	bio
13.312418937683105	-29.036909103393555	7	Beads
1.8299001455307007	19.277921676635742	3	addicted
-6.99611759185791	-23.791950225830078	7	Charm
-7.532893180847168	-11.533761024475098	6	Venus
14.071568489074707	1.3968820571899414	3	donor
-0.8003461956977844	38.54238510131836	2	cunt
-26.560428619384766	-8.091253280639648	1	Clara
22.596097946166992	16.068418502807617	8	elegance
7.7216081619262695	23.63096809387207	8	outfits
-7.626368999481201	-22.71038246154785	7	Tops
10.736312866210938	-28.122339248657227	7	Shoulder
-0.8424592018127441	-30.889907836914062	5	Bake
22.968582153320312	-1.4886404275894165	3	allergies
21.74137306213379	3.4116921424865723	0	coordinates
23.424495697021484	17.354448318481445	8	sweater
-38.86357498168945	-0.1575184315443039	1	Katherine
12.694137573242188	1.9420610666275024	3	stressful
37.05966567993164	25.43636131286621	5	yogurt
26.429018020629883	-6.996766567230225	5	tsp
-25.937759399414062	-3.4385812282562256	1	Savannah
14.25561809539795	18.16632080078125	8	feminine
5.24133825302124	12.082293510437012	3	inspirational
-20.49437713623047	-21.146408081054688	4	Cookie
25.94460105895996	7.854275703430176	0	flats
-26.08467674255371	-8.843046188354492	1	Katy
-10.083101272583008	-5.033331394195557	10	Moms
16.006961822509766	20.43324089050293	0	themed
-25.537473678588867	-9.185687065124512	1	Ana
12.051993370056152	17.941322326660156	8	dolls
-28.105894088745117	0.6744999289512634	7	Daisy
5.516428470611572	-14.03331470489502	1	Rihanna
-9.27795696258545	1.6285566091537476	10	Busty
-2.030233860015869	36.216426849365234	2	licking
0.7402149438858032	-28.532093048095703	4	Soap
-33.3199577331543	4.70421028137207	1	Courtney
-12.1435546875	-40.33871841430664	9	SPECIAL
14.402236938476562	1.1761151552200317	3	literacy
17.05213737487793	-26.111833572387695	4	Acne
18.820886611938477	15.215786933898926	0	invitations
6.645553112030029	18.204450607299805	0	messy
29.420013427734375	9.834815979003906	8	pendant
-35.49711608886719	-1.234674096107483	1	Shirley
-23.255767822265625	-3.853330135345459	6	Loving
-21.297636032104492	-9.687704086303711	6	Met
-33.914817810058594	-5.632532119750977	1	Deborah
-19.088438034057617	-15.007805824279785	6	Spotlight
15.170432090759277	-24.152990341186523	6	Bollywood
28.558483123779297	8.20186710357666	8	crystals
-34.480712890625	8.140397071838379	1	Brooke
11.083045959472656	13.783398628234863	3	dancer
11.28676700592041	-20.82228660583496	6	Counseling
-34.42912292480469	6.054443359375	1	Nina
-6.468954086303711	-11.057232856750488	1	Gaga
25.07823371887207	9.899606704711914	8	perfume
-22.48738670349121	-8.351371765136719	7	Barbie
4.108211994171143	-27.524169921875	7	Pillow
25.25881004333496	16.50889778137207	8	satin
-2.1237356662750244	39.7355842590332	2	busty
-7.473644733428955	-18.501893997192383	6	Destination
0.8414994478225708	39.081932067871094	2	nipples
-21.57780647277832	-17.796287536621094	4	Treat
5.368593692779541	-27.91891098022461	7	Mesh
-0.27646058797836304	17.99072265625	3	aunt
25.573448181152344	-4.458157539367676	3	hormones
-36.700984954833984	-0.149114727973938	1	Bonnie
-9.439826011657715	-39.60894775390625	9	CONTACT
-13.855850219726562	-40.2364501953125	9	NEXT
-38.812435150146484	8.074017524719238	1	Olivia
-31.672454833984375	-5.438716888427734	1	Dorothy
-35.36782455444336	8.282471656799316	1	Vanessa
-23.467483520507812	-9.151455879211426	1	Ivy
-1.2728971242904663	35.247596740722656	2	whore
22.324464797973633	-1.071574091911316	3	allergy
-0.6628096699714661	-24.232275009155273	7	Patterns
-1.5489102602005005	32.25222396850586	2	lick
5.442958354949951	-28.60272789001465	7	Decorative
-35.9697151184082	4.379954814910889	1	Tara
3.83760404586792	35.88554382324219	2	flashing
5.816315174102783	-23.166168212890625	7	Ballet
-1.4843329191207886	-16.679698944091797	6	Relationships
20.495649337768555	17.392343521118164	8	coats
-37.49578094482422	8.877059936523438	1	Samantha
26.25082015991211	10.89836311340332	8	stitch
-14.891112327575684	-12.035096168518066	6	Biggest
37.570186614990234	25.94352912902832	5	crust
14.049738883972168	-22.323505401611328	1	Actress
10.39019775390625	10.997347831726074	3	sexuality
27.128496170043945	9.22415828704834	8	footwear
-4.285937309265137	-23.1238956451416	7	Shades
16.184778213500977	-25.80539321899414	7	notesLoading
20.68179702758789	14.506593704223633	8	ensemble
20.20038414001465	4.142634868621826	0	widget
0.40079572796821594	35.72269821166992	2	stockings
-8.271381378173828	-12.5389986038208	6	Adelaide
-17.919858932495117	-15.21345043182373	6	Inspiration
-1.5500415563583374	29.66788101196289	2	posing
-26.938268661499023	-0.43331286311149597	1	Swan
-39.51548767089844	1.2121888399124146	1	Cheryl
17.1095027923584	11.668314933776855	0	litter
5.270547866821289	-13.616070747375488	1	Mae
11.700955390930176	3.488877534866333	3	distress
0.7169532179832458	-17.045618057250977	4	Addiction
12.899609565734863	22.780452728271484	8	trendy
-10.58934211730957	-1.7640187740325928	10	Ebony
-6.220694541931152	-20.961811065673828	6	Trend
-6.784140586853027	-16.15778160095215	6	Voices
24.311359405517578	7.619100570678711	8	platinum
-2.970503807067871	23.771169662475586	0	peek
25.393943786621094	4.515092849731445	0	sandy
-9.22575569152832	-11.811774253845215	6	photostream
-18.198047637939453	-13.505799293518066	6	Smile
2.4344823360443115	-23.06787872314453	7	Vanity
-34.759159088134766	-4.683210372924805	1	Kathleen
11.088679313659668	20.07981300354004	8	triangle
-41.558868408203125	1.1804709434509277	1	Pam
6.697066307067871	-20.677011489868164	6	Shares
16.04022216796875	-23.018579483032227	8	Vuitton
0.08401264250278473	-23.711484909057617	6	Designers
5.273530006408691	-13.192005157470703	1	Buffy
-23.11162567138672	-18.12062644958496	4	Ginger
-22.66478157043457	-17.74419593811035	4	Spice
-12.821024894714355	-20.58038902282715	7	Emerald
3.144953966140747	36.15099334716797	2	penetration
2.8141982555389404	-27.64685821533203	7	Candle
18.748287200927734	10.941421508789062	0	supermarket
12.956811904907227	19.828014373779297	8	prom
-25.510074615478516	-2.4282495975494385	1	Yay
16.29079818725586	14.236532211303711	0	royalty
17.15523338317871	5.535787105560303	0	scans
-8.505322456359863	1.1882492303848267	10	Fucked
-12.815753936767578	-19.332107543945312	7	Witch
35.98434066772461	26.14025115966797	5	veggies
-2.3135385513305664	34.988250732421875	2	lesbians
1.8879703283309937	24.765602111816406	8	paired
15.961503028869629	-26.366085052490234	7	Heated
-11.39810848236084	-3.0558295249938965	10	Tight
2.024583101272583	25.344715118408203	0	goodies
-33.985572814941406	8.217631340026855	1	Nikki
-35.83098220825195	4.970081806182861	1	Angie
4.607789516448975	16.37966537475586	3	witch
-6.857762813568115	-22.925365447998047	7	Diamonds
-16.69891357421875	-11.655567169189453	6	Scenes
5.693604946136475	18.758874893188477	2	gal
7.313115119934082	-26.317516326904297	7	Layer
-22.0921630859375	-19.844968795776367	4	Delicious
25.681167602539062	9.382155418395996	8	coral
4.430275917053223	15.653544425964355	0	chatting
-35.05231857299805	6.590363025665283	1	Sophie
-40.76648712158203	6.361985206604004	1	Denise
9.038179397583008	-28.536027908325195	7	Tote
0.5699365735054016	20.863746643066406	3	obsession
0.5071812272071838	40.24702072143555	2	boob
-10.616752624511719	-40.187217712402344	9	OPEN
-4.7820587158203125	-14.293882369995117	7	Dolls
13.697626113891602	14.599716186523438	3	fragile
13.206924438476562	-18.46400260925293	4	Herbal
-27.600017547607422	-4.083148002624512	1	Carmen
-34.44941711425781	-3.019794464111328	1	Teresa
-13.423416137695312	-41.79533004760742	9	AMAZING
16.033601760864258	-25.96013069152832	6	MPG
-6.2170538902282715	-16.902986526489258	6	Proposal
3.6392672061920166	24.14710807800293	8	classy