x	y	cluster	word
-9.64033031463623	34.94231414794922	2	his
-8.94832706451416	34.50005340576172	2	man
-17.87944221496582	33.425594329833984	2	great
5.45701265335083	-14.415745735168457	7	views
2.44523286819458	18.06205940246582	8	game
-11.507879257202148	38.26220703125	8	team
6.698863983154297	7.6450066566467285	4	God
-24.716442108154297	-16.118186950683594	7	From
0.01742684282362461	30.12793731689453	10	power
-1.46285879611969	-13.320364952087402	9	United
-33.19853210449219	0.5931794047355652	3	John
6.037220478057861	32.45714569091797	8	points
4.334033489227295	12.933048248291016	8	games
8.213034629821777	-28.39942741394043	1	Internet
-24.51664161682129	-14.837925910949707	7	Great
-6.479645252227783	6.043064594268799	4	His
30.642148971557617	-7.697401523590088	1	Windows
-34.52811050415039	0.4287950396537781	3	David
4.235142230987549	-10.033726692199707	0	San
6.361584663391113	-30.500141143798828	1	Google
-12.376215934753418	35.736392974853516	2	guys
-11.211222648620605	35.88651657104492	2	guy
-17.025815963745117	31.835397720336914	10	general
-14.550271987915039	-23.6633243560791	5	Part
23.183063507080078	24.10076332092285	9	security
-34.4514274597168	-0.3309302031993866	3	James
-10.214723587036133	26.842222213745117	10	source
-13.220088005065918	-20.18854522705078	7	Green
11.713358879089355	31.5893497467041	8	players
-13.072962760925293	-23.140945434570312	5	General
-32.377159118652344	0.5811576843261719	3	Paul
-3.994053602218628	-26.025381088256836	5	Power
11.651912689208984	31.616003036499023	8	player
-16.02552032470703	31.96028709411621	10	according
-39.479801177978516	1.1427870988845825	3	Michael
-9.64703369140625	27.180126190185547	10	build
3.9696905612945557	25.111473083496094	9	war
9.97793197631836	-30.643251419067383	5	System
-2.3498213291168213	30.960737228393555	10	land
7.353804111480713	-11.863962173461914	0	Game
-24.653053283691406	-16.73493766784668	7	Back
14.741546630859375	21.792333602905273	2	band
-9.421576499938965	27.63242530822754	10	built
-18.946041107177734	-13.286892890930176	7	King
-20.97904396057129	29.71535873413086	7	Will
26.997207641601562	-13.476097106933594	5	Software
-19.31255340576172	-14.255516052246094	7	Man
6.393725872039795	-24.748952865600586	5	Series
-0.2633330821990967	-14.063004493713379	7	War
24.073320388793945	22.808712005615234	10	solution
-35.780330657958984	0.5570045113563538	3	Mark
-31.142011642456055	-4.469292163848877	3	George
14.440065383911133	-25.124841690063477	5	Security
7.3412017822265625	7.090588569641113	4	Jesus
31.194000244140625	-10.715709686279297	1	Microsoft
5.484768867492676	32.34806823730469	8	pass
28.078506469726562	12.259876251220703	10	engine
7.701539039611816	-9.959500312805176	0	Sports
0.4020829498767853	-9.317460060119629	0	England
7.3901896476745605	34.90267562866211	2	fans
-11.728340148925781	29.877424240112305	10	charge
-32.326133728027344	-2.521601915359497	3	Robert
-26.085594177246094	-9.499471664428711	3	Brown
-11.8057861328125	-18.43902587890625	7	Old
-8.206009864807129	-10.04770278930664	0	Team
-4.39406156539917	36.142356872558594	2	fan
-11.597702026367188	-6.899784088134766	0	Chicago
-27.100311279296875	-7.914980411529541	3	Bill
5.491398334503174	30.89882469177246	10	trade
0.5211259126663208	37.43631362915039	9	fight
-40.140960693359375	-4.182114124298096	3	Chris
11.79440975189209	30.498565673828125	8	ball
2.5117177963256836	-10.003615379333496	0	Bay
10.319058418273926	16.755149841308594	9	military
-43.701019287109375	-2.5662496089935303	3	Mike
30.010662078857422	-11.517037391662598	1	iPhone
-8.098296165466309	32.12157440185547	10	poor
7.906671047210693	6.87858772277832	4	Lord
-12.468637466430664	34.3773078918457	9	led
18.74032974243164	26.85869789123535	10	construction
7.3610358238220215	35.213565826416016	8	sports
-9.073561668395996	33.672428131103516	9	dead
-15.13236141204834	-18.57466697692871	7	Rock
-28.37956428527832	-5.893792152404785	3	Thomas
1.7326133251190186	-19.370647430419922	5	Quote
-28.122325897216797	-3.9194867610931396	3	Peter
-6.332559585571289	-12.809903144836426	7	Super
7.729891777038574	-30.58416748046875	5	User
9.631019592285156	34.14497756958008	8	teams
-10.408658981323242	32.212493896484375	10	respect
-4.607394695281982	-22.957489013671875	7	Box
18.03165626525879	-20.02880859375	5	Pro
-42.209999084472656	-2.655691623687744	3	Joe
-39.697025299072266	-1.0101754665374756	3	Tom
-0.5903142094612122	38.454681396484375	9	attack
-15.144963264465332	30.560806274414062	10	reference
7.188982009887695	6.693812847137451	4	Christ
-11.492528915405273	37.28824996948242	8	beat
-36.632362365722656	-8.385125160217285	3	Johnson
-32.48501968383789	-1.9727863073349	3	Richard
0.9115328192710876	16.418760299682617	8	football
4.3543381690979	22.415124893188477	2	century
-3.574636936187744	25.635345458984375	10	thread
10.959772109985352	7.616641998291016	4	Israel
25.243600845336914	22.368675231933594	10	custom
11.169121742248535	-22.569337844848633	5	Training
-40.011962890625	-2.1754095554351807	3	Steve
24.86992645263672	15.0150146484375	1	audio
19.44357681274414	-16.467147827148438	0	Golf
-20.25090980529785	30.307781219482422	10	According
25.568626403808594	13.279346466064453	10	driver
-11.48045539855957	-6.627533435821533	0	Boston
-46.52022933959961	2.405557155609131	3	Scott
12.579559326171875	29.987171173095703	8	score
9.21712589263916	18.194299697875977	9	killed
-1.0796699523925781	35.278350830078125	9	leader
4.5262041091918945	33.569217681884766	10	manager
-11.534308433532715	-21.395957946777344	7	End
3.1188433170318604	-19.332170486450195	7	Wall
-10.529035568237305	30.048242568969727	10	solid
8.162057876586914	21.710975646972656	9	Bush
-35.82618713378906	-2.854750871658325	3	Martin
-0.7924197316169739	36.87827682495117	9	leaders
4.425267696380615	-6.616237163543701	0	League
-37.03223419189453	-3.376134157180786	3	Jack
-46.11663055419922	3.4767136573791504	3	Jones
1.5847123861312866	14.281428337097168	8	coach
6.100090980529785	-9.467822074890137	0	Jersey
-41.96482467651367	-0.3072981834411621	3	Jim
-9.382023811340332	31.72426414489746	10	rule
-10.220672607421875	-20.527751922607422	7	Way
23.09096908569336	-27.623836517333984	6	Auto
-0.42880159616470337	37.725433349609375	9	kill
10.15186595916748	-30.754880905151367	5	Computer
10.052599906921387	-7.863121509552002	0	Football
26.114686965942383	-4.78667688369751	5	GMT
-37.25868225097656	-2.594815254211426	3	Bob
8.232112884521484	-19.65555763244629	7	Bar
-30.059188842773438	-4.881382465362549	3	Charles
-40.54299545288086	4.246253967285156	3	Jackson
27.54753303527832	11.807510375976562	10	repair
17.361862182617188	-20.854040145874023	5	Audio
-3.2503178119659424	27.79478645324707	10	quote
9.251927375793457	-17.846031188964844	7	Dog
26.14060401916504	17.058528900146484	1	install
18.868656158447266	-19.881120681762695	5	Forums
-8.198674201965332	-21.432382583618164	5	Master
20.775379180908203	9.388261795043945	2	guitar
9.147360801696777	29.571163177490234	8	defense
-4.8360185623168945	-26.013202667236328	5	Standard
30.722759246826172	-5.800583362579346	1	Server
19.571382522583008	12.563385963439941	2	golf
-10.61801815032959	34.51984786987305	9	battle
-10.482863426208496	27.745508193969727	10	generation
9.310646057128906	5.80931282043457	4	Bible
-16.488269805908203	-19.86233901977539	7	Head
-3.7633979320526123	29.737085342407227	2	master
-4.021883487701416	-24.493520736694336	5	Tech
29.466022491455078	15.476363182067871	6	auto
2.8082334995269775	13.494170188903809	8	injury
14.501431465148926	10.733155250549316	9	Iraq
19.9565372467041	23.6385498046875	10	theory
7.548001766204834	24.303869247436523	10	serving
-16.085739135742188	33.787818908691406	2	greatest
-12.440763473510742	-14.90550708770752	1	YouTube
-29.265390396118164	-8.796724319458008	3	Matt
22.075519561767578	-21.065961837768555	6	Oil
13.198542594909668	-17.389894485473633	7	Records
12.68403434753418	-29.56332778930664	5	Tools
-39.79113006591797	-7.032305717468262	3	Ryan
6.093130588531494	-29.65989112854004	1	RSS
-1.0201984643936157	-13.721617698669434	9	Army
12.843648910522461	-20.019969940185547	0	Player
-11.615547180175781	32.51545333862305	10	mark
-13.794400215148926	-7.121991157531738	0	Louis
8.981413841247559	-25.902015686035156	5	Test
-45.6022834777832	-0.27704232931137085	3	Brian
-2.2374014854431152	-17.716285705566406	7	III
20.71734619140625	-23.208730697631836	5	Equipment
-44.62253189086914	0.6200314164161682	3	Andrew
-5.629169940948486	-22.714277267456055	7	Original
17.24539566040039	16.870899200439453	8	zone
17.64799690246582	-23.056631088256836	5	Engineering
22.174043655395508	22.945215225219727	10	command
24.936336517333984	-0.8613288998603821	8	yards
-25.004234313964844	-15.31478500366211	7	Four
-40.473453521728516	-1.5658539533615112	3	Dave
-35.868648529052734	-4.937009334564209	3	Ben
31.04863929748535	-10.144655227661133	1	Android
8.359039306640625	-17.450349807739258	7	Band
-38.863441467285156	-3.1026010513305664	3	Tim
25.642024993896484	22.154407501220703	10	replacement
19.865957260131836	-23.925626754760742	7	Steel
0.7633181214332581	-20.596715927124023	5	Message
22.106374740600586	9.603245735168457	2	fishing
-6.355328559875488	-18.380247116088867	5	Force
-1.8023502826690674	35.18724822998047	9	committed
-34.01365661621094	1.2037742137908936	3	Daniel
0.7624024748802185	35.635032653808594	9	camp
-13.843544006347656	30.21200180053711	10	replace
-28.81410026550293	-5.054962158203125	3	Henry
-1.2619800567626953	38.7313232421875	9	fighting
5.410562038421631	-23.786418914794922	7	Pack
-3.8882124423980713	-16.907100677490234	7	Kingdom
-39.354591369628906	0.3653797507286072	3	Frank
20.825939178466797	10.86140251159668	2	beer
-34.887290954589844	-4.346169948577881	3	Dan
-2.667429208755493	-19.898502349853516	7	Wood
24.992374420166016	18.43118667602539	1	remote
-6.431681156158447	-19.414865493774414	5	Trade
20.92031478881836	-24.460405349731445	6	Electric
-26.627197265625	-4.465251922607422	3	Joseph
-45.557918548583984	-1.0982439517974854	3	Kevin
1.2587476968765259	21.589025497436523	4	evil
-17.173843383789062	-14.27020263671875	7	Death
-40.23517608642578	-3.2859396934509277	3	Jeff
17.3419189453125	24.25731086730957	10	trading
21.955541610717773	-22.81592559814453	6	Engine
16.82736587524414	-17.119781494140625	7	Vol
-2.163358688354492	31.578367233276367	10	argument
-15.408225059509277	-24.48297691345215	5	Quick
-32.67131042480469	1.299796462059021	3	Adam
5.454977989196777	-9.501176834106445	0	Minnesota
-3.435091257095337	-14.829184532165527	3	Chief
-43.82145309448242	4.565526962280273	3	Sam
8.884002685546875	21.22934341430664	9	chief
-41.25421142578125	-3.684041738510132	3	Jason
-5.5649824142456055	5.215946674346924	4	Father
1.4431825876235962	-23.026290893554688	7	Sound
-5.234182834625244	6.008817672729492	4	Holy
31.027746200561523	-9.169757843017578	1	Linux
10.273579597473145	33.506439208984375	8	league
-0.6985844969749451	-25.716127395629883	5	Speed
-42.68120574951172	-2.3949131965637207	3	Tony
13.636990547180176	-7.1529717445373535	0	NFL
-14.579212188720703	-21.34698486328125	7	Official
6.6980719566345215	35.591461181640625	2	sport
28.4517765045166	13.622812271118164	10	motor
-11.911688804626465	-7.988250255584717	0	Dallas
15.993966102600098	-20.778179168701172	5	Volume
3.93802809715271	30.26519775390625	10	gear
0.060563020408153534	22.03691864013672	4	god
23.57438087463379	-20.399446487426758	6	Repair
28.010883331298828	-4.147422790527344	5	Battery
-43.76417922973633	0.3487396240234375	3	Eric
16.56825065612793	24.68485450744629	10	minor
23.53742218017578	21.098873138427734	10	engineering
-13.57776927947998	-17.17701530456543	7	Max
24.724884033203125	-3.0743916034698486	0	Tickets
9.224433898925781	-23.827220916748047	5	Construction
8.284751892089844	-20.542142868041992	7	Metal
-42.86555862426758	-3.8059074878692627	3	Alex
9.630684852600098	30.319358825683594	8	victory
-9.62201976776123	35.81468963623047	2	fellow
-14.20949649810791	-24.642854690551758	5	Questions
-11.664855003356934	-6.218536853790283	0	Diego
2.1687684059143066	-24.08744239807129	5	Machine
-10.576057434082031	28.45955467224121	10	capable
29.020437240600586	-5.679309368133545	1	Samsung
8.453022956848145	12.289871215820312	2	king
-3.317927122116089	31.52863883972168	10	hundred
-14.962908744812012	33.7767448425293	2	heads
-35.25931930541992	-0.17985650897026062	3	Stephen
-18.325881958007812	32.28257751464844	10	Thus
-8.894835472106934	32.96988296508789	2	bear
27.09736442565918	-9.126751899719238	5	Wireless
-13.598119735717773	33.97225570678711	8	passing
-0.8767250776290894	30.653976440429688	10	duty
10.507201194763184	17.882356643676758	9	criminal
10.651007652282715	18.432907104492188	9	officers
-41.896522521972656	-4.074399948120117	3	Nick
-4.668417386710644e-05	34.52187728881836	9	facing
-5.253754615783691	36.99150848388672	8	kick
24.673574447631836	21.620637893676758	10	manual
-16.408918380737305	-23.188350677490234	5	Notes
8.629551887512207	-13.448540687561035	0	Youth
-14.450145721435547	31.9160213470459	2	ultimate
-11.413997650146484	-18.177349090576172	7	Dead
13.277180671691895	13.407373428344727	9	weapons
-16.583023071289062	34.68503189086914	9	believed
-10.524519920349121	-5.633160591125488	0	Philadelphia
1.5879406929016113	14.259988784790039	8	scored
-18.24211311340332	31.632455825805664	10	referred
-18.860366821289062	-21.709991455078125	7	Return
-13.778154373168945	33.248802185058594	2	decent
-4.531540393829346	35.3217887878418	2	crew
13.366194725036621	28.027788162231445	8	draft
1.1430362462997437	16.8079776763916	8	baseball
-15.8544340133667	-20.863651275634766	7	Cool
25.494792938232422	10.243041038513184	10	circuit
28.6845703125	-8.916102409362793	1	SEO
-9.913928031921387	25.217966079711914	1	upgrade
1.3624576330184937	15.296195983886719	8	basketball
16.295000076293945	25.225242614746094	2	pro
-29.60795021057129	-6.885224342346191	3	Don
11.337303161621094	-8.351366996765137	0	Basketball
21.50004768371582	-24.238412857055664	6	Gas
4.691593647003174	-17.325637817382812	5	Retrieved
-37.05807876586914	-7.11800479888916	3	Howard
24.494558334350586	14.357038497924805	10	printing
-18.949647903442383	-21.869827270507812	5	Future
22.629226684570312	7.417893886566162	2	van
4.252830505371094	-19.154354095458984	7	Pass
28.471351623535156	-6.4526495933532715	1	Xbox
0.5363133549690247	38.18916702270508	9	killing
-1.0003397464752197	-16.5967960357666	7	Camp
-46.926788330078125	3.8401834964752197	3	Allen
-36.75995635986328	-5.983339786529541	3	Patrick
17.841773986816406	-17.48209571838379	7	Guitar
-18.277009963989258	-19.482894897460938	5	Major
18.46738052368164	18.665029525756836	2	racing
21.219280242919922	8.933272361755371	2	bass
7.882010459899902	-8.110153198242188	0	Bowl
-41.51560592651367	-1.4082551002502441	3	Andy
-37.29695129394531	-5.890391826629639	3	Anthony
27.656064987182617	11.159422874450684	10	engines
8.101784706115723	-25.265119552612305	5	Premium
-11.842199325561523	29.720460891723633	10	proven
23.713306427001953	15.787798881530762	10	convert
23.18889045715332	15.094952583312988	10	root
-4.660400867462158	-27.145721435546875	5	Technical
23.030982971191406	-25.853017807006836	6	Motor
-9.989995002746582	-6.780200958251953	0	Detroit
11.069402694702148	-14.617640495300293	7	Navy
-17.728893280029297	-10.970969200134277	7	Prince
-33.589271545410156	-4.635405540466309	3	Ron
-1.9052213430404663	-21.00173568725586	7	Iron
16.991195678710938	19.159955978393555	8	yard
8.893972396850586	16.91604232788086	9	army
-11.112988471984863	28.847129821777344	10	superior
-46.50076675415039	1.864367961883545	3	Gary
-5.014588356018066	30.626317977905273	2	tradition
-3.528052568435669	34.043304443359375	2	grand
30.18881607055664	-9.852235794067383	1	Java
10.037113189697266	17.587881088256836	9	prison
2.172067165374756	30.225543975830078	10	scheme
5.593600273132324	-26.10015869140625	6	Sport
24.485916137695312	15.57265853881836	1	gaming
-10.838896751403809	32.6044921875	10	favor
-4.146084308624268	-10.081485748291016	0	Junior
-18.783756256103516	-17.80316162109375	6	Lincoln
7.621135234832764	24.81380844116211	2	era
5.116189956665039	-15.415641784667969	7	Wars
5.94563627243042	-17.251625061035156	5	Defense
5.775256633758545	-18.350112915039062	5	Military
3.6080307960510254	-19.334707260131836	7	Fish
7.473934173583984	32.37632369995117	8	guard
22.881698608398438	16.3229923248291	10	assembly
-26.239900588989258	-3.9437291622161865	3	Matthew
1.790389060974121	17.16785430908203	8	tournament
-33.96315002441406	1.8528193235397339	3	Simon
13.42972469329834	15.60665512084961	9	intelligence
25.898426055908203	19.226266860961914	1	developers
6.378617286682129	4.395406246185303	4	Roman
10.622251510620117	-30.94740104675293	5	Applications
5.042490482330322	-25.387496948242188	7	Gear
-10.119027137756348	25.404460906982422	1	setup
24.863250732421875	-23.104780197143555	6	Honda
7.556636810302734	16.96973991394043	9	enemy
9.547266006469727	-8.70278263092041	0	Baseball
-38.9996337890625	-0.09488746523857117	3	Bruce
-29.25730323791504	-8.816153526306152	3	Justin
19.757675170898438	-21.18218231201172	5	Driver
13.327225685119629	-7.246516704559326	0	NBA
-5.165653228759766	33.834686279296875	2	dude
3.8586840629577637	-9.989301681518555	0	Manchester
7.65305757522583	-30.6756534576416	1	Users
17.573795318603516	-24.45029067993164	5	Industrial
26.18360710144043	-2.8448657989501953	2	del
-34.260093688964844	-4.5537872314453125	3	Rick
17.360023498535156	7.526676654815674	8	injuries
28.68694305419922	-9.101093292236328	1	GPS
-37.961029052734375	0.10464520007371902	3	Alan
-11.06976318359375	34.3740234375	9	strike
-3.6620535850524902	-19.23076629638672	7	Bear
-12.45361042022705	-14.777774810791016	5	replies
22.829214096069336	21.48565673828125	10	conversion
10.366708755493164	15.90548038482666	9	soldiers
-34.16950988769531	-8.330117225646973	3	Wayne
20.706302642822266	-25.25437355041504	6	Racing
27.466659545898438	-5.352391719818115	1	Canon
29.502220153808594	-6.215656280517578	1	Intel
-3.7684617042541504	-18.219160079956055	7	Battle
-41.00266647338867	-0.7079642415046692	3	Jay
-25.839937210083008	-11.551911354064941	3	Guy
19.894962310791016	-21.05851936340332	6	Chrome
24.55003547668457	-23.23038673400879	6	BMW
18.90692901611328	10.356581687927246	2	actor
9.158556938171387	0.5751700401306152	3	Sir
27.37956428527832	8.341906547546387	10	batteries
-6.120789527893066	-23.409618377685547	7	Ultimate
3.1076087951660156	15.107659339904785	8	offense
-25.137117385864258	-15.686711311340332	7	Six
11.801017761230469	6.545901298522949	4	Jews
-4.55816125869751	34.33934020996094	2	boss
24.76405906677246	16.483495712280273	1	backup
-4.883212089538574	4.594526767730713	4	Son
-44.3493766784668	1.43755304813385	3	Rob
-39.00678253173828	-1.6594867706298828	3	Jon
-45.88341522216797	2.15605092048645	3	Larry
7.5819597244262695	-19.332595825195312	7	Lot
3.551501512527466	14.75365161895752	8	offensive
-11.911293029785156	32.92327117919922	8	passes
-10.755367279052734	-6.326571464538574	0	Baltimore
15.721980094909668	-8.122237205505371	0	MLS
10.330184936523438	28.077665328979492	8	injured
-44.810203552246094	-0.9571133255958557	3	Greg
-6.6850972175598145	-25.67223358154297	5	Universal
3.8272457122802734	32.7449951171875	10	versus
23.843814849853516	23.198591232299805	10	enterprise
10.597146987915039	-7.409190654754639	0	Championship
3.6745312213897705	-16.02084732055664	9	Prime
7.0013861656188965	-12.311528205871582	0	Score
-11.71585464477539	-8.633094787597656	0	Cleveland
1.81069815158844	30.21483039855957	10	delay
29.702178955078125	15.824374198913574	6	dealer
7.238179683685303	-30.999441146850586	1	App
11.515864372253418	14.806584358215332	9	troops
8.547426223754883	14.31991195678711	9	nations
24.71010398864746	-24.837514877319336	6	Toyota
-17.440359115600586	-10.00072956085205	3	Captain
8.900442123413086	7.786551475524902	4	Christians
9.03254508972168	-15.780756950378418	7	Jazz
8.90263843536377	24.472713470458984	2	hunting
8.506240844726562	21.6511173248291	9	appointed
-32.033897399902344	-8.312143325805664	3	Johnny
8.046942710876465	-15.041231155395508	7	Blues
-14.349608421325684	-15.594747543334961	3	Miles
6.578181266784668	32.816551208496094	8	pitch
-8.769429206848145	-23.22964859008789	7	Running
6.090575695037842	4.108770370483398	4	Rome
9.203754425048828	24.10003089904785	9	guns
-10.595492362976074	-19.060041427612305	7	Dragon
-1.4208950996398926	-17.61066246032715	5	Oxford
-4.077943801879883	-17.186405181884766	7	Empire
-43.597164154052734	1.7833898067474365	3	Phil
-16.513072967529297	33.1522102355957	2	wise
-12.398933410644531	-20.43303871154785	7	Roll
-32.91522979736328	-8.222734451293945	3	Jimmy
-42.60411834716797	2.2862634658813477	3	Jerry
-1.6903300285339355	34.099327087402344	9	prime
10.88658332824707	-29.890974044799805	5	Tool
10.53492259979248	-29.038188934326172	5	Manual
29.123363494873047	-7.611250400543213	1	IBM
11.534482955932617	6.070581436157227	4	sin
-12.540188789367676	-5.942936420440674	0	Jose
18.714357376098633	-17.06446647644043	7	Fishing
-31.03093147277832	-3.0569427013397217	3	Christopher
20.939361572265625	24.543792724609375	10	translation
-38.10258102416992	-5.682641983032227	3	Sean
4.711068153381348	-21.379905700683594	5	Points
21.60888671875	24.499494552612305	10	logic
21.450008392333984	7.456609725952148	7	feat
-42.47871398925781	-7.539057731628418	3	Billy
3.337465763092041	31.392473220825195	10	rank
-39.377296447753906	-7.016914367675781	3	Josh
32.5012092590332	-8.415738105773926	1	printer
-35.61227035522461	1.5282278060913086	3	Jonathan
24.982688903808594	-4.191875457763672	7	Remix
-15.035102844238281	-17.322084426879883	7	Brothers
-8.482786178588867	35.08799362182617	2	hero
30.612668991088867	-4.812723159790039	1	SQL
-1.3708784580230713	-8.58134651184082	0	Kings
-40.68656539916992	-0.18650083243846893	3	Ken
10.714418411254883	-16.85552406311035	7	Trail
8.706557273864746	28.412979125976562	8	rush
-12.942109107971191	-6.175262928009033	0	Antonio
-1.3781640529632568	29.29892349243164	10	evolution
-20.072513580322266	30.43492317199707	10	Given
-12.135514259338379	-7.319985389709473	0	Orlando
-3.8654937744140625	35.460968017578125	2	finest
9.71171760559082	-26.944974899291992	5	Build
5.3111186027526855	26.53702735900879	9	opposition
-4.345280170440674	31.50351905822754	2	blind
-41.0775032043457	1.3751111030578613	3	Gordon
-13.725305557250977	-25.010374069213867	5	Introduction
11.360692977905273	-0.11266717314720154	3	Governor
9.747573852539062	-24.986337661743164	5	Traffic
-36.51041793823242	-0.9217773079872131	3	Steven
-34.7430419921875	-9.439416885375977	3	Franklin
18.322893142700195	-23.079444885253906	5	Electronics
26.173885345458984	20.260025024414062	1	developer
-10.032626152038574	-6.011107921600342	0	Pittsburgh
28.71632957458496	-10.84012222290039	1	Wii
-9.22010612487793	-20.279672622680664	7	Cold
-41.15351104736328	0.5296400189399719	3	Russell
-7.500787734985352	4.050096035003662	3	Luke
-19.477500915527344	-15.488062858581543	7	Nation
-7.104315280914307	-10.236193656921387	0	Players
24.608522415161133	2.6810386180877686	10	acres
10.972307205200195	-15.053564071655273	7	Reserve
29.120906829833984	-7.029839515686035	1	Cisco
13.477587699890137	9.898469924926758	9	minister
-25.828903198242188	-10.753704071044922	3	Rich
2.695659637451172	14.24252700805664	8	defensive
25.66819190979004	16.282072067260742	1	controller
-45.4832649230957	1.1406960487365723	3	Craig
-1.9790962934494019	30.062847137451172	10	principle
-41.559913635253906	0.9313346147537231	3	Terry
-43.88273239135742	3.18479585647583	3	Roger
16.949661254882812	-22.47494125366211	5	Engineer
2.744245767593384	-24.204328536987305	7	Solid
8.747434616088867	-17.86102867126465	7	Bass
-11.356611251831055	26.37151527404785	1	enabled
-46.490577697753906	1.3760340213775635	3	Keith
24.233314514160156	17.6674861907959	10	chip
11.20543384552002	7.048533916473389	4	Islam
-15.575708389282227	-7.891878604888916	3	Duke
4.899276256561279	-22.10124397277832	5	Statistics
19.06380271911621	22.091548919677734	10	gate
15.86724853515625	-8.430461883544922	0	Nike
3.9134836196899414	-29.708295822143555	5	Cloud
-11.00301742553711	25.762046813964844	1	demo
-17.188446044921875	-9.56750774383545	3	Dick
8.608917236328125	-27.59163475036621	1	Galaxy
-33.87374496459961	-3.1263813972473145	3	Ian
18.681970596313477	21.235183715820312	10	formation
-8.699665069580078	-17.003673553466797	7	Against
14.416315078735352	15.300028800964355	9	fraud
13.899872779846191	-29.27541160583496	5	Remote
-47.118892669677734	-1.8375911712646484	3	Aaron
10.76111125946045	-0.6627295017242432	3	Chairman
-44.74325180053711	3.9063994884490967	3	Fred
24.671634674072266	8.154498100280762	8	receiver
14.888876914978027	15.041125297546387	9	ban
-6.69624662399292	37.65894317626953	9	retired
10.511078834533691	0.09262395650148392	3	Mayor
21.365644454956055	18.951892852783203	10	pipe
4.242081165313721	15.285889625549316	8	penalty
28.763032913208008	-11.368267059326172	1	Nintendo
-9.065293312072754	-23.306562423706055	7	Extra
1.7377521991729736	-10.468506813049316	0	Premier
-16.83025360107422	-17.963470458984375	7	Tiger
-10.964847564697266	-21.04658317565918	7	Stand
11.556790351867676	-7.504777431488037	0	Stadium
-31.12796974182129	-5.019912242889404	3	Arthur
-12.316900253295898	-8.293913841247559	0	Buffalo
-42.10546112060547	1.4069678783416748	3	Barry
20.420597076416016	9.824784278869629	2	jazz
6.720790386199951	9.832650184631348	4	holy
-38.751800537109375	-5.723075866699219	3	Brad
13.476881980895996	-22.170272827148438	5	Per
5.63433837890625	-20.68315887451172	5	Rank
8.374490737915039	-16.65253257751465	7	Shot
-6.4683356285095215	-18.45760726928711	7	Guard
-1.7456246614456177	-15.691801071166992	7	Mario
29.368188858032227	14.658516883850098	6	dealers
4.498936653137207	-22.89864730834961	5	Trading
-8.407323837280273	-24.51519775390625	7	Heavy
8.282943725585938	-9.14223861694336	0	Soccer
-17.094186782836914	-22.27161979675293	5	Answer
12.613327980041504	31.146808624267578	8	scoring
23.98806381225586	-26.685565948486328	6	Dodge
7.971700191497803	15.572717666625977	9	enemies
22.649301528930664	-26.084980010986328	6	Fuel
-40.725711822509766	3.6347978115081787	3	Marshall
23.23579978942871	-27.264162063598633	6	Truck
11.16123104095459	-16.360576629638672	7	Upper
12.196471214294434	-29.785215377807617	5	Hardware
1.6837990283966064	24.598590850830078	9	destruction
16.277023315429688	18.62617301940918	8	franchise
-11.068824768066406	-16.911409378051758	7	Revolution
-17.826093673706055	31.903772354125977	10	refers
28.192522048950195	1.3463596105575562	4	unto
-10.696696281433105	-16.259618759155273	5	Leader
-10.537832260131836	-7.149769306182861	0	Tampa
25.08324432373047	11.554616928100586	10	durable
27.220338821411133	-2.273430347442627	2	que
-7.528778076171875	-22.85757064819336	7	Jump
-3.0443949699401855	-16.580652236938477	7	Brother
11.006729125976562	24.559450149536133	9	commit
0.981561541557312	16.038555145263672	8	championship
8.304240226745605	17.585241317749023	9	violent
25.75992202758789	18.68577766418457	1	console
28.938135147094727	13.948846817016602	6	trucks
14.156764030456543	-3.339087963104248	0	Indians
13.93032169342041	-7.5201945304870605	0	NCAA
-32.492950439453125	-6.089358329772949	3	Albert
25.070398330688477	-22.251920700073242	6	Chevrolet
26.27610969543457	11.745378494262695	10	conditioning
-42.426517486572266	-4.0901288986206055	3	Roy
-28.18709945678711	-7.292926788330078	3	Carl
10.616827964782715	28.274362564086914	8	champion
4.6577067375183105	-20.399023056030273	7	Hat
21.690771102905273	-18.311599731445312	5	Portable
12.156944274902344	29.742769241333008	8	bench
30.131107330322266	-10.408150672912598	1	JavaScript
9.927014350891113	-29.2674617767334	5	Maintenance
-6.038355827331543	-26.34014320373535	5	Problem
9.364567756652832	24.977645874023438	9	wing
3.8463940620422363	22.43601417541504	10	passage
9.074230194091797	-18.766809463500977	7	Die
16.8521671295166	14.64810848236084	2	gambling
-35.52330780029297	-8.000375747680664	3	Murray
11.866741180419922	14.746420860290527	9	crimes
-7.739359378814697	-20.188629150390625	7	Arms
-22.505496978759766	-12.374131202697754	0	Columbus
-2.831021785736084	-26.114816665649414	6	Driving
14.377178192138672	21.388818740844727	2	musicians
-47.117000579833984	1.7757518291473389	3	Dennis
5.6579766273498535	34.05058288574219	8	stats
-27.98345947265625	-4.950439929962158	3	Francis
-1.012789011001587	22.772457122802734	4	glory
-14.356902122497559	-24.3065185546875	5	Answers
1.5833362340927124	36.773929595947266	9	supporters
-24.05211639404297	-9.619135856628418	3	Jefferson
13.092605590820312	-2.779919147491455	7	Scottish
1.7143396139144897	16.158798217773438	8	hockey
-26.482778549194336	-8.179595947265625	3	Marc
-32.86542892456055	-3.4823269844055176	3	Donald
3.008629560470581	36.51090621948242	9	defeat
-32.91267395019531	-3.985783576965332	3	Walter
2.182551860809326	32.47495651245117	2	ton
0.5479202270507812	23.615325927734375	4	followers
9.689508438110352	19.143577575683594	9	arrest
9.473477363586426	-25.51577377319336	5	Transfer
-6.6042280197143555	-11.324116706848145	7	Match
10.488097190856934	25.182411193847656	8	possession
19.208539962768555	26.385175704956055	10	engineer
8.988591194152832	-8.472343444824219	0	Tournament
10.379801750183105	-20.9117431640625	5	Theory
2.6250557899475098	-23.07291603088379	5	Motion
0.10039296746253967	-18.565147399902344	5	Rule
26.357534408569336	12.363377571105957	10	suspension
-6.446602821350098	34.30471420288086	2	mate
11.595965385437012	29.11752700805664	8	coaches
16.300357818603516	21.686912536621094	2	drum
20.711566925048828	-18.825035095214844	5	Laser
0.452134907245636	-25.02545738220215	7	Duty
1.5495041608810425	29.598613739013672	10	converted
27.215240478515625	-2.1121017932891846	2	des
29.957822799682617	-7.070146083831787	1	XML
23.979154586791992	20.05420684814453	10	electronics
-36.577125549316406	-3.760843515396118	3	Chuck
-47.79308319091797	4.158250331878662	3	Robinson
8.378022193908691	18.677392959594727	9	fought
29.789196014404297	-5.405584812164307	1	CPU
11.728447914123535	7.345045566558838	9	Muslims
13.169144630432129	-28.065628051757812	1	Developer
-16.944576263427734	33.752655029296875	2	worthy
-26.491796493530273	-3.7631068229675293	3	Jacob
-34.08486557006836	-3.391852617263794	3	Neil
-7.217094898223877	3.680447816848755	3	Bishop
14.187315940856934	-17.04718780517578	7	Shirt
-3.4008071422576904	29.394222259521484	10	composed
-28.4247989654541	-4.395335674285889	3	Philip
-1.7772836685180664	-21.655391693115234	7	Gun
22.128883361816406	24.518911361694336	10	execution
-42.867916107177734	1.9407012462615967	3	Pete
-43.442996978759766	-0.5460023880004883	3	Doug
21.932310104370117	11.910665512084961	2	con
12.504548072814941	22.711519241333008	2	epic
19.02936363220215	22.059717178344727	10	seal
9.175724029541016	15.850773811340332	9	wars
-7.5378737449646	3.9154186248779297	3	Samuel
-2.993039131164551	31.233295440673828	10	reward
-43.80353546142578	-4.095615386962891	3	Danny
-14.40978717803955	-18.2884464263916	7	Late
-17.02747917175293	-21.188867568969727	7	Strong
-39.48346710205078	-8.276448249816895	3	Brandon
7.908788681030273	31.987049102783203	8	tackle
26.807796478271484	-1.4811910390853882	8	mph
11.17513370513916	0.37678462266921997	3	chairman
-18.161846160888672	-14.847746849060059	7	Ghost
-11.316116333007812	36.99888229370117	8	beating
10.015774726867676	-23.82257080078125	5	Transport
-42.90792465209961	-5.94541597366333	3	Bobby
-3.4362096786499023	31.24533462524414	10	mere
23.664396286010742	20.768850326538086	10	engineers
9.935383796691895	-17.33915138244629	7	Beer
-13.292631149291992	-18.25090789794922	7	Hero
11.30424690246582	-25.86526107788086	7	Pocket
6.144891738891602	-20.280290603637695	5	Trial
12.62419319152832	-7.153456687927246	0	Sox
25.553577423095703	17.222515106201172	1	computing
5.332603931427002	-6.727132320404053	0	Giants
14.944536209106445	-7.478681564331055	0	NHL
16.242979049682617	22.396202087402344	2	par
-9.905670166015625	37.63771057128906	8	veteran
10.668347358703613	6.799130439758301	4	temple
19.23712921142578	-25.49435806274414	6	Hire
4.399454116821289	-9.481949806213379	0	Liverpool
17.083768844604492	20.01945686340332	8	pound
-45.458744049072266	0.4812508225440979	3	Jeremy
-11.159269332885742	-8.303513526916504	0	Oakland
-10.944987297058105	-7.744130611419678	0	Cincinnati
4.435009479522705	-26.47216033935547	6	Garage
9.246731758117676	-22.67167091369629	5	Joint
-34.72272491455078	-8.732993125915527	3	Stanley
10.26914119720459	-8.313155174255371	0	Hockey
14.46512508392334	12.464214324951172	9	governor
-43.42634582519531	3.4721946716308594	3	Ted
0.4906296133995056	-23.881887435913086	5	Economy
-14.468633651733398	-19.854658126831055	7	Beat
-0.30437761545181274	28.954212188720703	9	revolution
-6.480252742767334	-12.033066749572754	0	Fans
24.732406616210938	10.356001853942871	10	blade
16.275388717651367	17.563125610351562	8	betting
-4.755837440490723	-10.122058868408203	7	Champion
8.338333129882812	7.374361991882324	4	Christianity
-14.643943786621094	-7.742069244384766	0	Penn
21.464500427246094	17.728424072265625	10	contractor
13.907581329345703	20.756383895874023	2	tho
-0.7469062805175781	-22.603761672973633	7	Cap
18.101716995239258	-19.72821617126465	5	Gaming
-2.388239622116089	-17.70970916748047	7	Count
30.815404891967773	-10.887475967407227	1	API
-9.791411399841309	-17.622495651245117	7	Fight
18.055362701416016	-23.9979190826416	5	Manufacturing
24.198270797729492	5.375763416290283	2	pour
-7.409059524536133	32.155784606933594	9	united
-6.433743000030518	30.445341110229492	4	praise
13.206157684326172	11.139704704284668	9	terrorist
7.18745756149292	-23.272024154663086	7	Button
22.86119842529297	-27.6088809967041	6	Automotive
25.978513717651367	10.973054885864258	10	contractors
15.048602104187012	8.85124397277832	9	province
0.7762713432312012	34.95487594604492	9	elite
4.446425437927246	-24.591920852661133	7	Logo
-0.31613507866859436	-8.477065086364746	0	Saints
9.494878768920898	7.141652584075928	4	Jerusalem
-24.98126792907715	-13.25348949432373	7	Wolf
3.0853524208068848	-21.260984420776367	5	Brain
2.4643590450286865	33.24602127075195	2	premier
23.368070602416992	5.493396282196045	9	bin
24.888534545898438	-23.679956436157227	6	Nissan
-43.149497985839844	-5.340723514556885	3	Jake
15.629293441772461	-22.53968620300293	5	Circuit
24.874326705932617	12.708096504211426	10	lightweight
13.296170234680176	-4.102268218994141	0	Barcelona
-2.545799970626831	27.2211971282959	2	commentary
-12.949828147888184	31.21368980407715	10	cited
-42.2316780090332	-3.408954620361328	3	Randy
14.415164947509766	-24.516414642333984	5	Documents
8.915777206420898	26.64936065673828	9	rally
29.75897216796875	-9.299424171447754	1	NET
-39.48221206665039	-7.924047946929932	3	Kyle
4.754375457763672	-14.785213470458984	7	Batman
-15.72959041595459	-19.52552604675293	7	Legend
-8.497477531433105	36.15727233886719	2	tribute
1.7408983707427979	30.54254722595215	10	charging
1.7275232076644897	-9.459600448608398	0	Montreal
-12.010261535644531	31.190513610839844	10	legacy
14.229500770568848	-24.67672348022461	5	Intelligence
-16.746435165405273	-14.633583068847656	7	Evil
25.847673416137695	-3.8932299613952637	7	der
-8.885100364685059	-7.219207763671875	0	Milwaukee
-5.763105392456055	35.238929748535156	2	legend
3.052077531814575	-9.708971977233887	0	Arena
13.20627212524414	14.406855583190918	9	corruption
7.380853652954102	11.093009948730469	4	kingdom
0.934104323387146	21.884206771850586	4	sacrifice
-5.740303993225098	4.715586185455322	4	Pope
31.778640747070312	-8.956561088562012	1	plugin
5.195672512054443	31.393796920776367	8	blocked
7.305274963378906	31.259187698364258	8	prospects
-42.51962661743164	-6.675565242767334	3	Tommy
13.653767585754395	-4.544647693634033	8	SEC
19.029321670532227	-24.6524658203125	5	Pressure
13.54415225982666	-16.40230369567871	7	Comedy
9.907092094421387	28.548120498657227	8	captain
30.795427322387695	-9.791082382202148	1	iOS
9.660646438598633	31.78887939453125	8	squad
-24.81471824645996	-13.6281156539917	7	Rush
-28.586353302001953	-6.972074508666992	3	Ralph
2.421380043029785	28.081024169921875	10	executed
-46.230350494384766	4.254022121429443	3	Harrison
28.07333755493164	1.532752513885498	4	thou
20.894207000732422	19.295785903930664	10	rod
-5.651729106903076	-25.39171028137207	5	Built
-4.5419087409973145	33.37093734741211	2	idiot
22.11542510986328	23.3411922454834	1	commands
-14.410616874694824	-16.005815505981445	7	Rod
-7.537570953369141	34.420536041259766	2	genius
4.7407097816467285	-6.8778977394104	0	Eagles
22.01509666442871	-20.3934383392334	5	Contractors
-6.577436923980713	-11.72148609161377	0	Ticket
6.412962436676025	19.849164962768555	9	defeated
28.219165802001953	1.1172417402267456	4	Allah
30.48442840576172	-8.821455955505371	1	Firefox
4.5774827003479	-7.2271504402160645	0	Bears
-18.672822952270508	-14.377976417541504	7	Devil
8.929490089416504	30.723957061767578	8	opponents
1.2936075925827026	36.465084075927734	9	ruled
6.394657611846924	-11.128122329711914	0	Draft
-5.37804651260376	35.487159729003906	2	legendary
22.860076904296875	-20.163005828857422	6	Heating
6.639896869659424	31.317813873291016	8	suspended
13.44965934753418	29.511632919311523	8	starter
10.684896469116211	-25.11817741394043	5	Printing
-16.886844635009766	32.96913146972656	10	regarded
-12.519256591796875	-17.82564353942871	7	Lion
17.871938705444336	16.105484008789062	10	rotation
24.755123138427734	13.476479530334473	10	header
3.9498889446258545	32.57435989379883	8	saves
2.6282248497009277	12.636021614074707	8	jersey
-45.59481430053711	2.3495535850524902	3	Bryan
22.134960174560547	10.339426040649414	2	brass
13.317971229553223	-27.751388549804688	1	Error
21.47121238708496	7.726294040679932	2	remix
7.766379356384277	32.82908248901367	8	prospect
-14.29493522644043	-6.0152740478515625	3	Juan
8.12232494354248	5.899919509887695	4	Gospel
12.883666038513184	-28.383634567260742	5	Programming
13.28170394897461	-3.8299720287323	0	Madrid
8.221562385559082	14.313685417175293	9	punishment
20.09939956665039	10.572700500488281	2	blues
6.157225131988525	-6.780740261077881	0	Tigers
-24.3230037689209	-13.078104019165039	7	Rocky
27.96234703063965	-3.5434327125549316	6	Yamaha
-15.326011657714844	-7.400134086608887	3	Carlos
1.0120956897735596	38.39811325073242	9	soldier
-15.224873542785645	-18.997535705566406	7	Guys
-13.61631965637207	35.80190658569336	2	buddy
5.638558864593506	-7.258634567260742	0	Rangers
-42.5172004699707	-6.8362884521484375	3	Eddie
16.065216064453125	19.210983276367188	8	bat
9.537757873535156	11.808494567871094	2	sword
-43.32960510253906	4.054690361022949	3	Oliver
-9.54392147064209	33.17820358276367	2	bears
17.585222244262695	7.614304542541504	8	deficit
-9.004593849182129	-10.337316513061523	0	Highlights
19.370378494262695	-25.524494171142578	6	Doors
19.515127182006836	10.547239303588867	2	drums
8.345135688781738	-7.052527904510498	0	ESPN
14.244954109191895	9.107209205627441	9	racist
9.802128791809082	11.801051139831543	2	sheep
-6.790616035461426	-25.01004409790039	5	Evolution
8.090612411499023	8.883848190307617	4	verse
12.707165718078613	-6.673771858215332	0	Yankees
-34.758853912353516	1.564207911491394	3	Joel
-15.5645751953125	-24.37765884399414	5	Advance
6.6790571212768555	34.52827453613281	8	lineup
7.067598819732666	-27.514297485351562	5	Command
-11.87164306640625	-19.55100440979004	7	Giant
-1.4696745872497559	27.262022018432617	2	jokes
-2.9092113971710205	-15.164579391479492	3	Gene
-3.29184889793396	26.503328323364258	2	creator
15.08516788482666	-16.16612434387207	7	Orchestra
20.40145492553711	21.211780548095703	10	restoration
-13.165771484375	-19.33440589904785	7	Flying
4.543212413787842	27.720630645751953	9	tactics
13.036468505859375	-7.933413028717041	0	MLB
-4.57212495803833	-21.895938873291016	5	Signs
17.597272872924805	21.48240852355957	10	coin
14.402236938476562	10.746809959411621	9	Iraqi
-13.300838470458984	-20.557830810546875	7	Crew
8.31047534942627	16.932571411132812	9	terror
-29.992603302001953	-6.170599937438965	3	Vincent
2.338763952255249	36.310306549072266	9	fights
-34.07842254638672	-7.245977401733398	3	Victor
13.375727653503418	21.180307388305664	2	sir
10.642510414123535	-8.393437385559082	0	Athletic
8.677139282226562	26.333492279052734	9	veterans
3.513895034790039	-22.94243621826172	5	Essential
-0.011734118685126305	-20.046218872070312	5	Numbers
-25.026395797729492	-10.07365608215332	3	Clay
11.83948040008545	0.9302607178688049	9	spokesman
3.886470317840576	-7.608041763305664	0	Champions
12.534955978393555	27.724702835083008	8	recruiting
-38.73619079589844	2.392606496810913	3	Nathan
29.911251068115234	-11.852312088012695	1	SMS
-9.519063949584961	-5.313809871673584	0	Lions
24.300783157348633	-24.70252799987793	6	Audi
3.235565185546875	-19.996679306030273	7	Raw
14.141291618347168	-14.851030349731445	7	Marvel
-3.482788562774658	34.08762741088867	2	pit
-6.369626045227051	5.380976676940918	4	Abraham
2.3988661766052246	16.403186798095703	8	stadium
2.1305997371673584	35.58235549926758	8	beaten
23.10597801208496	-19.58228302001953	6	Charger
-25.78813934326172	-13.825782775878906	7	Gates
-17.270748138427734	-18.303482055664062	7	Bull
13.989748001098633	-29.430349349975586	1	Install
-10.593612670898438	-20.07862091064453	7	Rise
-0.019479773938655853	35.99140930175781	9	march
25.817922592163086	-5.584805488586426	5	contribs
29.045167922973633	14.926679611206055	6	automotive
-13.765634536743164	34.59587860107422	8	backs
17.069721221923828	22.1385555267334	2	cheat
-35.425025939941406	-9.535073280334473	3	Troy
15.266594886779785	14.337182998657227	9	fighter
-2.277010917663574	36.767250061035156	2	heroes
24.338281631469727	-26.079572677612305	6	Chrysler
21.781404495239258	-23.649351119995117	6	Conditioning
-10.522564888000488	-18.10248565673828	7	Heroes
13.938996315002441	21.81983757019043	2	rap
8.931401252746582	-19.84996795654297	7	Drum
-3.5874454975128174	25.699560165405273	2	podcast
9.496813774108887	20.378299713134766	9	mayor
9.374906539916992	34.24943923950195	8	roster
8.30082893371582	9.928756713867188	4	priest
-42.7717399597168	0.456604927778244	3	Colin
-24.789819717407227	-10.347421646118164	3	Newton
7.709501266479492	9.691161155700684	4	gods
24.11724281311035	-25.5956974029541	6	Jeep
-8.798190116882324	-18.741920471191406	7	Greatest
-6.8521575927734375	-10.308222770690918	0	Stats
11.375131607055664	18.161523818969727	9	camps
13.522627830505371	22.737987518310547	2	musician
9.810880661010742	-16.141651153564453	7	Maple
24.169851303100586	4.784730434417725	2	los
-17.728654861450195	-14.418134689331055	7	Fear
-18.309738159179688	-21.710477828979492	7	Spot
28.58819007873535	-4.3447585105896	1	Nikon
-8.185894012451172	-16.93263053894043	5	Leaders
12.96181583404541	-22.33536148071289	5	Bid
24.264026641845703	3.092834234237671	9	Singh
-45.431663513183594	4.411862850189209	3	Harvey
6.994602203369141	10.071359634399414	4	eternal
-44.522193908691406	-3.408604621887207	3	Derek
29.79448890686035	-4.450478553771973	1	router
23.247270584106445	8.660905838012695	3	analyst
27.767759323120117	10.222339630126953	6	diesel
-18.26485252380371	-10.523201942443848	3	Uncle
-0.42107564210891724	22.576995849609375	4	faithful
15.289262771606445	11.267271041870117	9	CIA
0.3079128861427307	-1.826629400253296	4	Creator
12.776333808898926	28.80247688293457	8	traded
8.94198226928711	-16.73158836364746	7	Pub
0.7818207144737244	13.702680587768555	8	playoffs
0.16674505174160004	33.26525115966797	10	predicted
25.764759063720703	-0.9229337573051453	8	innings
4.596356391906738	-16.832609176635742	5	Commons
-0.3685517907142639	27.229726791381836	2	loyal
7.526378631591797	-28.58910369873047	1	Digg
17.61163902282715	18.834070205688477	2	riders
-41.12797927856445	3.2332944869995117	3	Wallace
3.739527940750122	-21.214933395385742	5	Podcast
-17.416032791137695	-20.839099884033203	5	Forward
18.759708404541016	-21.801584243774414	5	Formula
0.27901190519332886	-1.7728877067565918	4	Genesis
23.858034133911133	-0.33788108825683594	8	quarterback
9.412086486816406	6.475989818572998	4	GOD
-15.198659896850586	-25.3502140045166	5	Demo
8.367842674255371	8.678899765014648	4	gospel
-34.75660705566406	-7.192525863647461	3	Lucas
30.7341251373291	-4.3368964195251465	1	MySQL
13.12750244140625	11.194137573242188	9	terrorists
-35.60340881347656	-6.112913131713867	3	Marcus
-31.088090896606445	-6.192610263824463	3	Leo
15.275716781616211	22.35713005065918	2	pub
4.31535530090332	-8.11925983428955	0	Pirates
-5.8673014640808105	5.678746700286865	4	Moses
-7.643601894378662	-23.07653045654297	7	Stick
-7.6428351402282715	-9.574739456176758	0	Teams
8.644665718078613	6.296759128570557	4	Testament
14.258990287780762	12.042704582214355	9	convicted
25.313234329223633	-2.061195135116577	0	UFC
6.821406364440918	26.760372161865234	9	defence
0.12514162063598633	-19.047317504882812	5	Encyclopedia
-5.973620891571045	-16.936616897583008	9	Forces
4.924691677093506	-14.535921096801758	7	Beatles
-34.35986328125	-1.4594838619232178	3	Leonard
28.318702697753906	0.6738511919975281	4	LORD
18.251192092895508	22.5154972076416	10	tunnel
28.69064712524414	-9.93215274810791	1	PlayStation
1.2891305685043335	24.510534286499023	10	liberty
10.663751602172852	-0.2167520970106125	3	Sheriff
14.17577838897705	-27.636428833007812	5	Computing
-31.620826721191406	-2.9437267780303955	3	Jeffrey
22.614744186401367	-24.203813552856445	6	Tire
-9.722455978393555	-7.208102226257324	0	Auburn
4.778607368469238	-29.45151138305664	5	Gateway
22.105558395385742	21.78848648071289	10	correction
-10.324688911437988	-22.302248001098633	7	Sonic
14.233124732971191	-28.301347732543945	5	Devices
-36.27596664428711	-2.61287784576416	3	Arnold
-18.065208435058594	33.22384262084961	2	notable
-2.854808807373047	-26.967578887939453	6	Dealer
7.298055171966553	-21.543745040893555	7	Blade
11.739873886108398	-23.765640258789062	5	Engineers
-2.521961212158203	38.405941009521484	9	defending
2.0037105083465576	-20.996356964111328	5	Orders
24.41926383972168	6.6365132331848145	2	gameplay
-27.155202865600586	-3.6460494995117188	3	Joshua
-11.8825044631958	35.61796188354492	2	chase
8.734600067138672	12.637502670288086	2	ignorant
23.96516227722168	-24.33588981628418	6	Chevy
18.669898986816406	-20.74603843688965	5	Instruments
17.525026321411133	18.463958740234375	2	helmet
-26.720928192138672	-6.967556476593018	3	Karl
30.015087127685547	-3.7292826175689697	1	kernel
-24.260528564453125	-15.704699516296387	7	Might
11.02988052368164	-23.53738021850586	5	Aviation
-0.7413551211357117	-16.86910629272461	7	Minor
1.7537510395050049	-18.04506492614746	5	Laws
9.943313598632812	-18.348257064819336	7	Hunting
9.563394546508789	16.914630889892578	9	invasion
10.637531280517578	-26.557273864746094	7	Tab
16.047971725463867	13.995272636413574	9	summit
18.712324142456055	-15.755414009094238	0	Injury
-0.09152647107839584	36.91180419921875	9	battles
18.96145248413086	-19.293947219848633	5	Tables
-14.241735458374023	-18.8662052154541	7	Boss
-5.136914253234863	-17.760374069213867	7	Imperial
19.804529190063477	17.939861297607422	10	investor
1.8849724531173706	28.060882568359375	10	revolutionary
16.758638381958008	20.948585510253906	2	fare
-12.900543212890625	31.804893493652344	10	assisted