x	y	effect_size
27.13627052307129	-8.73912239074707	-0.9628543205701494
27.339157104492188	-11.793876647949219	-0.7237613531800111
29.801963806152344	-10.199411392211914	0.8890039831064742
29.67800521850586	-8.445764541625977	1.144051626049049
27.132450103759766	-9.70325756072998	-1.0816667786255958
29.589963912963867	-0.30924373865127563	-1.1177111528385324
50.674903869628906	-3.7129204273223877	-1.502601421086819
51.56767654418945	2.4283809661865234	0.2857279141359067
36.018516540527344	2.069495677947998	1.3443420980190175
37.73080825805664	6.178705215454102	1.2904216413627094
33.39109420776367	-0.06010739132761955	-1.176413439699987
34.970088958740234	2.9975979328155518	1.284344861303597
33.05672073364258	-0.5101982355117798	-1.3100557005346696
38.115169525146484	3.2268385887145996	1.450684334196116
37.67322540283203	-1.0227612257003784	-0.9751300621796596
31.34995460510254	-1.4408916234970093	-1.2992122426183124
37.806884765625	-0.24568504095077515	1.3160776524757365
48.236515045166016	-1.7880276441574097	-0.965174869949586
48.675933837890625	22.18216896057129	-0.2407791043812985
44.60211944580078	25.379209518432617	-0.3928204133527184
46.882606506347656	18.623790740966797	0.3263694666096688
47.71855926513672	26.609699249267578	0.0975077483311785
46.0557975769043	21.1241397857666	-0.4994727705047382
47.85894775390625	20.351701736450195	0.3319916998239103
47.0540885925293	17.703960418701172	-0.15458067989544
30.18692970275879	-10.931095123291016	1.082692083395754
42.07093048095703	24.221872329711914	0.8138790494983381
47.967891693115234	17.76026725769043	0.4289816766161097
43.24503707885742	21.72412109375	-0.3472471292821816
50.11153030395508	17.22826385498047	0.1084439027425815
53.15803909301758	23.049476623535156	-0.6466362693543549
49.680503845214844	21.990079879760742	0.2461386062153897
48.690650939941406	20.181011199951172	-0.4643342878172502
45.85066604614258	23.9350528717041	0.0627511865256522
54.226341247558594	21.7784366607666	-1.1096305685840415
48.99094009399414	23.64519500732422	-0.4534808674046791
49.53083419799805	26.282716751098633	-0.2737240624993822
52.95026397705078	3.446120500564575	-0.0159148851241136
47.280784606933594	23.476627349853516	-0.5079034509518086
52.268775939941406	26.9344425201416	-0.22108919452858
51.70941925048828	23.920066833496094	-0.3504992971879365
54.7666130065918	22.901823043823242	-0.1734857748631757
52.99071502685547	27.15604591369629	-1.193597914379137
52.48921203613281	21.693519592285156	-0.3725703588009104
53.39610290527344	24.09233283996582	-0.2905015228931029
53.04478073120117	19.15515899658203	-0.3818563157152803
5.087184429168701	-13.954090118408203	-0.5122983113127231
19.940919876098633	-10.734126091003418	-0.883974807868224
-1.840524673461914	-18.465717315673828	-0.2416469564772551
-18.684770584106445	-39.09124755859375	-0.4246460223431111
-0.400815486907959	-13.952838897705078	-0.3023412616638193
17.87822151184082	40.86132049560547	-0.8420629294287019
-29.069257736206055	-28.32943344116211	-0.0148499703622951
4.199838638305664	-23.785646438598633	-0.4324424521148102
24.284536361694336	-13.340764999389648	-0.6598751808205693
21.990737915039062	-35.65432357788086	-0.2889840503114266
27.313125610351562	5.328299045562744	-0.1284154371519827
20.054901123046875	-17.22921371459961	-0.3451539654778839
-36.144100189208984	-33.29891586303711	-0.6747133019604109
-38.038089752197266	-6.0111260414123535	-0.2588357111024065
-8.67371654510498	-23.67642593383789	-0.4882495233637908
-42.11978530883789	2.0495290756225586	-0.2428424518488765
-7.254502296447754	-9.925875663757324	-0.1704208226597525
24.718006134033203	54.4029655456543	1.0236901562196394
-18.604040145874023	-40.25421142578125	-0.8186787556540135
-40.405723571777344	-14.452811241149902	-0.1774108877480319
3.7491886615753174	-21.847238540649414	-0.4882893848907977
6.580963134765625	-3.2147014141082764	-0.1593656685756482
21.99078941345215	-35.654666900634766	-0.2889840503114266
-0.7711286544799805	-21.752042770385742	-0.6176779926406297
-23.06118392944336	15.396123886108398	-0.0285152133883488
17.46253776550293	-13.941534996032715	-0.5379313085338949
-33.70269775390625	0.8356720209121704	-0.3391201123766153
4.71850061416626	-34.9638671875	-0.555514880969403
23.665122985839844	44.96482467651367	-0.0136128825971731
5.961549282073975	-33.916358947753906	-0.6454595773237918
31.418611526489258	-23.934659957885742	0.1126700357830017
6.503921031951904	-15.410592079162598	-0.4663762251094819
-48.86284255981445	-25.448637008666992	-0.4715796191467697
25.56540298461914	45.12461853027344	-0.4347093087851992
-8.879351615905762	-39.55035400390625	-0.3918543060298456
0.2678546905517578	-29.9176082611084	-0.4471455114855162
-45.25174331665039	-29.15582847595215	-0.2827421885339043
-9.944194793701172	-25.763816833496094	-0.5753749994135978
23.24109649658203	39.43201446533203	-0.4065280350470107
9.310347557067871	-7.679052352905273	-0.9710039281488708
-8.184662818908691	-20.20014762878418	-0.9083921273685228
-37.66924285888672	-6.638076305389404	-0.4929607833703664
-7.69300651550293	2.2317757606506348	0.2367788986990279
0.40073323249816895	-25.177526473999023	-0.4901142548959277
-16.818710327148438	-8.918787002563477	-0.4140548051885764
-38.07859802246094	-26.392011642456055	0.1027596251419541
-11.097981452941895	25.202199935913086	-0.3366357301726743
-42.02190399169922	-14.869233131408691	-0.1309096937613789
14.876490592956543	2.127236843109131	-0.4376814559247695
21.45284080505371	17.29842758178711	-0.4114605284836241
15.188774108886719	-32.44270324707031	-0.5925758256591916
2.754438638687134	-12.68413257598877	-0.1973112714283185
-25.623634338378906	-31.627315521240234	-0.082371934463195
-29.671518325805664	-12.479161262512207	-0.2482587912960412
-2.85198712348938	-27.141794204711914	-0.6184027103979206
-12.785226821899414	-18.875011444091797	-0.7578708528967705
3.099754810333252	-15.055729866027832	-0.3418287356261385
-3.487696647644043	-44.08562088012695	-0.9822280391958969
24.70496940612793	54.405364990234375	1.0264196847983458
25.316574096679688	-8.121735572814941	-0.1486324491571745
11.816959381103516	5.7626776695251465	-0.6394670509463966
4.444404602050781	-41.01921844482422	-0.499421664133
11.665620803833008	23.95087242126465	0.0539572183446362
21.322036743164062	-42.66270446777344	0.3971493361660393
-11.48459529876709	-8.518987655639648	-0.132335956582185
-36.5703239440918	-34.31621170043945	-0.3238256231052112
-28.189189910888672	-31.572826385498047	-0.2800048104494027
-19.145666122436523	30.674068450927734	-0.7130480704890657
1.582984447479248	-14.359256744384766	-0.2382894738069898
12.537796020507812	-2.8853209018707275	0.4260122715042084
17.04585075378418	-44.80807876586914	-0.7982191180962894
-7.17542839050293	-21.758726119995117	-0.5958462564608669
-4.5737690925598145	-44.73228454589844	-0.2550506477944072
21.453107833862305	17.29930877685547	-0.4114605284836241
9.702799797058105	-40.612831115722656	-1.0454740260162283
8.194034576416016	1.5993103981018066	0.1114062321967766
0.15628647804260254	-5.340739727020264	-0.6366382242240706
5.0681304931640625	-26.860057830810547	-0.1693378996854244
12.146583557128906	15.367084503173828	-0.7019876639822257
5.6086201667785645	-19.40629768371582	-0.1847019147026281
-44.96152114868164	-20.862268447875977	-0.1348464867663922
-8.670369148254395	-45.99812698364258	-0.7038630553724929
-41.02351760864258	-13.410863876342773	-0.0673654173787683
22.809188842773438	22.618803024291992	0.1051438832716989
-23.14667510986328	-27.671871185302734	-0.0279612681549868
-1.6647709608078003	38.40818405151367	0.5288119478135036
-6.047626972198486	38.39676284790039	0.5337044489995297
8.450533866882324	-27.75360870361328	0.0075095251036959
-16.45633888244629	46.52423095703125	0.625416041192993
-16.310148239135742	-10.041097640991211	-0.6933732635033454
2.1757595539093018	-11.402119636535645	-0.2681468328562597
8.910417556762695	-22.049203872680664	-0.1886429990961889
22.482646942138672	42.32329559326172	-0.2341858211699314
6.028017997741699	-20.304298400878906	-0.0642024145263352
-9.535774230957031	-45.62325668334961	-0.7362254192097343
12.100395202636719	-19.16263771057129	0.1768326300355814
14.09943962097168	-28.448360443115234	-0.0735837640505585
-21.420434951782227	-0.47121715545654297	0.2232009672220181
-50.37540817260742	-27.99530601501465	-0.4260224038504205
25.048519134521484	-30.494396209716797	-0.260997258680481
14.33348560333252	-41.02373123168945	-0.7937912619769152
-4.086223125457764	1.8122767210006714	-0.2079859738022812
-4.475661754608154	-16.757997512817383	-0.4917684541591616
-29.51351547241211	-19.555856704711914	-0.2139088253684973
24.91727066040039	-13.622661590576172	-0.3473214745002034
10.635095596313477	-32.585060119628906	-0.3939993259962523
7.065707206726074	19.4554443359375	0.0857068630998525
-28.134586334228516	37.98556900024414	0.2036005253666573
37.412193298339844	38.74460220336914	0.1792463015876714
-48.148773193359375	-15.438136100769043	-0.0371490289253433
-33.07039260864258	-25.416179656982422	0.1114828865865987
29.67800521850586	-8.445764541625977	1.144051626049049
-7.914167881011963	7.128307819366455	-0.4646831996420131
16.059982299804688	-34.428829193115234	-0.2427810119599773
32.9017448425293	9.430973052978516	0.182407422099593
-12.646512031555176	-8.983452796936035	0.1050287848297056
8.691793441772461	0.7224530577659607	0.0943442493546029
25.511438369750977	3.6912596225738525	0.2335549352368011
19.74988555908203	-10.389915466308594	-0.8875964244203673
1.1816250085830688	-3.2904319763183594	-0.7093702582834231
-17.439878463745117	-39.88285827636719	-0.6115060850933709
19.250864028930664	-24.068140029907227	-0.3455985919919571
20.434446334838867	46.281349182128906	-0.5017327904665675
24.154224395751953	-36.01731491088867	-0.7253066706104611
-36.552330017089844	-30.08502960205078	-0.4591405020498393
-26.37884521484375	-52.46549606323242	-0.2755111445200727
-17.213762283325195	1.0724482536315918	0.0415589511903781
-22.495424270629883	32.35562515258789	-0.039958541330893
-38.6951789855957	26.96480941772461	-0.3672188254838318
24.25718116760254	-19.325592041015625	-0.6893313576193274
16.960800170898438	-49.33633804321289	-0.8559121511535478
-2.400866985321045	11.332744598388672	-0.5827367430778803
19.323097229003906	26.37259864807129	-0.307427922011169
-2.261951208114624	-36.9030876159668	-0.5083847820089541
10.407744407653809	11.265647888183594	-0.3169459197015793
-33.80804443359375	-15.959545135498047	-0.3641302088547595
7.833209991455078	-41.03779220581055	-0.19341876439438
20.807273864746094	-43.08478546142578	0.2591211082913251
-32.645423889160156	-4.320598125457764	0.1413451889120437
-29.887937545776367	-12.055378913879395	0.4612670481945779
12.534341812133789	-10.320353507995605	-0.9393137413092596
18.24612045288086	39.334686279296875	-0.188430740018615
-37.14959716796875	-34.5871467590332	-0.181610181431433
10.823578834533691	28.515853881835938	-0.009119258281765
-15.877420425415039	12.325689315795898	-0.1383970161891045
9.566789627075195	-8.258984565734863	-0.7526806792984053
26.145484924316406	9.926389694213867	-0.3296001537702401
14.486777305603027	31.05866813659668	-0.0417496700731373
2.657167911529541	22.011810302734375	0.104683195003841
3.987596273422241	10.050139427185059	0.0704516882714727
1.2289477586746216	15.78524112701416	-0.3744838610445103
26.191804885864258	-14.392335891723633	-0.1754623992645285
-7.484410285949707	-45.12522888183594	-0.236063427426091
-3.4753456115722656	-1.6677850484848022	-0.3573083369701255
19.239002227783203	-15.834122657775879	0.8041563064931837
-42.04825210571289	-20.026065826416016	-0.6539725745930952
-29.270654678344727	39.783416748046875	-0.0216880268922749
32.05877685546875	5.185356616973877	0.5792032969949954
3.163154125213623	-45.825286865234375	-0.3933410131065347
28.489316940307617	23.684547424316406	0.350603170259532
18.260496139526367	-25.37708282470703	-0.3945079748327507
-0.10950592160224915	-26.365306854248047	-0.2787653492993632
-24.891481399536133	-15.472670555114746	-0.2263830023691442
44.60211944580078	25.379209518432617	-0.3928204133527184
23.566171646118164	47.99356460571289	0.308398023371589
-26.63995361328125	37.475250244140625	0.3642677283719279
-41.202293395996094	5.933239459991455	0.0485499787141816
16.53569793701172	14.546428680419922	-0.1785866307593059
8.4371337890625	30.143449783325195	-0.5049121874822727
-1.819475769996643	20.57806968688965	-0.1548688387694017
-37.53880310058594	-4.999002456665039	0.2088567368377429
-27.700544357299805	-28.926130294799805	0.2499642461750228
27.80698585510254	54.703243255615234	-0.4849537967740815
-2.90971302986145	-15.363450050354004	-0.5989938653740714
20.38971519470215	0.4392728805541992	-1.0923579675361197
30.934907913208008	28.22323989868164	0.1364928211288441
-48.76981735229492	-20.68740463256836	0.0289207857928383
7.386213779449463	32.231834411621094	0.913340144731306
6.041568756103516	-10.966800689697266	-0.4265465282682524
24.027070999145508	52.282955169677734	1.7047741326665742
-31.63306427001953	8.245950698852539	-0.3975103352168433
24.08769416809082	17.854408264160156	-0.1742014765596681
3.361196756362915	-35.65834426879883	-0.493402710064958
25.327320098876953	37.6168327331543	0.5180651784856977
9.451422691345215	-51.21969985961914	-0.559950372778289
-12.813737869262695	-18.888883590698242	-0.7718937162375872
26.929649353027344	3.3808343410491943	-0.1911565131117377
26.055187225341797	55.61335754394531	1.1332458233078762
-30.90457534790039	-21.123546600341797	-0.517006564698851
5.6395392417907715	24.55838966369629	-0.7116305335915639
-0.519759476184845	-10.704498291015625	-0.3627194840947227
-2.624561071395874	37.383060455322266	0.1770530245322847
11.219731330871582	-35.55615234375	-1.1007371775018229
-9.452949523925781	11.559514999389648	-0.0130507188155709
-32.35771560668945	14.429494857788086	-0.5844457607062736
-19.710020065307617	-12.580906867980957	-0.4949331524133559
-52.559207916259766	-25.240211486816406	-0.7433333351002254
-23.557735443115234	15.958528518676758	0.1034659969663117
11.093505859375	-33.33412170410156	-0.7180003893619333
-37.714927673339844	-2.6996004581451416	-0.2633391335726672
26.837739944458008	12.457016944885254	-0.0999771881240733
-31.689647674560547	-14.033406257629395	1.2239381546018568
-39.00214385986328	-5.968197822570801	-0.1199828564162427
-34.454856872558594	1.3827866315841675	0.1107279367876068
22.5779972076416	37.62759017944336	-0.225625231392922
-26.141645431518555	-11.249709129333496	-0.3410470801117966
36.08391571044922	14.520722389221191	-1.2976928737536912
8.617548942565918	-17.741262435913086	-0.933073388937659
16.49459457397461	22.37594985961914	-0.0419598243717856
0.4244749844074249	-29.470672607421875	-0.2730275440224671
1.7748054265975952	-15.9389009475708	-0.0727258182413141
-21.25082778930664	42.591773986816406	0.3938441985759466
23.009761810302734	5.636323928833008	-0.1105846516606696
34.011417388916016	-4.891451835632324	-1.7796855142385943
-24.90570068359375	28.479591369628906	-0.2661672843562281
32.19983673095703	48.053462982177734	0.2246130686915537
-7.376758098602295	-6.097662448883057	0.7776113000392416
-25.78953742980957	18.05379867553711	-0.9075862395255974
-1.8702545166015625	-27.13654327392578	-0.5860010867790284
-26.47677993774414	-11.249072074890137	-0.2493292774440962
-41.915870666503906	15.633283615112305	-0.488531345399684
20.337846755981445	41.36116409301758	-0.6120251347261816
16.84998893737793	-25.23799705505371	-0.3686892623414121
-36.34444046020508	24.949472427368164	-1.0117297643634842
25.596927642822266	50.78915786743164	-0.4585621386266019
-10.951414108276367	-33.17051315307617	-0.3401212944720352
-17.84375762939453	17.139495849609375	0.7797603912697946
11.192193031311035	-43.73564529418945	-1.126859591342152
11.667182922363281	23.954805374145508	0.0550669834446856
-44.69619369506836	-33.87042236328125	-1.010883651590646
30.794212341308594	28.477142333984375	0.1364928211288441
5.0749077796936035	-13.959162712097168	-0.5165676820500728
-49.83916091918945	-14.933597564697266	-0.0162311746627059
-57.64934539794922	-20.976266860961914	-0.3212053990841812
-7.024752616882324	-30.869901657104492	-0.2611222428614557
-13.038673400878906	29.106916427612305	0.1177849656521004
5.689611911773682	11.779972076416016	0.0516769073119497
37.89296340942383	5.024530410766602	1.5148127689505486
-7.4362006187438965	-16.440980911254883	-0.7890286687664155
-26.54100227355957	-32.15848922729492	-0.3975885190367364
19.253896713256836	7.501982688903809	0.7814303144698794
13.303991317749023	35.48750686645508	-0.165944197437922
18.625152587890625	21.52637481689453	-0.2246976352940724
-26.48467254638672	22.799861907958984	0.3182378685108413
-48.272789001464844	-25.653642654418945	0.0181707963855347
-3.1438159942626953	-3.61246395111084	-0.5992251907619005
39.33450698852539	19.664432525634766	-1.164802543869589
-15.750300407409668	-5.797377109527588	-0.510238518818605
17.44264793395996	-48.1035041809082	-1.0395311615026568
29.72248649597168	47.762184143066406	0.2197221262196675
-1.5113900899887085	-24.85771942138672	-0.0191717197877024
35.74166488647461	13.914942741394043	-0.0423715167171952
-23.937761306762695	-28.21062469482422	-0.1832404795756241
-22.71141242980957	-24.005111694335938	-0.5120732403025522
10.427739143371582	-23.892698287963867	-0.438379507015051
5.86144495010376	-26.66781234741211	-0.2427598591411808
3.248760223388672	29.350507736206055	-0.4892674579408865
-1.2589162588119507	-13.313340187072754	-0.2949582118510626
8.66797161102295	-29.13046646118164	0.5451189964569799
29.599910736083984	52.45637893676758	-0.04184688562963
-4.152882099151611	-47.76075744628906	-0.4973763058409081
-11.6563081741333	-44.549556732177734	-0.3716920071801838
-6.970012664794922	-13.434699058532715	-0.4776281658399253
-25.503231048583984	-51.267696380615234	-0.4075125859652698
-20.58539390563965	-18.180362701416016	-0.3759623484803617
-46.82701873779297	14.289420127868652	-0.98833774971637
34.083534240722656	26.656423568725586	0.1226853843540232
-32.91019821166992	12.487716674804688	0.4507664474668378
32.08422088623047	51.7027702331543	0.092701281690119
29.448659896850586	9.444343566894531	0.0996979507954814
-8.540760040283203	1.4339053630828857	-0.0828296895752619
-21.300254821777344	-27.940961837768555	-0.0839428694581665
28.399049758911133	51.97023010253906	0.2350733889753026
-18.330219268798828	-41.695838928222656	-0.4976811717641166
6.357208251953125	-32.22932815551758	-0.4220019836053901
50.67324447631836	-3.7146313190460205	-1.502601421086819
6.271082401275635	-41.43661880493164	-0.8542578991358157
-6.831260681152344	-24.100486755371094	-0.342606416445435
-28.529260635375977	30.590681076049805	-0.3921130385808712
28.493568420410156	23.676721572875977	0.350603170259532
-13.808795928955078	-21.126216888427734	-0.4873478923435921
-32.920719146728516	-10.203583717346191	-1.006358568775906
33.658199310302734	48.99113845825195	-0.5942738982161297
-11.57434368133545	-24.076284408569336	-0.4590711917239247
-14.71384334564209	-26.019865036010742	1.31403061332529
-44.696468353271484	-33.870426177978516	-1.010883651590646
-24.993000030517578	27.495033264160156	-0.5546113918111514
26.87523078918457	51.02326583862305	-0.1773252969632179
-9.889662742614746	-9.739798545837402	-0.167132614419833
23.241655349731445	39.425594329833984	-0.4065280350470107
-2.715298891067505	31.843645095825195	-0.6044117083572764
-12.64888858795166	9.10406494140625	-0.4412118773631855
-37.658817291259766	-27.530315399169922	-0.0355350080345815
-27.028242111206055	10.469735145568848	-0.1145335554766382
-8.370948791503906	1.3215452432632446	-0.0828296895752619
-8.456603050231934	-35.41865539550781	-0.6979217813460713
2.3608529567718506	21.839635848999023	0.0811416341841842
29.53251075744629	18.913578033447266	0.5517740329598722
13.07183837890625	14.753329277038574	-0.6081418053648142
44.76631546020508	-15.694613456726074	0.5846295133839511
24.424034118652344	-25.97135353088379	-1.0615339883151718
-25.397979736328125	-16.328941345214844	-0.2441536611225294
10.823578834533691	28.515853881835938	-0.009119258281765
48.079872131347656	8.985036849975586	-0.132433293032065
-33.594966888427734	-31.22465705871582	-0.3791653372522255
4.430099964141846	23.109588623046875	-0.3250994375373462
-19.145301818847656	30.67426872253418	-0.7130480704890657
-3.476487636566162	-1.671791911125183	-0.3573083369701255
-31.07394027709961	-48.73152542114258	0.2076063139229791
11.174117088317871	36.694271087646484	0.0511198968883228
-18.415546417236328	-23.435285568237305	0.1865840642267198
30.93292808532715	14.341107368469238	0.3364838134232111
-23.621126174926758	-28.814903259277344	-0.0660077039586196
18.089841842651367	4.9279398918151855	0.0555013604638527
13.062029838562012	3.110934019088745	-0.9199178988030584
-36.3242301940918	25.21184730529785	-1.0117297643634842
-18.701627731323242	-3.076460123062134	-0.3423399819361819
18.180513381958008	10.073637962341309	-0.4181592225901094
19.356346130371094	42.80234146118164	0.5124544559311298
48.73870849609375	9.383757591247559	-0.7475130293016518
-32.34397506713867	-10.40753173828125	0.6668560464242744
35.03369903564453	23.776321411132812	0.3544256884664751
-13.427106857299805	6.571374893188477	-0.3085392896618477
-3.3756120204925537	-39.19023513793945	-0.4521894839472136
-15.00330638885498	-41.27872085571289	-0.4631239352092321
-17.463069915771484	41.36371612548828	0.2152592429374881
26.561058044433594	48.1957893371582	0.1999972616789941
-4.978941440582275	-47.14741134643555	-0.5774606281926974
-10.696213722229004	-14.94325065612793	-0.9213154868299036
-2.6874032020568848	-30.01161003112793	-0.3234373476667032
-17.187143325805664	1.0717202425003052	0.0585226088553788
-0.4107280671596527	-15.744889259338379	0.2963000785565101
39.01145935058594	39.3923454284668	-0.5235692271769783
31.286588668823242	11.101302146911621	0.1095846423323956
-20.221317291259766	-13.476673126220703	-0.7909329647539811
-3.7256627082824707	1.946413278579712	-0.2079859738022812
13.388030052185059	-17.982755661010742	-0.925178820244382
-12.704364776611328	-3.3189103603363037	0.5215058765542336
-3.2644119262695312	-47.34133529663086	-0.5963549861698856
19.21576499938965	-5.764019966125488	-0.6624885143878743
-35.10068130493164	4.886787414550781	0.5243740432321625
31.86176109313965	28.92230796813965	0.4965394076633953
-9.738175392150879	46.917171478271484	0.2111747355406965
0.007995284162461758	-5.189905166625977	-0.6366382242240706
-53.2686767578125	-12.216153144836426	-0.522789464823991
-9.00479507446289	18.173803329467773	0.0023549172040515
-53.7851448059082	-10.529560089111328	-0.5182048055256854
29.904987335205078	-0.9926730394363403	-1.348704044557134
-34.05827331542969	-27.512147903442383	-0.2202226333398463
1.2329986095428467	-26.550979614257812	-0.4633465754717815
-3.965860605239868	-45.64918518066406	-0.6392777414919831
-15.750300407409668	-5.797377109527588	-0.510238518818605
-37.61564636230469	21.92844581604004	-0.4576179556454069
15.247313499450684	-32.3819465637207	-0.5833308484661279
5.859421253204346	18.372560501098633	-0.5026650073339882
0.1908603459596634	-33.877845764160156	-0.4369005030368961
-5.682281494140625	31.84902000427246	-0.0396068053937283
18.626020431518555	21.528696060180664	-0.2246976352940724
-6.52384614944458	-48.30449676513672	-0.4216511910510549
-43.758056640625	1.8607335090637207	-0.3888407962030242
14.637136459350586	-24.275442123413086	-0.7075141702227336
3.841181516647339	-39.63732147216797	-0.9142700314521762
-8.658665657043457	43.98627471923828	-0.2552031317976067
20.82624053955078	-26.808687210083008	-0.2503277403202954
20.049346923828125	-17.23314666748047	-0.3451539654778839
-37.55704116821289	27.556509017944336	0.643115336394026
-8.1875	-20.201204299926758	-0.9083921273685228
11.59740924835205	-24.145048141479492	-0.3792812904091703
-16.63085174560547	23.142549514770508	0.1955697980785561
-35.59264373779297	2.1494641304016113	-0.4023315841777045
-22.44091033935547	-7.249325275421143	-0.016257831922539
26.12639808654785	1.287672758102417	-0.6123076283407906
-7.25673246383667	-9.923861503601074	-0.1704208226597525
-24.842967987060547	24.697406768798828	0.1001198327988003
22.644634246826172	-41.5206298828125	-0.9253708932378488
-37.30654525756836	9.678505897521973	0.1735093888258936
-33.84687805175781	-31.97405433654785	-0.6774690029460778
-47.128108978271484	14.017967224121094	-0.7094605177071809
2.739866256713867	-38.43418884277344	-0.6218744241129579
-21.154977798461914	25.979812622070312	-0.0278718881669866
-2.722156286239624	6.391354084014893	-0.8019738785184736
-5.353339195251465	33.781333923339844	-0.1025885628132537
6.219547271728516	-30.550373077392578	-0.1618442548814755
-6.101631164550781	-14.77127742767334	-0.7224558707938894
-2.7903947830200195	-8.062112808227539	-0.4262933388605915
23.98052406311035	48.92788314819336	-0.1922623223001881
-9.763500213623047	-25.870729446411133	-0.5753749994135978
8.434285163879395	-13.032727241516113	0.1165298218082627
-7.144301891326904	44.63481903076172	-0.3019653873858832
-4.046042442321777	-3.532227039337158	0.2496293052644739
-0.01502779871225357	26.305139541625977	-0.3448951559675694
-36.64522171020508	-9.183677673339844	-0.2247331597482648
-20.388242721557617	-18.599205017089844	-0.5573459847443124
17.821626663208008	-27.484418869018555	-0.413004444084188
19.73978614807129	-47.458072662353516	0.1647852636037241
49.88895034790039	7.520893573760986	-0.7831947380024081
-39.11185836791992	-26.466814041137695	0.5004983873916793
7.797691345214844	7.358679294586182	-0.0577891794758462
17.28618812561035	6.663304328918457	-0.5217772500201757
20.64916229248047	-8.986638069152832	-0.2756720709945573
-24.14104652404785	37.37937927246094	0.1331416525813778
17.879173278808594	40.863014221191406	-0.8420629294287019
-6.4244794845581055	-31.471242904663086	-0.413199973234256
-13.88205337524414	-26.391082763671875	0.3335753200642778
-11.9857177734375	-7.808126926422119	0.2253565235199863
7.470181941986084	-18.2747745513916	-0.7535829767012316
24.989168167114258	-24.618253707885742	-0.5651683833086357
6.887100696563721	4.708073139190674	-0.7479047497361633
-16.70667266845703	2.3111252784729004	0.091691241851819
-5.661920547485352	9.24918270111084	0.7363105353833064
39.20016860961914	28.740619659423828	-0.0601307165782314
5.202209949493408	-42.91241455078125	-0.6665272016754255
-3.9958159923553467	16.991943359375	0.2696203923815751
-37.597957611083984	24.605724334716797	-0.8628927975588436
-17.974987030029297	-32.92237091064453	-0.2893165484577755
-10.996759414672852	-39.792991638183594	0.1305346819350339
2.724045991897583	-10.941837310791016	-0.442274180833757
-9.891695976257324	3.0600969791412354	0.5011082889369077
19.151819229125977	-43.536293029785156	-0.0459564598028995
-0.08349163085222244	15.18393611907959	-0.4344865448060439
35.433040618896484	-26.73529624938965	-0.4527862397432015
-23.302125930786133	14.699627876281738	0.021950096132348
51.56797790527344	2.428439140319824	0.2857279141359067
16.175128936767578	31.956087112426758	-0.1460157514724708
14.318306922912598	-41.027549743652344	-0.7937912619769152
-46.08310317993164	-29.988853454589844	-0.7624669736712198
27.638484954833984	16.616085052490234	-0.2476179949715321
-26.63995361328125	37.475250244140625	0.3642677283719279
4.018490791320801	15.049764633178711	-0.039167506322364
-23.661266326904297	-30.245378494262695	0.1057469484047728
-3.201422929763794	-30.672386169433594	-0.042565649379752
14.902586936950684	25.9788818359375	0.438182812037703
-38.57816696166992	-16.000072479248047	-0.01717756440315
-6.047626972198486	38.39676284790039	0.5337044489995297
-57.874000549316406	-20.860610961914062	-0.2548030457332577
-10.416802406311035	-28.996112823486328	-0.5724696245723055
-29.069257736206055	-28.32943344116211	-0.0148499703622951
20.96341896057129	46.06945037841797	-0.3365209832552959
27.553556442260742	-11.918285369873047	-0.7237613531800111
-2.688751697540283	6.46814489364624	-0.1331942966423522
-27.850244522094727	38.45680236816406	0.2036005253666573
17.039642333984375	-39.31480407714844	-0.9719536310602293
-14.616158485412598	41.50385284423828	-0.7558376152940172
-38.62638854980469	-28.00934600830078	0.4323115100676452
-13.038480758666992	29.107261657714844	0.1177849656521004
-30.6644287109375	-46.01396560668945	0.1143333589646721
-43.46747589111328	-3.5991458892822266	-0.1217412794364183
-11.457634925842285	22.736351013183594	-0.485480771686044
16.40670394897461	-26.803386688232422	-0.3219858419915631
22.601778030395508	13.028416633605957	0.2200046000724346
-4.441165924072266	-36.390750885009766	-0.5265127167615499
32.149105072021484	4.0649566650390625	0.3424710972798271
35.44916534423828	19.85256576538086	-0.3186380435395863
-21.57497787475586	32.80443572998047	-0.0761503066146435
-22.59414291381836	-6.679261207580566	0.6143981794614991
7.393651008605957	14.796806335449219	-0.5923879793637821
5.748323917388916	25.29170036315918	-1.0165987935620868
-17.42313003540039	6.405987739562988	-0.1370917568942274
-45.501800537109375	19.366626739501953	-0.4313281248997394
2.272834300994873	-32.463382720947266	-0.1869983887474639
19.89942169189453	22.87598419189453	0.7584302936802214
-31.07394027709961	-48.73152542114258	0.2076063139229791
1.4900603294372559	-3.007762908935547	-0.712040342636639
14.877766609191895	2.1290929317474365	-0.4376814559247695
4.782153129577637	-7.618010520935059	-0.4969194015747895
14.472264289855957	21.659292221069336	-0.9041642298093154
24.25719451904297	-19.32556915283203	-0.6893313576193274
29.234434127807617	9.144059181213379	-0.1578034099097029
-60.017574310302734	-18.80636215209961	0.2880459486379545
-0.7733168601989746	-21.75072479248047	-0.6176779926406297
-41.178558349609375	1.199620008468628	-0.465480050245812
-23.027023315429688	-25.71817970275879	0.0749338886775261
-40.17816925048828	3.694639205932617	-0.1065991700071932
16.045316696166992	3.6536591053009033	0.6222469743642435
-15.383997917175293	40.23973846435547	0.4864365930125435
18.311565399169922	18.074491500854492	-0.4729866903916537
1.2291617393493652	15.785414695739746	-0.3744838610445103
31.802682876586914	5.781899452209473	0.4045763680466002
-2.715298891067505	31.843645095825195	-0.6044117083572764
-24.691810607910156	-14.122171401977539	-0.3855866627502217
2.5317797660827637	-28.273866653442383	-0.3590575494356162
44.36155319213867	17.818628311157227	-0.0414382541130252
-8.134411811828613	-0.5058619976043701	0.0431314533677533
15.043009757995605	51.65576934814453	-0.1607002645408696
-48.54248809814453	-20.08482551574707	-0.0149944717310297
-11.015968322753906	-34.09490203857422	-0.4218346495730442
3.3727757930755615	12.527064323425293	-0.5127176879610064
38.54369354248047	-20.335224151611328	-0.6678039828711886
-59.795589447021484	-19.038991928100586	0.3305612380857884
4.453167915344238	-23.766759872436523	-0.4324424521148102
-12.500564575195312	35.6022834777832	-0.66300444482733
-28.8275203704834	3.335444450378418	-0.4749500263384517
1.4396148920059204	8.699028015136719	-0.2166326103615523
-22.220739364624023	19.972700119018555	-0.4963498440594477
15.801904678344727	19.61861801147461	-0.2909578179513713
-23.63432502746582	-8.236122131347656	-0.404437442737002
15.080809593200684	11.13142204284668	-0.9708939208661692
-23.00384521484375	5.952563762664795	-0.0705689778775122
36.45166778564453	9.377970695495605	0.4828433542763838
-20.93071746826172	29.90367317199707	-0.4366777031620649
14.48808479309082	43.59178161621094	0.074996801516382
-2.546208620071411	-11.145535469055176	-0.3365151364081851
10.623102188110352	11.445083618164062	-0.3169459197015793
23.588565826416016	1.6111685037612915	0.2081888126144514
17.390716552734375	-1.594395637512207	-0.4757285522668456
3.4129297733306885	-21.93532943725586	-0.4882893848907977
40.22722244262695	40.01393127441406	-0.5587440062471707
14.489470481872559	43.59412384033203	0.074996801516382
-8.676270484924316	-23.680879592895508	-0.4882495233637908
-49.277259826660156	-15.479601860046387	-0.0055812295311018
9.048853874206543	-28.73504066467285	0.3908508031005759
20.710920333862305	31.055034637451172	0.2743553857214628
-17.340465545654297	21.869558334350586	0.5005601093494765
-1.2113515138626099	-39.84128952026367	-0.7589869476283526
0.6642266511917114	34.2357177734375	-0.8512009301033835
-7.294660568237305	8.016742706298828	-0.0073476946570945
14.804722785949707	26.80281639099121	0.0432232114604689
0.19718219339847565	2.1650941371917725	-0.0397283425476627
20.773696899414062	-25.30794906616211	-0.0391807946601561
-14.171465873718262	-21.97548484802246	-0.6832635482526352
-5.570928573608398	23.961366653442383	-0.014470700199577
-29.442092895507812	-7.324689865112305	0.1762490675064652
-49.871681213378906	-25.66297149658203	-1.0105954320446513
36.138729095458984	-7.4284257888793945	-1.7868911651439616
-28.9635009765625	-29.938215255737305	0.0561044686648085
2.2621006965637207	4.618537425994873	-0.7722735506850936
-21.41277313232422	22.472307205200195	-0.4314566803976525
-7.263184070587158	27.722450256347656	-0.4887820977524568
8.837793350219727	-23.039342880249023	-0.2718710369640159
28.493009567260742	1.9608662128448486	-0.4118217077439763
-9.344523429870605	-34.853416442871094	-0.4132920678028977
-33.0350227355957	-16.03265953063965	-0.2608485919483728
3.3203301429748535	29.549802780151367	-0.0874149442150159
-44.5760383605957	15.349849700927734	-0.7194849618773838
-8.361038208007812	13.676800727844238	0.2776818162085051
-11.739090919494629	8.112221717834473	0.1577767645042503
41.25310516357422	21.006385803222656	-0.8521177545211032
-47.74153518676758	-20.539451599121094	-0.1349039924474227
-24.105175018310547	-8.605706214904785	0.0575754366345296
38.45384216308594	-20.456748962402344	-0.0211737876678233
-2.965052604675293	-13.25292682647705	-0.4442170988061455
31.015893936157227	14.47233772277832	-0.0625950954603766
-31.985563278198242	17.58700180053711	-0.3821737033851498
-50.5733528137207	-26.928218841552734	-0.4537663087686537
-25.991418838500977	-26.01534080505371	-0.1952476596199915
9.663928985595703	-35.75205612182617	-0.5356735910880738
-8.660137176513672	43.988929748535156	-0.2552031317976067
-16.375038146972656	39.636268615722656	-0.2652221391041412
4.742691993713379	-44.64219665527344	-0.5442323501405884
4.5888848304748535	-16.3806095123291	-0.3576153229311226
-15.236222267150879	12.493049621582031	0.0032121386485369
-28.13175392150879	4.395790100097656	-0.4007483630257313
-53.7851448059082	-10.529560089111328	-0.5182048055256854
-35.167545318603516	26.475570678710938	-0.4322427976350708
46.76949691772461	9.208969116210938	-1.32305405184269
-3.3328139781951904	33.98786926269531	-0.6416165894409415
-30.385507583618164	-47.46091842651367	-0.2619823158072976
-28.044363021850586	-4.319655895233154	0.0828976560813363
-16.08549690246582	32.67356872558594	0.4980856529005939
0.9433630704879761	17.26576805114746	0.1920747940822065
8.740436553955078	19.33591079711914	-0.0331429586316963
-38.08251190185547	-25.745805740356445	0.1524586843151111
-12.525896072387695	15.245634078979492	-0.0731621989032294
14.472264289855957	21.659292221069336	-0.9041642298093154
-20.253034591674805	-1.4688365459442139	-0.7980635308107398
1.418487310409546	-23.293672561645508	0.0706473180414333
16.601511001586914	49.943748474121094	-0.3366241707828813
10.84604263305664	18.939016342163086	-0.5046600371647837
9.085250854492188	1.7613632678985596	-0.1155847279316359
-22.114330291748047	-40.55963134765625	-0.5962116186152033
1.2329986095428467	-26.550979614257812	-0.4633465754717815
1.4429380893707275	-19.42121124267578	0.4366827646353227
-24.42013931274414	9.791746139526367	-0.6809451785212961
16.555904388427734	50.79874801635742	0.6188209525823559
-12.704364776611328	-3.3189103603363037	0.5215058765542336
-13.04964828491211	0.8179676532745361	-0.5286783913885154
-16.980249404907227	-8.99781322479248	-0.4140548051885764
41.49760818481445	27.68268394470215	0.6132854215774923
7.801553726196289	-31.42499351501465	0.065250513904254
3.0066030025482178	-43.01225280761719	-0.2986108752326549
-12.135746955871582	-45.11909103393555	0.3424963621879408
-12.711217880249023	18.53740882873535	-0.2971184695148619
11.5943603515625	-3.3230507373809814	0.8357075655698079
29.13517189025879	-3.0320935249328613	-1.361275376527599
30.75745391845703	-25.53329849243164	-0.2736242964214305
7.963453769683838	7.649302005767822	0.124150038219265
-26.745203018188477	10.524232864379883	-0.1195035095773059
-39.75776672363281	25.595191955566406	0.6068046599034055
-3.850069046020508	13.244311332702637	0.6583550954093675
19.457351684570312	26.387243270874023	-0.5155927592858713
4.225222587585449	42.78267288208008	0.0742372976342695
31.600648880004883	-22.236589431762695	0.1700379545176281
18.062036514282227	33.36594772338867	0.1339218239653621
-49.8978157043457	-6.541121006011963	0.5059076320252833
47.1597900390625	0.7161428928375244	-1.0683508026831974
28.931371688842773	-3.496350049972534	-1.2515646213794245
-3.473952293395996	10.887691497802734	-0.1024686708714705
-0.45333385467529297	26.27210807800293	-0.022869230774953
-27.13526725769043	-0.6979778409004211	-0.7087909765493251
16.72061538696289	-44.42979049682617	-0.4107738917735382
-5.167241096496582	-15.77713680267334	-0.3959439314149433
-31.625831604003906	-16.640769958496094	0.0693532160637405
16.960800170898438	-49.33633804321289	-0.8559121511535478
6.949939727783203	2.390589475631714	0.5204140094060659
-40.82005310058594	24.139230728149414	-1.0920756970254897
-34.88335418701172	-13.908041000366211	-1.018099057214499
-0.6824025511741638	-40.63151168823242	0.3118961834935587
-35.406211853027344	24.374866485595703	-0.988861728339063
-2.822758436203003	-24.050600051879883	-0.3086760003310437
21.722360610961914	20.002155303955078	-0.0465096765384813
-28.637161254882812	-38.80241012573242	-0.5403457339845134
3.862227439880371	6.975522041320801	-1.0912949958889542
-20.176271438598633	3.6341474056243896	0.0882820709832273
14.691315650939941	-8.530192375183105	0.4808744718573565
2.0488736629486084	2.1993932723999023	-0.602658308330648
-43.598533630371094	-4.049307346343994	0.1698359128373912
35.8931999206543	-16.034584045410156	-0.5257498395020931
-26.20915412902832	-32.91461944580078	-0.1946525700339654
-37.066036224365234	-9.20263671875	-0.3451947064493748
-9.491363525390625	-19.255878448486328	0.2388079787388242
46.43810272216797	-1.448153018951416	0.3656413368579204
-29.98682403564453	13.32805061340332	-0.3704928195261689
-13.417109489440918	-31.116989135742188	-0.4356775730272369
18.853670120239258	33.107051849365234	0.0409641830782441
-13.052541732788086	0.8100339770317078	-0.5286783913885154
12.537796020507812	-2.8853209018707275	0.4260122715042084
8.863020896911621	13.54504108428955	-0.0472128025121126
-11.097981452941895	25.202199935913086	-0.3366357301726743
11.933707237243652	5.744618892669678	-0.6112302819919828
-21.857059478759766	-36.964656829833984	-0.4164501769354046
-34.58116149902344	-19.911479949951172	-0.7015374654709364
3.1252858638763428	-46.582462310791016	-0.1263170991557584
24.105558395385742	21.265228271484375	-0.6107476474976182
-41.915870666503906	15.633283615112305	-0.488531345399684
23.17696189880371	5.329745292663574	-0.5080434355060357
-16.2669677734375	45.56682205200195	0.7863609709642584
19.96486473083496	-27.0477294921875	-0.2807965117971193
25.24068832397461	39.613014221191406	-1.1192216194875635
41.27721405029297	4.945353031158447	1.232596759179748
0.7852393388748169	-19.097930908203125	0.061876496248541
24.762495040893555	-3.605281352996826	-0.8603000661959406
39.273658752441406	27.9664306640625	-0.352078490909453
-14.75024700164795	-40.55276107788086	-0.4292842342170072
-18.65776824951172	16.172008514404297	0.6882953000129236
-18.38855743408203	27.666790008544922	-0.0739844315760238
-32.73970413208008	-34.2274284362793	-0.5393006609972473
32.56119155883789	47.067115783691406	-0.3035588685696631
-5.35199499130249	33.78399658203125	-0.1025885628132537
-19.7080020904541	11.402649879455566	1.0511085590529528
-23.67506980895996	-1.9943602085113525	-0.3748492394455037
-32.42333221435547	-34.55397033691406	-0.4302836630916377
-16.75453758239746	33.57472610473633	0.3081382504657761
-19.015602111816406	41.295166015625	-0.240424768398885
-1.5322810411453247	-33.21715545654297	-0.6042184647327473
-0.6737329959869385	9.814419746398926	-0.097940706476231
9.123841285705566	-6.624725818634033	-0.4146905355113725
26.652151107788086	7.196171283721924	0.3362303845781059
26.824451446533203	12.82699966430664	-0.0999771881240733
-2.260392189025879	-36.90449523925781	-0.5083847820089541
16.87921905517578	44.60193634033203	0.8888989320617923
-5.100930213928223	20.428415298461914	-0.36618715127121
-45.0542106628418	20.418071746826172	0.0168191923112336
-21.631980895996094	-39.117347717285156	-0.5919774354537612
36.870914459228516	38.511016845703125	0.7586614420744198
8.834725379943848	30.861879348754883	0.009920090685113
1.0894496440887451	2.8407199382781982	-0.0787676092097675
-16.634254455566406	-17.97710609436035	-0.1616881341419791
-54.57154083251953	-11.700543403625488	-0.2604868109641995
-45.501800537109375	19.366626739501953	-0.4313281248997394
39.052406311035156	26.18861198425293	-0.3919278674932605
24.06930160522461	26.16777801513672	0.9602664788182548
-0.3088938295841217	12.948847770690918	-0.4965457559188881
-15.563772201538086	-42.096099853515625	-0.4694465370623481
-37.17341613769531	-35.70653533935547	-0.2991488119401149
15.20374584197998	49.27882766723633	-0.3180614212649217
-1.3875468969345093	38.79624557495117	0.6428195438736755
19.34427833557129	4.89583158493042	0.7453050334519973
36.8463249206543	30.920509338378906	-1.6341250431466046
-19.69681167602539	9.560564041137695	-0.0088323619201435
-31.623605728149414	8.300740242004395	0.1723539753687456
35.003028869628906	-5.699068069458008	-1.8286474091739024
37.84415054321289	30.15769386291504	-1.601029052253014
-1.7475886344909668	-10.029756546020508	0.6009846866398793
-28.620826721191406	-24.187572479248047	-0.3104794323266302
-4.373575210571289	-26.90782928466797	-0.1853144853920383
-43.09067916870117	-21.849029541015625	-0.0827083583658846
0.7240208387374878	1.0237880945205688	-0.5742009302534514
-31.32436752319336	35.260860443115234	0.9606286746941058
-33.62311935424805	-3.293450117111206	-0.2552718993069668
-48.38652801513672	-7.894569396972656	-0.4852434645010907
20.367324829101562	-30.130699157714844	-0.1681856218299587
3.3734123706817627	12.527528762817383	-0.5127176879610064
35.455623626708984	-27.03489875793457	-1.01234798348643
-35.97985076904297	19.16232681274414	-0.0813226132529389
-16.044963836669922	-19.184288024902344	0.1091801829857538
-11.152929306030273	-3.384723663330078	0.6842733896907386
-20.391712188720703	9.578018188476562	0.0167578523236851
6.605885982513428	-3.035518169403076	-0.0390279530474691
19.109100341796875	-30.966487884521484	-0.8161495458733596
45.83189010620117	-4.869318008422852	-0.2892526005233672
-31.729055404663086	18.293926239013672	-0.3489852259365149
2.264827251434326	-31.678783416748047	0.0502145021474992
23.148191452026367	9.378968238830566	-1.4775618340604173
50.318206787109375	7.932823181152344	-0.9683775231359266
19.85554313659668	30.11298370361328	0.0057163529440907
-28.02568244934082	-3.689999580383301	0.0703381606691852
-7.538509845733643	-26.86072540283203	-1.1065433970077536
24.66033935546875	-3.4829888343811035	-0.5951309513285876
12.32276725769043	7.122464179992676	-0.3251416430115094
35.89458465576172	-16.03595542907715	-0.5257498395020931
20.8586368560791	-29.806730270385742	-0.4705127906586588
-35.28665542602539	-16.28827667236328	-0.400540750335215
-10.593342781066895	-15.376699447631836	-0.9213154868299036
13.150775909423828	-24.28053855895996	-1.1269255274947867
-7.480666637420654	34.319618225097656	0.6885143715984117
47.158809661865234	0.7162201404571533	-1.0683508026831974
9.442225456237793	29.327817916870117	1.2244717882112006
-17.419178009033203	30.755897521972656	0.1320075168139671
-12.341123580932617	-23.317153930664062	-0.5574926302010141
-49.249717712402344	-14.319143295288086	-0.2646895357499051
-12.550341606140137	30.601797103881836	0.930670571331628
-11.563758850097656	-15.385774612426758	-0.7682890280010146
12.709280014038086	-18.463294982910156	-0.923330800805904
37.96780014038086	-5.708120346069336	-1.6733969018122052
-26.060020446777344	-21.22583770751953	-0.3332508345600529
-19.888046264648438	10.63344955444336	0.8015257948839101
-25.9228572845459	18.257495880126953	-0.6970200129203699
31.576171875	3.092665910720825	0.2557586426843622
-18.180208206176758	-32.64107894897461	-0.2322041049632843
-32.35771560668945	14.429494857788086	-0.5844457607062736
22.86181640625	9.356849670410156	-1.4200177718348923
-8.151205062866211	7.355350971221924	-0.4646831996420131
13.855255126953125	-3.8708529472351074	0.6306958358408294
-22.29629135131836	32.05687713623047	-0.0361345502627169
1.141733169555664	1.0213021039962769	-0.5742009302534514
-1.8401132822036743	-18.4661808013916	-0.2416469564772551
-47.89850616455078	9.767602920532227	-0.221037415241644
-34.783878326416016	0.7713961005210876	0.3280486091821598
-11.672001838684082	-27.229019165039062	-0.7577584251522911
-47.80955123901367	9.960597038269043	-0.0117358289682655
2.703068494796753	-25.187999725341797	-0.171234280216188
29.512283325195312	47.53131866455078	-0.5332369772919334
34.73964309692383	48.44116973876953	-0.6826581751150271
9.71696949005127	24.65837860107422	0.0447040203389966
45.55513000488281	-1.6384938955307007	-0.2427437886927794
-21.381921768188477	-20.374988555908203	-0.3100767796115223
-30.90457534790039	-21.123546600341797	-0.517006564698851
27.316335678100586	5.328965663909912	-0.1284154371519827
35.447811126708984	-6.925192832946777	-1.7426055301431398
19.27210235595703	-24.09974479675293	-0.3438008582318939
45.470367431640625	21.484018325805664	-0.6396716804919698
-10.781268119812012	-22.791772842407227	-0.3853945666515236
44.76631546020508	-15.694613456726074	0.5846295133839511
-38.42216491699219	-21.018985748291016	-0.2412153866661878
-3.9553608894348145	-21.703359603881836	0.0863214481601591
-17.493209838867188	-27.72969627380371	-1.0506558322224595
-50.78853988647461	1.8747825622558594	-1.3052434576680674
16.250080108642578	-33.268768310546875	-0.5865898648143392
9.756213188171387	-13.524895668029785	-0.4377812099995659
-21.0958194732666	-7.614672660827637	-0.184659050874699
-15.286274909973145	11.570113182067871	-0.4821553359956794
10.539161682128906	-45.94466018676758	-1.0924524974594778
-3.019529104232788	-18.964717864990234	0.1578384620764166
-38.271820068359375	22.28373908996582	-0.8479249695907478
10.149083137512207	35.81589889526367	0.9663861720419809
-21.48063087463379	42.73529815673828	0.5269066249140615
14.13779067993164	51.588443756103516	-0.9782429099451984
-9.527645111083984	42.32044219970703	0.4517382239145441
18.312286376953125	18.074840545654297	-0.4729866903916537
9.260822296142578	15.526150703430176	-0.6118141800254558
-5.869774341583252	24.34327507019043	-0.1421905006689049
-39.61810302734375	27.895503997802734	-0.8455076057608577
23.49418067932129	21.549293518066406	0.0050594233405079
15.720844268798828	-18.72266960144043	-0.6790413666998739
18.90877342224121	-10.88968563079834	-0.7011663387883394
-12.748817443847656	18.81620979309082	-0.2203161604682705
27.91138458251953	25.503263473510742	-0.9223113411998808
-3.8798000812530518	-38.90029525756836	-0.5569303906711836
26.203432083129883	0.4608825147151947	-0.997951200097829
14.047852516174316	49.58531188964844	-0.4842266663360345
15.979393005371094	6.838856220245361	0.6676186259512935
42.68282699584961	29.141868591308594	0.3572643210373128
12.534341812133789	-10.320353507995605	-0.9393137413092596
36.4420280456543	2.05728816986084	1.5088099231145746
25.37946891784668	30.835975646972656	-0.7249970168976193
13.322535514831543	50.62061309814453	0.3859978287803731
15.795726776123047	-18.980487823486328	-0.8445809516873032
14.013751029968262	-39.76898193359375	-0.6262346949072295
17.390716552734375	-1.594395637512207	-0.4757285522668456
15.609720230102539	-48.804115295410156	-0.7286170536803502
37.89296340942383	5.024530410766602	1.5148127689505486
-14.316424369812012	29.445035934448242	-0.0461013801554307
4.720254421234131	38.173614501953125	-0.6043094234307281
23.49017906188965	13.150106430053711	-0.0300594687810764
17.46253776550293	-13.941534996032715	-0.5379313085338949
-28.844120025634766	-24.443193435668945	0.2916864617426432
-27.752418518066406	31.017431259155273	-0.5966139983135571
-34.469322204589844	-19.501924514770508	-0.6166996855294019
3.1409194469451904	8.017553329467773	-0.5759995958308287
-2.353403091430664	11.050973892211914	-0.5827367430778803
-20.08694076538086	-12.398709297180176	-0.8443155669095491
7.176412105560303	11.596388816833496	-0.2048171054872938
26.380556106567383	49.836036682128906	0.4885273814861758
-33.67478942871094	-26.64546775817871	0.0263806028185364
-23.349287033081055	1.9315258264541626	-0.7032768866820104
-7.365513324737549	-6.066934108734131	0.2675504965452016
-10.207914352416992	-32.72350311279297	-0.5173992872105667
41.55708694458008	24.501506805419922	0.9455471681000092
-28.60658073425293	-38.964481353759766	-0.4918692750157157
-17.852609634399414	17.145151138305664	0.7797603912697946
32.89525604248047	9.420548439025879	0.186068131474678
-24.152225494384766	13.314393043518066	-0.996406257786994
-17.42313003540039	6.405987739562988	-0.1370917568942274
-25.503231048583984	-51.267696380615234	-0.4075125859652698
-13.46882438659668	-34.600830078125	-0.9036778390202416
-5.836235046386719	-17.98468589782715	-0.2941174037260596
-3.985607385635376	17.112445831298828	0.4774142704366819
19.85554313659668	30.11298370361328	0.0057163529440907
-48.02928924560547	11.989421844482422	-0.1431517410041124
-11.152929306030273	-3.384723663330078	0.6842733896907386
10.306792259216309	-30.30335235595703	-0.0808051626831838
13.933833122253418	-48.92981719970703	-0.2737676618326002
47.25884246826172	26.980478286743164	0.1284398264614143
-15.663016319274902	-16.441246032714844	-0.3472115159546499
4.681568622589111	-18.809059143066406	-0.2143133434722146
14.098953247070312	-28.449920654296875	-0.0735837640505585
-50.37392807006836	0.9059820771217346	-1.1222786197643255
-47.975460052490234	8.054940223693848	-0.1527996188501702
-27.177101135253906	4.948801040649414	0.0020721382166077
3.5616774559020996	43.55571746826172	-0.4667075298788558
-8.0172119140625	12.612871170043945	-0.0564059845885403
11.245593070983887	10.55210018157959	-0.1542313430953679
35.03369903564453	23.776321411132812	0.3544256884664751
-35.14105987548828	5.2149338722229	0.4931618371803447
34.26347732543945	8.28309154510498	0.209742250934954
4.563554763793945	38.335174560546875	-0.7079803691734163
5.438853740692139	2.3233754634857178	0.0205903914605728
-12.501201629638672	35.60301208496094	-0.66300444482733
35.44916534423828	19.85256576538086	-0.3186380435395863
-26.894332885742188	22.19090461730957	-0.2585984376146599
11.357121467590332	-1.1366496086120605	0.2354089953993597
5.961549282073975	-33.916358947753906	-0.6454595773237918
-21.101259231567383	20.723224639892578	0.8364988540876971
23.229764938354492	25.52853012084961	0.0203224021938652
18.250303268432617	7.164306163787842	0.3421580864406514
-40.405723571777344	-14.452811241149902	-0.1774108877480319
40.73639678955078	40.34477615356445	-0.4579409205105685
-16.63085174560547	23.142549514770508	0.1955697980785561
-14.889596939086914	33.73907470703125	0.4327460869251439
11.433825492858887	18.932004928588867	-0.292802532066785
28.31766700744629	56.304805755615234	-0.7770543166215881
-42.515052795410156	16.613311767578125	0.2583268037024234
45.83189010620117	-4.869318008422852	-0.2892526005233672
37.734249114990234	7.652308464050293	1.492204515810096
-3.021252393722534	-7.512725830078125	-0.2281769592358692
-3.9105992317199707	4.918514728546143	0.8629894813218741
-33.9063606262207	-25.61393165588379	0.158187574690279
-10.598177909851074	-27.545392990112305	-0.6558920742986497
-9.00479507446289	18.173803329467773	0.0023549172040515
-40.929656982421875	4.281225681304932	-0.3051310726651025
-30.07866668701172	29.71943473815918	-0.7113379722298784
-22.529876708984375	25.32853126525879	-0.0926169353033168
-48.95450973510742	-7.604665279388428	0.2493152309405728
10.704235076904297	22.494455337524414	-1.1768070792662402
10.269574165344238	-46.1905403137207	-0.5977942922670848
5.8597331047058105	18.37179946899414	-0.5026650073339882
-51.635684967041016	3.276789665222168	-0.7873267604309923
20.579784393310547	33.90517044067383	0.1896786001319629
-10.852216720581055	-45.510337829589844	-0.4650319339211446
1.7650665044784546	4.138358116149902	-0.3549653860967105
-8.876249313354492	-39.548133850097656	-0.3921782630720328
-15.968070030212402	46.49360275268555	0.6284713609910519
0.9066663980484009	-44.76025390625	-0.5314612144519832
4.2553839683532715	31.41670036315918	-0.5880595925980128
-4.25258731842041	2.8154001235961914	0.3335451604103218
-24.659517288208008	-16.337989807128906	0.0091440397606978
-32.443885803222656	-24.782291412353516	0.3801627989160068
16.744396209716797	-38.74866485595703	-0.8367283679380277
27.844003677368164	12.743448257446289	0.0802612081931913
-11.865432739257812	-9.503101348876953	-0.2392660967587176
-18.328462600708008	-18.174108505249023	0.0245419083390593
-12.592245101928711	15.219748497009277	0.1913250058307113
-25.78767204284668	-1.1049896478652954	-0.3424515248975563
-43.01132583618164	-6.387298583984375	0.218670416070454
-12.79041862487793	-26.707969665527344	-0.4659255076408342
-5.1599931716918945	-37.74313735961914	-0.4374321588208387
10.922063827514648	38.064083099365234	-0.1186558676147618
17.759132385253906	10.077482223510742	-0.0572998088910896
20.47715187072754	2.4897313117980957	-0.2640284663347992
15.568714141845703	41.310699462890625	-0.9527794507203214
-2.0872466564178467	26.225845336914062	0.1809792799518848
-25.956863403320312	-21.383716583251953	-0.3860565310794964
-43.187583923339844	1.9141215085983276	-0.3972578688809616
26.415578842163086	57.11179733276367	-1.2197667568401742
16.47809410095215	28.636741638183594	-0.6418290556165079
12.057735443115234	15.1788969039917	-0.7019876639822257
23.103300094604492	52.52467727661133	-1.046408741581416
31.418956756591797	-23.93446159362793	0.1126700357830017
-49.0511589050293	-11.281167984008789	0.5102544754990753
-30.385507583618164	-47.46091842651367	-0.2619823158072976
25.599332809448242	14.756675720214844	-0.4826906494430693
15.484864234924316	18.060956954956055	-0.1779568436459096
9.158618927001953	-51.53030014038086	-0.7410705342635374
-4.855844020843506	-34.387577056884766	-0.6053957099896342
-10.682046890258789	23.806364059448242	-0.3419212495011445
-24.93528938293457	11.467939376831055	-0.8084522418797748
-18.70201873779297	-3.0779175758361816	-0.3423399819361819
-23.59882926940918	2.0327773094177246	-0.4536449299489644
-32.4013786315918	-4.8317084312438965	0.2092598143216144
-1.2232725620269775	6.685409069061279	-0.1175879329666264
15.335429191589355	31.300310134887695	0.0762429807527182
29.254764556884766	18.83041000366211	0.4564358347752045
-27.951772689819336	-0.175261989235878	-0.1940814188204877
-13.890497207641602	-30.76923179626465	-0.2853224918569383
-45.404541015625	-28.834230422973633	0.0266232931183588
-38.88969802856445	-9.221122741699219	-0.7676363403901824
30.528554916381836	53.33145523071289	-0.7274988449378641
0.4966210424900055	11.65239143371582	0.649785623451077
4.866170406341553	-6.7678327560424805	-0.729473384200928
20.151763916015625	40.770103454589844	-0.8329681564288536
43.985145568847656	17.26598358154297	0.7772567515046541
34.206417083740234	50.43893051147461	-1.2026605857928727
-50.139564514160156	0.004417534451931715	-1.1451309066136668
-16.83772850036621	38.108909606933594	-0.8017157612912821
25.37946891784668	30.835975646972656	-0.7249970168976193
-0.044539954513311386	34.17857360839844	-0.385253830657696
-50.94599914550781	-5.8419599533081055	0.3568018646216526
-31.32725715637207	35.200382232666016	0.7978589568658951
-24.561120986938477	27.56846046447754	-0.5546113918111514
-18.106996536254883	37.70329284667969	-0.2144037764307987
16.118738174438477	10.408772468566895	0.4514064750958995
41.17097473144531	29.05037498474121	0.1015742507308542
-9.45111083984375	11.554647445678711	-0.0130507188155709
21.43387794494629	-1.2259548902511597	-1.2053267364150897
2.1317992210388184	-3.8880019187927246	-0.5006570617776855
35.13532257080078	6.866610050201416	1.0283889752186277
-42.084136962890625	-19.367250442504883	-0.8678629245783139
16.536174774169922	14.546191215515137	-0.1785866307593059
29.041048049926758	50.66691207885742	0.0540631758654403
11.289142608642578	-30.145105361938477	0.3176382950656133
24.608312606811523	-26.686695098876953	-0.4460733219684445
25.56633758544922	45.12449264526367	-0.4347093087851992
-7.264011383056641	27.722196578979492	-0.4887820977524568
-13.56799030303955	5.064663410186768	0.2943595910975048
15.970643997192383	23.29587173461914	-0.6524116650145753
-1.748331069946289	20.65099334716797	0.2829291400740151
25.05415916442871	-30.4989013671875	-0.260997258680481
-51.217185974121094	-25.812713623046875	-0.9256823404633652
-21.8441104888916	-37.70484924316406	-1.2599640852743017
-31.444795608520508	-0.12164223194122314	-0.2419670245085976
-38.66565704345703	-21.051673889160156	-0.2677733041359528
-29.536977767944336	-7.503075122833252	0.0273563905630541
32.600624084472656	52.074249267578125	-0.7571321337929311
-37.34640884399414	9.63061237335205	0.3708273893690462