x	y	effect_size
-9.393489837646484	3.2025973796844482	0.1212285503204706
-12.151312828063965	4.290475845336914	0.1371552171071108
-9.880809783935547	6.13554048538208	0.0824579027951059
-8.214017868041992	5.850671768188477	0.0973887049460911
-10.284945487976074	3.524705648422241	0.0318699741593535
-4.454214096069336	19.526994705200195	0.1002072798285763
-8.357760429382324	40.84748077392578	0.1728770965107981
-5.474180698394775	45.29168701171875	0.546723934092557
-5.428685188293457	10.072052955627441	0.1607131975957126
-3.3497936725616455	13.96872329711914	0.3941877304762167
-7.240839958190918	15.953862190246582	-0.5266218336917982
-6.667637348175049	10.94105339050293	-0.0482976843355968
-7.156895637512207	16.452863693237305	0.0568016579095725
-5.627729892730713	12.549261093139648	0.4869576437876365
-8.885172843933105	13.299591064453125	-0.2950044037711558
-5.812735557556152	18.187515258789062	0.1993965195022375
-8.447149276733398	12.5535249710083	0.2424709835544203
-5.632920742034912	39.885498046875	-0.3724043749114509
7.460143566131592	52.68904495239258	-0.9543549278786688
2.741513729095459	49.84247970581055	0.6447633480044344
6.9011993408203125	57.46744918823242	0.4859724242585999
7.922253131866455	49.867637634277344	-0.5312649884578186
9.990486145019531	52.30171203613281	-0.5204395153387211
8.082122802734375	54.5944938659668	-0.660610721705368
7.587029457092285	56.700313568115234	0.5032641564567197
-10.450423240661621	6.698006629943848	0.5202687257834003
7.2386040687561035	47.10881423950195	0.4153317550408292
6.643293857574463	56.239139556884766	0.3871818722757069
4.694369316101074	48.683929443359375	0.5180020034763114
0.3421357572078705	49.795658111572266	0.9446398771736416
1.1831642389297485	53.63974380493164	0.2847796424943855
6.6839447021484375	52.624515533447266	-0.9730383589711794
8.939591407775879	54.38388442993164	-0.7882230487396318
4.445268630981445	50.923133850097656	0.3282867833027476
-0.30015844106674194	54.35367202758789	-0.2407965985087769
5.773707389831543	54.084049224853516	-0.8876512107109488
6.286603927612305	49.69533157348633	-0.5341180485102546
-4.34348726272583	46.73142623901367	0.4354820568994464
5.13234806060791	52.409122467041016	-0.8668988592141922
1.6034533977508545	57.845760345458984	-0.5003980710100654
2.5018510818481445	53.25347137451172	0.0062555695939919
0.45072370767593384	55.28813171386719	-0.0737495980702334
2.112403154373169	58.4320182800293	-0.9063266133714244
2.2863495349884033	55.03798294067383	-1.0035309103900965
0.8046396970748901	52.5596809387207	0.3038775045655725
4.290981292724609	58.38507080078125	0.2971491397729643
-13.003448486328125	-2.5580856800079346	-0.055449106909051
-29.414600372314453	29.107128143310547	0.1553951432298976
-17.457672119140625	-11.712625503540039	0.0274173148129977
-27.23404884338379	-24.52583122253418	0.6945683278340373
-13.340052604675293	-8.39560604095459	0.0105812691560407
43.636207580566406	14.909067153930664	0.0523820787571305
-6.9362311363220215	-40.76649475097656	0.0725477752736469
-21.99957847595215	-11.612977027893066	-0.392834590454203
-13.19420337677002	0.7784779667854309	-0.2782160189014783
-47.732513427734375	8.91207504272461	-0.2214415119273655
0.8546445965766907	17.27951431274414	-0.1088979013578756
-35.49457931518555	25.623750686645508	0.1700198380735942
-1.5267068147659302	-49.36408233642578	-0.2434207481553013
5.916933536529541	-33.47533416748047	0.2112418592096417
-28.007139205932617	1.2703171968460083	0.432960212570786
-18.201047897338867	-41.268863677978516	0.1594715678075178
-3.46836256980896	-14.817123413085938	0.0532151459901681
55.51735305786133	14.311016082763672	-0.1022853929586861
-28.24284553527832	-25.025344848632812	0.2050964543395529
24.495542526245117	-29.84068489074707	0.2468308615919232
-20.519977569580078	-10.131136894226074	-0.1706222261901001
-13.07344913482666	-25.562644958496094	-0.0727124570860439
-47.73276901245117	8.912263870239258	-0.2214415119273655
-21.33890151977539	-7.004555702209473	0.2702811843628671
15.51850414276123	-16.373516082763672	-0.0674850618613008
-34.22015380859375	29.661128997802734	0.0831149155150066
14.142888069152832	-42.04728317260742	-0.0949210555316243
-36.634620666503906	-11.047438621520996	-0.2060118622780545
49.07305908203125	17.97872543334961	0.4441862089202077
-38.075958251953125	-11.85114860534668	-0.1055467188736279
-23.27042007446289	19.562978744506836	-0.2451156889409236
-15.081191062927246	-2.310703754425049	-0.1036162813820499
-19.66822624206543	-33.374507904052734	0.0620560390415094
49.514156341552734	19.892446517944336	0.2814256299938648
-34.18549346923828	-15.642534255981445	0.2087721655255988
-27.636287689208984	-10.903876304626465	0.1362526751406435
7.14814567565918	-42.48391342163086	0.2483455338878318
-30.38808250427246	1.7562390565872192	0.4256344111383466
-11.148869514465332	31.309131622314453	-0.0411108937101198
-13.28980541229248	14.304313659667969	0.1033778028633095
-26.352130889892578	-1.8105413913726807	-0.0048460791448447
5.22640323638916	-33.793975830078125	0.2460071341896313
2.4312713146209717	-13.139009475708008	0.0248246400834774
-23.582908630371094	-14.500246047973633	0.0168150788075313
3.24955415725708	-23.254064559936523	0.2552658363617204
1.8379623889923096	-41.95032501220703	-0.4330956346864299
23.55131721496582	-15.991525650024414	-0.2008214906304561
25.798526763916016	-30.745710372924805	0.639521420711522
-1.861545205116272	27.477231979370117	0.0158541916668193
10.749186515808105	23.576133728027344	-0.0798215083783539
-44.845664978027344	-5.194500923156738	-0.1936267450494187
-10.499176025390625	-4.0379204750061035	-0.0612107895169622
-10.970146179199219	-41.80529022216797	-0.1160161724787073
-9.165170669555664	-23.87730598449707	-0.0380426575687594
-24.589719772338867	-17.966989517211914	-0.3201577677105574
-23.74166488647461	4.674215793609619	0.3414089628068918
-15.415241241455078	-6.088520050048828	-0.3353768641931346
-40.76177978515625	-18.52957534790039	-0.1011887522243263
55.50479507446289	14.314000129699707	-0.1053721814975658
-9.836909294128418	0.9523966908454895	-0.0968400417630939
2.9381775856018066	26.59193229675293	-0.160380916950075
-30.955366134643555	15.731771469116211	-0.0411781601546244
16.204124450683594	31.367443084716797	-0.0461448498222132
-43.25901412963867	16.99085807800293	-0.5906942897022264
-0.8915621042251587	-18.154542922973633	-0.0441099582209313
-1.5222258567810059	-50.449951171875	-0.0398973066681944
-8.772880554199219	-43.420501708984375	-0.2601993731577189
34.52547836303711	21.551027297973633	0.0909924907812285
-14.702263832092285	-7.498561382293701	-0.1224785606586103
7.427205562591553	-11.433019638061523	-0.1214535830288626
-42.72712326049805	12.295597076416016	-0.3441903041611621
-28.1431827545166	-1.2593547105789185	0.1866477231367206
-39.70293426513672	-19.404123306274414	-0.0747586810703532
10.751593589782715	23.57611083984375	-0.0798215083783539
-52.79412078857422	9.261223793029785	-0.8263118254693537
9.880218505859375	-6.7235870361328125	-0.0757303675506618
-7.35674524307251	-14.397555351257324	-0.1369728996924292
-28.748395919799805	-16.463191986083984	0.0455873275110697
9.761114120483398	5.851626396179199	-0.3506939024115149
-18.46927833557129	-4.038110733032227	-0.1329761953112119
-30.67854118347168	-27.107961654663086	0.0312451860262476
-36.96798324584961	-22.075780868530273	0.1547339510453482
25.136117935180664	-28.851398468017578	0.2800167422731104
15.236550331115723	27.076549530029297	-0.1919659093570378
-11.126138687133789	-36.76857376098633	0.1253330063037795
10.485527038574219	29.491422653198242	-0.2026341498922526
3.021535873413086	35.53862380981445	-0.3018751802297281
-42.822696685791016	-12.311470031738281	-0.0329841629102467
35.856895446777344	12.246955871582031	-0.2862987164729785
2.2354726791381836	-22.560272216796875	0.3900169922868829
-10.187772750854492	-5.432976722717285	0.0040969474913415
-17.89664649963379	-7.819642066955566	0.006349675419877
48.00572204589844	16.130069732666016	0.0761765873309307
-19.465129852294922	-4.333456039428711	-0.0884423185946627
-36.072330474853516	-21.717235565185547	0.3736077717537895
-48.96816635131836	-15.48898983001709	-0.0778119856934769
-49.059234619140625	-5.6038336753845215	-0.3707507960176941
10.530051231384277	-24.747934341430664	-0.4681517149355053
-22.752485275268555	-31.44342041015625	0.3495082323665306
-56.25202941894531	-6.894697189331055	0.0949487616974699
-31.490638732910156	10.722535133361816	0.038205747324521
0.13251957297325134	-8.952218055725098	-0.137047463656216
-26.618057250976562	-8.090826988220215	0.1867879694438028
6.6308465003967285	-16.028043746948242	-0.4228198677618323
-13.588765144348145	1.2974580526351929	-0.0844000455698129
-43.382320404052734	-9.897738456726074	-0.2558827652427613
26.69043731689453	8.780050277709961	-0.0959771195881362
48.303611755371094	-3.6577765941619873	0.1352088989549508
-37.88652801513672	30.661670684814453	-0.1260711685307406
-37.515350341796875	-29.193981170654297	-0.2065952432667839
-3.2439088821411133	-41.58317565917969	-0.21227955682302
-8.214017868041992	5.850671768188477	0.0973887049460911
15.08841323852539	-7.059511184692383	-0.3784349394843923
-44.176856994628906	-2.845867872238159	0.1110548757492779
2.1568663120269775	14.137096405029297	-0.0396725962588306
-0.8841186761856079	-19.493927001953125	0.0481095114832302
9.72127628326416	-7.626404762268066	-0.1069072354616317
1.5521519184112549	19.840364456176758	-0.1508843613731122
-29.237346649169922	29.488876342773438	0.1520837556888371
-7.348195552825928	-16.46650505065918	-0.2051195593775092
-28.547327041625977	-23.88674545288086	-0.4553887909972699
-51.750240325927734	1.3091164827346802	0.0052235643722162
49.54339599609375	14.299886703491211	-0.010791738147455
-49.9699592590332	8.639472961425781	0.2250759680083817
0.09224995970726013	-45.886234283447266	-0.3701727472642204
-21.71067237854004	-54.441307067871094	0.0620593732388519
14.871468544006348	-22.94205093383789	0.1352355948593258
34.2584114074707	26.116901397705078	-0.2506428045944275
40.108917236328125	-4.849523544311523	-0.2619002782860506
-24.798891067504883	11.75012493133545	-0.1616071836264712
-41.16648864746094	8.108524322509766	-0.032430251491347
16.552488327026367	-1.3932509422302246	0.1262374436843576
24.994632720947266	39.9322395324707	-0.1559186695091031
-36.33928680419922	-2.559854745864868	0.0202889679819951
15.274291038513184	12.867866516113281	-0.776738771439945
-7.117713451385498	-28.84878158569336	-0.034440323469179
-27.298107147216797	16.15386962890625	-0.2268244462814967
-42.910186767578125	16.466556549072266	-0.1188768526476397
10.823638916015625	-33.27308654785156	-0.0395402052822407
-8.924614906311035	-23.482376098632812	0.0184979516050749
-16.64164161682129	17.230426788330078	0.2724978586507195
42.68021011352539	16.204238891601562	-0.3576053285419963
-1.0623365640640259	-50.906585693359375	0.0592873621277182
23.020824432373047	20.455801010131836	-0.1911832683499384
8.097695350646973	2.5917749404907227	-0.0943168405687539
-13.239053726196289	14.78361701965332	0.4009387485094156
6.390108585357666	12.35466194152832	-0.2134158220191111
26.015701293945312	34.6645393371582	-0.0660494869517664
34.2010498046875	4.161491394042969	-0.4065356534989817
16.83925437927246	7.260663032531738	-0.0524443334562158
14.99765682220459	4.871366024017334	-0.0162661343841354
-14.405952453613281	2.4861299991607666	0.3822116309140357
-37.89881896972656	-21.04958724975586	0.2123501571938044
-2.528883218765259	-5.620538234710693	0.0582809815131589
-35.73908233642578	27.312807083129883	0.0545387702290985
-40.69404602050781	2.3217408657073975	0.0791732891317803
46.73216247558594	-2.5523123741149902	-0.0207475449273754
0.4833995997905731	10.431068420410156	-0.031383573985085
-30.979598999023438	20.521581649780273	-0.2663976728351025
15.755173683166504	36.11529541015625	-0.4376714642563315
-52.228660583496094	-0.2491886019706726	-0.3320483073431449
-24.5382022857666	-15.396685600280762	-0.1642973123633435
-19.897045135498047	12.90973949432373	-0.1523819036119107
2.741513729095459	49.84247970581055	0.6447633480044344
51.858394622802734	16.802505493164062	0.1844144153279008
49.59214401245117	-4.589481353759766	-0.0099140876262718
27.335330963134766	-16.216310501098633	0.5337320262367985
14.906329154968262	17.0869083404541	0.2822417223832222
25.656105041503906	21.961225509643555	-0.1332533021425779
21.481185913085938	-3.097963333129883	0.157915832694178
6.052540302276611	-32.32388687133789	0.1631054073963082
-8.374618530273438	-40.57823181152344	0.0744982045116731
58.4421501159668	15.648564338684082	-0.0757652413489888
-13.609195709228516	-12.637848854064941	0.0778912097521787
-2.323498487472534	24.827743530273438	-0.2444824794129186
16.852645874023438	43.0590705871582	0.372321861912997
-23.664567947387695	-36.48882293701172	0.1443598437300925
24.584470748901367	24.295825958251953	-0.0824378693509203
-5.641417026519775	-1.1058238744735718	0.1515698006904823
55.1795539855957	16.956056594848633	0.067462617205166
21.14392852783203	-19.410192489624023	-0.4226930417794817
9.397067070007324	25.630706787109375	0.382005492838709
-35.13884353637695	-11.26840877532959	0.2249742971537038
-8.520915031433105	31.985918045043945	0.1159173241605499
-37.53851318359375	13.133712768554688	0.0290842315728328
-23.74827766418457	4.6790571212768555	0.3361466613541647
0.17506784200668335	18.937742233276367	0.0065180613878801
57.36802291870117	13.883004188537598	-0.1028221218131699
-0.5628919005393982	-37.273468017578125	0.0588059276987563
38.0892333984375	6.785801887512207	-0.3027778782352746
-10.27685546875	-8.367327690124512	0.1687141946466139
9.37022590637207	30.18608283996582	-0.308208924300868
-42.15418243408203	-7.129010200500488	-0.5322095741201994
12.944506645202637	-12.169845581054688	-0.5210788123866678
28.684261322021484	2.7107303142547607	-0.1348030466586983
-1.0975708961486816	-24.557512283325195	0.0661978343963889
-20.07766342163086	-30.022804260253906	-0.1330884350448519
16.001863479614258	-16.930437088012695	0.0169445404893239
-43.378971099853516	-9.138206481933594	-0.1913871340480375
36.40272521972656	-12.891119956970215	0.2129834697493174
8.210479736328125	10.947830200195312	-0.1862650514370925
-8.754801750183105	-26.905107498168945	0.1857709891427822
6.684082508087158	-33.90648651123047	0.1164876689888847
15.044713973999023	-41.77867889404297	0.0198382563008991
-12.351314544677734	29.927080154418945	-0.0240947910333215
20.505573272705078	-37.025550842285156	-0.1962572152200731
-20.429454803466797	28.913209915161133	0.5259419199674603
-18.328420639038086	-0.9270943403244019	-1.095498579136411
17.50547218322754	23.11992645263672	-0.0973719887706639
-27.069095611572266	-11.017354011535645	0.2847861584542663
-13.619194984436035	-6.478003978729248	-0.2234041905127383
33.0112190246582	-1.4082375764846802	-0.282942277320354
-0.14244408905506134	32.79066467285156	0.228749024653894
-6.9327073097229	22.745616912841797	0.4834726745617337
33.7859001159668	-6.771801471710205	-0.2085685644738551
60.670040130615234	19.23143768310547	-0.2682275372042812
-10.842900276184082	-20.41575813293457	0.2090632695849701
26.3229923248291	15.860108375549316	-0.1750696682202039
-25.046344757080078	-17.17035675048828	-0.1875542444600005
20.126794815063477	-37.05155563354492	-0.3019853302206495
40.15290451049805	-18.117801666259766	0.2057920571496484
45.245521545410156	17.131298065185547	0.3083001189721188
-52.28399658203125	-1.506699562072754	0.0247910803013965
41.83485794067383	-7.776325702667236	0.0582340076471928
54.41022491455078	19.112579345703125	0.0417879232749911
-30.931772232055664	-4.046782493591309	0.4156073813593996
27.509851455688477	-3.8690850734710693	0.0390638056570499
-33.98025894165039	13.355999946594238	-0.5924282067570252
16.209108352661133	31.371360778808594	-0.0460271856128066
-15.695448875427246	-21.671527862548828	0.1222672137980522
16.954402923583984	43.313899993896484	0.372321861912997
-12.99429988861084	-2.5751821994781494	-0.0566961838706655
-37.6411018371582	-31.062660217285156	-0.2901049837865241
17.427915573120117	-52.95527648925781	-0.3511808467743131
-21.299758911132812	1.4237803220748901	-0.1777622101017128
31.347543716430664	18.44129180908203	-0.2229486490210773
17.92449951171875	8.828937530517578	-0.4012680885283741
-3.9647715091705322	13.009881019592285	0.3018679155303158
-23.395668029785156	-4.58872127532959	0.2270767805762936
-10.490657806396484	-42.80776596069336	-0.1607803805406605
7.077518939971924	22.306970596313477	-0.0074551395367161
19.52819061279297	40.267276763916016	0.7882096706846498
15.553743362426758	21.917234420776367	0.0416485799452786
31.927494049072266	-12.010821342468262	-0.1697887897158893
-19.756793975830078	-34.03544998168945	0.3522478752835239
-3.524456262588501	-7.33837890625	-0.051057444345071
13.495162010192871	37.884735107421875	-0.4117140216471606
4.6653056144714355	-19.746721267700195	0.2605058176201963
-40.96271514892578	9.406171798706055	0.2932436729243667
58.511959075927734	18.47325325012207	-0.0947881003295012
-22.474536895751953	-16.5561466217041	-0.0773867399764219
-20.748586654663086	28.29682731628418	0.4828796284745212
-10.40530776977539	-37.59867858886719	0.2545474993298334
-7.606663227081299	-34.55672836303711	-0.7870952940397845
-45.96379089355469	0.3663065731525421	-0.0191047696967228
-29.466243743896484	-16.637760162353516	0.0034098844810371
24.14518928527832	0.4696420729160309	-0.4145017600853712
-12.544495582580566	-9.006098747253418	0.0088369867069946
-43.40285873413086	-13.74685001373291	-0.444212549101641
56.169227600097656	23.0675048828125	-0.1368205287128736
-41.952144622802734	-21.78512191772461	-0.1000109235448037
-34.0965461730957	-20.564823150634766	0.0963635746755415
-26.153764724731445	-5.333677768707275	0.0986293493302594
-20.603771209716797	-53.44197463989258	-0.213232712699774
2.0079762935638428	-28.572492599487305	0.282096712430823
43.97796630859375	-21.176616668701172	-0.203816935165977
18.440101623535156	39.83108139038086	0.4550401864086692
28.891679763793945	0.8899098634719849	0.1291595560970649
58.93451690673828	22.350080490112305	0.3073813749971942
4.463491916656494	16.52700424194336	0.5891393864086084
1.5230175256729126	-13.940709114074707	-0.1690380565625873
-12.928630828857422	-36.760047912597656	-0.1842923338989178
56.12508773803711	21.740161895751953	-0.1895223769973136
-29.875747680664062	-25.784652709960938	0.3767905931269186
-39.224735260009766	-13.030278205871582	0.0351743509074896
-8.357732772827148	40.849281311035156	0.1728770965107981
-28.845470428466797	16.151412963867188	-0.4895048438853521
-26.23070526123047	1.3429659605026245	0.0271322092466736
43.52981185913086	2.4178872108459473	0.14441338550976
15.754827499389648	36.11671447753906	-0.4376714642563315
-25.985084533691406	5.063835620880127	-0.1181359120499561
-5.440185070037842	-23.710237503051758	0.0140943139794289
61.43793487548828	20.836246490478516	-0.0569064829269269
-29.8908748626709	4.032781600952148	0.4250245341089333
-32.98753356933594	4.1230621337890625	-0.071272152914218
-15.69511890411377	-21.671764373779297	0.1222672137980522
32.91316223144531	-7.231390476226807	-0.0933299775652966
55.26913070678711	20.12443733215332	-0.3117164981378328
-2.566314935684204	-17.192123413085938	-0.089811540295626
-11.1364164352417	31.299518585205078	-0.0411108937101198
7.835881233215332	31.71282958984375	-0.6646726188222875
25.35538673400879	-5.59570837020874	0.0732917607599121
1.0119068622589111	-42.9980583190918	-0.3408470292043187
9.549112319946289	-19.50670623779297	0.1291416096832871
1.4356037378311157	-13.76729679107666	-0.1690380565625873
-31.4722843170166	-7.361120700836182	-0.1125693598939966
33.94866943359375	3.9295711517333984	0.0160537982051685
0.5163782835006714	6.484556198120117	-0.3579725898980629
10.259480476379395	4.86482572555542	-0.312181470663026
28.39822006225586	46.28291320800781	-0.1730324276101101
-53.41548538208008	5.068418025970459	0.0427553806240785
-20.82240867614746	13.291191101074219	-0.1418964730256058
23.020824432373047	20.455801010131836	-0.1911832683499384
-13.84107780456543	46.69770812988281	-0.2532028267142187
-3.038662910461426	-46.87178421020508	0.0761169065784871
36.13599395751953	5.62333869934082	-0.0923882004776614
34.525413513183594	21.551340103149414	0.0909924907812285
-2.537601947784424	-5.6167168617248535	0.0582809815131589
-25.12206268310547	-50.01431655883789	0.1348213167668231
19.085281372070312	43.701839447021484	0.304737612199674
-36.04466247558594	-0.6153563261032104	-0.2015896497146308
4.68117618560791	9.115793228149414	0.2470310965047581
-11.011027336120605	-38.0031852722168	0.210911528351356
4.25784158706665	22.076244354248047	-0.0127373560661058
-3.4038796424865723	29.680866241455078	-0.0072753406932039
41.709747314453125	-8.032827377319336	0.0582340076471928
7.559877395629883	-53.6154899597168	0.1449470488712763
8.502668380737305	19.31523895263672	-0.3939085152874914
45.82133102416992	15.41055965423584	0.135953754241002
-13.352282524108887	46.14595031738281	-0.344374954291198
-5.787997245788574	-23.203916549682617	-0.0332250293029175
6.343644618988037	40.216651916503906	0.086476406036167
24.25428581237793	-22.799198150634766	0.016195491577311
-37.3563346862793	-4.905729293823242	-0.2169463739800872
-30.299165725708008	-21.823896408081055	0.2704701059956407
32.7275390625	10.931394577026367	-0.1721574998460837
52.28947067260742	20.988800048828125	0.4416043760917717
-40.92375564575195	-21.792875289916992	-0.0031770920568915
-13.83343505859375	-15.891526222229004	-0.0432802279870591
-27.665040969848633	-19.34188461303711	0.1316444662262644
14.888854026794434	-22.94305992126465	0.1493738162920048
-15.129021644592285	-9.693727493286133	-0.0314063142776604
-37.2055549621582	32.32014465332031	0.2197567598371767
6.410358905792236	15.55086612701416	0.3097095680607669
-1.9974642992019653	-24.89755630493164	0.2486980594882275
0.16523045301437378	-8.552680015563965	-0.137047463656216
-50.26260757446289	-16.729888916015625	0.2856470366563847
37.27798080444336	-35.260501861572266	0.3659572739098508
-42.426761627197266	-20.9163875579834	0.1326862360814915
27.579692840576172	7.349325180053711	-0.0132963769477491
17.668127059936523	-44.357845306396484	-0.4038014554289826
15.884712219238281	43.71913528442383	0.588019602780844
29.115507125854492	-27.025014877319336	0.0312900293312559
-7.131267070770264	-14.416975975036621	-0.1369728996924292
-15.148628234863281	-32.10818862915039	-0.3348740133345871
27.73529815673828	-43.42573165893555	0.2940189693788554
-13.345584869384766	-32.2359619140625	-0.4897610303175994
-5.181872844696045	19.304000854492188	0.1791709259821987
-2.3713815212249756	-43.662132263183594	-0.0778956957132176
-25.135726928710938	-14.132695198059082	0.0842241182314348
-40.897953033447266	-19.959230422973633	0.3270090304665476
4.6653056144714355	-19.746721267700195	0.2605058176201963
39.659976959228516	-10.287731170654297	0.2451524699393455
-44.95427703857422	-5.193808078765869	-0.1977479518200965
25.33500862121582	9.589159965515137	-0.4955059534717869
-30.29436492919922	-10.2567138671875	0.3986586773809866
10.178956031799316	34.127262115478516	0.1664573924970123
15.55112075805664	21.920719146728516	0.0416485799452786
-40.000831604003906	-23.451013565063477	-0.1345938319586734
-18.780385971069336	-42.59859085083008	0.5631671589004378
-47.97707748413086	3.953875780105591	-0.163255221978002
-32.01530838012695	14.595440864562988	-0.2998974482416938
31.770294189453125	-24.961881637573242	-0.189103508710827
-54.74523162841797	0.7460245490074158	-0.247055194744264
-35.523284912109375	25.62289810180664	0.1700198380735942
41.402286529541016	-5.086490154266357	0.0325280332350809
-26.353788375854492	-1.815053939819336	-0.0048460791448447
-46.77567672729492	1.3794903755187988	-0.1799375869338905
32.63878631591797	-18.279748916625977	0.0780887634734546
16.20046615600586	-41.04132080078125	-0.4957515061764745
12.298883438110352	-49.35211944580078	0.3011693944021346
-0.7790306806564331	20.850793838500977	0.3594531316164127
-3.464646577835083	-14.820045471191406	0.0532151459901681
31.639240264892578	-9.307260513305664	-0.1079749251353861
-44.47019577026367	18.04694175720215	-0.409634723863967
29.214427947998047	-35.19929122924805	0.2758665306042676
-3.368244171142578	-47.553367614746094	-0.0651956398228337
44.09798049926758	-21.56891632080078	-0.0241103294283336
-32.13238525390625	-10.206673622131348	-0.1550210650355972
28.67959213256836	-8.523245811462402	-0.5798024581192855
11.394487380981445	-0.05475134029984474	0.0104305640363672
8.438295364379883	34.761558532714844	-0.4208394054932425
-40.390384674072266	-12.891817092895508	-0.3486783699192687
-24.94303321838379	-6.008604526519775	0.1506145594554346
-7.338619709014893	-8.5258150100708	-0.0811944237230415
52.91110610961914	16.74254035949707	-0.3555053672041205
-30.332019805908203	1.5655869245529175	0.4256344111383466
-8.606056213378906	-2.5624005794525146	0.1781060984624059
33.37224578857422	-25.237503051757812	-0.2796036033981645
-4.186479091644287	-6.579116344451904	0.6162913059230388
22.762042999267578	-9.421503067016602	0.1278973155930173
5.974214553833008	-36.95725631713867	-0.0608242972168032
2.4331390857696533	-28.725223541259766	-0.1990365499004779
-50.143428802490234	-1.3564012050628662	-0.1172538336062169
-18.724903106689453	-24.77631187438965	0.1761446443225629
-11.424591064453125	46.54032516479492	0.2230658825954835
0.905256986618042	-41.51661682128906	-0.159886791284477
23.543664932250977	5.221151351928711	0.0849920186700758
5.650411128997803	20.743675231933594	-0.1970074819256553
-27.523988723754883	29.339792251586914	0.627309862749528
50.93312454223633	-7.216353893280029	0.1288627375659285
43.63796615600586	14.909895896911621	0.0523820787571305
-22.091102600097656	1.3238625526428223	-0.0949800381286797
-32.88225173950195	3.2143003940582275	0.4199110406299712
-0.02646433375775814	-18.500974655151367	0.0385438310612821
-18.625537872314453	-2.1434693336486816	-0.0542024325621991
-13.029973983764648	19.863351821899414	0.3374479318015085
7.2465291023254395	-6.1262102127075195	-0.0229832043861611
16.213010787963867	-22.933292388916016	0.1018761254548473
16.646465301513672	-4.956451892852783	-0.1281029037563047
11.420498847961426	45.612789154052734	0.5727326085977874
-30.286457061767578	17.207839965820312	0.5935063845933236
20.450929641723633	-6.4577813148498535	0.1664900821963797
40.46084976196289	-7.724677562713623	-0.1728644755650109
-21.84589958190918	-22.0476131439209	-0.0396318018683841
-32.58306884765625	-17.150606155395508	-0.2193768039667068
-10.878300666809082	-5.784760475158691	0.1050895646996561
2.235985040664673	-15.824156761169434	-0.2728081165858791
-42.600284576416016	14.697200775146484	-0.1246942655864856
15.837934494018555	3.5538952350616455	-0.355699112797528
-24.173828125	23.7326602935791	0.2890413192723839
14.79063606262207	-16.612688064575195	0.0356422169680204
-5.473944187164307	45.29206466674805	0.546723934092557
24.136695861816406	33.910865783691406	-0.5680301964179748
-31.376710891723633	10.699676513671875	0.038205747324521
7.627493381500244	-43.60927963256836	0.6046582890824522
9.105217933654785	14.506561279296875	0.3876706032270648
49.59214401245117	-4.589481353759766	-0.0099140876262718
14.031522750854492	8.877588272094727	0.1487059150595225
-11.28486156463623	-39.444862365722656	0.0796785574054944
-27.37213134765625	-20.273075103759766	0.6515362132171041
18.675758361816406	27.12327766418457	0.0682080824022528
22.575145721435547	-31.23772621154785	0.2098261189634111
3.021535873413086	35.53862380981445	-0.3018751802297281
17.697389602661133	-52.95480728149414	-0.2871569946707941
-32.04340362548828	-1.2730644941329956	0.5709798117033903
-6.9362311363220215	-40.76649475097656	0.0725477752736469
49.54620361328125	14.846277236938477	0.191273358158377
-12.136809349060059	4.062898635864258	0.1371552171071108
11.578386306762695	-0.0028124344535171986	0.0458454056498058
48.6926155090332	-3.247060537338257	0.1352088989549508
-38.920745849609375	17.378570556640625	-0.0789958933360834
30.878215789794922	13.080581665039062	0.1092674036605289
1.9386019706726074	-43.45902633666992	-0.2484655627188715
31.348840713500977	18.44139862060547	-0.2229486490210773
-23.8435115814209	-47.57804489135742	-0.0155433862563771
13.022889137268066	-37.06424331665039	0.2399155165363027
-3.9143123626708984	-10.193194389343262	0.034847397176416
-51.05342483520508	-2.6421923637390137	-0.497474026039973
11.162504196166992	12.482986450195312	-0.2434704684651704
-35.02024459838867	-4.4937028884887695	0.4363596222659476
-0.5729334950447083	10.323814392089844	-0.0202047832095221
2.956193447113037	43.75725173950195	0.2681394251277665
34.990509033203125	25.362154006958008	-0.2891174207207179
12.681371688842773	-49.733768463134766	0.2547713993958974
19.4023380279541	12.465611457824707	-0.2201025961040688
38.79777145385742	6.864238262176514	0.1056128908161858
34.5343132019043	-30.665138244628906	0.114098014242762
44.82063293457031	-16.097990036010742	0.2443523794429675
-31.215179443359375	-13.020801544189453	0.2959458584766525
14.21033000946045	20.99828338623047	0.516601337308602
-25.12206268310547	-50.01431655883789	0.1348213167668231
-7.75798225402832	-16.661235809326172	-0.2031965731829126
-1.8607231378555298	27.47917366027832	0.0158541916668193
-28.844850540161133	8.639908790588379	-0.1992495021599737
19.802560806274414	23.35867691040039	0.1750181827457737
-24.798887252807617	11.750121116638184	-0.1616071836264712
4.2169318199157715	16.770904541015625	0.3406437509368836
20.50320053100586	-51.94301223754883	-0.0704088456650284
-21.337331771850586	-7.003880023956299	0.2702811843628671
-17.983190536499023	-40.04911804199219	0.3109185723774308
-8.972650527954102	-35.73393630981445	-0.4081515754011535
27.279085159301758	-18.548526763916016	-0.3626468383469945
0.0937834307551384	26.913251876831055	-0.2327947006181328
30.951156616210938	11.70560359954834	-0.1427402079345031
20.432039260864258	17.567644119262695	-0.1897771682626128
14.997468948364258	4.871224403381348	-0.0162661343841354
1.1332076787948608	10.385213851928711	-0.2926587666218709
7.835881233215332	31.71282958984375	-0.6646726188222875
-18.934368133544922	11.942797660827637	0.0018258840429917
-27.314453125	-13.74888801574707	-0.0081055315092407
9.856178283691406	57.22461700439453	0.4764312311474776
-0.26407042145729065	-13.353901863098145	0.033081372514659
-18.7822322845459	35.63235855102539	0.4448931750481341
-24.296222686767578	-36.342979431152344	0.1440374633075498
-30.369762420654297	-4.75704288482666	0.3518274605282767
18.629993438720703	5.563091278076172	0.0671314534980775
-17.966463088989258	23.21127700805664	0.4366939832351143
20.193092346191406	-52.07608413696289	-0.1754443039466677
-22.20305061340332	-11.355830192565918	-0.392834590454203
39.3598747253418	24.290233612060547	0.2000512382545461
19.625505447387695	-14.550758361816406	-0.4536736251543427
5.760147571563721	-3.634589195251465	0.0465973457405016
29.178964614868164	-14.303436279296875	-0.1362188760478299
18.676767349243164	20.565715789794922	-0.0546221641834121
11.105414390563965	-48.38188171386719	0.2623596175595872
11.416943550109863	17.792133331298828	0.3089219536234065
-12.350346565246582	-17.002233505249023	0.4282030101236937
-0.9121899008750916	15.5931396484375	0.6143059951768313
33.570613861083984	23.54068374633789	-0.1507196774184221
44.5341682434082	10.339095115661621	0.0808773917574786
-10.15231990814209	-10.527043342590332	0.5568905698432594
15.353201866149902	13.15425968170166	-0.776738771439945
41.37728500366211	12.411805152893066	0.2939537050203921
29.959989547729492	37.70597457885742	-0.1574475485861021
-20.373573303222656	-10.46588134765625	-0.1706222261901001
-36.648460388183594	33.579227447509766	0.0292554504721133
44.54100036621094	10.34150218963623	0.0808773917574786
-28.030832290649414	1.1836501359939575	0.432960212570786
-37.78178405761719	-30.292129516601562	0.0040417293732552
-43.65225601196289	-13.309052467346191	-0.3159225849314368
22.574506759643555	28.677213668823242	-0.1081126920900612
31.26058006286621	-18.702341079711914	-0.2899863747309799
-39.33220672607422	-3.9712648391723633	-0.5622262172320235
3.8234004974365234	31.473642349243164	0.3147069288653816
16.128395080566406	-6.793575286865234	-0.309220173884998
18.875890731811523	27.954736709594727	0.3709493986551165
-0.6482388377189636	-2.298116445541382	-0.0337787229711431
-53.48020935058594	1.8860969543457031	0.0549273062425396
-26.793306350708008	4.726733684539795	-0.3854837047224407
35.98637008666992	32.284542083740234	0.334534919301346
4.671782970428467	-47.80238723754883	-0.0679734016327947
-20.346654891967773	-32.5986328125	0.2782071025484428
-8.00257682800293	25.772262573242188	0.5508857932248117
-7.622302532196045	-42.173587799072266	0.1773906050312955
2.4311816692352295	-2.988687515258789	-0.3240247113057729
26.8375186920166	-11.89836311340332	-0.1053772348015539
29.183334350585938	26.919530868530273	0.1360596961698069
-18.649513244628906	-8.513704299926758	-0.1361339534095141
-1.931199073791504	18.560897827148438	-0.0221828515302424
-31.216506958007812	-6.266735076904297	0.2933143670674555
-7.639391899108887	-29.248062133789062	-0.0585140008982771
23.999605178833008	0.557580292224884	-0.1828209879313311
42.41364669799805	-19.375869750976562	-0.0472959015012188
14.901410102844238	-11.06753921508789	-0.3270629213607288
24.856945037841797	-4.278894901275635	0.2095653563927736
12.4024019241333	39.501834869384766	0.3433502722066633
-23.925771713256836	-35.456966400146484	0.1872621944993638
10.72492790222168	-47.87872314453125	-0.0987686321448715
-18.092453002929688	23.00510597229004	-0.0093323439670188
-12.657516479492188	-10.4428071975708	0.2531921200095236
4.557271480560303	8.93579387664795	0.226248456076842
31.226118087768555	32.8852424621582	0.5104297291374394
-21.77435874938965	-31.975177764892578	0.4332793314786677
-11.715557098388672	-34.41744613647461	0.1640462941828615
-40.77389144897461	-7.882973670959473	-0.6042375598363111
31.77072525024414	-24.963891983032227	-0.189103508710827
31.376155853271484	10.640863418579102	-0.1592434149913227
-30.013639450073242	18.96246337890625	0.2008085246847406
-14.24040699005127	-4.15331506729126	0.2618357500384364
7.616126537322998	2.1265387535095215	-0.3171103850242526
19.829504013061523	-13.16512680053711	-0.167516683638743
-13.345584869384766	-32.2359619140625	-0.4897610303175994
43.40418243408203	-7.125123023986816	-0.0820478514156246
-15.120165824890137	47.116947174072266	-1.2322757311316848
6.714510917663574	33.941097259521484	-0.0554774459982721
-24.026592254638672	-49.054840087890625	0.0562710735067844
1.131299614906311	-32.72172164916992	-0.2225239016844965
36.846580505371094	19.562545776367188	0.1990106122049854
13.813194274902344	3.7859418392181396	0.0379809917277759
24.32242202758789	12.258614540100098	-0.4640948892828576
2.1291048526763916	-41.34151077270508	-0.1825971707793381
22.408565521240234	-42.031822204589844	-0.1070244388794425
19.802560806274414	23.35867691040039	0.1750181827457737
11.72398853302002	-25.307592391967773	-0.0192611786625267
-21.548791885375977	-14.158453941345215	-0.477993064240536
-16.566144943237305	34.79921340942383	0.2868387340667416
22.97039222717285	14.024001121520996	-0.0974015916156132
10.732829093933105	-7.109401226043701	0.0180757835647213
-24.477018356323242	-25.800731658935547	0.1688979886594928
-25.135726928710938	-14.132695198059082	0.0842241182314348
-18.802642822265625	-14.747600555419922	-0.2137238888214351
10.282421112060547	-16.751998901367188	-0.29644259627
-17.38600730895996	34.54053497314453	0.3731994214353615
37.27798080444336	-35.260501861572266	0.3659572739098508
17.28811264038086	-31.993688583374023	-0.0147439709685914
3.354090929031372	-23.061840057373047	0.2552658363617204
12.13204288482666	48.286964416503906	-0.2121787389031463
-41.05650329589844	-14.73524284362793	-0.0828547867388506
-32.50273895263672	18.205018997192383	-0.570697208423746
-33.60719680786133	-21.092506408691406	0.5278164388153891
25.829153060913086	-39.508575439453125	-0.0078650008172582
7.470951557159424	-10.348651885986328	0.0425498821310946
-8.115039825439453	19.279523849487305	0.1045141485032817
-25.01079750061035	19.184947967529297	-0.0146846475637154
23.740638732910156	5.366179466247559	0.0614748972941429
9.730045318603516	-19.279827117919922	0.1722907486037077
39.01002502441406	-5.689512252807617	-0.3714963235010936
18.824121475219727	-0.7372422814369202	0.4609302901989388
25.03949737548828	40.12900161743164	-0.1480182143423049
2.619234800338745	3.1241202354431152	0.3215956639602057
-21.629106521606445	19.13617515563965	0.0535850975190622
22.612489700317383	31.855697631835938	0.7681834991067028
-31.339126586914062	-34.28417205810547	-0.0731878793188802
-3.312859296798706	40.79757308959961	-0.1190898961072943
-8.474300384521484	19.619544982910156	0.4575048481672265
16.955507278442383	-2.456477403640747	0.1726941800820061
22.62210464477539	-9.844682693481445	0.0719511646884255
11.558260917663574	-28.828046798706055	-0.5468450493650692
-43.252708435058594	12.168150901794434	-0.4106519196769381
-24.33441925048828	-7.248673915863037	0.2334239469856327
-8.376107215881348	-30.493432998657227	0.1527992277086869
-41.16648864746094	8.108524322509766	-0.032430251491347
9.42086410522461	-5.397985458374023	0.1400117510008487
-17.99311637878418	2.7550368309020996	0.157155709763825
-15.830804824829102	-27.680709838867188	0.25887486366079
-40.2145881652832	-3.573136329650879	-0.075196089567579
42.3412971496582	-8.950089454650879	0.2172301920520169
-21.06192970275879	-17.241498947143555	0.0345027569562751
13.257487297058105	24.579057693481445	0.4323554060909141
-11.744792938232422	-49.22125244140625	-0.3444209455143271
3.5201897621154785	-6.348493576049805	-0.2169990640261021
16.668737411499023	-19.794294357299805	-0.0296321940569327
4.353777885437012	39.8591194152832	0.4738633248564142
0.982690691947937	-1.3620705604553223	-0.2719439848798909
12.615740776062012	-37.27278137207031	0.2217275781579556
-14.144412994384766	24.735366821289062	0.82853500191818
-11.235357284545898	-43.19123840332031	-0.0643557160600319
5.55235481262207	-36.84867477416992	0.0977769016403711
-24.653329849243164	-1.3576217889785767	0.3517464382091556
-4.2587995529174805	38.67707824707031	-0.1972761559350526
15.121552467346191	-29.060531616210938	0.0619722128834788
-36.425933837890625	2.6872611045837402	0.3088904978177381
23.070920944213867	31.182729721069336	0.0272055910991157
17.289125442504883	-31.999046325683594	-0.0147439709685914
7.427205562591553	-11.433019638061523	-0.1214535830288626
17.876981735229492	13.555553436279297	-0.4223496153476845
23.55131721496582	-15.991525650024414	-0.2008214906304561
2.9807076454162598	26.482376098632812	-0.1615821712776939
-25.963050842285156	-28.952430725097656	0.4080329672328279
-3.0589535236358643	-29.768083572387695	-0.608639387512011
-30.962940216064453	21.257184982299805	-0.2451644904801183
13.345695495605469	26.84893798828125	0.2652448627343436
40.15290451049805	-18.117801666259766	0.2057920571496484
-0.4040915369987488	32.609256744384766	0.4384874474630867
34.999267578125	12.656597137451172	-0.0846107054813186
-54.34368133544922	-0.21148379147052765	0.0993756214616181
-11.70724868774414	33.208133697509766	0.3785932056950625
-3.866795778274536	7.563375949859619	0.353997359803812
-18.339418411254883	-14.287287712097168	0.4652448276738719
-3.411243438720703	3.873476028442383	0.051783733962014
12.157570838928223	46.143070220947266	0.6066030808731578
-29.836383819580078	-21.220745086669922	-0.1816088606441146
28.606847763061523	-4.463246822357178	0.4352286168708184
31.28885269165039	22.86309242248535	0.5629299918724158
-5.349835395812988	-48.9936408996582	0.3112801157423961
61.53266525268555	18.381650924682617	-0.7000128951917418
8.438250541687012	34.761592864990234	-0.4208394054932425
20.248132705688477	-24.90557098388672	-0.1159564330826214
8.1295166015625	-27.73038101196289	-0.2196860080276749
-5.763020038604736	-49.19110107421875	0.3883071882836931
37.48615646362305	18.8905086517334	0.2537694127744566
32.47160339355469	-4.0476975440979	0.0817571564279933
-28.619651794433594	-8.636350631713867	0.726631647184345
14.427194595336914	-2.4557199478149414	-0.0032495947008147
12.410578727722168	9.411332130432129	0.0696061234983141
4.693708419799805	13.295032501220703	-0.0699463525782891
7.856861114501953	11.020319938659668	-0.1862650514370925
-36.340049743652344	-2.559406042098999	0.0202889679819951
46.93927764892578	11.11605167388916	-0.2409259485592005
20.29914665222168	4.262265682220459	0.1757605346855661
44.918373107910156	-14.950600624084473	0.2077048676755479
-25.618419647216797	-26.73922348022461	0.073265045351477
-38.09983825683594	30.041988372802734	0.097554478413536
24.846317291259766	22.46162223815918	0.324657161114644
0.4482186436653137	-2.4747250080108643	-0.2383550809639743
-20.2701473236084	6.128634452819824	0.5112202661268158
-14.289140701293945	-31.177696228027344	-0.1179798595753559
44.82063293457031	-16.097990036010742	0.2443523794429675
14.047642707824707	45.7703742980957	0.2116878255204202
5.527078628540039	-0.9827185273170471	0.1215469703593232
16.886545181274414	1.3735461235046387	0.3938448405348593
-30.716943740844727	-22.708404541015625	0.1933799166794844
-1.49686861038208	-51.94850540161133	0.0080863021331761
-16.49211883544922	36.37514877319336	0.2509213563957781
10.904560089111328	29.381799697875977	-0.3049807305213812
4.651363849639893	23.273059844970703	-0.586256000374446
10.591957092285156	42.7475471496582	0.588364248527965
18.897613525390625	-26.067962646484375	-0.155620430158468
21.126741409301758	-19.500057220458984	-0.2638980203662711
-7.440213203430176	23.88656997680664	0.3894182629017145
10.747713088989258	43.951351165771484	-0.0979723912290635
-9.306571960449219	-9.238654136657715	0.2756063888207312
-4.708930492401123	-37.20796585083008	0.2831276791208139
-23.53443145751953	-19.239023208618164	0.0309963494604436
-39.12208557128906	1.0119333267211914	0.2503148886977651
-0.7981979846954346	-0.95376056432724	0.0646383380078467
49.70119094848633	0.7078098654747009	0.4366707775466853
12.211069107055664	-33.64314651489258	-0.0030471521193155
-31.884855270385742	-32.30375289916992	-0.0121964155822729
-56.04890060424805	-2.561206579208374	0.0728322755518832
18.63007926940918	5.564946174621582	0.0671314534980775
-24.497716903686523	23.728233337402344	0.3674138462378084
38.7365837097168	33.06185531616211	-0.0416694608967924
-20.75272560119629	7.635893821716309	0.5443398603308799
38.422889709472656	-36.4041633605957	0.4741652469754812
19.321081161499023	-26.646968841552734	0.1125940208257306
-12.950959205627441	-25.65470314025879	0.0101772738679414
-57.2620735168457	-2.1727802753448486	-0.5023684897966374
-6.210892200469971	36.39735412597656	0.1998688883971797
30.775543212890625	33.422882080078125	-0.0822346064721583
-30.52263641357422	-13.344414710998535	-0.0954234806197956
5.490570068359375	5.617871284484863	0.2529788893938082
-11.18379020690918	47.04810333251953	-0.4104279263752077
23.37416648864746	27.491039276123047	0.0661214187679363
1.700606346130371	-32.4097785949707	-0.2750952856135744
-35.6028938293457	6.682068824768066	-0.0015957038398204
-3.1792216300964355	3.9476096630096436	0.2471740880147377
4.376492500305176	27.089311599731445	-0.122120394530771
-14.147112846374512	24.735706329345703	0.82853500191818
-55.46360778808594	-2.8948757648468018	-0.0789583592121993
-6.210102081298828	-27.771484375	0.4284019573950404
-14.242403030395508	-15.872028350830078	-0.0432802279870591
-47.29265213012695	2.7317683696746826	-0.6750132597835736
7.594169616699219	37.74546432495117	-0.1746398934148624
-3.311969518661499	40.796512603759766	-0.1190898961072943
24.73065948486328	20.78275489807129	0.0369163695821633
34.684173583984375	20.00098991394043	-0.0958966014688268
-29.441364288330078	5.487092018127441	0.0861170360290848
-36.81043243408203	-30.75686264038086	-0.078219660305435
29.84008026123047	18.08463478088379	-0.0992162523113113
-14.194425582885742	-16.83954429626465	-0.0200084636796275
-49.70207595825195	-16.094085693359375	-0.063027825477398
-5.371078014373779	25.877126693725586	0.0014523850097318
-3.2807106971740723	-34.068359375	0.002303529889814
19.884424209594727	-25.599275588989258	-0.1250964452732268
26.588064193725586	15.878500938415527	-0.3008726034884841
-1.6044752597808838	10.140853881835938	-0.0155066745701526
-21.52836799621582	-22.22150421142578	-0.2700625321773044
28.684261322021484	2.7107303142547607	-0.1348030466586983
5.2592549324035645	5.408281326293945	0.2996676153904026
15.259098052978516	-7.369581699371338	-0.3784349394843923
5.785264492034912	-10.913127899169922	0.0792800246693054
34.01620864868164	25.839374542236328	-0.2537291216812014
-0.4254029095172882	-0.7257055640220642	0.0646383380078467
-17.46091651916504	-11.716108322143555	0.0274173148129977
42.18040084838867	-25.59587860107422	0.2886869398776537
15.172918319702148	-42.496376037597656	-0.1320283772878543
-32.335689544677734	0.8192422389984131	0.0778367015673442
42.14886474609375	-25.343305587768555	0.3710488814643346
-24.3555850982666	-11.762468338012695	-0.1540735993376163
58.306026458740234	18.30384635925293	-0.4238350047515527
62.0150146484375	21.815954208374023	0.8047955210235707
18.37301254272461	31.044992446899414	0.2748603446208764
-3.6750757694244385	38.00389099121094	0.062072653486187
4.236185550689697	-28.866317749023438	-0.4406335206352019
-0.5628919005393982	-37.273468017578125	0.0588059276987563
0.8606969714164734	17.28083610534668	-0.1088979013578756
-8.22351360321045	24.944379806518555	0.6556798455279338
-51.791847229003906	1.3026007413864136	0.0109376181254312
10.545973777770996	51.61204147338867	-0.5921584648000884
-28.594030380249023	3.581857681274414	0.4199034355086257
28.39822006225586	46.28291320800781	-0.1730324276101101
-31.050048828125	-41.10294723510742	-0.1453041610652801
-17.95686149597168	-18.387983322143555	-0.2730125124436191
-32.120994567871094	7.726696491241455	-0.0043203980177014
-14.418814659118652	9.532278060913086	-0.1874964703539695
-44.92718505859375	-3.7668888568878174	0.2828086911468435
-9.913612365722656	-2.161184787750244	0.1248204743737148
-10.754008293151855	-13.737885475158691	0.1925664876869745
7.13129997253418	2.825484275817871	-0.3091034473600079
-35.29682922363281	10.511479377746582	-0.1603686058013049
-16.30803871154785	-12.482989311218262	-0.0855430170773928
39.27695846557617	-9.828690528869629	0.1947060499259262
20.51742935180664	43.2125129699707	0.1385931014543693
33.13441467285156	-1.1804804801940918	-0.1663047767629257
-19.044395446777344	36.49308395385742	0.2939334741771887
30.83831214904785	-23.311555862426758	0.1281436778434102
20.432479858398438	17.56871795654297	-0.1897771682626128
19.271556854248047	14.975210189819336	-0.8108644937562638
35.676212310791016	31.879940032958984	0.1132726425439437
39.883628845214844	-3.626917839050293	0.0265429392226653
13.920308113098145	26.662874221801758	0.0172027011692326
-50.78960037231445	-19.396299362182617	0.5386957943337417
-30.17365074157715	29.876405715942383	0.3100319117391934
25.943878173828125	-39.28200149536133	0.0814730827624651
17.628793716430664	35.738651275634766	0.2271330172982078
-36.85612106323242	-5.28190279006958	-0.1743949944939741
-1.533098816871643	20.861875534057617	0.4588091576931178
-17.192628860473633	37.31650924682617	0.3667884467951154
5.475292682647705	19.57110023498535	-0.2541356065678355
12.938250541687012	49.86570358276367	-0.1892964751423914
-16.64164161682129	17.230426788330078	0.2724978586507195
-5.015810489654541	10.21474838256836	0.1732441363257399
21.217565536499023	9.91105842590332	0.0559617835212275
-18.43789291381836	37.605037689208984	0.540471339405363
-50.56537628173828	-19.448177337646484	0.1914109719825847
-31.931764602661133	9.424848556518555	-0.1761637097229904
29.959989547729492	37.70597457885742	-0.1574475485861021
-39.72616958618164	8.532232284545898	0.1453005645495435
-3.9647715091705322	13.009881019592285	0.3018679155303158
31.07619285583496	19.762685775756836	0.3564105533237218
37.560691833496094	1.1385935544967651	0.0102431554672553
10.289012908935547	12.30172348022461	0.0974867833970901
-34.22015380859375	29.661128997802734	0.0831149155150066
-4.759873867034912	-37.55219268798828	0.1291739257269009
43.80231857299805	3.2154860496520996	0.3122811011326831
-3.4088308811187744	-29.499019622802734	-0.3441641964598048
4.125164985656738	-4.950663089752197	0.0219943491733635
16.293277740478516	-1.5235198736190796	0.1262374436843576
-0.9332215189933777	-25.001758575439453	0.015977758936578
17.270858764648438	10.270258903503418	-0.1370693098552739
53.725799560546875	20.317272186279297	0.3715694982729642
-2.868361473083496	-42.86838912963867	0.0248273542187507
7.990366458892822	-24.51145362854004	-0.203180851508277
-10.67992877960205	-20.289365768432617	-0.0420371439213148
-31.81435775756836	-4.072442531585693	0.5134043056340551
7.814143180847168	46.83823776245117	0.3738900004466318
-11.880056381225586	-49.352840423583984	-0.4146388703945889
27.500640869140625	-3.8906044960021973	0.0390638056570499
2.1565651893615723	14.136478424072266	-0.040182890674609
13.362093925476074	-17.5131893157959	0.1017944219306879
34.5343132019043	-30.665138244628906	0.114098014242762
-20.603771209716797	-53.44197463989258	-0.213232712699774
-24.591571807861328	7.3707356452941895	0.2052161272246463
-24.49470329284668	-8.880106925964355	0.5182375596566258
20.34465789794922	-6.455429553985596	0.1219279466146763
23.37416648864746	27.491039276123047	0.0661214187679363
43.614723205566406	-23.805944442749023	-0.0367468013785401
38.422889709472656	-36.4041633605957	0.4741652469754812
-45.072479248046875	-12.016948699951172	-0.4281368012296201
-38.44300079345703	9.37972640991211	0.5610677003996554
8.55089282989502	49.55902099609375	-0.6762075367115872
-21.109222412109375	4.881999492645264	0.5306541535438121
-17.494352340698242	-4.4816365242004395	0.0123645775911781
-49.05625534057617	-5.604556560516357	-0.3707507960176941
-15.324942588806152	9.249469757080078	0.5921368671752911
41.58354568481445	-27.245725631713867	0.8646262895878238
18.858993530273438	-12.542350769042969	-0.2833688724416814
3.6095328330993652	3.2316510677337646	-0.171980101889826
14.646384239196777	-12.154561996459961	-0.2168552271924984
14.281731605529785	13.312313079833984	-0.7059766819797766
6.343644618988037	40.216651916503906	0.086476406036167
17.917001724243164	-44.55580520629883	-0.1740423388671453
0.44725948572158813	13.969627380371094	0.2386312872777287
37.81279373168945	1.015852928161621	0.2346473662589168
8.98918342590332	-3.899019479751587	0.4775573768390554
39.3608283996582	24.290813446044922	0.2000512382545461
2.956193447113037	43.75725173950195	0.2681394251277665
31.959964752197266	-12.792678833007812	-0.059164979788232
9.39483642578125	-10.668953895568848	-0.1874261424013532
-38.075958251953125	-11.85114860534668	-0.1055467188736279
27.932025909423828	-13.82883358001709	-0.1820457430332183
5.78917932510376	-1.902001142501831	0.194488086153558
6.494552135467529	21.50400161743164	-0.177038045175102
24.495542526245117	-29.84068489074707	0.2468308615919232
-36.49787139892578	34.18144989013672	0.1195669565745425
32.63878631591797	-18.279748916625977	0.0780887634734546
38.665992736816406	20.493549346923828	-0.1787343316319517
22.599637985229492	14.478880882263184	-0.1204354072798322
59.72161865234375	14.652803421020508	-0.8074912001289137
41.04064178466797	-17.3929500579834	0.5553071626468619
-6.210892200469971	36.39735412597656	0.1998688883971797
-2.7409112453460693	15.105414390563965	-0.0194259406774185
-6.7716450691223145	-8.358453750610352	-0.2914674286319252
11.282630920410156	-1.9210511445999146	-0.2507975655337101
-3.802053451538086	-42.27735137939453	6.881126415386084e-05
-31.37464141845703	0.061961829662323	0.8655344767672061
27.73529815673828	-43.42573165893555	0.2940189693788554
26.836511611938477	-17.685710906982422	-0.2467186450932283
43.043968200683594	0.898276686668396	0.0489615452193578
29.40525245666504	-9.742477416992188	0.026630678672517
-31.94400405883789	-32.984004974365234	0.33762528330607
14.639852523803711	31.596372604370117	-0.2503813097712284
-35.5258903503418	10.323705673217773	-0.2054170756146444
25.336864471435547	9.590362548828125	-0.4955059534717869
37.13880920410156	16.923980712890625	-0.4171718093521592
25.29130744934082	30.910852432250977	0.0837686563259259
-34.752769470214844	-21.707509994506836	0.1295447279564333
1.7071139812469482	-3.2978410720825195	-0.2281232163392319
-34.185272216796875	-15.637145042419434	0.2135973230763904
35.554298400878906	11.868584632873535	-0.2845890234768574
-37.76755905151367	-17.479511260986328	-0.1958761992378893
22.053592681884766	1.0827380418777466	-0.0040499583610027
1.187597632408142	-8.802775382995605	-0.1906497207052557
-20.238605499267578	13.745132446289062	0.1887623093928597
-3.037161350250244	-40.679500579833984	-0.2300313273474302
-38.44283676147461	17.604341506958008	-0.072353425534726
7.856627941131592	9.98124885559082	-0.1240530970469188
-1.6418445110321045	-18.940969467163086	0.1103358024545085
-18.943758010864258	5.820393085479736	0.2390807893813086
22.343761444091797	-42.1091194152832	-0.1602371760189845
10.106770515441895	-28.815509796142578	0.2098832298690756
9.903569221496582	-37.009307861328125	-0.4666656774875924
-32.62825393676758	2.0703701972961426	0.7794351278564281
-35.246402740478516	-6.153154373168945	0.3544351779812087
19.4019775390625	45.279579162597656	0.4640518934779429
8.781476974487305	19.03570556640625	-0.1226800083868578
1.0010104179382324	23.485898971557617	-0.4963546593587801
44.10570526123047	12.689513206481934	-0.0743176425002207
21.815839767456055	-11.452698707580566	-0.0027707698103911
-3.357295036315918	-34.21994400024414	-0.1651806805484525
-18.27655601501465	-42.27739334106445	0.6282981658645733
58.54481506347656	12.906317710876465	-0.5644125094986614
22.13187599182129	35.470149993896484	-0.0864879702244064
9.576831817626953	5.724725723266602	-0.3506939024115149
55.912986755371094	16.660476684570312	-1.196685978863561
-23.269939422607422	19.56375503540039	-0.2451156889409236
-34.860557556152344	-32.40079116821289	-0.0750981924663114
-24.026592254638672	-49.054840087890625	0.0562710735067844
13.469803810119629	6.393548965454102	0.0756300277446195
17.69147300720215	19.291404724121094	0.2777789185222938
-37.74142074584961	13.510542869567871	0.0566125863400216
-34.578277587890625	-7.877256870269775	0.6930281219437834
-4.950099945068359	-10.894325256347656	-0.4628362817784343
11.442503929138184	-17.87593650817871	0.2820272075842193
7.558041095733643	-53.61405944824219	0.1449470488712763
7.677890777587891	-24.65593910217285	0.0145989958546396
10.24450969696045	-33.31807327270508	0.0360272331338952
11.494686126708984	1.482273817062378	-0.2366708769506974
25.054866790771484	34.43455123901367	0.1140333543705237
0.275301992893219	6.317366123199463	-0.4459634564935518
12.394304275512695	-28.552717208862305	-0.0119044232712318
-36.19214630126953	3.248689651489258	0.0387107702679749
6.8079328536987305	-42.614967346191406	0.62974310902423
3.7629599571228027	-36.00146484375	0.628660220627854
56.764644622802734	24.154356002807617	-1.287271684842167
15.348971366882324	1.009992241859436	0.3030504817285817
-28.00135612487793	9.228531837463379	-0.119976453323227
44.64750289916992	17.381256103515625	0.0695357683599092
10.396734237670898	57.614234924316406	-0.0743271310605999
62.84941864013672	19.949369430541992	-0.4868959658618427
-16.19158172607422	8.9545259475708	0.3514139183451955
30.629562377929688	9.01465129852295	0.0110092550767763
21.217565536499023	9.91105842590332	0.0559617835212275
4.4758100509643555	31.814319610595703	0.222906276520107
-30.617639541625977	-35.35380935668945	-0.3813437415037747
49.56679916381836	0.821391224861145	0.431450709320466
32.77231979370117	-6.809558391571045	-0.0933299775652966
31.508359909057617	8.004988670349121	0.444414015497647
10.19943618774414	18.21978187561035	-0.1548921702466311
13.493779182434082	48.1456184387207	0.1648842347196629
12.941404342651367	-12.132575035095215	-0.5210788123866678
-3.5712087154388428	23.532848358154297	-0.0570073754971247
-6.9038004875183105	-17.41522789001465	-0.1917189698711667
-1.0248939990997314	13.27490520477295	0.0468675045806851
-41.10820388793945	2.76877498626709	0.1943460683410734
14.90587043762207	17.08732795715332	0.2822417223832222
54.43012237548828	22.708778381347656	-0.0747396308984999
-45.996978759765625	-11.508441925048828	-0.3269311536863541
-53.937076568603516	5.468371391296387	0.5524511758210907
49.514347076416016	19.893199920654297	0.2814256299938648
29.184185028076172	26.91950035095215	0.1360596961698069
25.817760467529297	-22.770668029785156	-0.05161119176136
17.863054275512695	24.136707305908203	0.3914723608515256
21.48733139038086	-3.1050174236297607	0.150979877976896
-56.26156234741211	-6.9003214836120605	0.0949487616974699
-20.59610366821289	-31.361875534057617	0.2935419388183167
-25.82617950439453	-28.15826988220215	0.2067038955251246
11.854905128479004	-42.419742584228516	0.0379005185700628
-31.125839233398438	-40.9224853515625	0.1321974426200178
4.469513893127441	-47.778709411621094	0.1764199471119006
59.222084045410156	22.876413345336914	-0.5675559097120384
29.27949333190918	-35.220726013183594	0.4723350160384053