x	y	effect_size
-30.047147750854492	-24.717432022094727	0.5701889690090108
-29.122249603271484	-27.619077682495117	0.7409260473415148
-32.59321212768555	-26.651611328125	0.9126147007110323
-33.221683502197266	-24.968631744384766	0.9318821838912128
-29.567890167236328	-25.55299186706543	0.7235934902844781
-32.41636657714844	-15.423721313476562	0.6397946144299906
20.97981834411621	31.308101654052734	-0.5303404711841879
27.25350570678711	30.37502670288086	0.9951767844465153
-41.21244430541992	-18.921855926513672	1.0104792607500095
-43.396400451660156	-14.463761329650879	0.703256823299982
-36.127986907958984	-18.49012565612793	0.6794513671894901
-39.972164154052734	-17.93540382385254	1.044470879865107
-35.537471771240234	-18.419496536254883	0.6261460191106554
-42.28394317626953	-16.874483108520508	0.7155171374042755
-38.81865692138672	-21.713735580444336	0.706848954916824
-33.54853820800781	-17.21979522705078	0.3284679812345086
-39.505611419677734	-21.289499282836914	1.1781532471363454
21.60283851623535	28.72629737854004	0.4340349162222697
27.400041580200195	42.76961898803711	1.1610070706508289
25.81694793701172	45.365928649902344	0.3175513304281072
26.00973129272461	38.85744857788086	1.0792518409884222
23.499494552612305	47.58781814575195	0.990137959237018
22.4708194732666	41.22433853149414	1.0262327749177942
25.457944869995117	40.581199645996094	1.1224223582209156
26.363506317138672	38.00259017944336	0.947577752514102
-32.75140380859375	-27.478485107421875	0.63600706334243
21.328521728515625	45.57583236694336	0.6859257806055735
27.273868560791016	38.50100326538086	0.8995538356902227
23.296485900878906	44.10929870605469	0.9470909637098054
29.50748634338379	39.232154846191406	0.0265628309225941
29.15960121154785	46.8483772277832	-1.005338137061886
28.41961669921875	42.81694793701172	1.0805695353100284
24.619800567626953	40.636131286621094	1.0031927236278635
24.86102867126465	43.863895416259766	1.032177292536978
30.815500259399414	47.61275863647461	-0.6382986689325619
27.382184982299805	41.33980941772461	1.1035082284891538
25.203153610229492	48.29467010498047	0.6950022774335226
27.966869354248047	32.02634048461914	0.5166200736807289
25.72241973876953	42.726409912109375	1.017061294320764
31.963905334472656	44.44227981567383	-0.4788168509141816
27.798734664916992	47.85829162597656	-0.3846124739311558
30.57427978515625	46.299991607666016	-0.7332783085655075
32.50225830078125	43.87308120727539	-0.4844433908893134
29.666866302490234	48.66046905517578	-0.5082742367534032
28.46402359008789	46.100406646728516	-0.9680124703655864
31.850400924682617	41.7313346862793	-0.7360564818542383
-2.5812184810638428	-20.11504554748535	1.0249156841338705
-10.647196769714355	-54.81052780151367	0.8849083091012175
1.6802699565887451	-25.663204193115234	1.1342107201598377
17.722681045532227	-37.62815856933594	1.025236747025505
1.8583697080612183	-20.814224243164062	1.08563824532968
0.4247174561023712	46.633392333984375	0.8268122264466904
32.84206008911133	-13.842315673828125	1.0324147466175342
3.480109214782715	-31.115549087524414	1.1641205692116297
-25.241159439086914	-28.86646842956543	1.0116149278568392
-15.168258666992188	-42.237422943115234	0.8757001151465056
-31.89306640625	-10.408870697021484	1.1287149880141736
-1.8674372434616089	-56.24485778808594	0.9965357989504772
39.58640670776367	-4.365242004394531	0.4539678358921015
22.568696975708008	-5.985315799713135	0.7919565982531954
9.864408493041992	-20.070438385009766	0.766585757295859
48.978431701660156	-13.582755088806152	0.9254922044899732
7.717632293701172	-7.3006696701049805	1.0376552277265172
11.048575401306152	58.57368850708008	0.9618440167492674
17.479787826538086	-38.7287483215332	0.855284727140242
-18.235960006713867	-12.194732666015625	1.0624880032480932
3.041165590286255	-29.123178482055664	1.0622478206367258
37.98131561279297	15.161556243896484	0.990605106142734
-15.168445587158203	-42.23805618286133	0.8757001151465056
9.403112411499023	-26.519556045532227	0.7787157543555655
-21.81683349609375	12.476710319519043	0.8033256581475131
-6.391164779663086	-57.17136001586914	0.9609476439020902
29.64979362487793	-1.3511401414871216	0.9828006696117256
-2.6177725791931152	-43.625701904296875	1.1196385404374951
3.704322099685669	53.39670944213867	0.8218193993321681
-3.173410654067993	-45.25862503051758	1.1322244824841352
35.318336486816406	-35.445068359375	0.8817078839005035
-4.196328163146973	-21.42779541015625	1.0630865935796414
-9.201436042785645	-19.959638595581055	1.0596745868500044
3.238576889038086	55.171016693115234	0.970643457042679
5.27623176574707	-39.19480895996094	0.8821823949686975
7.1239848136901855	-28.425506591796875	1.1667570349452625
21.829269409179688	-15.950345039367676	0.9887354807854966
11.684717178344727	-21.396360397338867	0.7853093364373998
5.438992977142334	47.857139587402344	0.8333422157185046
7.3419389724731445	-10.983942985534668	0.975559774053851
-1.5397940874099731	-30.54936408996582	1.1426805646953182
23.088953018188477	-5.4230875968933105	0.7822521038041146
4.0978922843933105	1.5992995500564575	1.011318848335632
8.006892204284668	-33.50612258911133	0.9610873441526202
7.183444976806641	-2.937710762023926	0.8212755183774786
38.872379302978516	-10.948735237121582	1.0703120946288107
-36.77360534667969	11.93513011932373	1.1046008522181665
-17.914438247680664	-13.857187271118164	1.1525740463996097
14.639742851257324	16.445173263549805	0.8545473549745755
-9.328160285949707	24.167715072631836	1.1111891577321018
2.819615602493286	-50.58182907104492	1.0771538581211495
0.10627613216638565	-18.85158920288086	1.034492938314984
31.9770565032959	-19.317729949951172	1.1308471134442422
-7.720896244049072	-16.077289581298828	1.221405095819854
11.40859603881836	-31.753293991088867	1.2250641495469143
8.737190246582031	-15.003850936889648	0.632510138267335
-0.7786301374435425	-21.001323699951172	1.1192737366533692
0.7190268039703369	-40.681480407714844	0.958409040078114
11.142029762268066	58.49387741088867	0.9637465162181748
-30.817243576049805	-23.102149963378906	0.9860624146135022
8.975940704345703	12.152188301086426	0.7356305094429899
25.635116577148438	-38.2711067199707	1.0763005672279058
-0.8072012066841125	32.03668212890625	1.020430017362228
-19.81145477294922	-35.16972351074219	1.347407391858643
10.906912803649902	-3.97253680229187	0.9369321917731716
40.42556381225586	-3.6397030353546143	0.696387463991333
31.080595016479492	-16.469623565673828	1.0594607243289615
-35.83201217651367	25.734403610229492	0.4970596035680929
0.6255976557731628	-21.056886672973633	1.0717106798364309
-20.328840255737305	-5.684865474700928	1.1332007738334466
-15.359320640563965	-36.61268997192383	1.0906781070270004
-2.8749701976776123	-31.899799346923828	0.8802946638193689
2.119051456451416	-40.81328201293945	1.028545577073681
-9.32550048828125	24.170106887817383	1.1111891577321018
31.77832794189453	-40.0419921875	0.32913037987236
-15.731064796447754	1.2670292854309082	0.9362072359473051
-3.9097492694854736	-6.148849964141846	1.2159606606149365
4.279630661010742	-35.14013671875	1.0434890330344304
-17.296329498291016	8.367586135864258	0.9943905309507672
-3.4793190956115723	-25.681337356567383	1.14098556669771
-16.657758712768555	-18.90827178955078	0.8419864275459678
7.852405071258545	-43.48862838745117	0.7510725102396663
-19.33795928955078	-12.759689331054688	1.131463481010396
-7.846519947052002	31.96615982055664	1.0205254263090555
35.842647552490234	-21.5418643951416	0.6794784427652322
-14.888164520263672	24.490562438964844	1.0171244433252793
-19.7636775970459	25.172576904296875	1.2781923295202398
-7.4334893226623535	-44.52899932861328	0.8943444325088632
-48.42113494873047	29.786380767822266	1.207202613161371
6.391719818115234	-3.8589539527893066	0.9112239758935268
0.43435075879096985	-17.52518653869629	1.0283508048566177
9.387006759643555	-39.77947998046875	0.9718432843913736
3.665257215499878	50.37736511230469	0.8429884391362586
-2.9204533100128174	-26.488117218017578	0.9229352022538366
8.823278427124023	-43.34999084472656	0.9861487728615626
-13.801081657409668	-47.702232360839844	0.9097512279839192
5.154653072357178	-54.45735168457031	0.9380005101112572
17.312702178955078	6.186722278594971	1.01317266321854
-7.668248653411865	-22.639360427856445	0.94836102641526
11.445464134216309	-57.169044494628906	1.0324495475707125
-10.045458793640137	-36.10515594482422	0.6516673150609921
1.6956419944763184	5.143850326538086	1.1371747789584217
6.286416053771973	-22.061002731323242	0.850621250100016
8.934250831604004	29.61586570739746	0.9484070323225012
-25.912649154663086	-29.092304229736328	1.0397239275370522
-7.934383869171143	-41.796653747558594	0.9294666544632324
2.163339614868164	25.917285919189453	0.9971137980569604
-43.865779876708984	15.039444923400879	1.0979510070131255
-4.505804538726807	-60.593963623046875	0.9989008731176464
-21.18998908996582	-44.94242858886719	1.138059420426265
33.499794006347656	-8.889668464660645	0.6804204324562296
-33.221683502197266	-24.968631744384766	0.9318821838912128
-12.507634162902832	9.537215232849121	1.0876836682756483
5.100369453430176	-49.5015983581543	0.9134087436663888
-39.06330108642578	-9.34276008605957	1.1866023811984712
12.093460083007812	-4.383094310760498	1.1214494108186552
-16.020761489868164	0.32448944449424744	0.8350863053250588
-29.145326614379883	-10.55123519897461	0.9609626807410871
-10.96065902709961	-55.1136360168457	0.8825282799251253
-3.7615463733673096	-3.8674402236938477	1.3515848199055107
16.343910217285156	-38.57571029663086	1.2174177086707934
15.594426155090332	-50.91268539428711	1.077631899173812
0.40577733516693115	52.63881301879883	0.9379727356637284
-17.217639923095703	-41.19725036621094	0.8480564790986136
39.26548767089844	-7.459753036499023	1.1094513113069553
-7.083416938781738	-7.035178184509277	0.5583118466687964
10.777324676513672	1.8461387157440186	0.9179639353716998
-31.803516387939453	27.126953125	1.0825707717928668
-29.480234146118164	37.94977569580078	0.8277211910160323
-12.90603256225586	-27.216846466064453	0.9974866108274714
-14.03779125213623	-33.55515670776367	0.591520170426765
-7.836421966552734	9.061549186706543	0.8878079684414866
-3.881470203399658	38.88426971435547	0.6126169036463438
-3.010951042175293	-35.41191101074219	1.132414392865822
6.968469142913818	25.295997619628906	1.1613056978898988
26.632890701293945	-19.95771026611328	0.8911161323758843
30.395925521850586	-38.08482360839844	0.7041346107005481
-19.134170532226562	-35.132118225097656	1.090714977262952
32.91696548461914	2.0000827312469482	1.0458238206968735
-8.210161209106445	-16.129547119140625	0.9946341014756642
11.595157623291016	-10.87530517578125	0.9391398166059628
1.6974273920059204	45.66764450073242	1.0923580713672096
41.05862045288086	-3.8943657875061035	0.92547608617635
-16.987442016601562	14.850893020629883	1.2544686600216464
-25.943790435791016	7.785468101501465	1.0541706498362693
7.978628158569336	-11.196920394897461	1.0270487220643176
-31.102771759033203	-6.705607891082764	1.1830877885287276
11.399592399597168	32.797332763671875	0.9853582872521062
4.462141513824463	39.583797454833984	1.077111652133782
-4.868692874908447	16.41483497619629	0.9541956088311097
-6.3670334815979	13.638922691345215	0.9516408090343133
-27.204879760742188	-29.80463409423828	0.8707396820031366
6.720395565032959	-42.7918701171875	0.5546826260602417
-9.600536346435547	-0.897506594657898	0.864160569145637
-3.3970999717712402	-57.04814529418945	1.1468442341335718
22.916236877441406	-25.107500076293945	0.3057145669539681
-45.51367950439453	16.015853881835938	0.965604297362366
-37.90250778198242	-13.559850692749023	0.997263796906838
25.133869171142578	-43.28831481933594	0.9391635004717188
-4.733768463134766	34.505210876464844	0.9805927221590448
16.389333724975586	-49.669532775878906	1.1213157122856623
8.995686531066895	-32.84971237182617	1.2613440382678551
41.34144973754883	-27.60161018371582	0.9859807876053024
25.81694793701172	45.365928649902344	0.3175513304281072
6.349764347076416	55.512229919433594	0.8624311372539678
-42.67629623413086	14.023065567016602	1.2862951047610425
-31.038742065429688	9.818713188171387	0.767708659172826
0.3260403275489807	19.10087776184082	0.6804639384242324
-17.88355827331543	17.646360397338867	0.7385636060225226
-29.95724105834961	4.2354416847229	0.9136467797245186
21.44315528869629	-6.0007548332214355	0.961018175584382
33.99594497680664	-14.78278923034668	1.1968829156972636
10.90771484375	61.394901275634766	0.6190499722070152
4.729016304016113	-20.791879653930664	0.8631833518745189
9.524331092834473	15.429887771606445	0.8864428637348507
-8.915114402770996	41.25056076049805	1.013945723410678
-13.289051055908203	-19.848690032958984	0.6949001870149568
-14.990675926208496	17.664491653442383	1.1634909271919849
-4.811448574066162	-18.266626358032227	1.0462433925247872
9.348241806030273	57.288944244384766	1.0128597660668637
28.8188533782959	15.51817798614502	0.9998026470384384
-13.930389404296875	36.785911560058594	0.983858955793462
-2.662844657897949	-41.95730209350586	0.8183856898821609
7.958851337432861	47.147125244140625	0.6129043380127885
-9.33938217163086	-30.012678146362305	0.8796798899443398
8.793915748596191	-15.044923782348633	0.6340181670962287
-30.575801849365234	-11.745323181152344	0.9394917893281716
12.206506729125977	59.94440841674805	0.8380327700484601
39.470340728759766	-15.788253784179688	0.8368056030279576
0.11293809115886688	40.54875564575195	0.9827813875433198
-2.1335642337799072	-16.46554183959961	1.0204233465907255
-15.959632873535156	25.335718154907227	1.1729842492046636
0.2581723928451538	-48.8065299987793	1.1012804604819424
8.83026123046875	7.725757598876953	0.9902600121710444
20.817663192749023	17.47944450378418	0.6350619353434148
22.175518035888672	-11.510108947753906	1.0846845163016914
-10.577571868896484	-23.579832077026367	0.8517872317179114
-22.648963928222656	12.281901359558105	0.9409717931019346
-8.28226375579834	-41.11405563354492	0.8980562731784614
19.373271942138672	-7.489752292633057	1.062024665698921
-30.555238723754883	-4.441779136657715	1.2414210402613766
21.322677612304688	1.1060397624969482	0.7848873945591364
22.935291290283203	-6.8971266746521	0.9764291141978904
29.242420196533203	-0.45914989709854126	1.050893572300259
5.715527057647705	45.76974868774414	0.9991709155994444
43.02450942993164	2.5450916290283203	1.0976824115642645
-26.768165588378906	-6.438131809234619	0.5999428543473654
-6.523755073547363	-27.14739227294922	1.3178366768533951
-4.196840763092041	26.260648727416992	0.997634547875384
6.61203670501709	-28.492225646972656	0.9614431660287968
-0.07670342177152634	-22.541217803955078	1.1645512320730451
-24.613121032714844	23.69477653503418	1.1436743523209325
-24.905529022216797	-12.59695816040039	1.2580572056208037
33.066001892089844	22.688756942749023	0.7103179871463493
-29.32595443725586	23.604799270629883	0.9093868299904284
8.555904388427734	64.62086486816406	1.0958752864449663
29.87530517578125	-32.94053649902344	0.8934723339732203
-24.06355094909668	14.738358497619629	0.7178646344946434
10.964067459106445	-32.64888381958008	0.8744979926891068
43.11248016357422	2.136887550354004	1.179301800816864
-37.160888671875	34.52429962158203	1.0209477808075034
2.0755183696746826	48.669654846191406	0.6464602043254661
16.041627883911133	-48.300235748291016	1.0952192721650609
-32.563690185546875	39.73530197143555	0.8708901809507533
7.0937066078186035	58.73237991333008	1.0186041088313773
15.225865364074707	-26.257076263427734	1.0551127755636582
-11.984318733215332	19.84861946105957	1.0729956095551498
-8.5790376663208	-33.34053039550781	0.8895396749894391
-0.8174434304237366	32.031639099121094	1.021265722291774
3.190964460372925	-14.512277603149414	1.2363808903386933
-9.111869812011719	41.48479080200195	1.013945723410678
-2.567949056625366	-20.118663787841797	1.027595666942859
-22.69111442565918	-44.76932907104492	1.063947696515117
-54.74951934814453	-7.835350036621094	1.3347442641727236
25.082277297973633	-34.62617111206055	0.9280235005535508
-37.046051025390625	19.655128479003906	0.7060645728107715
-3.4478509426116943	17.891185760498047	1.2354026081443827
-43.7581901550293	-15.642026901245117	0.8679775429401099
3.776336669921875	-24.460023880004883	0.5647510414286604
31.987491607666016	-18.24323272705078	1.0976537830040825
9.186823844909668	22.071491241455078	0.7043360908672571
-10.125208854675293	38.2691650390625	0.4766954178638409
-6.507472038269043	25.51041603088379	0.9863711006600028
-28.089792251586914	17.214380264282227	1.1837477446347977
-9.734405517578125	-19.526397705078125	1.0674705588577185
-7.570781707763672	-1.2932366132736206	0.98282459514248
16.563331604003906	37.34819412231445	0.7545765761520554
3.444812536239624	-4.586091041564941	1.0139503026247343
-15.096407890319824	-32.68562698364258	0.688441872589168
8.545018196105957	62.21126174926758	0.8763516571719292
9.263350486755371	-35.026451110839844	0.9068033578367533
-27.358997344970703	-6.761455535888672	1.1644718175040378
35.21268081665039	-20.820728302001953	0.808169641034864
39.45672607421875	-19.744792938232422	0.8175264282898528
9.119763374328613	-48.827938079833984	0.9349543182710972
3.5994033813476562	-35.58968734741211	0.937359014000771
13.68770980834961	10.722638130187988	0.6321833882904729
2.3626186847686768	-20.08599090576172	1.0981917600949094
-8.314374923706055	-45.892608642578125	1.0398652111950206
3.742417573928833	61.76406478881836	0.8723844456379478
2.6555819511413574	-43.61599349975586	0.7401588539021432
11.239609718322754	-42.62803649902344	1.028626528208055
5.4916300773620605	-26.309152603149414	0.8382991043684471
-8.070022583007812	-5.992630958557129	0.5077719892729853
17.157318115234375	-11.42887020111084	0.8286222871073349
-41.33587646484375	38.51101303100586	1.0476710334496366
-8.96640682220459	37.89918518066406	0.9363329934918052
21.717493057250977	15.588858604431152	1.1309676774445585
4.8914594650268555	64.23695373535156	1.0479923950049417
-35.39308166503906	-6.272900581359863	1.0888196147191656
5.234410285949707	2.0592880249023438	1.04541976613934
36.51136016845703	-23.371755599975586	0.9432749148077776
5.051173686981201	61.34605026245117	0.8904142341369409
17.705528259277344	-40.06168746948242	0.5192204368250162
-4.398421764373779	-46.48826599121094	1.0106684472273602
20.980878829956055	31.308725357055664	-0.5303404711841879
28.43338966369629	-38.09837341308594	0.8715789152908061
8.239433288574219	-19.938417434692383	0.7798877592800367
-36.28409957885742	29.56813621520996	0.9225355516176345
-4.728219509124756	34.505577087402344	0.9805927221590448
10.602104187011719	-15.905458450317383	1.1445578153065885
29.40829849243164	-5.114435195922852	0.476715606771129
7.281441688537598	65.89360046386719	0.96841650489249
12.91215991973877	-18.821067810058594	0.8527775512511249
16.253013610839844	-19.49220085144043	1.2662332073811662
3.1911609172821045	-14.511780738830566	1.2363808903386933
-28.711017608642578	22.764848709106445	0.854692495726909
6.442337989807129	59.91550827026367	0.6293485678104406
9.850203514099121	-5.873976707458496	0.9800759129589168
5.438526153564453	47.85495376586914	0.8333422157185046
-16.102279663085938	27.803882598876953	1.1297058399789726
-10.969083786010742	17.682655334472656	1.0255369871348317
39.5478401184082	-10.030394554138184	0.9322412132116136
-20.985612869262695	5.345434188842773	1.117369549716551
5.110726833343506	2.2607219219207764	1.04541976613934
14.60860824584961	-29.429954528808594	1.0087070859394802
4.839427947998047	39.632835388183594	0.9180135281897096
-36.1772575378418	3.416308641433716	1.24292457577545
-17.447391510009766	7.204898834228516	1.0305142063703252
-12.47598934173584	33.53036880493164	1.2516935242431757
11.411955833435059	-53.13043212890625	1.1169501475606485
40.494773864746094	-28.188465118408203	1.1036013078069435
-16.987442016601562	14.850893020629883	1.2544686600216464
37.404327392578125	32.491455078125	0.7109453996051404
36.033103942871094	-4.091859340667725	0.5366527226486418
2.277034282684326	39.80030822753906	0.7850929186784911
-35.83042907714844	25.73025131225586	0.4970596035680929
-9.602578163146973	-0.9070329070091248	0.864160569145637
-7.443221569061279	-10.960672378540039	1.032916162939442
-11.454503059387207	41.41780090332031	0.8941375917467906
17.493331909179688	-15.776459693908691	1.0555081532433532
-40.52573013305664	-3.6718761920928955	0.9952557540988368
34.702693939208984	-21.33869171142578	0.7954686634710882
11.467185020446777	19.58301544189453	0.8893007637076336
16.59592056274414	18.257583618164062	0.7111478660707706
-32.3448486328125	39.43288803100586	0.8708901809507533
16.661643981933594	2.570303201675415	1.0631347284799857
12.621574401855469	23.51693344116211	0.9720865552161522
0.34250780940055847	49.14688491821289	1.0418735915463226
37.21885299682617	31.731922149658203	0.6801023605687126
28.98168182373047	-5.623033046722412	0.5921505519241068
-16.728158950805664	36.856658935546875	0.5324239975103077
-8.284607887268066	18.32501983642578	1.2267423629433696
-2.168940544128418	-37.9766960144043	0.939685242297884
14.615570068359375	-40.50437545776367	1.1440779930577856
-25.35359764099121	26.457508087158203	0.9523861405639245
4.229366302490234	57.818443298339844	0.9256059751997192
3.2178962230682373	-42.792877197265625	1.0859013796490602
5.441612243652344	-16.731605529785156	1.152333484869838
11.538066864013672	-37.507537841796875	0.9494103944490848
10.84940242767334	1.870924949645996	0.9121456349556551
2.1302499771118164	-22.70714569091797	0.9680842732996274
-6.163196563720703	-61.18631362915039	0.7947382067193395
-37.84861373901367	-6.971314430236816	0.7927561032141814
23.007965087890625	-12.06365966796875	1.1861446637144222
1.31360924243927	5.278092384338379	1.1371747789584217
-15.279252052307129	-48.79613494873047	0.9413480008225577
-12.015761375427246	-9.28380012512207	1.0031050312971612
1.6928412914276123	-43.424625396728516	0.5548178945918907
2.324903726577759	27.629880905151367	0.8363061352340985
26.318992614746094	1.477213740348816	1.090199323870101
-8.12191390991211	42.13908004760742	0.7706962520714163
-23.5103702545166	-3.1334478855133057	0.528822219892202
-3.678112506866455	-6.086602687835693	1.2159606606149365
27.61211395263672	-12.749310493469238	1.190099523765713
-49.1164665222168	0.6600437164306641	1.092227361490049
28.216083526611328	-11.066230773925781	0.9700672895188318
-32.41290283203125	-16.233280181884766	0.7436529747665946
35.66205596923828	-8.084944725036621	0.9627753405205962
7.567966938018799	-32.22322082519531	0.992065666737275
1.7613555192947388	-41.791446685791016	0.917529442817822
3.444812536239624	-4.586091041564941	1.0139503026247343
-30.154541015625	42.89110565185547	0.7154449914477216
2.857841968536377	-50.75086212158203	1.0788456236266268
3.1661694049835205	24.3613338470459	1.1065110876066226
15.381885528564453	-32.68022918701172	0.7151358382239377
-19.024194717407227	28.66730308532715	0.9463985863833482
-6.5038743019104	25.513681411743164	0.9863711006600028
4.737019062042236	-44.12297821044922	1.009833156602045
50.2886962890625	-14.332192420959473	0.8449510109373523
13.181486129760742	-47.97343444824219	0.9352766240147204
24.23917007446289	-37.27156066894531	0.8142608877631862
-22.49148178100586	19.72077751159668	0.9170841774740034
18.15066909790039	-52.87629699707031	0.903055356513139
-1.80008065700531	-56.36576843261719	0.9965357989504772
-30.591983795166016	37.307411193847656	0.7920270480319666
-1.525519847869873	-30.558448791503906	1.1426805646953182
10.38792610168457	-48.49427032470703	1.2436888876142933
-33.22128677368164	16.03421974182129	1.0555726504120857
29.10434913635254	0.8920062184333801	1.2441949739987122
0.8193605542182922	-10.97153377532959	1.0879022929831434
-28.567584991455078	-13.22165298461914	0.7377455294323453
7.7144622802734375	-7.298819065093994	1.0376552277265172
-27.903322219848633	19.905317306518555	1.0855734368096948
-21.536649703979492	-35.12897872924805	0.8684364212589559
24.18790054321289	4.898345947265625	1.2326221356669116
36.860958099365234	-3.836486577987671	0.8811462161874218
-41.6932258605957	38.767417907714844	1.0437139030128066
22.382720947265625	-37.395809173583984	1.03404261688996
-31.695636749267578	20.376583099365234	0.9376136422116133
0.6245272755622864	10.304210662841797	1.0343967725461762
-18.78150749206543	30.319522857666016	1.2552926035468424
-5.557251930236816	-46.2867431640625	1.2457271450021998
5.3713507652282715	-24.599720001220703	1.0053910245460924
-0.4204094409942627	-7.296579837799072	1.198060295646982
6.928501129150391	56.430511474609375	0.8735278780847607
11.535648345947266	-21.6315860748291	0.7853093364373998
-24.89825439453125	-21.890653610229492	0.8627022022956823
-24.01000213623047	20.043514251708984	1.2235832775077182
-8.223559379577637	-2.1152429580688477	0.7286889382111156
-25.40177345275879	1.1983155012130737	0.8700426509771949
23.289430618286133	-2.4343466758728027	0.4685141407018953
17.497949600219727	-11.803317070007324	0.6951999575706991
18.822059631347656	-49.7366943359375	1.1174287830682634
-17.326000213623047	-32.37018585205078	0.8766718449275611
35.12528991699219	32.0252571105957	1.0451188905537916
39.548988342285156	-11.778437614440918	1.2227575751423752
2.438793897628784	15.440725326538086	0.8511672009047286
9.290369033813477	19.943012237548828	0.8249288457087196
-12.585456848144531	-54.500343322753906	1.105801345515628
-41.176734924316406	11.284579277038574	0.6690166692051915
0.42360779643058777	46.627899169921875	0.8268122264466904
24.673307418823242	-35.70050048828125	1.1075538138690812
15.547880172729492	-20.11782455444336	1.053559916227207
11.545157432556152	-3.2205634117126465	1.015263705116611
-5.367722034454346	-26.627290725708008	1.1529996718238444
-15.364192962646484	-3.0892934799194336	1.098062760700406
-12.863520622253418	1.1758897304534912	1.1079911227438903
10.611246109008789	3.212796926498413	1.0179633018813243
-12.962575912475586	7.065906047821045	1.1116753070855283
15.770237922668457	44.140743255615234	0.2236066590956571
26.517475128173828	-39.769901275634766	0.6882620411771943
-12.412388801574707	14.211909294128418	1.0844221480492982
-31.283586502075195	40.224090576171875	0.9181325533823868
18.35456657409668	-31.348182678222656	1.1183910944276367
6.129263877868652	-37.47011184692383	1.0376493192406742
0.8927996754646301	-16.94799041748047	1.0205137676846008
6.759467124938965	0.8449111580848694	1.157674547887232
-17.600788116455078	-36.10982894897461	1.123005580020969
-6.144159317016602	11.996370315551758	1.246955585835741
-14.036894798278809	-15.34610652923584	0.6843647871067274
-21.552148818969727	11.713947296142578	0.8629500057071408
27.25356101989746	30.375568389892578	0.9951767844465153
9.493335723876953	33.623409271240234	1.0449851298806363
-9.960163116455078	-35.98756790161133	0.6516673150609921
21.526151657104492	-17.133188247680664	0.4802393693761038
-17.282445907592773	12.917816162109375	1.0368925899722632
-42.67629623413086	14.023065567016602	1.2862951047610425
-2.0869216918945312	12.755136489868164	1.0995785714550426
33.39495849609375	-22.121501922607422	1.0852115115702394
12.525074005126953	-37.68232727050781	0.9921049368276684
-0.06430965662002563	35.68838882446289	0.7344217308887486
-17.176097869873047	-10.25245189666748	0.8720270608010607
-19.7636775970459	25.172576904296875	1.2781923295202398
-54.84610366821289	-7.565845966339111	1.2356886746140077
13.197847366333008	-23.982263565063477	1.0487928780685871
32.84206008911133	-13.842315673828125	1.0324147466175342
1.0063985586166382	52.53199768066406	0.8291271146206418
-29.407777786254883	-27.77308464050293	0.7409260473415148
0.630021333694458	10.42205810546875	0.8561361323148142
-44.17893600463867	14.541512489318848	1.0979510070131255
-11.101823806762695	-38.900936126708984	0.9049258766760774
-22.759506225585938	28.95207405090332	1.2336344163401205
40.61064529418945	-10.36268138885498	0.5828329274550202
-37.04588317871094	19.655357360839844	0.7060645728107715
-4.604654312133789	-10.554389953613281	1.166858117564749
15.685965538024902	-7.830245018005371	0.943793807177208
-39.136512756347656	10.488383293151855	1.1150861355064332
17.84019660949707	-48.03592300415039	1.0824526117755946
-27.636743545532227	-1.4060391187667847	1.236542222430748
-0.8327534198760986	-35.79821014404297	0.8274544145797059
-37.7999382019043	-14.702576637268066	0.864278431066127
-17.897764205932617	41.48123550415039	1.055367993358462
-32.89921951293945	27.005617141723633	1.153858425368405
0.49110832810401917	-10.494354248046875	1.0091024182677
3.831563949584961	19.672298431396484	0.5894873929632561
-0.5853402018547058	40.289146423339844	0.4437628740167333
-12.492964744567871	-5.202502727508545	0.7765051582192875
-41.62909698486328	34.19450378417969	0.9826865641539316
13.796754837036133	-34.90426254272461	0.687441199393102
-7.655019760131836	26.713672637939453	0.8801638928905124
-7.443221569061279	-10.960672378540039	1.032916162939442
-3.9423134326934814	-3.446397304534912	1.3514269632929437
14.641470909118652	16.448869705200195	0.8545473549745755
14.259984016418457	-16.035280227661133	0.8073148257946507
-4.614923000335693	28.762733459472656	1.0286298420474338
-12.906023979187012	-27.216848373413086	0.9974866108274714
-35.10773468017578	-6.396337032318115	0.95291619868745
-56.05126953125	-4.804141044616699	0.7626026824333731
9.401803970336914	-26.518016815185547	0.7787157543555655
47.9731559753418	-12.875225067138672	0.96072786292045
37.66419219970703	-20.59534454345703	0.7148537425476991
-31.862960815429688	11.737098693847656	1.2365987240825602
13.361607551574707	17.980070114135742	0.4392890972549091
-24.002784729003906	28.55540657043457	1.2638448970621363
-11.525500297546387	27.457805633544922	0.852453130338983
-6.3668107986450195	13.639361381530762	0.9516408090343133
-37.805625915527344	-12.899805068969727	1.0812650340233758
-16.102279663085938	27.803882598876953	1.1297058399789726
42.0788688659668	-26.375770568847656	0.9888998799641584
5.391088962554932	-32.89714431762695	1.119069944914369
23.778776168823242	37.447757720947266	0.8115831624701572
5.5546979904174805	4.08470344543457	0.9201118062550376
-6.010885715484619	55.46006774902344	0.9265842051263232
-13.933022499084473	-19.85698890686035	0.9572690380779112
15.881457328796387	-26.904640197753906	1.0825550021989494
-2.24584698677063	15.36583137512207	0.6884905352923988
-20.772010803222656	-20.31610107421875	0.7593777001529004
-55.906925201416016	-5.123345375061035	0.8054424610089655
3.8164169788360596	-30.992712020874023	1.1641205692116297
-42.30741882324219	21.09714126586914	1.030342003382678
24.19215965270996	10.274036407470703	1.0573109778434266
-8.666733741760254	3.7906572818756104	1.0252204628904489
-29.071971893310547	12.867945671081543	1.171923360288038
-5.971267223358154	23.158084869384766	1.0317479711335515
2.356818437576294	-10.366253852844238	0.9029728273335996
13.694901466369629	26.94076156616211	-0.2150559279140386
-19.9569091796875	-0.4804728329181671	0.7145386816711126
-43.11199951171875	-10.709928512573242	1.384053883077864
-33.660037994384766	24.875577926635742	1.014965063999435
-4.01788330078125	47.03826904296875	1.0073293712498894
-3.1178343296051025	-14.340371131896973	1.001903068893632
7.129063129425049	24.997377395629883	1.1613056978898988
-34.56190490722656	-12.120583534240723	0.6059176064580545
14.730426788330078	31.582351684570312	0.5143193630272607
3.4542648792266846	-29.04156494140625	1.0622478206367258
-7.395335674285889	-61.849632263183594	0.9100107801398104
-4.025351047515869	47.08552932739258	1.0073293712498894
9.808465003967285	-20.261770248413086	0.766585757295859
-22.031089782714844	-44.13440704345703	1.0867102110740348
-8.452935218811035	-45.40041732788086	0.9993140952189722
4.09861946105957	32.63370895385742	0.5499134803346806
-32.4082145690918	14.791152954101562	1.274872688024491
-3.8501193523406982	-50.82416534423828	1.2036883088863355
-35.997249603271484	-3.2314910888671875	0.5920470073222333
-13.357952117919922	8.801563262939453	1.1562898884973
0.6654981374740601	35.43825149536133	0.6643456629558365
-2.0402214527130127	5.374735355377197	1.1435332844498225
17.537477493286133	-51.39241409301758	1.146578584541696
11.129921913146973	-16.55913543701172	1.008783218060341
-23.539642333984375	45.17522048950195	0.7612462036254548
35.514286041259766	6.121914386749268	1.0047831165357857
-9.543278694152832	-20.984331130981445	1.0175900891265142
31.33016586303711	25.206735610961914	0.2338205356880428
32.48362350463867	-15.325475692749023	1.0585478469412066
-4.5726318359375	3.824742317199707	1.1311533356330954
-26.6324405670166	11.197415351867676	0.954345377757836
-18.297435760498047	21.70159912109375	0.6596284890301785
8.867307662963867	-39.07313537597656	1.0674704210532406
-32.294769287109375	-13.435473442077637	0.6952012185749953
14.985273361206055	-28.45395851135254	1.0296530550820435
27.14497184753418	-20.566394805908203	1.119278313745325
13.48967456817627	10.811673164367676	0.6769626715306073
-39.50696563720703	36.931129455566406	1.1277792162889826
9.625157356262207	10.301962852478027	0.9170999751606996
-9.73642635345459	16.90268898010254	1.080478593414932
18.48085594177246	39.01178741455078	0.7786490799804625
-13.834712982177734	-20.750751495361328	1.1650743749904984
2.946279525756836	-10.086322784423828	0.985498131794107
-20.512359619140625	-20.4160213470459	1.1132770740063362
3.4239819049835205	-18.958147048950195	1.0549199394731197
-40.624977111816406	-3.494293689727783	0.7096512462367718
18.685041427612305	20.210527420043945	0.1090089008729213
-8.68770694732666	-22.160999298095703	0.9536123832578274
36.10275650024414	-17.427305221557617	0.5578707363798573
-0.8832144141197205	-47.90928649902344	1.250917576486943
-22.494918823242188	19.721433639526367	0.9170841774740034
-25.2285213470459	28.284332275390625	1.1223120345957576
25.014802932739258	-41.22486877441406	0.5872745735709576
-2.3799972534179688	-22.685009002685547	0.9219365910269256
-26.705549240112305	7.934483051300049	1.287993704515818
24.535505294799805	11.492498397827148	0.8634497439137739
28.216083526611328	-11.066230773925781	0.9700672895188318
-33.590579986572266	41.11761474609375	0.5283975670773321
38.45650100708008	33.35465621948242	1.2443264363259143
-16.654781341552734	30.43697738647461	1.196653115804139
-6.0701904296875	-10.52330493927002	1.1318641697014342
28.991641998291016	7.1888041496276855	1.0127049430261417
-40.2204704284668	24.40740394592285	0.7207389030200195
-4.806461334228516	13.464920043945312	1.0676746766773015
0.5314067602157593	24.527189254760742	1.0641687184911215
38.332767486572266	-11.412400245666504	1.0270070154166095
41.496131896972656	6.829245090484619	0.8432704098031054
-4.614923000335693	28.762733459472656	1.0286298420474338
17.631195068359375	4.7162981033325195	1.062229907003655
9.071816444396973	-30.53533363342285	1.166303370580622
-4.383319854736328	53.78190994262695	0.7889482874863251
-0.898849368095398	23.151777267456055	0.6806159435174811
-16.68613052368164	1.2658025026321411	0.9340941671271497
21.929363250732422	-28.57706069946289	0.6418113288734701
7.567966938018799	-32.22322082519531	0.992065666737275
20.575763702392578	-34.23868942260742	1.04064027323569
-23.11635971069336	7.3059163093566895	1.0396276946299718
-5.2550740242004395	53.87846374511719	1.0693427774216795
-12.015761375427246	-9.28380012512207	1.0031050312971612
32.02701187133789	11.203198432922363	0.9774102575660136
6.971787929534912	-2.8021352291107178	0.8212755183774786
18.569705963134766	44.085052490234375	1.1929331292317495
-7.0226335525512695	-47.84981918334961	0.9900341501764912
27.467954635620117	-42.023807525634766	0.8055816787567733
11.57918930053711	-43.236595153808594	0.9826076214832272
-32.432071685791016	0.6154600381851196	0.920043879808228
-19.38239288330078	-6.186192989349365	1.1227656080187174
-30.74449348449707	-17.99822425842285	0.9844210919049398
33.702598571777344	-36.08464431762695	0.8418302167631992
2.5905346870422363	15.646448135375977	0.645357512179684
-21.084667205810547	5.646212100982666	1.073692191397314
-28.948366165161133	39.36976623535156	0.9961096149312568
-10.206000328063965	10.990632057189941	1.0543111635208504
-4.05367374420166	39.03469467163086	0.5306186096829575
-41.438228607177734	5.053822040557861	0.698013709549109
36.9275016784668	-34.7167854309082	0.9560251850471242
6.791048526763916	33.943904876708984	0.4865778791597933
-52.735939025878906	5.0785136222839355	0.8552248688313009
20.93928337097168	26.220733642578125	0.639570997123149
-30.309877395629883	-18.333614349365234	0.5761480211039858
-8.972628593444824	8.889328002929688	0.8848303790809107
-25.31344223022461	1.6484874486923218	1.099320098000803
21.16973876953125	8.741009712219238	1.1465293054045589
-15.122791290283203	-37.1652717590332	1.0745970348071472
5.190584659576416	-23.099565505981445	1.0325924354748477
28.084081649780273	-21.810617446899414	0.923727302805688
-14.03779125213623	-33.55515670776367	0.591520170426765
-14.811967849731445	2.4742002487182617	1.0875580072102824
-19.581317901611328	-29.216367721557617	0.9863461764878336
26.585681915283203	-17.996992111206055	0.9850252069057784
-4.265579700469971	-51.63844680786133	0.778607199193288
-33.28721618652344	38.739871978759766	0.9239582979917677
8.628689765930176	-36.144859313964844	1.083273275514152
-9.371892929077148	29.01872444152832	0.7316987523163404
46.18404769897461	-7.365867614746094	0.9770265534264888
-6.3846917152404785	1.2354997396469116	1.25124088512529
-1.374668002128601	27.304954528808594	0.8122008175776144
13.352720260620117	-12.71670150756836	0.7760897548868774
-3.734205961227417	5.422483444213867	1.2833815809150992
15.994479179382324	-7.662814617156982	0.8732483569227327
-23.487428665161133	-17.08585548400879	0.7437557599412193
32.793827056884766	-18.20305061340332	1.1439310956216735
23.64034080505371	-2.7059667110443115	0.6234302061819773
-1.2375415563583374	-29.0211124420166	1.182840919306201
22.87687110900879	27.446346282958984	0.7032689094384478
23.68840217590332	17.11892318725586	0.8495650008515309
18.62126350402832	-22.635334014892578	0.9742407022215476
6.491504669189453	34.61967468261719	0.6004888064734271
32.036643981933594	11.204580307006836	0.9774102575660136
-20.328840255737305	-5.684865474700928	1.1332007738334466
5.84529972076416	21.552749633789062	1.1804982579468173
-36.77360534667969	11.93513011932373	1.1046008522181665
8.985189437866211	12.267678260803223	0.7354818338644956
25.2347469329834	-29.466018676757812	0.4263588662697622
43.81828689575195	-17.14436912536621	1.02480171729585
25.281564712524414	-44.030555725097656	1.2152192281186904
-9.699426651000977	31.425634384155273	0.9483217015386196
-37.160888671875	34.52429962158203	1.0209477808075034
-25.339359283447266	-12.6705322265625	1.2841549545611612
-47.48759841918945	29.46668815612793	1.184364343968522
17.188257217407227	-53.06833267211914	1.0420076144351575
7.073974132537842	49.01792907714844	0.4498033541451144
-45.53962326049805	-19.140146255493164	0.6858744050524883
21.179012298583984	-34.147621154785156	0.9975439288042022
-44.766361236572266	-5.657416343688965	0.8502560541932964
16.332958221435547	44.77928924560547	0.7823093313012338
14.131326675415039	-39.90571975708008	1.123791771390298
-12.524176597595215	20.950660705566406	0.9746820095925556
-34.510196685791016	22.637537002563477	0.7641060460490234
37.417625427246094	-1.1937227249145508	0.7258922179403888
9.687950134277344	65.17670440673828	0.8892081979877152
-18.73982810974121	30.307809829711914	1.2552926035468424
-0.762006938457489	0.2142971307039261	1.015343760393419
17.636804580688477	10.239051818847656	0.6699520531319981
37.438636779785156	-0.7283084392547607	0.6904456308154406
-40.54529571533203	25.426916122436523	0.5674417201042904
-26.576963424682617	25.22833824157715	1.151027323316532
16.617389678955078	-34.2138671875	0.3670558467180544
-7.806920528411865	6.715824604034424	0.9249143097856724
6.513508319854736	-10.354721069335938	0.863998435123786
-32.2316780090332	-8.520730018615723	0.9361694143297236
-30.350725173950195	-4.083453178405762	1.2414210402613766
-3.0154869556427	-35.432437896728516	1.132414392865822
-1.5269243717193604	43.8109016418457	1.1460519033229195
-21.059860229492188	1.394850730895996	0.5009446834278675
-41.35318374633789	33.046669006347656	0.8574347743464249
23.375089645385742	-28.176563262939453	0.8461577599702957
-3.890408515930176	-60.292476654052734	0.9428840343474736
-16.94091796875	17.40036392211914	0.8764152781480812
-2.7149338722229004	4.537286758422852	1.2740404624015131
-17.562822341918945	-25.417003631591797	0.8600105022869631
26.97314453125	-11.667460441589355	0.9313270067584972
-41.62909698486328	34.19450378417969	0.9826865641539316
17.407625198364258	46.44062805175781	0.9177810159963964
-10.834758758544922	4.123804569244385	1.1868322235268032
-4.660122394561768	9.901517868041992	0.7490248325909725
15.471867561340332	-40.98899459838867	0.8593930346900782
41.80792999267578	-3.0439229011535645	1.0731111352104914
-3.5986201763153076	55.16419219970703	0.7128918844299349
-14.532235145568848	24.20561981201172	1.0923513940286442
11.726923942565918	20.848329544067383	0.8576441863594345
12.6990966796875	43.274391174316406	-0.0475988125836869
0.3852483332157135	-1.1480391025543213	1.0286800379112468
29.0052433013916	15.658838272094727	1.072566301186363
32.808895111083984	23.880300521850586	0.3082436809842358
13.95588207244873	43.57914352416992	-0.2050603412568691
-1.9190298318862915	-15.031729698181152	0.9571953088693288
15.707524299621582	-1.685594081878662	1.3279437173093664
11.781306266784668	-30.331924438476562	1.0201637593931063
21.558849334716797	-23.811891555786133	0.8806527602080172
-2.9932901859283447	6.7295403480529785	1.0088013973583425
-48.01553726196289	12.077133178710938	0.9965520295033016
32.06967544555664	3.026416778564453	1.1079900156269025
-27.302419662475586	-40.50625228881836	0.9304363427260306
15.267401695251465	-55.34223175048828	0.9368768575158536
-2.244324207305908	15.366369247436523	0.6884905352923988
-13.745367050170898	-15.382155418395996	0.6247179202817937
-26.989431381225586	44.56633758544922	0.7351594800254212
-19.047060012817383	-24.69868278503418	1.1500564693757984
-11.694887161254883	-10.829422950744629	0.9867794790378592
-0.13436518609523773	-1.653975009918213	0.9984705101937718
38.15672302246094	15.270013809204102	0.9360337594240722
15.64599609375	-56.628089904785156	1.1597359474897075
24.799718856811523	24.833480834960938	0.784803215762907
18.696107864379883	21.0645809173584	0.7244880378327399
13.068546295166016	-34.79269027709961	1.052922270209523
-40.34093475341797	0.505508303642273	0.7686205415571544
34.833221435546875	31.533960342407227	0.4730925937223809
4.156953811645508	31.22399139404297	1.1044777321361623
28.4251708984375	7.562182903289795	1.023648156553387
9.92214298248291	-22.973636627197266	0.7969431315366796
-44.76634216308594	-5.493390083312988	0.9456686009221692
7.637054920196533	13.006146430969238	0.7348200170692901
-23.485416412353516	-17.089786529541016	0.7437557599412193
15.051164627075195	-54.72216033935547	1.1141857132354986
25.04389190673828	-20.017192840576172	0.8171220435849907
5.348625659942627	-17.174667358398438	1.152333484869838
11.714555740356445	-48.364356994628906	1.2163962912037007
-17.991878509521484	34.23432922363281	0.8243208319849025
20.931812286376953	26.22545623779297	0.639570997123149
-18.190391540527344	16.164072036743164	0.7078782660867313
-37.47486877441406	24.941083908081055	0.680341608465776
13.416545867919922	-17.52399444580078	0.9202804141054018
-23.009000778198242	-43.92903137207031	1.2350234805027664
-38.30449676513672	18.552310943603516	1.2676302522900118
6.302109718322754	-17.179147720336914	1.061255038449148
-14.605011940002441	-48.25667953491211	0.6261106223787547
29.88076400756836	22.773393630981445	0.8722749059739505
18.614303588867188	-2.5246784687042236	1.404786806068883
-0.45588597655296326	-0.49163052439689636	0.9206935059646972
-24.306182861328125	14.883391380310059	0.9861087345140888
-37.47837829589844	-15.732780456542969	0.6958997438699143
18.53782844543457	-31.069292068481445	0.9860296162611794
20.817663192749023	17.47944450378418	0.6350619353434148
-40.500450134277344	0.7991899847984314	0.5306331493588937
-12.794327735900879	9.762795448303223	1.0876836682756483
-21.628982543945312	-6.751622676849365	1.0073121898376018
-31.814830780029297	26.70659065246582	1.0842227042852677
-2.5666263103485107	6.7153096199035645	1.0088013973583425
1.6760178804397583	-25.657739639282227	1.1342107201598377
-45.31854248046875	41.34674835205078	0.8102132014108133
28.63721466064453	-0.8669331073760986	1.2261012117584102
13.861212730407715	-21.943544387817383	0.6310619848572598
-45.17015838623047	41.15169906616211	0.7998573557676222
6.047638416290283	-30.41931915283203	1.0196337450517778
8.63687515258789	61.92070007324219	0.8646364946973217
6.569271087646484	66.77651977539062	0.784539103526137
-3.0406384468078613	31.033809661865234	0.7904073762041011
23.782711029052734	27.7471866607666	1.1854222375086452
18.984745025634766	-13.225226402282715	1.3744531494879602
39.470340728759766	-15.788253784179688	0.8368056030279576
-31.912057876586914	-10.421067237854004	1.1287149880141736
32.19196701049805	25.106176376342773	-0.0804807805369406
15.665367126464844	-50.93943786621094	1.0729654664875516
21.622310638427734	41.44031524658203	1.0680117499442976
11.53360652923584	-18.696382522583008	1.1070479463201932
-12.47598934173584	33.53036880493164	1.2516935242431757
29.458932876586914	-26.542224884033203	0.8325649415712875
34.41804504394531	-28.467063903808594	1.0519864400548913
-6.974358081817627	-37.14811706542969	0.801909932521282
-48.70260238647461	22.261676788330078	0.7728737891294749
4.249388217926025	-50.34883499145508	1.1179268642058786
-26.318126678466797	-22.721282958984375	0.7996242487286876
0.1530236303806305	-12.213534355163574	1.0530686963319704
-26.575809478759766	7.0048699378967285	1.302099189088232
-6.683805465698242	-32.43014907836914	0.8748807906966887
0.38627567887306213	-26.138877868652344	1.1676751985844285
-30.75697135925293	42.76742172241211	0.4634057075455159
-11.872145652770996	42.86185073852539	0.88256982620495
-24.34954071044922	23.65165901184082	0.9556420377203868
-5.909021854400635	56.36943054199219	0.7262812366792146
-21.98779296875	17.950904846191406	0.8302305714734014
-11.52482795715332	27.461193084716797	0.852453130338983
4.013599395751953	21.524198532104492	1.1325553390687475
-23.065855026245117	44.99245071411133	0.9068729395506652
-28.365934371948242	37.3377799987793	0.9611032430330988
-9.07652473449707	31.346797943115234	1.013778371738482
-16.745084762573242	-50.978084564208984	0.8300565501137102
-10.228321075439453	-55.820919036865234	0.842586755149146
-32.52839660644531	0.3445107042789459	1.0629667475394118
-6.55800724029541	34.69101333618164	0.8074079181288845
-1.5490354299545288	-37.83924865722656	0.9919111171635386
-28.773338317871094	-13.9961519241333	0.6479988994399444
-3.8689661026000977	56.34364318847656	0.9744964501417396
8.976215362548828	18.717575073242188	0.9159092346007088
18.990238189697266	42.24539566040039	1.280557786169845
11.595157623291016	-10.87530517578125	0.9391398166059628
-41.6725959777832	-19.03877067565918	1.2252097118550378
-22.566680908203125	36.057830810546875	0.8297757804074142
-4.880152702331543	57.144493103027344	0.8500107336468171
-16.524995803833008	-51.169029235839844	0.7484526299777038
-8.77315616607666	-36.862640380859375	0.6720820488904596
14.730426788330078	31.582351684570312	0.5143193630272607
-13.337227821350098	-32.32640075683594	0.7081518520949461
-43.7581901550293	-15.642026901245117	0.8679775429401099
-37.389007568359375	20.942644119262695	0.1887137456953625
-45.23805236816406	6.55068826675415	1.07382049643239
-28.421443939208984	-1.9555208683013916	0.9362870501738234
-6.391164779663086	-57.17136001586914	0.9609476439020902
15.78934097290039	-1.4204132556915283	1.1004666003260437
-36.40486145019531	28.666927337646484	0.963732006560962
43.67754364013672	-17.517929077148438	0.7223870982682937
-6.813678741455078	2.6186063289642334	1.2272336711881018
-7.825316429138184	8.747862815856934	0.8878079684414866
22.45306396484375	-11.124720573425293	1.0057225361275073
-3.2077343463897705	19.39067268371582	0.4898023883808726
5.692446231842041	58.567962646484375	0.7971708356704994
34.852352142333984	-8.658398628234863	0.639490633661264
14.522883415222168	6.402052879333496	0.9136256809140384
29.664756774902344	-32.88784408569336	0.820241973633216
14.308287620544434	-26.443397521972656	1.0136431478128265
20.7015438079834	45.57875061035156	0.6518845021743932
46.37710189819336	-7.2194743156433105	0.9717321902240144
-11.83758544921875	19.93353843688965	1.0729956095551498
-39.06492614746094	-9.346468925476074	1.1862388751168484
-21.616090774536133	10.0948486328125	0.8516413456671406
-12.492964744567871	-5.202502727508545	0.7765051582192875
-8.070022583007812	-5.992630958557129	0.5077719892729853
17.70992088317871	-25.56846809387207	1.051156860681565
7.248542785644531	-23.881290435791016	0.8868952879930854
-12.577083587646484	14.102934837341309	1.219317257407355
4.156953811645508	31.22399139404297	1.1044777321361623
-43.46883773803711	40.06377410888672	0.9972913736249144
-11.694887161254883	-10.829422950744629	0.9867794790378592
-9.707185745239258	-44.08927536010742	0.9439300533272466
-12.212911605834961	-31.38136863708496	0.8671187069401322
22.8994140625	47.6917724609375	1.0873002035657653
-16.35439109802246	-24.19994354248047	0.7454101864530344
-3.8422698974609375	-24.61832046508789	1.0302793197429714
5.146201133728027	-54.45084762573242	0.9380005101112572
-49.45917892456055	21.493911743164062	0.3331776016572253
-46.61334228515625	42.499237060546875	0.7968832049521603
25.60871124267578	12.026518821716309	0.5883812191699446
-41.06291198730469	4.022845268249512	0.8742659971168224
8.7677001953125	9.610282897949219	0.7516288140827632
8.001286506652832	25.720077514648438	1.1391584389886664
-16.728158950805664	36.856658935546875	0.5324239975103077
26.076313018798828	1.7099603414535522	1.0038864718177942
-40.53388595581055	-10.787012100219727	1.2578555659983566
-45.39249038696289	6.800589084625244	1.0613265424171878
-13.971243858337402	3.9524359703063965	1.134469390315429
-42.3062744140625	21.10178565979004	1.030342003382678
-17.897764205932617	41.48123550415039	1.055367993358462
-28.062885284423828	16.442718505859375	1.0341615985462362
-19.289087295532227	-3.798457622528076	1.0171362770977344
-3.173410654067993	-45.25862503051758	1.1322244824841352
-28.537200927734375	11.408045768737793	1.3280233944621334
-10.034576416015625	4.763216495513916	1.1815625511429355
8.94469928741455	21.105159759521484	0.8746035858358664
-18.235960006713867	-12.194732666015625	1.0624880032480932
-7.935694694519043	-62.18781661987305	0.8258829099326883
-33.22128677368164	16.03421974182129	1.0555726504120857
-41.71638107299805	23.940513610839844	0.9966857679719384
-1.4645147323608398	23.143596649169922	0.6780692794762267
12.493301391601562	62.29407501220703	0.0983636664009799
-37.6129150390625	35.61904525756836	1.0914490954036848
24.799718856811523	24.833480834960938	0.784803215762907
-43.909263610839844	-13.002918243408203	0.7821177306175109
-0.31561458110809326	-6.754881381988525	1.186395530294008
1.3357536792755127	8.329209327697754	1.2018608913522022
34.12369155883789	-9.56894302368164	0.7924649462403774
12.951560020446777	-22.665441513061523	0.4773752446435213
-49.1164665222168	0.6600437164306641	1.092227361490049
-32.21488571166992	10.707354545593262	1.0497759316543684
-35.98368453979492	31.491031646728516	0.9307686964121026
-30.235055923461914	20.278385162353516	0.850670486794477
-27.041271209716797	-40.92014694213867	1.1367351871731046
0.325483500957489	30.833694458007812	1.0885494758244223
-6.270931243896484	-32.40007781982422	1.0533135311405306
3.1666364669799805	24.361709594726562	1.1065110876066226
-47.19611740112305	23.23358726501465	0.7023860914951612
8.25952434539795	36.24714660644531	1.000708554898086
10.192867279052734	-43.330955505371094	1.1975144904171178
-3.795450448989868	3.5342719554901123	1.1682379862241867
5.270040512084961	-39.19249725341797	0.8842118900024064
-48.126224517822266	30.22003746032715	1.2071882214866272
22.610977172851562	-43.016902923583984	1.222749604141033
4.861105442047119	10.24117374420166	0.813886284321599
1.8571771383285522	6.161312103271484	1.2329579517933438
41.199684143066406	-28.518590927124023	1.135698086364277
32.56202697753906	-8.668182373046875	0.939402164115364
-10.580962181091309	-39.375526428222656	0.9083532774764624
-31.37590789794922	-3.758226156234741	1.2714146344575843
11.362711906433105	-4.95361328125	1.0228174247112385
-17.393590927124023	-26.867443084716797	0.7781109604396124
41.583282470703125	6.7734150886535645	1.030639586025513
19.91060447692871	9.645918846130371	0.659554094701075
25.931793212890625	-8.278921127319336	0.9482768292412268
14.609002113342285	-20.921749114990234	0.8003626702426779
0.12919415533542633	-37.23512649536133	1.0650395101650691
-12.985722541809082	40.77766036987305	0.6521104128056249
12.755721092224121	23.93840217590332	0.7989664040782473
6.441044807434082	16.801334381103516	1.1556931716847738
-1.7866724729537964	47.13629150390625	0.5955991065272513
-25.233989715576172	3.336416721343994	0.9372057458067968
18.63959503173828	-2.691556692123413	1.4156105779781696
49.710060119628906	-14.228879928588867	0.9148488011268828
13.65960693359375	60.56724548339844	0.3760416980158587
8.46511173248291	30.889848709106445	0.5581373344830041
-17.55472755432129	8.37134075164795	0.9943905309507672
9.963696479797363	56.47699737548828	1.1820931995380637
35.31879425048828	-35.44561004638672	0.8817078839005035
-25.50689125061035	-42.673377990722656	0.9197054769740998
-6.0701904296875	-10.52330493927002	1.1318641697014342
-8.371432304382324	13.83951473236084	0.8599224979891285
-4.795145511627197	22.129404067993164	0.8039460850425629
-9.246393203735352	-29.579208374023438	0.8537876707909855
0.9077189564704895	-34.61470413208008	0.7778309908746165
-37.60837936401367	10.66114330291748	1.262305803402619
-21.743730545043945	8.008479118347168	0.8447132722409164
16.66335678100586	2.5691816806793213	1.0631347284799857
14.350625038146973	6.115983963012695	0.9658296824548176
33.38743209838867	1.5924052000045776	0.902096100519458
1.7035878896713257	11.709192276000977	1.1745508395791753
10.448529243469238	33.04316711425781	1.13893478884362
-35.95414352416992	3.582730293273926	1.0004423292141618
21.778934478759766	8.03429126739502	0.9719037962225556
18.598520278930664	-22.013587951660156	1.2039600995924653
22.25399398803711	-16.060489654541016	0.9434840607176318
25.09098243713379	-4.022164821624756	-0.1352656021678062
2.811713695526123	62.64212417602539	0.7880209824233901
-4.340158939361572	8.445788383483887	0.8882327261437017
18.20944595336914	13.565773963928223	1.0561933247171107
2.1992785930633545	48.04582977294922	0.5909638543084619
23.470306396484375	36.839813232421875	1.1695351681670323
8.60219955444336	66.97613525390625	0.9092117432949338
-50.17985916137695	20.857074737548828	0.73321686815453
-26.507213592529297	29.26707649230957	0.8390193606959109
-22.566680908203125	36.057830810546875	0.8297757804074142
-36.09596633911133	-2.6004488468170166	0.87939205283858
-52.85893630981445	6.064436435699463	1.298482474657227
-48.0381965637207	12.251276016235352	0.9171437927142592
-28.434322357177734	23.10803985595703	0.854692495726909
-27.23260498046875	30.356168746948242	0.7132753782310615
13.335506439208984	25.54648780822754	0.6065537313161717
17.580669403076172	43.127315521240234	0.5892987381443133
8.997044563293457	7.69611120223999	0.9902600121710444
11.114897727966309	15.777976036071777	0.7892101243275791
-4.889795780181885	-3.995990514755249	1.3692735783519148
-41.16516876220703	-12.612090110778809	0.9446118488911726
-34.1531982421875	7.707606315612793	0.4207182618505816
0.32693201303482056	19.101238250732422	0.6804639384242324
3.688227891921997	60.104278564453125	0.9368799252309774
-10.669965744018555	-43.962623596191406	0.7997492230164378
10.796394348144531	-53.356327056884766	0.7188619557067848
3.2374489307403564	55.17174530029297	0.970643457042679
-18.2985782623291	21.70083999633789	0.6596284890301785
-7.06819486618042	19.255159378051758	1.043259170466572
-3.240433692932129	26.95783233642578	0.7352098417240361
-30.05466651916504	4.284995079040527	0.9306917218376428
11.452325820922852	-57.2363166809082	1.0324495475707125
-9.911121368408203	-22.30074119567871	0.7323595968070364
24.683971405029297	-28.843399047851562	0.9379087767208446
32.124122619628906	-2.4795725345611572	1.008842658091521
29.25012969970703	-26.694475173950195	0.8967073553568184
35.68231964111328	5.901713848114014	1.027219476918411
4.444291591644287	64.68870544433594	1.0900029567778562
24.1854248046875	4.7485270500183105	1.1714523471676348