x	y	effect_size
-32.387638092041016	5.55879020690918	0.6528086918820507
-33.27465057373047	2.7485034465789795	0.8453994110557588
-35.2365837097168	5.8009562492370605	1.0151494229618454
-34.622344970703125	7.443140983581543	1.0060995481372388
-32.51078414916992	4.635141372680664	0.7587469029267501
-29.151155471801758	15.092333793640137	0.7188289630265083
-39.46128463745117	40.33046340942383	-0.4850619850222676
-34.06736755371094	40.72654724121094	0.9324978741837382
-35.086212158203125	17.3051815032959	1.1821366995242026
-35.22180938720703	13.019840240478516	0.9701953963668604
-31.77448081970215	19.05721092224121	0.1254671902314476
-34.74894714355469	18.819530487060547	0.8786884134026022
-31.668865203857422	18.501724243164062	0.7171637210998932
-36.07344436645508	15.022356033325195	1.1237123010292265
-38.28274917602539	19.0330810546875	0.3373193488314501
-30.8179931640625	16.116422653198242	0.5358387277394663
-37.768516540527344	18.470144271850586	1.123715337310909
-37.54034423828125	37.74567413330078	0.1934470421118751
-24.01162338256836	49.73713302612305	0.7282201462511634
-28.51736831665039	46.90412902832031	0.7744638395709005
-23.599098205566406	53.37263107299805	0.9649125969213126
-24.005691528320312	47.2234001159668	1.1182246582935431
-21.379446029663086	48.79251480102539	0.967036500818786
-22.913114547729492	51.497867584228516	0.9236294770358194
-22.56743049621582	53.74070739746094	0.9659591839394976
-35.861053466796875	5.288354396820068	1.0176441470362418
-24.080493927001953	44.63421630859375	0.6964008464167111
-23.149141311645508	54.50244903564453	0.8069112904883022
-26.818464279174805	45.23371505737305	0.8853443799465532
-30.824729919433594	46.33627700805664	0.9623777941837132
-30.715417861938477	50.298458099365234	-0.932368725751874
-24.800106048583984	49.99161911010742	0.3324407730698919
-22.125164031982422	51.08020782470703	0.5729306014591812
-27.141645431518555	48.48969268798828	0.8299310568997371
-32.06863021850586	51.660667419433594	-0.7063246046405975
-25.212671279907227	51.549659729003906	0.6026871190977752
-25.61784553527832	47.08460235595703	0.3965487850306454
-33.45428466796875	42.40511703491211	0.6323820437769511
-26.452049255371094	50.035186767578125	0.1793552794499526
-27.694387435913086	53.28977966308594	-0.6623590256756823
-29.31464385986328	50.4203987121582	-0.393611321487047
-32.15186309814453	50.46341323852539	-0.7479347126012659
-27.510311126708984	54.06528091430664	-0.8131521541858154
-30.48991584777832	52.112548828125	-0.8490184698146765
-30.642555236816406	49.144317626953125	-0.7900164337348544
-29.621063232421875	54.8652229309082	-0.6324919584750536
-9.56570053100586	-11.69119930267334	0.9610628368393525
-39.42680740356445	-2.0227715969085693	0.9634155093986766
-5.072370529174805	-19.276451110839844	1.094026687180542
-2.708556652069092	-47.54123306274414	1.2793704615925774
-5.959656715393066	-14.330814361572266	1.0587981053189184
4.863868236541748	44.82270812988281	0.7721571577744409
24.80043601989746	-29.44211769104004	1.0377328623073632
-10.387470245361328	-20.79306983947754	0.9489730164855804
-30.133947372436523	0.43095025420188904	0.7629486679604406
-27.82723045349121	-18.011667251586914	0.7326989834795932
-25.005443572998047	15.051640510559082	1.025853899163943
-36.72373962402344	-8.082462310791016	1.0633832693125054
35.69448471069336	-27.42930030822754	0.1803010435250335
28.994333267211914	-12.97402286529541	0.8854663621919182
-0.7130174040794373	-24.718647003173828	0.9430273757767283
19.70923614501953	-37.07719421386719	0.9964549443522386
-0.045680779963731766	-10.978814125061035	1.043651620935739
4.059532642364502	63.02168273925781	0.8652016999108093
-2.3974854946136475	-46.50607681274414	0.958161133426311
12.890817642211914	-15.758176803588867	1.1366137550523947
-11.518136024475098	-19.072315216064453	0.9249334601758548
-17.687944412231445	-0.4543653428554535	0.8177656491598272
-27.827409744262695	-18.011857986450195	0.7326989834795932
-7.580956935882568	-22.576744079589844	0.8674850297062189
19.961721420288086	3.2939555644989014	0.6222918580427073
-40.64120864868164	-6.358565807342529	0.986886195121157
43.203285217285156	-25.091543197631836	0.9129702688733712
-16.982324600219727	-31.4627628326416	0.8658102036667191
4.362268924713135	52.28799057006836	1.0916715806704809
-18.670711517333984	-31.478139877319336	0.993890164385501
-21.061262130737305	-6.466116428375244	0.7348587605670968
-11.613065719604492	-12.901655197143555	0.9166739556965928
15.19738483428955	-41.43358612060547	1.0100474751499982
5.374002933502197	53.67538070678711	1.0840729679424106
-13.08260726928711	-45.8373908996582	1.0522194696939908
-9.174176216125488	-27.27945327758789	1.2121943707799083
19.767972946166992	-43.48918151855469	1.0295004274186732
-1.0300582647323608	-27.147336959838867	0.985631899117196
1.322249174118042	48.5290412902832	0.7391939460939992
-12.783369064331055	-3.012730836868286	0.9769761278324904
-3.4852516651153564	-22.872085571289062	1.0529596357803863
29.330110549926758	-13.66476058959961	0.9030330719920728
-0.5169165730476379	-5.405108451843262	0.95000249218452
-12.860494613647461	-22.320016860961914	0.9378993194817206
9.89942455291748	-11.48698902130127	0.9663473024795228
30.67306900024414	-24.628618240356445	0.8766270387647964
22.300926208496094	12.165215492248535	0.904127253323572
13.357219696044922	-14.34566879272461	1.4048451088448135
-14.086465835571289	20.355405807495117	0.650831281556995
-10.811737060546875	22.3817195892334	0.955468850215145
-21.54332160949707	-21.13185691833496	0.979376091551226
-11.672327995300293	-9.287729263305664	0.9541757010074072
20.617080688476562	-30.19967269897461	1.0936047623321192
11.512929916381836	-26.960803985595703	1.09151682218152
-15.67642593383789	-24.542755126953125	1.0864958430064722
2.0938260555267334	-19.858171463012695	0.7596188620092026
-7.901857376098633	-13.01464557647705	0.9616485266399396
-15.048920631408691	-35.26565170288086	0.8515354663890181
4.06584358215332	63.018531799316406	0.8666580061403513
-31.72064971923828	7.154711723327637	0.9397124033225728
5.39090633392334	19.754419326782227	0.5627585556895958
-28.368223190307617	-30.932418823242188	1.1728250507974192
-10.849967002868652	34.24549865722656	0.9486046739237936
-37.99617004394531	-17.293325424194336	0.9353851252061816
3.9251372814178467	-9.764142036437988	0.8936712412550766
36.76344299316406	-27.101804733276367	0.621561043866045
22.734006881713867	-31.735883712768555	0.8909330317206462
29.01678466796875	27.66327476501465	0.5473600025625365
-7.496972560882568	-14.446013450622559	0.9896723130191822
-17.066471099853516	5.497861385345459	1.0603969608696149
-36.25170135498047	-21.69627571105957	0.7275625466307033
-3.3031957149505615	-24.640867233276367	0.9616874112823433
-14.68408203125	-36.529212951660156	1.0794643274003457
-10.810957908630371	22.382272720336914	0.955468850215145
-33.740943908691406	-32.038116455078125	-0.5016990281463565
-11.882773399353027	3.6272993087768555	0.8497021993031163
5.9973063468933105	-4.399391174316406	1.0449193882637104
-15.802162170410156	-28.00907325744629	1.0421524683651655
-2.0158660411834717	14.595843315124512	0.7297308798556027
-12.901616096496582	-16.080638885498047	1.0559745296783878
-0.3330689072608948	-43.59272766113281	0.8469997358406461
-12.989487648010254	-39.96430206298828	0.848091398101673
11.7814302444458	-15.401819229125977	1.180685262714963
2.257171154022217	33.03303146362305	0.8806783206471694
20.42124366760254	-25.44559669494629	0.787249998825909
10.068655967712402	23.92612648010254	0.8978712404240272
14.476746559143066	23.839080810546875	1.0050090839697756
-21.76099395751953	-27.341964721679688	0.9532380567161964
18.887798309326172	35.51848220825195	1.0871303406718715
8.740666389465332	-11.859152793884277	1.0922513438553412
-12.50258731842041	-10.28177261352539	1.007276587719948
-17.486251831054688	-15.30363655090332	0.9466246698834492
3.421996593475342	49.57588577270508	0.8085739985620859
-13.656105995178223	-16.65445327758789	0.9003860703678831
-12.087068557739258	-40.183441162109375	1.1276948231704316
-33.872825622558594	-38.42265319824219	0.9647467309863392
-24.989791870117188	-20.905742645263672	0.7844091297765114
15.268836975097656	-6.121400356292725	0.6907317858819586
12.08076000213623	-42.20447540283203	1.101765430142923
-29.23749542236328	-44.84695053100586	1.0065482603639204
-30.981449127197266	-12.776289939880371	0.7108179613356161
0.033366501331329346	-1.2681450843811035	1.034084920080252
-5.367928504943848	-27.59486961364746	0.9315450734438032
51.322261810302734	12.380504608154297	0.4315870648735794
-30.826358795166016	0.3376639187335968	0.9430341376196452
-22.924495697021484	-25.093658447265625	0.7546287323228293
-2.4243245124816895	21.04363250732422	0.8292617373804416
20.086633682250977	20.553091049194336	0.9520063006796
-43.09480667114258	-9.049177169799805	0.908840365430467
5.198854446411133	-41.76655578613281	1.0544501098070176
28.82985496520996	-31.08108901977539	0.49151232628372
-34.622344970703125	7.443140983581543	1.0060995481372388
3.8874003887176514	2.102863073348999	0.8839969738911
-19.947189331054688	-19.485366821289062	0.9845526463344478
-25.24448013305664	20.825271606445312	0.9578297909935992
5.014138221740723	-10.444561958312988	1.1033001978081616
-12.783341407775879	3.932694673538208	0.7444144467915524
-24.23012924194336	12.369074821472168	0.7125541903497279
-39.73847961425781	-1.7612757682800293	0.9591786505824098
5.132298469543457	-2.352658271789551	1.0704242751334674
-3.7360401153564453	-46.53650665283203	0.9368913432280178
-21.2619571685791	-42.768367767333984	0.994679555397384
7.269187927246094	50.38365173339844	0.8404915839902074
-27.029069900512695	-16.010292053222656	1.0383963649016328
33.0801887512207	-26.96385955810547	0.8335109690639753
54.757171630859375	-4.652510166168213	0.5413329515153092
11.613030433654785	-3.4729864597320557	0.8499112452524324
24.454248428344727	27.768272399902344	0.9607348407726016
39.27589797973633	25.178667068481445	0.5394679393778973
-30.34092903137207	-6.949541091918945	1.0008713769682689
-39.81974792480469	-24.42987060546875	0.5612144639483306
0.4196752905845642	8.419076919555664	0.920756325914292
2.0846810340881348	37.69228744506836	0.5707674343911537
-1.758571743965149	-36.23932647705078	1.065511047714221
-7.239349365234375	13.278528213500977	0.6263809485742823
15.97537612915039	-21.269023895263672	0.8503118238345564
-31.76381492614746	-32.00613021850586	0.570361412967263
-37.793853759765625	-17.922622680664062	1.031602612390636
24.994417190551758	-17.067338943481445	0.9968981191843692
11.294435501098633	-27.3016300201416	0.9463947022074934
-6.686806678771973	-5.455420017242432	1.0392171916623607
3.473897695541382	44.050498962402344	0.7402565426452205
36.8471565246582	-26.45275115966797	0.9624564734289656
-5.000567436218262	28.466629028320312	1.1295574825783692
24.575252532958984	6.336271286010742	0.8839143059920922
-13.351164817810059	-3.3827297687530518	1.1182269247027825
-21.886991500854492	15.332830429077148	1.003607116875061
-7.03213357925415	41.607696533203125	0.7686411860821832
8.54476261138916	34.82701110839844	0.8110589209276875
6.937677383422852	9.134504318237305	0.8088185571052023
4.823974609375	11.430153846740723	0.8039785893387994
-32.27507781982422	0.0005425764829851687	1.0357919415535553
-13.281946182250977	-38.66002655029297	0.6991552911522154
8.892108917236328	3.5978751182556152	0.8391927682865372
-38.4643669128418	-7.993567943572998	1.143510242400616
36.265594482421875	-42.74836730957031	0.3828077534634185
18.289033889770508	21.05251121520996	0.8364743533325716
-29.887868881225586	22.710254669189453	1.0159054857825869
-25.69686508178711	-34.887813568115234	0.7929748375274812
-15.592389106750488	31.164039611816406	0.8339904083858388
-20.854686737060547	-44.219024658203125	0.917086640322767
-13.472299575805664	-23.445079803466797	1.1831044944144589
14.452295303344727	-31.648265838623047	0.8965342042381209
-28.51736831665039	46.90412902832031	0.7744638395709005
3.360264539718628	55.83832550048828	0.9995400846762454
21.38492202758789	19.75287628173828	1.1156813557386092
29.744131088256836	5.595646858215332	1.0958014628413324
-9.016562461853027	18.81256675720215	0.8635621422921017
-5.424414157867432	31.156234741210938	0.6148697425207676
-7.726711273193359	-1.0251532793045044	1.042259672746333
29.27448081970215	-11.882376670837402	0.99858840635837
23.400869369506836	-29.100500106811523	1.2349070346992324
1.3930227756500244	61.42635726928711	0.5535634068907056
5.19838285446167	-33.82889938354492	0.8700395739736914
-15.643159866333008	23.4052734375	0.5521850294828617
-17.044057846069336	39.29896926879883	1.1087466017020269
11.151115417480469	-38.14406204223633	0.8230423853644159
-2.5649187564849854	31.821189880371094	1.189056204441716
-8.617982864379883	-8.683670043945312	1.027822989700219
4.600269794464111	60.56269073486328	1.1790340963941215
28.660640716552734	-3.8914384841918945	0.6823216558459618
-17.731901168823242	28.26453399658203	1.1883883476203927
-15.465622901916504	-31.833728790283203	0.9077160008313606
-0.9023409485816956	46.104217529296875	0.6495862235862713
-31.52191734313965	-22.18747329711914	0.8469083797146022
2.140967845916748	-19.859954833984375	0.7583056800441257
-25.69497299194336	13.339430809020996	0.9648118835633382
2.310180187225342	63.47856903076172	0.7631045604624278
32.805419921875	-33.921966552734375	0.7447811546891703
6.513057231903076	38.396053314208984	0.7630905145207052
-5.901318550109863	-11.020478248596191	1.1323973983914737
11.229693412780762	24.6564998626709	0.9481839267530656
-20.497453689575195	-23.703392028808594	0.823378039866318
7.716286659240723	16.379980087280273	0.6381624592135449
22.581247329711914	-2.844180107116699	0.419948207877941
27.795000076293945	-45.646148681640625	1.073950223924844
13.968180656433105	-44.91395568847656	0.7566156872077826
20.59255599975586	3.8681280612945557	0.7995964319912088
-22.897029876708984	-24.355783462524414	0.7699106438403389
27.79380226135254	-9.75888442993164	1.098217095504039
-20.019760131835938	14.32945728302002	1.137179715309698
13.58995532989502	-24.0039005279541	0.8988349189170848
28.03567886352539	-13.063138961791992	1.103636768640861
43.51642608642578	-24.191650390625	0.953298102730694
-16.593095779418945	-3.924285411834717	0.938051880069
36.99509811401367	-13.007225036621094	0.937499813296792
-42.910682678222656	7.9091877937316895	0.8770180885837499
-15.077547073364258	-13.34309196472168	0.6308781615129182
-10.521410942077637	26.328580856323242	0.9092738656030044
-9.182095527648926	-26.717182159423828	1.1566839713723431
-8.570032119750977	-15.141375541687012	1.1219928342652334
25.637170791625977	15.866302490234375	0.915714409719997
-22.039581298828125	29.20382308959961	1.2791812915099898
-37.167762756347656	24.34369659423828	1.070357743004528
29.06097412109375	19.640464782714844	0.7744430723137541
-1.0346951484680176	59.00559997558594	0.9681107635953567
-18.371633529663086	-10.678239822387695	1.0294927412066237
5.672784328460693	26.153947830200195	0.5168328566943023
-14.830766677856445	-24.826845169067383	0.8025510027859274
36.9227409362793	-13.372672080993652	1.0221162872766725
40.71822738647461	12.673219680786133	1.101192250356977
3.6559715270996094	46.87578582763672	0.804103073924528
-19.468801498413086	-44.411415100097656	1.066860426265172
41.880577087402344	22.616636276245117	0.7735661813941308
5.251279830932617	58.31344223022461	1.18786450772361
-4.03583288192749	-31.383079528808594	1.1750146217666453
16.10471534729004	14.682931900024414	1.0128680220579382
-30.532817840576172	-27.91054344177246	0.4945114088538722
-10.854432106018066	34.239479064941406	0.9500068564119136
9.011212348937988	-32.40578079223633	1.2175800231919471
-16.80842399597168	39.340576171875	1.1087466017020269
-9.564894676208496	-11.700260162353516	0.9628617474705116
6.87448787689209	-42.38270950317383	0.9567905350210618
53.61501693725586	-21.451923370361328	1.0204337598458102
4.6947922706604	-14.869805335998535	0.7426932999832989
25.02341651916504	33.75709915161133	0.5836851703261143
1.7144919633865356	17.001487731933594	0.8111956436296951
-34.52582931518555	14.002182006835938	1.0133969684108923
-1.1067924499511719	-18.58551025390625	0.7367391251762734
21.115150451660156	-31.091373443603516	0.9205719424123836
-11.223285675048828	16.037248611450195	0.7524602245061631
-13.879171371459961	37.93412780761719	1.0588320297576537
-8.944233894348145	24.814634323120117	0.865931460320239
29.9067325592041	12.583266258239746	0.9929327276844208
15.871392250061035	-41.59867858886719	1.1940782658357485
7.635460376739502	2.01020884513855	0.8928603291048871
-18.243417739868164	31.92182159423828	0.3589144540085821
8.490030288696289	-7.992637634277344	1.0595136404360077
-39.199398040771484	-23.249631881713867	0.884488887585839
1.1803783178329468	58.58418273925781	0.7787937380707446
-14.887686729431152	-21.73971176147461	0.8813416138501466
-42.983333587646484	7.238076686859131	1.25891718604171
20.2220458984375	-26.409940719604492	0.9865399503446572
16.660953521728516	-26.858108520507812	0.2351229118339597
-19.692108154296875	-15.800774574279785	0.8952703253940063
-16.59807014465332	-27.96966552734375	1.0270527073455171
15.041963577270508	6.608445644378662	0.3120774385914681
-5.201282501220703	-13.699923515319824	1.0667337146659552
-22.754636764526367	-28.480342864990234	0.8588896344896383
8.985637664794922	60.3443489074707	0.7997490697191895
-17.25115394592285	-37.86418533325195	0.6725258975460591
-9.958678245544434	-40.316856384277344	1.146769559006246
-0.11171543598175049	-15.929100036621094	0.8754797897215315
53.807918548583984	-3.5034515857696533	0.3537375138646645
10.046380996704102	-20.26894760131836	0.9481006687009886
45.4920654296875	10.97218132019043	0.908142179453794
-13.487215042114258	38.98869323730469	0.99794388818361
24.304424285888672	-3.6230263710021973	1.136352306083404
7.735227108001709	62.89608383178711	1.141361059713869
-21.771486282348633	19.386432647705078	1.270084172744956
0.6537051796913147	-5.647611141204834	0.9222914075220598
20.919509887695312	-23.823339462280273	0.8542927022488146
7.742190837860107	60.09169387817383	0.705051397929078
-1.7844001054763794	-44.841983795166016	0.7909837740931853
-20.058441162109375	-30.73932456970215	1.1280046905856629
-39.4616584777832	40.33176040649414	-0.4850619850222676
-30.02510643005371	-31.901582717895508	0.5923723512539598
-0.46539172530174255	-23.050371170043945	0.7496069062231309
31.960628509521484	25.4661865234375	0.963707380010414
-15.59599494934082	31.167898178100586	0.8339904083858388
2.796511650085449	-22.41493034362793	1.0352243391344562
41.82311248779297	-34.907310485839844	0.4673037961257965
-2.3092644214630127	58.137474060058594	0.9718085682714204
1.510875940322876	-26.64595603942871	1.0557226522838892
3.243501663208008	-29.92727279663086	1.132099821558863
9.01170825958252	-32.40570831298828	1.2175800231919471
28.95456314086914	18.63794708251953	0.7940824011359873
6.306615352630615	58.9782829284668	0.2853685296205502
2.2738535404205322	-10.785147666931152	0.9490811618329896
1.3196337223052979	48.520042419433594	0.7391939460939992
10.844647407531738	26.994277954101562	0.6140176049980604
13.618179321289062	14.205157279968262	1.029353536672332
30.562089920043945	-25.8074951171875	0.7060995577230608
26.659988403320312	0.7194849848747253	1.1256154275306889
0.6576862931251526	-5.609673500061035	0.9222914075220598
-7.365199089050293	-31.946701049804688	0.9166746500062088
8.800880432128906	34.5916633605957	0.8260704280591742
-26.23912811279297	26.21129035949707	1.0453493259051094
-2.0008983612060547	13.470033645629883	0.8755558365468586
13.422246932983398	38.928592681884766	1.1462009966877418
-25.929105758666992	-47.27486801147461	1.0600862267678095
15.149249076843262	-32.37485122680664	0.9751701864596696
-5.000567436218262	28.466629028320312	1.1295574825783692
-28.416086196899414	33.54754638671875	0.6307945161895852
34.04440689086914	-30.12701416015625	0.6258495762392019
7.642879486083984	36.74423599243164	0.6795902635858537
29.01576042175293	27.664133071899414	0.5473600025625365
8.878486633300781	3.6023647785186768	0.8391927682865372
49.55786895751953	-6.427505016326904	1.155823411302651
-17.31429672241211	37.279808044433594	0.9447613489067012
0.9382317662239075	-36.394432067871094	0.8373501370516216
-20.310670852661133	9.888530731201172	1.006464468256736
20.9061336517334	-26.552188873291016	0.9950455830703476
-13.50067138671875	14.887472152709961	0.8990520768872012
-3.0359981060028076	44.84228515625	0.6318173881412092
41.96304702758789	22.894262313842773	0.7735661813941308
12.307280540466309	-7.969949722290039	1.182395759707259
-14.133666038513184	11.499794006347656	0.6743646233862655
5.347332000732422	47.26536560058594	1.0215367273630962
-27.825212478637695	34.12623977661133	0.3767791884413639
41.74266052246094	-35.58072280883789	0.4692884241431582
-22.032512664794922	34.78803253173828	0.4920840522009665
-4.17933464050293	-3.588322401046753	1.0782724007760425
-4.451369762420654	-37.29351043701172	0.8357828633738421
-6.234431266784668	-44.65742492675781	1.3227882971579294
19.62240982055664	29.798341751098633	0.7700906830606377
7.025683879852295	56.22626495361328	1.2563007021933812
-16.253061294555664	-38.11418151855469	1.0370443544424754
5.965258598327637	-26.23027229309082	1.0234091149969686
-8.282781600952148	-47.95055389404297	0.9021335543675576
11.580910682678223	-3.4672224521636963	0.8526127808098211
-6.303194999694824	-16.283607482910156	0.9367612329628684
-44.454593658447266	-7.896307945251465	0.8835321495391257
-22.68788719177246	21.68172264099121	0.9626404626326964
27.47039794921875	-46.58232116699219	1.2188512483667922
0.06692074984312057	-0.8812534809112549	1.034084920080252
-35.639034271240234	-38.156070709228516	1.0307206722880375
45.02771759033203	-2.1591482162475586	1.2080273375695667
-17.51133918762207	-36.915504455566406	0.666831133132154
-1.5934903621673584	22.4418888092041	0.7331129475331545
46.70448684692383	-22.356294631958008	0.746267217238733
-17.11039161682129	40.46952819824219	1.024707890556967
15.043547630310059	-1.335546851158142	0.5432725680344799
6.2195539474487305	-4.3303327560424805	1.0449193882637104
35.739280700683594	-18.19053077697754	0.9299330112214574
33.73988723754883	-5.411355972290039	1.243751912566608
34.918724060058594	-19.638418197631836	0.697003305206617
-29.90696907043457	14.912137031555176	0.8332548040360369
29.920923233032227	-29.077974319458008	0.8184167101786552
-12.21054744720459	-24.047998428344727	1.0304864233976907
-15.793712615966797	-36.49348831176758	1.0976124130569431
8.490030288696289	-7.992637634277344	1.0595136404360077
39.84067916870117	19.965286254882812	0.7806192098392462
-21.55375862121582	-21.13182258605957	0.9787861277513668
-2.4224677085876465	19.155643463134766	0.7071356306735854
-9.611005783081055	-29.83272361755371	0.9803907048709498
11.105449676513672	29.93718147277832	0.9733426753472536
-8.94510269165039	24.814838409423828	0.865931460320239
-15.95188045501709	-39.89487075805664	0.9166005691429936
18.438800811767578	-36.5167121887207	1.1453275845740756
-23.933866500854492	-15.787158012390137	0.8425100582083519
-28.53923988342285	-29.585899353027344	0.6887937064641461
14.528364181518555	1.7063285112380981	0.7184731064039428
-23.598251342773438	-44.898616790771484	0.7786946405372405
-36.724510192871094	-8.090085983276367	1.0633832693125054
40.632171630859375	25.53870964050293	0.7291366473871832
-3.483621120452881	-22.87353515625	1.0529596357803863
-20.849172592163086	-16.06684112548828	1.149894477352411
34.519981384277344	8.516404151916504	0.9682277883639944
43.4491081237793	-22.84222984313965	0.9641716111312698
26.332351684570312	-39.171268463134766	1.1975568251301831
-26.663747787475586	11.455255508422852	0.9578320386061724
-0.04875359684228897	-10.97299575805664	1.043651620935739
28.943803787231445	15.25574016571045	0.9112996468861816
-38.501590728759766	-15.735804557800293	0.6542553163188063
34.605838775634766	-0.06438197195529938	1.173751067655172
34.66677474975586	-29.7023868560791	0.8830341023556773
45.73100280761719	10.64968490600586	1.0051135346671496
-11.062384605407715	-31.031232833862305	0.9594097432413984
32.53282928466797	16.5626277923584	0.4537699672567448
-3.171180486679077	9.432533264160156	0.9619906106153682
13.058709144592285	29.634111404418945	0.8238209666494292
-20.029945373535156	-29.238248825073242	1.1572922494058506
-1.6639260053634644	-16.537734985351562	1.013501614467705
-3.5241637229919434	-8.731032371520996	1.052798247366876
3.338451385498047	56.88751220703125	0.6320111322054636
-1.2865556478500366	-27.162519454956055	0.985631899117196
-14.066605567932129	-7.848720073699951	0.9567474801657812
12.994136810302734	1.6343389749526978	0.9480880998447252
8.55389404296875	1.6988849639892578	1.0832780318301485
18.04067039489746	9.064411163330078	0.9231938397684184
32.26232147216797	-14.15933895111084	0.4148282184058492
9.783390998840332	-20.65701675415039	0.5399032235690737
-20.94879150390625	-46.92204284667969	0.9979411154947538
-40.111392974853516	-21.082700729370117	0.9724509166793316
-29.699726104736328	35.24161148071289	0.999222604947804
29.812658309936523	-24.210405349731445	1.1219252792625436
1.8614683151245117	21.463956832885742	0.7634904870606334
-11.74923324584961	13.993952751159668	0.6366282440669748
-39.34110641479492	-0.1027151495218277	1.357187539854566
21.1407527923584	16.600290298461914	0.7813565596547776
4.864329814910889	44.82548522949219	0.7721571577744409
3.850773334503174	-15.082365989685059	1.0694689634202268
2.3608169555664062	-29.692432403564453	1.1793036688235194
4.6043267250061035	-9.190893173217773	1.0525891530963696
-14.118069648742676	-14.181108474731445	1.0791658174742824
11.440461158752441	5.667940616607666	1.1728870405935146
-9.16479778289795	2.3396549224853516	0.9870435215887168
11.11440658569336	-2.2264044284820557	0.9256898296196469
2.2302896976470947	4.404458045959473	1.079995806866754
-21.991653442382812	41.382789611816406	0.6523562319224415
-28.08000373840332	-32.431678771972656	1.0032234161423788
10.678254127502441	9.572555541992188	1.0468974572807312
40.651023864746094	22.694286346435547	0.7928928925565847
-11.083468437194824	-33.68602752685547	1.1598551354128963
-11.827332496643066	-47.618770599365234	0.8219866839955811
-12.70380973815918	-11.033886909484863	1.0385634744814969
1.862447738647461	-7.17038631439209	1.01483592235187
-36.691505432128906	-19.321834564208984	1.0169412215686031
3.803001880645752	10.358879089355469	0.9703998492087172
-25.05540657043457	-5.7557759284973145	0.7989436688103766
20.399023056030273	2.7203407287597656	0.7795329653988673
-34.0662727355957	40.72663116455078	0.9324978741837382
-5.987038612365723	39.90354919433594	0.7929550591688508
-31.128963470458984	-12.78461742401123	0.7108179613356161
19.94522476196289	-44.68773651123047	0.8453562643286004
-19.85613441467285	21.81689453125	1.142514907761483
21.38492202758789	19.75287628173828	1.1156813557386092
0.7278488874435425	11.518982887268066	0.9955669993532098
20.492456436157227	-28.065982818603516	1.1004099643989556
-7.262964725494385	-47.84937286376953	1.2916058726588235
-7.232408046722412	34.47318649291992	0.7189195031336806
13.576507568359375	-17.851625442504883	0.924416994734003
14.476746559143066	23.839080810546875	1.0050090839697756
53.67169952392578	-21.197498321533203	0.936160043004849
-1.5798664093017578	-30.346233367919922	1.2254943053973533
24.80043601989746	-29.44211769104004	1.0377328623073632
6.695774078369141	50.530860900878906	0.9192275927865732
-33.53667449951172	2.8000710010528564	0.8453994110557588
-3.1520986557006836	9.527579307556152	0.8075672328166755
20.407623291015625	20.982955932617188	0.9520063006796
-33.766788482666016	-15.571017265319824	0.7035858771875494
17.478397369384766	30.972740173339844	1.1476041259160317
29.57870101928711	-25.812938690185547	0.4382444911010835
25.02332878112793	33.75855255126953	0.5836851703261143
48.67694091796875	-9.047383308410645	1.114384428818572
22.752880096435547	-12.6421480178833	1.013128435780117
21.068382263183594	14.319985389709473	1.1113962467881155
-19.31972885131836	-46.11552047729492	0.7864374567081606
-18.091922760009766	17.582687377929688	0.9060215842771172
-3.6695873737335205	-35.142425537109375	1.017298699246643
-30.928632736206055	22.288393020629883	0.9559345000052584
-14.725319862365723	48.14537048339844	1.1548187893719997
25.49102020263672	27.88262939453125	0.9852284246459938
26.703868865966797	-39.64838409423828	1.1645695405982464
-4.756884574890137	15.693170547485352	0.4271694253274541
5.816653251647949	38.562225341796875	0.6274766191720835
40.29594039916992	0.9151841402053833	0.8488158211659981
45.161720275878906	15.689115524291992	0.9911129154681816
-12.889383316040039	-29.27117919921875	0.8605411517414266
-7.3301520347595215	24.811735153198242	1.1351488061654025
49.55786895751953	-6.427505016326904	1.155823411302651
5.129416465759277	-1.9392468929290771	1.0721235184652405
-14.086413383483887	20.35711669921875	0.650831281556995
-27.97324562072754	-11.18519115447998	0.6684989615897468
-10.247722625732422	28.921152114868164	1.0696665053505523
-30.340932846069336	-6.949531555175781	1.0008713769682689
-21.56525421142578	19.128437042236328	1.0757307332916506
53.46370315551758	-18.22894287109375	0.6657902883185367
-7.579219341278076	-22.575973510742188	0.8674850297062189
20.591106414794922	-37.892486572265625	1.052953960302509
18.28399085998535	-26.108566284179688	0.3308741838502391
31.410913467407227	3.952244520187378	0.9525833353627048
-13.283642768859863	18.72501564025879	0.2012696711839885
17.683515548706055	29.519969940185547	1.1812517922940824
1.8628220558166504	26.69318389892578	0.6796298689479212
4.824201583862305	11.430066108703613	0.8039785893387994
-29.27144432067871	22.966150283813477	0.996612129921198
10.844647407531738	26.994277954101562	0.6140176049980604
13.989840507507324	-30.35192108154297	1.0173849667436743
-11.613946914672852	-26.0762996673584	1.1670378322886326
-20.163301467895508	53.422733306884766	1.079870461327595
1.8178977966308594	-4.200683116912842	0.8588901282343393
14.409870147705078	51.66758346557617	1.045760120607743
10.50240707397461	-38.10090637207031	1.0538556324813988
-4.903229236602783	-31.06635093688965	1.15925026129041
1.9945019483566284	13.820025444030762	0.6730106574965813
-25.311687469482422	-1.448957085609436	1.008121742321708
53.50960159301758	-18.55152130126953	0.6177944003445227
-10.638070106506348	-20.93279266357422	0.9489730164855804
33.70176315307617	32.140869140625	1.089470125313846
23.068498611450195	-7.9931960105896	0.7831842642401012
5.229611873626709	6.84946870803833	0.98912668471052
29.570932388305664	8.532395362854004	1.091476723130684
-7.897523403167725	27.495622634887695	0.9798161757074793
27.189163208007812	-37.788917541503906	1.0445462840868365
-1.2881945371627808	52.394596099853516	0.013745965619199
7.8382439613342285	-25.92814826965332	0.892095348817032
-26.495847702026367	17.85677719116211	1.5295673480885026
27.181053161621094	26.472042083740234	0.8816954001788785
9.486733436584473	44.384403228759766	1.03836009011817
-3.7335829734802246	-12.018346786499023	1.3328605559728657
-7.506664752960205	13.354043006896973	0.6263809485742823
-30.996179580688477	26.445192337036133	0.8674373619252079
-9.598215103149414	44.31463623046875	0.3933815020562579
-11.209107398986816	-18.85233497619629	0.9249334601758548
-45.44462585449219	-6.94397497177124	0.9208255440934568
9.489069938659668	44.391510009765625	1.03836009011817
-0.7103065252304077	-24.72002410888672	0.9430273757767283
6.361086845397949	-41.80290603637695	1.137696722539178
-22.846052169799805	-27.992427825927734	0.9034836410789628
-2.368818521499634	35.99235153198242	0.4530857074899133
34.101497650146484	7.11320686340332	1.0539181071410502
-3.6461641788482666	-39.265743255615234	0.7213411415882313
-21.93709373474121	24.951112747192383	0.7700439769734181
3.2109882831573486	2.892904758453369	0.9896038184383524
-7.220489978790283	35.346981048583984	0.9318287829907344
-2.913606882095337	1.7324272394180298	1.0301324564111347
-22.567224502563477	-45.78522491455078	1.065351880165284
2.9109907150268555	-23.345497131347656	0.7233382076727665
14.657074928283691	18.786344528198242	0.9853101379495466
21.748931884765625	-19.935039520263672	1.0071655703379618
14.564993858337402	-42.3022346496582	1.086727789550404
-39.820560455322266	26.2775821685791	0.6424271386028928
24.1196346282959	-30.812667846679688	1.1670062780444486
-5.097507476806641	4.1270036697387695	0.9339046320436588
26.720611572265625	9.500545501708984	0.8058966134451996
9.76491928100586	13.393715858459473	0.7059593300058222
-17.990629196166992	-16.20679473876953	1.025473222985075
-27.415390014648438	14.818078994750977	0.8013686150233851
-6.281683921813965	-31.818967819213867	1.1317713620294116
16.519784927368164	-20.8162784576416	1.0051682287155266
15.05191707611084	6.846871376037598	0.5127534086063477
43.3575439453125	12.149031639099121	1.0324764541924576
6.989655494689941	18.75605010986328	0.6920467867868935
13.397035598754883	12.860696792602539	1.14084282080608
-26.06110954284668	42.832916259765625	0.928680035909698
10.50534439086914	-38.985477447509766	1.1615416110498766
27.530467987060547	-37.24750900268555	0.9304802362099466
-25.176231384277344	-1.637616515159607	1.0824560171874682
-3.664125442504883	-14.277399063110352	1.1306662431584205
-20.226932525634766	9.664651870727539	0.7476804680079234
-5.359652996063232	45.604976654052734	0.4679454182198988
13.064827919006348	-42.39608383178711	1.147279860553447
33.02237319946289	-21.291362762451172	0.700081732238092
-19.773977279663086	-25.034955978393555	0.902419305117082
14.53135871887207	1.7006944417953491	0.7184731064039428
18.624675750732422	28.697328567504883	0.9277534815290172
-26.076515197753906	-32.96827697753906	0.717492963488812
-10.172642707824707	-14.222511291503906	1.0996402748280774
25.182954788208008	6.744815349578857	1.033028175084811
23.90913963317871	-7.037524223327637	0.7262746513428033
34.918724060058594	-19.638418197631836	0.697003305206617
43.27383804321289	24.040918350219727	0.4077251509337507
-28.569190979003906	32.22834396362305	0.1764048313189245
13.198322296142578	27.81551742553711	0.9777158683956844
48.69523239135742	-7.579355239868164	1.134673698766964
21.045814514160156	-16.350160598754883	0.7515288932064902
29.2530574798584	32.4573860168457	0.7070409917951571
6.121387004852295	12.054323196411133	0.966034059427892
-4.24583101272583	21.297983169555664	0.4507039665596806
31.176860809326172	-24.21927261352539	0.9838815533053484
42.278114318847656	-17.10676383972168	0.6665924811804134
-10.247722625732422	28.921152114868164	1.0696665053505523
14.216208457946777	-7.070187091827393	0.9606725522588344
-14.387894630432129	-19.01148223876953	0.9340074122247672
12.096695899963379	51.60157775878906	0.8260983342633925
-6.232278347015381	21.31165313720703	0.62315234422982
-12.453995704650879	2.859762668609619	0.8966630063041324
1.130293607711792	-47.670013427734375	0.749931605963299
-12.21054744720459	-24.047998428344727	1.0304864233976907
-8.069841384887695	-19.25487518310547	0.9898381457788452
24.829036712646484	2.681485652923584	0.8221412978775431
12.747068405151367	52.17184066772461	1.1372840542092306
45.02771759033203	-2.1591482162475586	1.2080273375695667
16.095674514770508	-10.874177932739258	0.9798641499258764
9.826014518737793	-11.311455726623535	0.9663473024795228
-20.63262176513672	44.06917953491211	1.1285613746806396
-21.9283390045166	-30.959070205688477	1.0506751285330778
-28.220600128173828	-34.55146408081055	0.4833534580513487
-9.684523582458496	-40.98492431640625	1.3456779266202434
42.30393600463867	-12.723877906799316	0.9125616860898343
-17.009017944335938	4.440521717071533	1.0629517339163477
-30.450984954833984	12.662073135375977	1.0757042575235498
-21.409008026123047	-8.272346496582031	0.8542304940993072
1.876509428024292	21.74275016784668	0.5673159300579397
26.343727111816406	0.7701014280319214	1.096544331102678
38.54133987426758	23.839033126831055	0.6746139291946148
-4.676714897155762	25.28498077392578	1.2583115807611454
2.1392199993133545	37.78178024291992	0.4798709726524907
5.330136299133301	29.77445411682129	0.8603036333722875
-19.981975555419922	-5.202577114105225	0.9432931581766406
-4.139828681945801	38.118167877197266	1.00811886827339
9.481382369995117	-49.86067581176758	0.7173033723434536
-34.861812591552734	36.51436996459961	0.5456653259038807
-30.44993782043457	12.151591300964355	0.9299056668416384
0.9768364429473877	7.576025485992432	0.9465448692938436
18.49353790283203	8.924347877502441	1.069460333702047
19.552080154418945	-8.531187057495117	0.8991319867320491
-35.734153747558594	-21.7995662689209	0.8397108341356136
-3.0391247272491455	-16.64128303527832	1.1640831895600476
17.60374641418457	-19.768362045288086	1.008239265322341
-39.81974792480469	-24.42987060546875	0.5612144639483306
-10.452835083007812	4.1144280433654785	1.1297464566998805
37.56515121459961	22.417356491088867	1.0828495316593156
16.055131912231445	-23.0980167388916	1.0599049958765334
-3.5130021572113037	-40.21141815185547	0.6282995813624074
42.6556510925293	21.84177589416504	0.9093771544053846
-16.052490234375	-20.94338035583496	1.1044408559668484
1.4903945922851562	30.31562614440918	0.9031400227935654
17.508089065551758	-15.176742553710938	0.5639954219105496
8.014397621154785	6.395936965942383	0.9245608921597048
18.522790908813477	-0.6597509980201721	0.7926552080238447
-9.1708345413208	-4.812466144561768	1.2007370116697254
-3.7233142852783203	3.0662448406219482	1.1244547548754102
23.101547241210938	-12.41276741027832	0.9663721347999034
-22.977367401123047	1.6994760036468506	1.1913378315523246
20.518644332885742	-31.627094268798828	1.111469583570824
32.030399322509766	-14.505343437194824	0.6436718156550333
-2.54314923286438	-21.513702392578125	1.2608235847702518
-36.98931884765625	36.03548049926758	0.5292318243949251
20.613906860351562	-4.450546741485596	0.7269028487907861
0.7662701606750488	-33.12928771972656	1.0720689981643965
-3.406461715698242	38.3450813293457	0.6523050526551423
16.0968074798584	-10.877230644226074	0.9798641499258764
-17.066471099853516	5.497861385345459	1.0603969608696149
-6.680495262145996	15.834794044494629	0.8343832941083856
22.300926208496094	12.165215492248535	0.904127253323572
5.367400169372559	19.773536682128906	0.5628572186281144
-0.7624817490577698	-50.6980094909668	0.7248332801082262
28.684423446655273	-20.156282424926758	0.61184303911697
-25.62443733215332	-35.557220458984375	0.9911610825649008
3.7023961544036865	31.815650939941406	1.1226502579484297
40.71822738647461	12.673219680786133	1.101192250356977
-22.35898208618164	29.072772979736328	1.4528061454476036
19.01384162902832	34.54940414428711	1.1892079322916096
-23.243505477905273	-44.004180908203125	1.067691339524063
-0.5155059099197388	48.23091125488281	0.6847919391834808
-38.96397018432617	13.678966522216797	0.993278490650935
-7.354608535766602	-19.137466430664062	1.2373010958942816
-27.500137329101562	6.74845027923584	0.8624369401107959
-21.23947525024414	41.90555953979492	1.020411156881938
-6.837945461273193	-45.09957504272461	1.0039323725102025
17.132705688476562	13.924527168273926	1.1700530771985855
27.838571548461914	24.488317489624023	1.0194116044923045
36.947410583496094	-30.74371337890625	0.8832363282769563
-1.5653749704360962	60.15054702758789	0.4146164772419768
13.056838989257812	29.634794235229492	0.8238209666494292
38.85395050048828	-5.250540733337402	0.8588144700272082
17.584653854370117	-5.421966552734375	0.4975678580431806
37.285003662109375	-31.053905487060547	0.914944277010692
29.96848487854004	31.848264694213867	0.7517834372495017
25.922082901000977	19.110815048217773	1.1898344253205626
-6.91729736328125	-28.734195709228516	0.841849162603581
3.2387442588806152	7.1984148025512695	0.8647779782867068
-12.114731788635254	-2.143775224685669	0.8833333731136007
-23.56228256225586	16.035457611083984	0.8097400973138759
-19.674161911010742	14.264606475830078	1.137179715309698
-1.7606476545333862	-36.24003219604492	1.065511047714221
8.23835563659668	46.22439956665039	1.052877849047433
3.6335935592651367	15.13615608215332	0.6074584007429503
44.64850997924805	16.70026397705078	0.9235425307280216
-0.024425700306892395	-48.53557205200195	0.9024899989893614
-42.60266876220703	-9.466404914855957	1.0289383341057756
-4.438055038452148	31.161861419677734	1.0313378732623169
-4.1107048988342285	1.9736659526824951	1.1135780656320315
6.022979736328125	-20.034528732299805	1.1946753468029567
36.3734130859375	-19.284805297851562	0.7850437118785387
45.161720275878906	15.689115524291992	0.9911129154681816
-19.670398712158203	41.262062072753906	0.9097463991171566
-7.749752521514893	7.922515869140625	1.305742233015212
-0.11181166023015976	5.5661940574646	0.9598603473604862
-5.313755989074707	-44.34818649291992	1.093664788569632
37.900081634521484	-26.150941848754883	0.9774360423902496
12.55560302734375	50.118385314941406	0.7942187570970033
9.670123100280762	23.708621978759766	0.8889106766880333
-13.888372421264648	15.982940673828125	0.3995827082377834
-22.976163864135742	38.36267852783203	0.4454230495116743
39.081451416015625	-7.024191379547119	0.8245209035079483
28.83614730834961	-3.768366575241089	0.8719363301022889
-38.277862548828125	24.942230224609375	0.7301585415864644
-22.88960075378418	39.61492919921875	-0.2561200946365513
-4.5167388916015625	-10.8807373046875	1.1950809705316026
25.754783630371094	-25.600553512573242	1.3086908031650115
-17.05231285095215	-23.655458450317383	1.059748526247005
1.222733974456787	-39.681007385253906	0.9479050702648872
-2.2885162830352783	3.269360303878784	0.9626039478641988
23.785303115844727	22.967145919799805	1.2907450110880228
24.7183837890625	-15.813597679138184	0.9919555261299888
7.558199405670166	-49.11742401123047	0.8947471516916186
-25.716259002685547	-42.14558029174805	0.9778826705974
1.994203805923462	13.820297241210938	0.6730106574965813
-25.149410247802734	-6.051964282989502	0.8228022248328305
37.23764419555664	18.20075225830078	0.7082500439964153
5.477723121643066	-21.299283981323242	1.3028282235699868
46.618892669677734	-2.2818350791931152	1.3151923270173054
39.79553985595703	-6.968999862670898	0.9598628506193536
-17.646825790405273	-0.2753876745700836	0.9236321228579776
-25.718828201293945	-40.766090393066406	0.940695055300763
-40.21357345581055	34.78522491455078	0.859465807603047
-6.028002738952637	45.95506286621094	0.5172585970490968
-12.804372787475586	-28.546756744384766	1.0031507818871863
-23.398828506469727	7.769695281982422	0.8366512205651733
-29.55476951599121	35.79279327392578	0.1554725613604204
-2.2540252208709717	34.658817291259766	1.069287812772755
20.968971252441406	-15.742090225219727	0.8744813611359383
-29.363407135009766	-24.121013641357422	0.7897879973586557
-27.32114028930664	6.782991409301758	1.0044198342039137
5.546656608581543	21.33860206604004	0.6246475831337701
-22.978931427001953	1.698630690574646	1.1913378315523246
-25.650012969970703	-42.722774505615234	1.0478365338822666
14.457185745239258	-20.768674850463867	0.9864504557323616
5.687533378601074	-26.514633178710938	1.0234091149969686
-22.480167388916016	-15.977014541625977	0.8265000200970619
13.257065773010254	32.13059997558594	0.7115427425301619
-34.86216735839844	36.51279067993164	0.5456653259038807
-4.467391490936279	29.836637496948242	0.6321721279267353
29.365652084350586	29.407207489013672	0.597880814281573
2.619896173477173	-26.28788948059082	0.9688450828161064
6.27162504196167	-42.95829772949219	1.1835003855069617
25.53984832763672	35.40489196777344	1.1646069096752216
6.401459217071533	-27.13809585571289	0.986074792502049
-34.79744338989258	-38.334468841552734	0.6359926525075437
-37.043487548828125	27.43991470336914	0.8618774221537499
25.08238983154297	-22.435863494873047	1.305131845851161
39.17182540893555	-5.950894832611084	0.7507354540452188
5.86469030380249	25.92580795288086	0.6519748083938941
-32.01210021972656	22.182809829711914	0.6771938236548635
-10.83019733428955	-33.56796646118164	0.9094277451387364
22.581247329711914	-2.844180107116699	0.419948207877941
-23.443254470825195	7.507593154907227	0.718076842009476
4.114766597747803	2.378554344177246	0.8839969738911
-18.648115158081055	5.883464336395264	1.2161045558294308
24.54413414001465	27.398910522460938	0.9617055115376408
-2.0945253372192383	2.9109694957733154	0.9626039478641988
-5.072469711303711	-19.278165817260742	1.094026687180542
45.933719635009766	6.300455093383789	0.9430118681764802
44.16640090942383	-24.50633430480957	1.0249667956380768
0.030076470226049423	-29.15471076965332	0.6610690218397568
45.7215690612793	6.489343166351318	0.9128027095471208
-10.013628959655762	-23.579486846923828	1.0011011349365777
1.437111735343933	58.58924865722656	0.5086169564021297
-3.0600244998931885	57.2629508972168	1.2678995727651223
-10.42452621459961	31.847637176513672	0.9578212528533264
-37.161319732666016	35.138912200927734	1.1863059729273604
10.23007869720459	-22.704315185546875	0.9988206577023556
32.805419921875	-33.921966552734375	0.7447811546891703
-25.008705139160156	15.0553617477417	1.025853899163943
-39.529273986816406	25.4903564453125	0.5461286801471348
-21.269197463989258	-42.7881965637207	0.992534343095137
-21.033485412597656	47.99673080444336	1.0072607741863389
1.2890417575836182	-25.24911117553711	1.1995650896005876
13.422246932983398	38.928592681884766	1.1462009966877418
33.240272521972656	-39.12143325805664	0.7519555835048766
-16.113786697387695	-18.139070510864258	0.90102086279115
7.8903961181640625	-16.24445915222168	0.7712260807610131
41.05412292480469	-40.869110107421875	0.6242840413781034
-21.058624267578125	-19.84000587463379	1.2119500023719774
-12.637510299682617	-7.841296672821045	0.8438359798666256
24.904823303222656	-39.139652252197266	1.0852900382182236
25.33347511291504	5.8215484619140625	1.0002847286470038
-32.36341857910156	-26.299835205078125	0.6690685182748911
-3.814023494720459	-19.059160232543945	1.052615514141744
39.58160400390625	20.562578201293945	0.549962460305326
-16.368410110473633	36.25022888183594	0.8850742758267184
25.414836883544922	15.765819549560547	0.8668469409908972
14.983285903930664	50.96808624267578	0.8701317492263902
16.032142639160156	2.7071332931518555	0.8616430239617388
1.8636560440063477	26.69476890563965	0.6796298689479212
-5.471994876861572	17.45667266845703	0.7061854853497368
14.54377555847168	18.3407039642334	1.0144147086369812
38.61688995361328	26.25271987915039	0.8468973299517106
3.114179849624634	31.901906967163086	1.061004597073112
-38.020851135253906	-36.93129348754883	1.123433653003431
-40.350955963134766	-2.549644708633423	1.0370504398307134
42.60565185546875	-12.759862899780273	1.0356416926590006
-13.794116973876953	31.371341705322266	0.9141856748084144
-4.741728782653809	-36.78335189819336	0.9747487960087984
-27.064245223999023	10.770783424377441	1.0109469464257594
13.582242012023926	49.515933990478516	1.1424119104107648
-11.435957908630371	12.694778442382812	0.6584474107437654
-19.454357147216797	45.367774963378906	1.0686045954638228
-6.686806678771973	-5.455420017242432	1.0392171916623607
-35.033660888671875	16.882709503173828	1.289739666540744
-1.4778261184692383	26.29851531982422	0.8573412586228343
14.837018013000488	49.71604537963867	1.072579688993618
-37.98430252075195	-36.71524429321289	0.8790564560958481
-30.890396118164062	-14.023223876953125	0.6013605534786565
-9.598215103149414	44.31463623046875	0.3933815020562579
-38.47642517089844	-25.002073287963867	0.7729352964045206
-34.52582931518555	14.002182006835938	1.0133969684108923
26.28190040588379	33.49714660644531	0.4669895430093056
10.843635559082031	19.752452850341797	1.0651260071725586
-18.461397171020508	16.851381301879883	0.9565596469668276
-40.64120864868164	-6.358565807342529	0.986886195121157
25.776775360107422	-25.92896842956543	1.1102470136153293
31.40199851989746	26.109994888305664	1.117127767235421
28.392148971557617	-20.000932693481445	0.4857726492117144
6.793694019317627	7.259385585784912	1.0815032475261144
0.7258061766624451	8.538359642028809	0.920756325914292
28.20926284790039	-45.7684440612793	0.9416135188172317
0.29195141792297363	17.602916717529297	0.361740244918464
6.5498433113098145	57.72199249267578	1.238015489445794
29.372455596923828	-29.86767578125	0.5969021937920248
31.703449249267578	-9.331414222717285	0.7649758456952082
-18.149751663208008	-10.650490760803223	0.7976584674119205
-3.7802891731262207	-32.17304992675781	1.240684950730652
-23.576690673828125	44.28364562988281	0.6557709377642605
17.551332473754883	-15.034811019897461	0.6310373528315446
16.10136604309082	14.677291870117188	1.0128680220579382
-25.244531631469727	20.82691764831543	0.9569955212050822
21.82968521118164	1.8792707920074463	0.8299198725570698
40.29594039916992	0.9151841402053833	0.8488158211659981
53.807918548583984	-3.5034515857696533	0.3537375138646645
-32.871971130371094	-18.248779296875	1.0877286850537045
-6.3536176681518555	-25.180438995361328	1.1500632431976443
10.683682441711426	9.584522247314453	1.10833143680394
-2.2540252208709717	34.658817291259766	1.069287812772755
46.261688232421875	8.479406356811523	0.8824287847228293
46.618892669677734	-2.2818350791931152	1.3151923270173054
-24.276554107666016	-26.833974838256836	0.7068106021463092
-37.44327926635742	-26.342180252075195	1.026469228268305
-23.414026260375977	46.87354278564453	0.8902089609601084
4.996462345123291	-18.6625919342041	0.9558210539742784
-11.751029968261719	-16.10123062133789	1.002655731447346
-24.987646102905273	-20.90744972229004	0.7844091297765114
40.1686897277832	-41.64033126831055	0.72433439875514
46.31641387939453	4.602782249450684	1.20052133878546
25.051965713500977	-7.024834156036377	0.3742659918068587
5.9903740882873535	28.90401268005371	0.7711451414936117
6.489929676055908	17.802621841430664	0.5985234460498517
-7.7594146728515625	12.281591415405273	0.5246327925973407
-22.032512664794922	34.78803253173828	0.4920840522009665
46.968482971191406	-22.18603515625	0.8153322956519052
-26.890573501586914	19.933759689331055	1.375535542648376
11.100143432617188	19.71967887878418	1.1594765376496918
-9.136129379272461	5.0474629402160645	1.2966738073152309
33.7011604309082	32.14445495605469	1.089470125313846
-14.725319862365723	48.14537048339844	1.1548187893719997
30.103862762451172	11.847932815551758	0.980627459795432
-15.112544059753418	5.8989973068237305	0.8918793679435598
-18.670711517333984	-31.478139877319336	0.993890164385501
28.201597213745117	8.072404861450195	1.1907394027169194
-6.9481425285339355	7.172889709472656	1.2415514883072931
-11.156232833862305	14.997511863708496	0.7771600996234117
12.890817642211914	-15.758176803588867	1.1366137550523947
-45.95391082763672	-6.59670877456665	0.921788250031804
34.519981384277344	8.516404151916504	0.9682277883639944
30.225473403930664	33.81570053100586	0.8814527153680006
-6.74566125869751	21.54466438293457	0.4995066973305004
0.16276854276657104	62.48857116699219	-0.4415214166360873
41.42153549194336	13.576850891113281	1.3095470867605892
-40.21357345581055	34.78522491455078	0.859465807603047
-35.23974609375	11.761009216308594	0.5928836651596529
-3.3581881523132324	-8.120146751403809	0.911440966479222
-3.1331100463867188	7.540807723999023	0.9759380217514516
28.36876106262207	-30.372331619262695	0.8019505381936902
-1.0845544338226318	-28.965492248535156	1.0102960831507142
33.73988723754883	-5.411355972290039	1.243751912566608
30.581228256225586	4.350491523742676	0.9158993704036036
33.05049133300781	24.119935989379883	0.8883465057581356
31.10731315612793	16.098060607910156	0.8038210183578184
8.211089134216309	-49.171024322509766	1.1394705678479051
-10.790922164916992	35.82249450683594	0.7723444748680287
-32.6551513671875	-26.40667152404785	0.8622135554646536
-2.431241750717163	19.154081344604492	0.7071356306735854
42.659461975097656	-40.39681625366211	0.4092496002223729
-3.13124418258667	40.550235748291016	1.0739009680362792
-11.031688690185547	-40.94680404663086	1.2015651763255188
-5.3783135414123535	3.3240997791290283	0.9907522690371304
-13.087013244628906	-45.838966369628906	1.0560491366946252
18.435697555541992	35.33677291870117	1.0874479123097105
-23.01933479309082	-34.85999298095703	1.2524413658185567
14.776030540466309	8.923602104187012	0.91529304589891
-0.9604275822639465	-1.022725224494934	1.115449428436334
14.435665130615234	-32.552364349365234	1.1883338797408651
28.62256622314453	-32.04783248901367	0.6632971984684848
-33.25077819824219	-15.386139869689941	0.8450211639021454
-20.074533462524414	13.298717498779297	1.2171947818064208
4.153892993927002	-10.799026489257812	1.0413411811613196
7.727555274963379	-20.20882797241211	1.063389077989634
42.27692794799805	-17.236724853515625	0.8278178873487145
18.735332489013672	-7.4881205558776855	0.8169382220022832
25.393686294555664	-11.97470474243164	0.6596438046992934
1.2534421682357788	-29.303804397583008	1.1550549080056574
-5.629591941833496	-35.259525299072266	1.2435891294372283
-18.837377548217773	36.371482849121094	0.9275714840455838
-13.831862449645996	11.15697193145752	0.6760013908189585
-16.89616584777832	21.575029373168945	0.7266881269552452
6.897984027862549	43.60780334472656	0.4671021112593309
20.104509353637695	8.144081115722656	0.8659822340184732
25.01089859008789	-22.569637298583984	1.201469302721994
19.02837562561035	-36.39305114746094	1.2210086784560228
1.1357141733169556	64.41561126708984	-0.0212795149498253
-7.61312198638916	38.036285400390625	0.4406107431011222
-2.194136619567871	14.568244934082031	0.7297308798556027
3.83109188079834	60.710235595703125	0.1366378133072125
-21.060882568359375	-6.466043949127197	0.7348587605670968
7.121481418609619	-45.90526580810547	0.8181891133066119
48.69523239135742	-7.579355239868164	1.134673698766964
-17.391193389892578	13.26565933227539	0.8410804205490617
-14.219171524047852	24.675670623779297	0.9094860891975304
-31.34788703918457	-21.917936325073242	0.8738359620287781
-7.7412285804748535	-35.141910552978516	1.1382441110518948
21.067577362060547	12.831076622009277	0.9080851358440832
23.912107467651367	1.3663454055786133	0.909086125930866
12.308098793029785	-7.971653461456299	1.182395759707259
31.719852447509766	-9.680371284484863	0.9064601362396084
25.221355438232422	-17.639514923095703	0.8708719288574548
-4.408613204956055	10.619285583496094	0.9399858185393264
-6.694953918457031	40.69434356689453	1.1320474626668675
-26.014734268188477	26.099552154541016	0.8016861832766619
20.15793228149414	-9.185646057128906	0.8887096920307024
1.3551350831985474	-32.97782516479492	1.1128329320512915
19.444732666015625	-43.429927825927734	1.2018214448154638
30.567625045776367	-15.785673141479492	0.4674741618831246
9.89230728149414	61.18357467651367	0.0762313931390221
-1.4404116868972778	5.076382637023926	1.0098178442187682
-27.25332260131836	-10.58133602142334	0.919691679252462
3.273275375366211	46.35765075683594	0.5713791241150865
-19.56032943725586	53.67487716674805	0.874896445411641
-3.3361551761627197	59.82145309448242	0.746882933024942
39.61598205566406	-42.3654670715332	0.9673884643452582
18.543201446533203	27.040557861328125	0.7798006854065682
-1.4778261184692383	26.29851531982422	0.8573412586228343
-21.340883255004883	24.91431999206543	0.971304533411828
10.634237289428711	-50.45160675048828	1.014280574851928
23.65392303466797	23.07752799987793	1.1778245295638508
28.548498153686523	18.78462028503418	0.7940824011359873
19.423616409301758	26.148841857910156	1.02242043427853
-12.714893341064453	10.138330459594727	0.4701825642387102
-19.376237869262695	43.59653091430664	0.6327352747788593
7.715159893035889	16.377580642700195	0.6381624592135449
-17.17109489440918	24.85593032836914	0.7021334838189379
6.235950946807861	-2.032047986984253	1.0716913371053904
-28.47920036315918	19.762598037719727	0.8388053594072679
36.94813919067383	-42.67985153198242	0.5687772962298397
-9.016998291015625	18.81284523010254	0.8635621422921017
8.802648544311523	58.57413101196289	0.9413847427706696
-25.164731979370117	-26.333322525024414	0.6566109248106177
-26.256149291992188	-47.863651275634766	1.2148975397448816
5.373714447021484	53.6757926940918	1.0840729679424106
9.765007019042969	13.393000602722168	0.7059593300058222
41.0115852355957	6.601058006286621	0.922635467473385
-11.307246208190918	27.004467010498047	0.9746643345588004
-7.7415571212768555	-1.0042811632156372	1.0621194593711871
-29.23819351196289	-44.849796295166016	1.0065482603639204
13.889127731323242	-43.4410514831543	0.9397962675514256
-0.479276567697525	-49.94624328613281	0.9142120117800132
41.95403289794922	-27.219970703125	0.8878574236373171
33.2448844909668	-39.369102478027344	1.0267828137091322
21.944826126098633	-20.106855392456055	1.1694013725981185
8.073230743408203	63.385658264160156	0.8404544475299762
34.62160110473633	-0.06171959638595581	1.2496472352275887