x	y	cluster	word
-38.80401611328125	-19.775449752807617	3	african
-35.81019973754883	-16.063222885131836	3	ethiopian
-33.41694641113281	-22.19066619873047	3	haitian
-35.62370300292969	-17.035076141357422	3	kenyan
-14.391945838928223	-21.487857818603516	7	african-american
-38.80401611328125	-19.775449752807617	3	African
-30.96849822998047	-21.186161041259766	3	Java
-32.659202575683594	-9.439088821411133	3	Orlando
-16.56774139404297	9.063352584838867	4	essence
-8.951539039611816	-32.26211929321289	9	slave
-16.51926040649414	15.500686645507812	3	Sierra
-37.85499572753906	-17.836406707763672	3	Kenya
-31.744009017944336	-1.9037230014801025	8	Kingston
-18.025009155273438	-27.91109275817871	7	ebony
-31.766429901123047	-18.450910568237305	3	Haiti
-34.515445709228516	-18.713327407836914	3	Safari
-1.9205760955810547	-3.877528667449951	7	owe
-27.51616859436035	11.953439712524414	1	Isaac
-7.833194732666016	-32.99204635620117	9	slaves
-30.96849822998047	-21.186161041259766	3	java
-6.925393104553223	-32.89702606201172	9	slavery
-14.47828483581543	-29.017471313476562	7	blacks
-27.807132720947266	6.838921070098877	8	Jacobs
-27.264965057373047	-24.083152770996094	5	jungle
-33.72616958618164	-9.29916000366211	3	Savannah
-32.91170883178711	-3.030130386352539	10	Newark
-14.959244728088379	-22.454833984375	7	Rihanna
-27.26494026184082	-24.083171844482422	5	Jungle
-36.53618240356445	-15.835853576660156	3	Sudan
-29.78639793395996	1.4575399160385132	8	Ivory
-18.025014877319336	-27.91110610961914	7	Ebony
18.417612075805664	-28.389894485473633	9	delegates
-38.1090202331543	-14.950849533081055	3	Cairo
3.351959705352783	-26.096160888671875	9	Highlands
-34.379356384277344	-17.23402976989746	3	Ghana
-34.88957214355469	-15.071137428283691	3	Morocco
-24.118610382080078	-0.4458090662956238	8	Dominican
-22.735591888427734	-1.9547953605651855	8	muscular
-23.688156127929688	5.458364486694336	8	Liu
-34.2203254699707	-20.531965255737305	3	cocoa
-13.3917236328125	4.886964321136475	4	Sands
-27.758136749267578	10.669193267822266	1	Jeremiah
-30.067859649658203	5.6295013427734375	8	Nile
-26.845766067504883	14.051660537719727	1	Ahmed
-35.341697692871094	-19.71101951599121	3	Guinea
-34.48906707763672	-18.696125030517578	3	safari
-30.023839950561523	-3.734781265258789	7	Harlem
-27.937532424926758	4.781459331512451	8	Rudy
-30.9259090423584	-13.512429237365723	3	Tanzania
-33.6243782043457	-13.952113151550293	3	Somalia
15.983057975769043	-18.531906127929688	8	upstream
-20.700103759765625	0.5015727281570435	8	Fulton
13.208222389221191	-18.562252044677734	8	unsigned
-26.965944290161133	-7.889901161193848	1	pyramid
-29.712846755981445	1.5604939460754395	8	ivory
-8.895479202270508	-32.26336669921875	9	Slave
-21.587749481201172	-2.1062328815460205	8	piston
-27.137367248535156	5.486553192138672	8	Julius
-31.37883758544922	3.907075881958008	0	Jubilee
-14.39439868927002	-28.91619110107422	7	Blacks
3.061736583709717	-32.602195739746094	9	Plantation
-34.2203254699707	-20.531965255737305	3	Cocoa
-31.221384048461914	-8.438716888427734	3	Trinidad
-19.319610595703125	-0.2233162820339203	8	Stockton
-26.96600914001465	-7.889947414398193	1	Pyramid
-21.705650329589844	-14.1311674118042	3	Johannesburg
-28.12145233154297	12.739263534545898	1	Elijah
7.96171760559082	-29.44797706604004	9	deprived
-25.838804244995117	4.711593151092529	8	Dominic
-24.523359298706055	15.48318099975586	1	Abdul
2.755230665206909	-17.114200592041016	7	Hooded
-18.527490615844727	-26.743806838989258	7	Dre
2.9630699157714844	-16.147966384887695	8	rampant
-13.765130996704102	-25.860637664794922	7	dread
-0.9084211587905884	12.99526309967041	1	Jonah
-29.18058967590332	-16.148771286010742	3	Africans
-14.769319534301758	-27.242443084716797	7	Negro
-14.550302505493164	8.68111801147461	7	shady
-13.388120651245117	4.881647109985352	4	sands
-18.971935272216797	21.20502471923828	4	Lama
-33.380462646484375	-17.246694564819336	3	Rwanda
-3.5064713954925537	-22.273244857788086	7	dreaded
3.061736583709717	-32.602195739746094	9	plantation
-16.567672729492188	9.059225082397461	4	Essence
-4.119878768920898	29.042261123657227	4	Acai
-22.890029907226562	4.280456066131592	8	Dion
14.57240104675293	22.451265335083008	6	Juli
-17.287904739379883	21.056289672851562	4	Baba
-24.998363494873047	11.77212142944336	1	Medina
36.17796325683594	12.235939025878906	10	Midtown
-4.990591526031494	-12.673233985900879	5	stride
-36.48451614379883	-19.114044189453125	3	Mali
-5.106788158416748	-24.856393814086914	7	thugs
1.5239274501800537	20.02446746826172	4	Jodi
-15.865657806396484	-26.68326187133789	7	Voodoo
15.151376724243164	-28.597209930419922	9	poorest
-26.541492462158203	14.869963645935059	1	Mohamed
8.333168029785156	-30.3076171875	9	empowerment
-36.192848205566406	-18.34609031677246	3	Sahara
-26.7434024810791	11.302783012390137	1	Jericho
-24.271032333374023	-23.171520233154297	5	donkey
-4.1719207763671875	28.978267669677734	4	acai
-35.81019973754883	-16.063222885131836	3	Ethiopian
19.68929100036621	-27.698007583618164	9	adherence
17.628305435180664	-29.23731231689453	9	deputies
3.2617406845092773	-30.376012802124023	9	unrest
-28.699323654174805	13.068257331848145	1	Emmanuel
-9.238496780395508	9.357577323913574	7	Minaj
-25.933950424194336	5.989439964294434	8	Cassidy
-30.676660537719727	-6.740044116973877	4	Mahogany
-15.016096115112305	-23.729679107666016	7	reggae
-31.722631454467773	-12.236011505126953	3	Nairobi
-10.308219909667969	1.2692900896072388	0	Elgin
-35.638118743896484	-13.149277687072754	3	Moroccan
-23.15933609008789	0.5974217653274536	8	Glover
-26.931474685668945	5.6154608726501465	8	Desmond
-32.54218292236328	-9.194931983947754	3	orlando
-22.27754783630371	-3.0215277671813965	8	Pistons
-30.550296783447266	-12.492350578308105	3	Zambia
26.202621459960938	-21.22880744934082	0	Dreamweaver
12.977416038513184	-7.727657318115234	1	Bernardino
-24.36598014831543	-23.185747146606445	5	Donkey
-7.853167533874512	22.756465911865234	4	Miriam
-29.237407684326172	12.711750984191895	1	Emanuel
-14.9495849609375	-0.8218669295310974	8	Houghton
-15.016165733337402	-23.72962188720703	7	Reggae
-30.6765079498291	-6.739919185638428	4	mahogany
-33.399513244628906	-22.182952880859375	3	Haitian
7.677891731262207	-4.969287872314453	7	Onyx
-1.0316885709762573	-14.248490333557129	5	strides
-5.348535537719727	-14.30734634399414	5	robes
-25.379802703857422	1.5687193870544434	8	Jarvis
-21.033798217773438	20.767900466918945	4	mana
-23.950475692749023	2.9200987815856934	8	Seneca
11.04117202758789	-29.16339683532715	9	resentment
-30.516027450561523	-11.592357635498047	3	Angola
1.741961121559143	10.112298965454102	1	Mubarak
-21.305221557617188	5.966318607330322	8	Gupta
-36.360172271728516	-14.289189338684082	3	Somali
-19.405414581298828	2.490572214126587	8	Kayla
-18.852645874023438	-0.5269899368286133	8	Ulster
-25.503311157226562	-21.05140495300293	5	Morales
10.223712921142578	-6.246192455291748	8	Galloway
29.410627365112305	-12.269354820251465	6	ultram
36.66331100463867	11.367417335510254	10	Potomac
-4.353579998016357	27.962675094604492	4	Jolla
-12.739446640014648	25.76987648010254	6	Kona
31.825393676757812	7.996181011199951	10	Richland
-6.818368911743164	-24.223857879638672	7	niggas
23.80539894104004	3.2667524814605713	0	Honeywell
-25.261859893798828	-10.83564567565918	3	Darfur
-23.494985580444336	15.770121574401855	4	Salman
7.135712146759033	-26.998870849609375	9	disciple
-19.96227264404297	-14.419917106628418	3	Malawi
-28.192359924316406	10.737814903259277	1	Ezekiel
-30.15122413635254	8.13517951965332	1	Pharaoh
-24.269943237304688	3.8282418251037598	8	Achilles
15.935688018798828	-30.742233276367188	9	livelihood
17.414216995239258	-17.684412002563477	8	myocardial
-29.078304290771484	-13.166228294372559	3	Botswana
-7.1202545166015625	-13.01738452911377	5	trunks
-29.947860717773438	-13.296573638916016	3	Mozambique
-35.341697692871094	-19.71101951599121	3	guinea
-35.37953567504883	-16.90682601928711	3	Kenyan
-9.175382614135742	5.456106185913086	7	Tyrone
-20.900476455688477	6.042120933532715	8	Domingo
34.41827392578125	10.285244941711426	10	Shreveport
-8.113546371459961	3.2293639183044434	0	Jennie
-32.22529602050781	-18.01641082763672	3	Liberia
-28.797393798828125	-13.544612884521484	3	Cameroon
-23.802387237548828	-11.545340538024902	3	Ironman
-7.24484395980835	-33.27113342285156	9	Slavery
-13.892873764038086	0.7092352509498596	8	NYU
12.51819133758545	-30.09550666809082	9	undocumented
-11.117530822753906	-26.03809356689453	7	thug
14.4249849319458	1.3402788639068604	0	Aiken
-33.82839584350586	-16.60653305053711	3	Senegal
13.203620910644531	-10.634194374084473	1	Israelites
-14.551417350769043	8.676323890686035	7	Shady
10.00888729095459	-30.783565521240234	9	impoverished
9.908589363098145	3.6846046447753906	0	Terrell
12.18767261505127	-20.984132766723633	7	outspoken
-16.377870559692383	2.5278730392456055	8	Yin
-35.61920928955078	-20.937767028808594	3	Niger
-16.270692825317383	-0.4744623005390167	8	Dickson
-34.65031433105469	-22.105100631713867	3	Mandela
1.0492279529571533	9.588906288146973	1	Mahmoud
35.41470718383789	2.2308900356292725	10	Englewood
-25.832908630371094	-1.7190470695495605	8	boon
7.610247611999512	-32.04187774658203	9	plantations
1.6215157508850098	2.121701717376709	7	Django
-25.005477905273438	1.7920749187469482	0	Jarrett
-24.035682678222656	-9.800972938537598	3	Mugabe
2.869208574295044	-17.166479110717773	7	hooded
-30.01251983642578	-3.526960611343384	8	Motown
-0.9868490695953369	-22.28749656677246	7	NAACP
11.105692863464355	-16.512928009033203	7	NYPD
-7.7803449630737305	0.9916687607765198	0	Landry
17.499536514282227	-1.811977744102478	7	wannabe
25.615936279296875	5.0143256187438965	6	Oswego
-22.860197067260742	2.6368608474731445	8	Mohawk
8.79664134979248	-30.37826919555664	9	Empowerment
-14.958723068237305	10.46805191040039	7	Draco
14.148418426513672	15.82762336730957	6	ANC
-5.813435077667236	4.253156661987305	0	brownie
-26.42659568786621	1.2200684547424316	0	Dorsey
-25.172195434570312	-23.85703468322754	5	mule
-30.271512985229492	8.693519592285156	1	Jamal
23.870410919189453	-5.7910637855529785	0	Jacobson
33.45714569091797	9.230303764343262	10	Peachtree
-27.16155242919922	3.619511842727661	8	André
-21.020570755004883	20.776968002319336	4	Mana
-7.677279949188232	-32.573997497558594	9	Slaves
3.453195810317993	-10.33688735961914	5	UMass
-14.523664474487305	3.398822784423828	8	ardent
2.2455453872680664	-30.26262092590332	9	apartheid
36.2447624206543	8.02199935913086	10	Binghamton
-1.8302165269851685	-9.222874641418457	5	Zumba
36.151432037353516	10.063091278076172	10	upstate
-14.388899803161621	0.8857342004776001	8	Rios
17.81726837158203	9.263384819030762	4	kamagra
-25.733470916748047	12.995884895324707	1	Rahman
-18.814456939697266	-26.950632095336914	7	dre
-25.172195434570312	-23.85703468322754	5	Mule
-5.232522964477539	45.49909210205078	2	bona
-17.12595558166504	-1.0672800540924072	8	reddish
16.848373413085938	19.104942321777344	6	Sanyo
-3.347656011581421	-13.0485200881958	5	molasses
-17.65247344970703	19.524816513061523	4	Mina
-22.270856857299805	-14.344922065734863	3	Guyana
12.153327941894531	0.13586361706256866	0	Ferrell
-14.603912353515625	-8.117350578308105	1	Coptic
-24.81418228149414	4.638851642608643	8	Serge
33.204681396484375	4.205296039581299	10	Hoboken
-24.999746322631836	-22.195444107055664	5	Dynamo
-1.737961769104004	33.454307556152344	4	DMA
31.794925689697266	4.159317493438721	10	Strickland
-8.5161714553833	-4.305665969848633	7	Sly
-17.031606674194336	4.895205020904541	8	Yao
-26.376483917236328	3.3197250366210938	8	Cedric
-25.76482391357422	0.8972336053848267	8	Douglass
12.474151611328125	-27.53080177307129	9	preachers
-2.0240659713745117	31.92861557006836	4	Hoodia
-22.43252944946289	0.4262795150279999	8	Dobson
-14.027159690856934	19.15233039855957	4	Banda
-18.245532989501953	-1.994468331336975	8	Hackney
-21.363567352294922	-2.5327556133270264	8	Piston
18.444440841674805	-28.365774154663086	9	Delegates
-5.508467197418213	27.70315170288086	4	Loma
-5.80983304977417	4.255648136138916	0	Brownie
-0.5611206293106079	19.40130043029785	6	Manu
-25.225637435913086	3.294677972793579	8	Drummond
-3.8157894611358643	-12.699173927307129	5	Burroughs
-2.0240659713745117	31.92861557006836	4	hoodia
22.709096908569336	-2.354853630065918	0	Jermaine
-4.208822727203369	-0.38533827662467957	8	obj
-18.454757690429688	1.1702404022216797	8	Hodge
-9.322646141052246	4.092024803161621	0	Marlon
36.151432037353516	10.063091278076172	10	Upstate
14.356054306030273	-26.473907470703125	5	healers
-26.764265060424805	-10.369817733764648	3	Sudanese
-22.10630989074707	-3.126544713973999	8	pistons
-8.516008377075195	-4.3057475090026855	7	sly
9.891529083251953	-31.91566276550293	9	laborers
-8.851792335510254	8.189087867736816	7	Akon
12.970006942749023	26.83114242553711	6	ako
11.931739807128906	23.356422424316406	6	Obispo
-27.41529083251953	-22.499235153198242	5	Mane
35.072731018066406	3.3889856338500977	10	Kissimmee
-27.415346145629883	-22.499156951904297	5	mane
-26.12801170349121	-22.92167091369629	5	Tarzan
-19.48727035522461	6.1024041175842285	8	Zhao
9.230429649353027	-29.616857528686523	9	marginalized
26.652782440185547	-1.726905345916748	0	Tomlinson
19.732772827148438	-7.922920227050781	1	Hebron
-6.130707263946533	37.75385284423828	2	Balboa
-10.986754417419434	22.992177963256836	4	Zuma
-7.258251667022705	-32.19758987426758	9	enslaved
15.657890319824219	-28.67620086669922	9	absentee
-25.811071395874023	-1.7268130779266357	8	Boon
-15.870770454406738	-9.316327095031738	3	Marrakech
26.025819778442383	6.539687156677246	10	SMU
-28.357019424438477	3.034125804901123	8	Sable
-17.986684799194336	22.258010864257812	4	alla
4.248884201049805	20.288251876831055	6	Lupe
-26.296932220458984	12.631091117858887	1	Barak
-13.585128784179688	-20.3007869720459	7	Trayvon
2.2945547103881836	-5.249547481536865	7	Blackwater
-32.41926956176758	3.325979709625244	5	Carthage
29.45840072631836	-19.438222885131836	4	SDRAM
-26.817920684814453	12.241182327270508	1	Enoch
2.853694200515747	-12.09633731842041	8	quirks
-2.5265045166015625	-0.6984024047851562	7	Patrice
-10.545297622680664	0.5732665061950684	0	Napier
37.16892623901367	4.985146522521973	10	Brownsville
-5.754429817199707	9.242693901062012	7	gangsta
13.076148986816406	-9.80760669708252	1	Pharisees
14.76196002960205	-8.18726921081543	1	Shiite
23.573822021484375	0.9011273384094238	0	Arlene
14.322003364562988	12.709623336791992	3	USAID
23.61481285095215	-3.3014261722564697	0	Erick
5.661942481994629	25.967226028442383	6	macho
-0.2500631809234619	-12.961898803710938	5	egos
-16.318626403808594	3.25117564201355	8	Schwarz
-15.85204792022705	-26.648847579956055	7	voodoo
-23.4116268157959	-9.664748191833496	3	Zulu
25.29960823059082	-1.4436619281768799	0	McDaniel
-8.830538749694824	3.986398696899414	0	Odom
-20.531665802001953	-24.402334213256836	5	Caine
3.3498923778533936	-26.099985122680664	9	highlands
-13.664691925048828	8.452940940856934	7	Sandman
17.298870086669922	-29.097078323364258	9	Deputies
-32.51450729370117	-14.892542839050293	3	Gambia
14.561080932617188	15.006786346435547	3	DRC
-18.09891700744629	4.507808685302734	8	Lok
0.36699822545051575	11.570286750793457	1	Khaled
-20.003206253051758	-9.938543319702148	3	Dakar
22.362987518310547	-17.129343032836914	0	Philippians
-7.50070858001709	-14.350476264953613	5	spades
3.4581830501556396	5.548823356628418	3	Bonanza
-3.380577802658081	2.58526873588562	7	Beastie
19.949663162231445	-0.22086404263973236	0	Merrick
30.965818405151367	-22.280010223388672	6	PDFAdobe
-5.814163684844971	29.632823944091797	4	Bahama
30.788671493530273	-22.91742515563965	6	blogspot
16.627092361450195	-30.45943832397461	9	livelihoods
1.5193543434143066	-1.8956520557403564	7	Ludacris
13.090923309326172	18.542375564575195	6	Addis
33.26716995239258	3.3729257583618164	10	Alpharetta
6.136176109313965	-17.520339965820312	7	Hustler
25.30118179321289	-14.298616409301758	6	MDC
-7.190217018127441	-15.825312614440918	5	canes
15.298815727233887	21.195446014404297	6	Randi
-31.039447784423828	-21.19332504272461	3	JAVA
5.7145586013793945	-2.689173936843872	0	Rawlings
-14.498117446899414	-11.999283790588379	3	Gauteng
-0.5137215256690979	11.41360855102539	1	Kamal
-38.1112060546875	-23.270889282226562	7	Afro
-14.91159439086914	-27.37618064880371	7	negro
-23.540695190429688	-12.13161563873291	3	equator
21.689380645751953	-3.95515775680542	0	PNC
-9.921606063842773	31.1002140045166	4	Sabha
31.468109130859375	6.0089826583862305	10	Lanier
9.578328132629395	3.9445137977600098	0	Richey
12.538596153259277	-30.935789108276367	9	underserved
-34.1709098815918	-13.95875072479248	3	Eritrea
-3.7648661136627197	17.020925521850586	4	Shu
13.755764961242676	-11.653968811035156	1	Patriarch
-4.310208320617676	42.81897735595703	2	Busta
11.274443626403809	-0.3652474880218506	0	Keyes
-4.024929523468018	-10.332733154296875	5	Jos
-24.99319076538086	-9.191489219665527	3	Benin
6.458092212677002	-26.725805282592773	9	knelt
-26.6778621673584	13.708677291870117	1	Yusuf
20.13037109375	3.096959352493286	0	DeKalb
1.0260584354400635	10.855622291564941	1	Umar
13.52238655090332	-27.86101722717285	9	gunmen
-18.19634437561035	-11.888506889343262	3	Zanzibar
3.8440985679626465	-5.495205879211426	0	Nevis
4.808187007904053	-3.2546870708465576	0	dey
38.60948944091797	3.9789953231811523	10	Lawrenceville
8.226632118225098	19.718536376953125	6	Kofi
-22.786466598510742	-1.9567276239395142	8	Muscular
-25.8486385345459	-2.703672409057617	5	inhuman
17.984153747558594	-30.766071319580078	9	peacekeeping
-11.776946067810059	16.14084243774414	6	Mambo
-16.565401077270508	4.690659046173096	8	Bernardo
19.95838165283203	24.18775749206543	6	webOS
-5.517342567443848	42.582374572753906	2	Tonya
13.423294067382812	23.423246383666992	6	Redondo
29.083740234375	9.16585636138916	10	Rockaway
-5.753356456756592	9.243833541870117	7	Gangsta
-11.08265209197998	-26.024677276611328	7	Thug
-6.39865779876709	42.991668701171875	2	Issa
29.732309341430664	-13.999337196350098	6	Leandro
-9.548718452453613	1.8427135944366455	0	Coltrane
-32.39051818847656	-15.657454490661621	3	Togo
-14.955127716064453	-22.446165084838867	7	rihanna
-13.698007583618164	-25.82910919189453	7	Dread
-2.1400251388549805	1.677841305732727	7	Sharpton
-29.901424407958984	-12.225076675415039	3	Burkina
-33.745262145996094	-9.317347526550293	3	savannah
-3.14213228225708	26.738502502441406	4	Dahlia
-10.392791748046875	8.245888710021973	7	Jah
8.425844192504883	-1.8794965744018555	0	Chadwick
-17.044635772705078	22.48735809326172	4	Asha
4.7842912673950195	-6.823237895965576	0	Calypso
9.496114730834961	-23.822956085205078	9	Pentecostal
14.8622465133667	-20.835227966308594	0	foothold
14.631346702575684	23.696918487548828	6	aku
30.127939224243164	6.096187591552734	10	Langston
-21.363567352294922	-2.5327556133270264	8	PISTON
28.99480438232422	-0.5075767040252686	0	Ormond
-2.5724527835845947	4.171463966369629	7	biggie
6.462593078613281	-25.819168090820312	9	swamped
36.79468536376953	6.293553352355957	10	Jonesboro
-0.6075507998466492	10.630570411682129	1	Ismail
-6.298923969268799	36.65550231933594	2	Lhasa
-17.68012809753418	1.3091628551483154	8	Delilah
29.15951919555664	11.759865760803223	10	Tropicana
4.617784023284912	21.755231857299805	6	Montero
19.92120361328125	-2.60274600982666	0	Freedman
-5.114531517028809	-23.154863357543945	7	niggaz
13.742629051208496	14.176916122436523	3	Mtn
11.401232719421387	23.136383056640625	6	Machu
15.32800006866455	23.73532485961914	6	Kwon
-18.659324645996094	-11.736855506896973	3	Kilimanjaro
20.070819854736328	21.455829620361328	6	Ningbo
-25.44335174560547	-14.161042213439941	3	Safaris
-21.528593063354492	-9.098886489868164	3	Faso
14.686029434204102	-20.86296844482422	5	luminaries
-7.8720703125	-17.028331756591797	5	jungles
-13.279687881469727	22.14840316772461	4	papaya
15.696883201599121	8.403179168701172	4	Inuyasha
-1.958753228187561	28.457759857177734	4	Dumas
-7.087486267089844	-15.821725845336914	5	Canes
30.08917808532715	8.838724136352539	10	Osceola
-7.630111217498779	41.720035552978516	2	Judea
11.96591567993164	0.5444032549858093	0	Harrell
-29.950876235961914	-14.223128318786621	3	Burundi
1.2629715204238892	-0.46644315123558044	7	Denzel
-14.85688591003418	28.775487899780273	2	Dominica
-18.23148536682129	16.176250457763672	3	Accra
20.314321517944336	15.024049758911133	4	Ayala
8.707640647888184	1.6240575313568115	0	Magee
22.45726776123047	2.9339733123779297	0	Elmore
14.705225944519043	-3.770127534866333	0	Ebenezer
-21.921775817871094	3.0347023010253906	8	Moffat
0.693661630153656	-11.18681812286377	5	Samuels
12.246739387512207	-1.1197848320007324	0	Marcellus
10.9007568359375	18.902591705322266	6	Sosa
23.374326705932617	-21.951553344726562	3	antiretroviral
30.171436309814453	-20.47966194152832	0	DKNY
0.30524832010269165	12.743127822875977	1	Osiris
-8.57357406616211	-16.23523712158203	5	donkeys
24.921083450317383	-18.166973114013672	0	Kiwanis
30.958831787109375	6.800836086273193	10	Kenner
-1.8503700494766235	5.195006847381592	7	Soulja
-25.443729400634766	-14.1614990234375	3	safaris
-16.996509552001953	-13.493806838989258	3	Ugandan
28.480920791625977	7.321123123168945	10	Furman
20.1866397857666	-10.80670166015625	1	uid
16.007503509521484	2.1459383964538574	0	Santee
5.342888355255127	12.440800666809082	1	Rashad
7.67785120010376	-4.969254970550537	7	onyx
-9.542447090148926	-16.89650535583496	5	mules
36.18122100830078	12.193812370300293	10	midtown
-20.69967269897461	19.548118591308594	4	Musa
-32.4759521484375	6.891804218292236	7	Shaggy
5.688959121704102	2.2520809173583984	0	Alonzo
-9.909287452697754	22.454477310180664	4	Raza
29.468965530395508	-20.54011344909668	0	MCSE
4.0834269523620605	14.161892890930176	1	Allaah
-15.481629371643066	2.240119695663452	8	Leung
29.006336212158203	3.370689868927002	0	cornbread
-8.10027027130127	28.22226333618164	4	Hoya
7.96873664855957	27.0263729095459	6	Bello
24.383203506469727	-4.877405166625977	0	Myron
13.766735076904297	-11.660264015197754	1	patriarch
7.395479202270508	20.425474166870117	6	Amon
-7.146114826202393	-13.009692192077637	5	Trunks
8.952113151550293	10.644048690795898	1	Salaam
-5.172206878662109	25.285846710205078	4	Surya
26.315736770629883	-5.24269437789917	0	OriGene
27.843175888061523	-13.449872016906738	4	abril
-14.59692668914795	12.773284912109375	4	gummy
-8.793278694152832	25.54753875732422	4	Saba
-15.208187103271484	18.538969039916992	4	Bobo
4.9885406494140625	-31.595882415771484	9	emancipation
2.338033437728882	-4.21768045425415	7	Timbaland
27.983835220336914	-19.712478637695312	6	UNDP
11.250505447387695	-29.861854553222656	9	laborer
13.819001197814941	9.94206428527832	4	cardamom
21.17060089111328	-2.4688711166381836	0	Judson
10.714362144470215	3.099510908126831	0	Gaither
16.348875045776367	-6.602294921875	1	Nehemiah
-6.7267537117004395	3.0274407863616943	0	Dwyane
11.987456321716309	9.47276496887207	4	Aisha
-3.503722667694092	-15.663657188415527	5	Warlock
-4.996913433074951	30.236364364624023	4	NEMA
17.021408081054688	-9.864114761352539	1	Sheik
-11.879118919372559	15.732645988464355	6	Montego
2.598417043685913	1.1260184049606323	7	Caruso
-31.917245864868164	-1.8028723001480103	8	kingston
-14.132331848144531	15.424125671386719	6	Edo
14.169257164001465	19.395898818969727	6	Geronimo
12.64869213104248	7.752645015716553	1	Samaria
-14.053998947143555	19.143878936767578	4	banda
9.261649131774902	-7.045092582702637	8	Pieter
22.912307739257812	5.138671875	0	Elmira
-0.9064778089523315	-3.529348850250244	7	faceless
-18.962968826293945	-11.052078247070312	3	Serengeti
-33.09981918334961	-16.061538696289062	3	Gabon
-16.381515502929688	2.5320396423339844	8	yin
8.668570518493652	-31.37537956237793	9	servitude
9.327376365661621	-28.95574188232422	9	handcuffed
-28.874216079711914	6.033088684082031	8	Zeke
-16.505069732666016	15.491419792175293	3	sierra
-8.0773286819458	26.963769912719727	4	tema
-21.502239227294922	-12.029620170593262	3	Yucatan
16.655986785888672	20.682783126831055	6	SoCon
30.285810470581055	-16.3206729888916	6	SEIU
-32.47552490234375	6.89334774017334	7	shaggy
1.3141393661499023	-15.387916564941406	5	Obamas
9.638190269470215	9.008075714111328	1	Kabbalah
-32.08041763305664	-6.1543192863464355	3	cacao
26.216657638549805	-3.678835391998291	0	Quinton
29.270858764648438	-5.385489463806152	0	Kilpatrick
-16.87018585205078	21.98415756225586	4	Bala
0.7420307397842407	-11.245579719543457	5	Isaacs
-17.99094581604004	4.963212490081787	8	Volta
-13.367941856384277	13.444207191467285	7	Ashanti
-12.427828788757324	17.39767837524414	6	Bongo
-15.503730773925781	-8.883318901062012	3	Khartoum
-18.01105499267578	-10.217199325561523	3	Harare
22.753454208374023	-7.58371114730835	0	EJB
9.652536392211914	-1.6215786933898926	0	Terrance
-21.552913665771484	9.520809173583984	1	Assyrian
-3.967014789581299	3.020078659057617	7	Birdman
28.737640380859375	-20.90105438232422	0	NKJV
3.653200387954712	-26.747758865356445	9	Highlanders
-9.601378440856934	-0.2619531750679016	10	Mizzou
-3.84321928024292	0.9654099345207214	7	Jaden
27.0469913482666	-16.61382293701172	5	JBoss
-9.16031551361084	27.013931274414062	4	Ababa
-9.256340980529785	6.689430236816406	7	Cudi
9.976195335388184	22.884763717651367	6	Boro
24.876230239868164	-5.065209865570068	0	Errol
23.980125427246094	-17.537721633911133	0	ephedrine
14.199661254882812	-30.758623123168945	9	traffickers
13.18917465209961	-18.534425735473633	8	Unsigned
-0.24244509637355804	14.079787254333496	1	Ghraib
34.19716262817383	-0.04064883291721344	10	Morningside
4.286221504211426	9.9275541305542	1	Talib
17.82406234741211	9.25625991821289	4	Kamagra
-15.051827430725098	-28.90907859802246	7	blackness
24.67432403564453	-13.103809356689453	0	Amway
-18.386348724365234	-9.177310943603516	3	Kampala
13.748112678527832	-31.34808349609375	9	underprivileged
-3.6941111087799072	22.547887802124023	4	Kandi
-21.84915542602539	-12.384367942810059	3	mangrove
27.828676223754883	-13.386619567871094	4	Abril
24.79927635192871	-20.51140594482422	5	ischemia
18.908592224121094	20.144046783447266	6	Lobos
27.853557586669922	-2.0458600521087646	0	UMBC
-2.557067394256592	4.171358108520508	7	Biggie
27.19950294494629	-21.148168563842773	7	saxophonist
-18.069438934326172	-7.563342094421387	10	Monrovia
29.392885208129883	-15.57666015625	6	Rinpoche
-4.409496784210205	44.166900634765625	2	Rida
17.592853546142578	-8.158714294433594	1	Tariq
17.382007598876953	-6.132071495056152	1	Immanuel
21.56773567199707	-1.2228481769561768	0	Roberson
26.677886962890625	-11.12728214263916	4	Akshay
-7.540757179260254	-14.354856491088867	5	Spades
-5.004068851470947	31.51265525817871	4	Kiva
-32.54218292236328	-9.194931983947754	3	ORLANDO
2.164180040359497	-14.310934066772461	5	shillings
5.661942481994629	25.967226028442383	6	Macho
35.61305618286133	8.69226360321045	10	Newburgh
-7.770763397216797	44.65531921386719	2	Nia
12.297124862670898	1.5471943616867065	0	Rickey
-4.457805156707764	-22.506868362426758	7	blacked
-16.164764404296875	-12.268158912658691	3	Lesotho
2.2428653240203857	-30.260889053344727	9	Apartheid
6.715950012207031	0.39862704277038574	8	Dominick
23.692974090576172	12.614747047424316	10	Trujillo
-16.02947425842285	21.381616592407227	4	Maha
13.734161376953125	14.183035850524902	3	MTN
7.291467189788818	9.190057754516602	1	Morsi
7.136092662811279	-26.99849510192871	9	Disciple
19.989980697631836	5.763021469116211	0	Kwame
-38.98239517211914	-19.410572052001953	3	AFRICAN
-28.357019424438477	3.034125804901123	8	sable
-8.56597900390625	42.14344787597656	2	Hosea
-12.341878890991211	-22.398229598999023	9	Haitians
0.5665137767791748	-14.047952651977539	5	essences
-0.12721452116966248	1.7202141284942627	7	Noire
11.564411163330078	26.44411849975586	6	Luo
18.48865509033203	16.89579200744629	6	Duarte
-13.437764167785645	24.108144760131836	4	Elba
25.45166778564453	2.300056219100952	6	CUNY
-7.215616703033447	27.300600051879883	4	Yuba
29.09587860107422	-2.118340015411377	0	Stoudemire
15.085100173950195	-31.469072341918945	9	labourers
23.871395111083984	-26.424318313598633	3	microfinance
11.441207885742188	-19.50577735900879	7	tirade
3.937307596206665	-18.177438735961914	7	stomped
-19.6765079498291	-13.092101097106934	3	Mogadishu
-0.6970359683036804	28.6829891204834	4	Dianna
20.331562042236328	15.737339973449707	4	Rhoda
11.4985990524292	-16.22395133972168	7	Drudge
9.684579849243164	0.735497236251831	0	Deane
21.759532928466797	4.14090633392334	0	Beebe
-6.562403678894043	45.02124786376953	2	Tama
6.585607528686523	25.12662696838379	6	Darko
-0.8437798619270325	30.886577606201172	4	Shania
-13.279687881469727	22.14840316772461	4	Papaya
38.53949737548828	3.096047878265381	10	Thomasville
17.35640525817871	-27.996915817260742	9	homicides
26.865825653076172	-14.075871467590332	6	Kubuntu
-2.3493261337280273	2.211127281188965	7	Blackman
1.5763686895370483	12.919829368591309	1	Kareem
-10.04415512084961	22.46055030822754	4	Henna
-5.622781753540039	41.462257385253906	2	soya
5.050325870513916	-31.35123062133789	9	Emancipation
13.99596881866455	18.307960510253906	6	wuz
28.385013580322266	-16.937767028808594	4	Kundalini
29.366989135742188	-16.20033073425293	6	PatchU
21.156822204589844	12.813454627990723	4	Montezuma
-17.986684799194336	22.258010864257812	4	Alla
-27.88983154296875	-13.252309799194336	3	Mauritania
-17.510602951049805	-10.13796329498291	3	Curacao
-18.7769775390625	18.269506454467773	4	Giza
9.553118705749512	-19.191884994506836	7	Beatz
2.1772096157073975	10.54627513885498	1	Mahdi
-15.903352737426758	-10.263326644897461	3	Abuja
30.699520111083984	11.685075759887695	10	Texarkana
7.193336009979248	23.150583267211914	6	Morro
0.7685726881027222	16.874311447143555	6	Suh
-3.51875901222229	29.880184173583984	4	Masai
32.87921142578125	2.4119160175323486	10	Dothan
37.551212310791016	2.919931650161743	10	Summerville
-18.20623016357422	18.95938491821289	4	Simba
-8.441340446472168	17.83889389038086	6	Kano
4.312986850738525	24.21991539001465	6	Obi
-9.660355567932129	29.9001522064209	4	Ara
1.0517301559448242	-0.13230794668197632	7	Orpheus
7.670456886291504	8.725052833557129	1	Gadhafi
21.682615280151367	-15.478310585021973	1	Philistines
-11.219283103942871	26.330717086791992	4	holla
-15.29599380493164	-13.878150939941406	3	Equatorial
30.84130096435547	8.39314079284668	10	Conroe
9.908531188964844	27.030513763427734	6	OBO
-17.459659576416016	-13.977609634399414	3	Rwandan
9.887125015258789	-19.340316772460938	7	Riddim
28.540451049804688	0.007311410270631313	0	Duquesne
27.187679290771484	-8.936258316040039	6	Sapp
-4.990591526031494	-12.673233985900879	5	Stride
31.45861053466797	2.092555284500122	10	Catawba
-7.452639579772949	-24.682531356811523	7	niggers
16.948213577270508	-8.936223983764648	1	Khalil
17.190099716186523	21.698936462402344	6	Abreu
-38.1112060546875	-23.270889282226562	7	afro
0.969879150390625	21.381969451904297	4	Ubud
-3.2661759853363037	2.9703407287597656	7	Fabolous
-2.6452224254608154	23.321168899536133	4	Nene
4.620603561401367	13.858168601989746	1	Surah
19.07115364074707	9.377775192260742	6	Watanabe
-37.54432678222656	-17.597375869750977	3	kenya
6.218459129333496	-20.32301902770996	8	muscled
-27.824325561523438	6.838294506072998	8	jacobs
-23.1025333404541	-9.52234935760498	3	Swahili
13.02078628540039	17.777624130249023	6	Kush
-13.516875267028809	-20.041765213012695	7	Tuskegee
25.113061904907227	-20.453258514404297	4	emphysema
-3.7719154357910156	-9.952851295471191	5	Dias
-8.406167984008789	-24.465171813964844	7	Negroes
3.452089309692383	5.546779632568359	3	bonanza
-19.6986083984375	-12.405609130859375	3	Djibouti
-9.707784652709961	12.547684669494629	7	Drogba
8.181108474731445	0.32461312413215637	0	Toney
-10.13230037689209	27.894790649414062	4	Kuta
-8.452549934387207	43.40483856201172	2	Malia
21.721107482910156	-19.07644271850586	6	birthright
-16.73672103881836	24.110397338867188	4	Rasta
-10.065719604492188	17.60129165649414	6	Koko
-7.272073268890381	39.94636917114258	2	Vegeta
20.58679962158203	15.363649368286133	4	Diamante
7.200770854949951	-31.0833740234375	9	reparations
27.64223861694336	-3.7740461826324463	0	Terps
-3.47271466255188	-2.9866974353790283	7	desirous
-18.814191818237305	2.0156450271606445	8	Sylvie
16.621929168701172	22.117197036743164	6	Jiu
-31.36581039428711	3.911898136138916	0	jubilee
16.444377899169922	22.88700294494629	6	Khao
6.20375919342041	-10.209085464477539	1	Magick
21.73073959350586	-4.652406215667725	0	NDC
-3.598947048187256	23.483762741088867	4	Tamron
26.77136993408203	-15.090784072875977	6	ODM
-6.295515060424805	2.931612968444824	0	Randle
15.410698890686035	19.682758331298828	6	Uribe
-9.038878440856934	21.130640029907227	4	Jace
31.737075805664062	0.9381315112113953	10	Villanueva
-5.095259189605713	-24.855749130249023	7	Thugs
8.496212005615234	11.926081657409668	4	Zia
-0.8943142890930176	25.755449295043945	10	Marianna
20.16854476928711	-29.16565704345703	9	ministering
-13.080817222595215	25.00457000732422	4	okra
21.31031036376953	1.6894947290420532	0	Bodie
17.52789878845215	9.684239387512207	4	Dafa
12.708045959472656	-29.001766204833984	9	violators
4.0331244468688965	19.572237014770508	6	Dru
15.29241943359375	12.482161521911621	3	Somaliland
-0.3567226529121399	13.256285667419434	1	Josephus
-4.025969982147217	43.62683868408203	2	Sapa
-0.7461315393447876	3.334601640701294	7	quando
-7.808703899383545	36.06661605834961	3	Mombasa
31.177446365356445	6.242966651916504	10	Morehouse
15.95826530456543	-18.529939651489258	8	Upstream
9.596614837646484	21.87540626525879	6	Sandro
17.27033805847168	-17.141515731811523	8	diastolic
15.496335983276367	24.843793869018555	6	Aki
13.818236351013184	-29.712413787841797	9	labourer
14.159207344055176	-8.914085388183594	1	Tahrir
12.035298347473145	20.336393356323242	6	Jie
6.20375919342041	-10.209085464477539	1	magick
8.541895866394043	23.25057601928711	6	Mau
-6.644428730010986	45.91080856323242	2	DOMA
3.450822591781616	-16.62061309814453	7	ferocity
-8.335685729980469	-0.5201406478881836	10	Bossier
24.292686462402344	-1.992767572402954	0	Fredrick
-0.3887513279914856	20.920286178588867	6	Rumi
-19.502992630004883	4.999038219451904	8	Yue
-17.279109954833984	21.060285568237305	4	baba
27.791967391967773	-23.365022659301758	5	Kinesiology
-0.8237605094909668	25.546215057373047	10	Houma
17.207910537719727	24.793249130249023	6	Rolando
-4.236637115478516	34.882110595703125	6	Kubota
18.315942764282227	21.028060913085938	6	Ashampoo
18.778539657592773	-10.367937088012695	1	Riad
-8.52603530883789	5.664097785949707	7	Shaquille
17.67998695373535	17.491825103759766	6	Luang
20.974239349365234	-0.6928572654724121	0	Warrick
-25.205678939819336	14.695722579956055	1	Muhammed
3.9118452072143555	10.008880615234375	1	Abdel
24.82530403137207	-3.377234935760498	0	Dekker
26.202646255493164	-21.228788375854492	0	dreamweaver
-5.285977363586426	44.15143585205078	2	Killa
-30.588077545166016	-15.609658241271973	3	Ghanaian
23.32712173461914	2.1593751907348633	0	Gladwell
36.539031982421875	3.8769750595092773	10	Owensboro
8.729100227355957	26.014556884765625	6	Moro
24.164522171020508	-12.5548095703125	1	CBN
8.835445404052734	27.225440979003906	6	Ocho
28.9583740234375	6.605071544647217	10	Blakely
-18.722444534301758	-26.736534118652344	7	DRE
-0.05292399972677231	30.57224464416504	4	Latifah
-3.9898147583007812	1.5992423295974731	7	Morpheus
6.438563823699951	-30.167776107788086	9	enslave
16.432199478149414	-7.145065784454346	1	Hezekiah
13.638279914855957	-27.137292861938477	9	primitives
12.335308074951172	-11.243775367736816	1	Levites
-6.609401226043701	43.98539733886719	2	sua
-8.663694381713867	44.69844436645508	2	Joba
12.47432804107666	-27.530454635620117	9	Preachers
35.192222595214844	0.35190802812576294	10	Effingham
23.37868309020996	-0.978618860244751	0	Effie
9.75637149810791	24.827713012695312	6	Philo
-16.983963012695312	-9.653433799743652	3	sorghum
-12.74471664428711	21.121458053588867	4	Kandy
8.66114330291748	-5.664042949676514	8	Killian
-7.277749538421631	26.050174713134766	4	Sheba
-9.067326545715332	45.38910675048828	2	Bossa
20.186595916748047	-10.806648254394531	1	UID
22.39628028869629	-1.7688281536102295	0	Odell
-10.08507251739502	15.335189819335938	6	Badu
28.248687744140625	11.44449234008789	10	Dreamland
32.80290222167969	5.277376651763916	10	Greenleaf
24.3502197265625	1.9736111164093018	0	Kwik
28.252649307250977	-15.79561996459961	6	uit
-2.7103569507598877	20.645648956298828	0	Amare
-5.986412525177002	44.67402648925781	2	Dena
-9.161331176757812	43.439640045166016	2	Dua
9.477520942687988	20.913667678833008	6	Machida
18.406919479370117	1.7921698093414307	0	Dupree
4.8264241218566895	-3.27109956741333	0	Dey
15.499685287475586	16.646085739135742	6	Yangon
-7.192509174346924	20.935548782348633	4	emanate
21.353364944458008	0.5696571469306946	0	Akers
5.412802219390869	10.093132972717285	1	Nephi
14.298638343811035	-0.8914918303489685	0	Spurrier
12.701942443847656	-15.916705131530762	0	Ronaldinho
2.0414233207702637	-0.39564597606658936	7	Solange
-15.318231582641602	-13.868429183959961	3	equatorial
15.690224647521973	2.377671480178833	0	Jolene
31.066232681274414	10.430789947509766	10	Roseland
29.345720291137695	-15.0192289352417	6	USAJ
10.311716079711914	25.813655853271484	6	Mahalo
3.3874404430389404	-0.8175978064537048	7	Wyclef
7.96873664855957	27.0263729095459	6	bello
10.683171272277832	1.0613189935684204	0	Marquise
-2.95408034324646	30.4260311126709	4	Srila
3.2135543823242188	-5.620517730712891	7	Pistorius
-25.066884994506836	-22.19817352294922	5	dynamo
13.300384521484375	3.6395184993743896	0	Jemima
37.90969467163086	3.834576368331909	10	Morrisville
17.08970832824707	17.378055572509766	6	Tioga
30.907989501953125	-15.160798072814941	6	Matsumoto
-32.32223129272461	-20.0884952545166	3	Savanna
-4.862159252166748	19.154512405395508	8	Chiba
-13.39969539642334	-10.852302551269531	3	Bonaire
27.870267868041992	-22.454978942871094	8	Cardiol
1.0933411121368408	13.643112182617188	1	Uriah
16.40526580810547	-9.746658325195312	1	Mehdi
-1.4243519306182861	-21.247528076171875	7	dancehall
-3.7471728324890137	-15.605027198791504	5	warlock
19.878286361694336	23.01154327392578	6	KSU
2.221425771713257	-2.961155414581299	7	Ghostface
15.373191833496094	-19.34769058227539	5	cupping
33.04188919067383	0.004299750551581383	10	Altamonte
-3.9226906299591064	36.94845199584961	2	Nivea
-14.596931457519531	12.773200988769531	4	Gummy
17.550445556640625	-1.7381271123886108	7	Blackmon
17.13008689880371	-8.28268814086914	1	Rasheed
2.834524631500244	-11.084263801574707	5	hemmed
27.100814819335938	-18.565444946289062	0	Sandeep
19.820032119750977	-12.475220680236816	1	Elohim
20.06031608581543	3.077009677886963	0	Dekalb
-22.811845779418945	-14.053909301757812	3	Liberian
16.083518981933594	-10.495946884155273	1	Zayed
16.83617401123047	-11.153343200683594	1	Yasser
3.2586288452148438	-30.374555587768555	9	Unrest
20.52846908569336	-19.34531593322754	0	grantee
7.5964179039001465	-3.228595018386841	0	Moyes
-9.192473411560059	-24.759706497192383	7	dreads
26.697072982788086	0.6206796169281006	0	Ruthie
23.868600845336914	-26.425085067749023	3	Microfinance
29.99896812438965	11.021411895751953	10	Gastonia
17.125619888305664	23.007308959960938	6	Ochoa
-5.473718643188477	-14.286137580871582	5	Robes
33.93490219116211	5.890439033508301	10	Dunwoody
20.431779861450195	-3.033782482147217	0	Dorner
-25.281696319580078	-12.712114334106445	3	Kenyans
35.148616790771484	4.60008430480957	10	Moultrie
12.062589645385742	13.891772270202637	3	Afrika
-1.5286787748336792	-14.731626510620117	5	Amazons
12.464041709899902	-0.9516279101371765	0	Suggs
-7.607470512390137	10.290008544921875	7	Tyga
33.64475631713867	9.940337181091309	10	Sugarland
27.632461547851562	-11.972429275512695	4	Zambrano
10.46081829071045	24.32672882080078	6	Akai
29.556142807006836	-21.16985321044922	0	PMLove
32.64384460449219	6.670919418334961	10	Lowndes
14.977299690246582	13.193033218383789	3	Kalahari
-12.964804649353027	11.139397621154785	7	gumbo
10.846043586730957	-19.692041397094727	7	wannabes
26.523761749267578	-18.082324981689453	0	Thaksin
-18.971935272216797	21.20502471923828	4	lama
1.1902461051940918	-12.278928756713867	5	strident
35.52700424194336	5.134700775146484	10	Lufkin
19.28471565246582	15.856449127197266	0	Hoffa
6.012171745300293	-31.907732009887695	9	enslavement
6.052211284637451	21.354040145874023	6	Kimbo
29.823139190673828	-23.85498809814453	8	cardiomyopathy
-1.4249560832977295	-21.257158279418945	7	Dancehall
17.052661895751953	-16.515756607055664	8	rheumatic
-5.2424116134643555	43.46630096435547	2	Yuna
22.561134338378906	-0.2873833477497101	0	McGrady
8.87459945678711	18.4345703125	6	Mbeki
12.917970657348633	26.420448303222656	6	Kuo
7.252129554748535	-1.6616765260696411	0	Sowell
-13.295367240905762	-11.111249923706055	3	Safariland
30.52886199951172	-19.560657501220703	6	Anyhoo
5.89059591293335	-17.49960708618164	7	hustler
26.575359344482422	-13.349587440490723	4	Solyndra
12.700048446655273	9.285052299499512	4	Hamza
-5.827151298522949	-10.894277572631836	8	gruff
-0.03597518429160118	17.525962829589844	6	Joh
14.682480812072754	22.456451416015625	6	juli
-7.09110164642334	44.2980842590332	2	KOA
-8.0773286819458	26.963769912719727	4	Tema
20.441408157348633	13.117779731750488	4	tamarind
-23.552440643310547	-12.129499435424805	3	Equator
4.736254692077637	25.119352340698242	6	Deo
20.269515991210938	-4.073482036590576	0	Aristide
8.47431755065918	24.96438217163086	6	Zeno
9.631505966186523	-17.16964340209961	7	unbound
28.342985153198242	-5.609821796417236	0	Rhiannon
-27.341983795166016	3.648646831512451	8	andre
15.369708061218262	18.75525665283203	6	Jiri
8.210124015808105	-17.726783752441406	7	ruckus
-32.92521286010742	-3.0366318225860596	10	newark
-12.963644027709961	11.12855052947998	7	Gumbo
20.486108779907227	-12.903149604797363	1	Hizbullah
22.3100528717041	-7.834167003631592	0	Erykah
19.629465103149414	-11.295450210571289	1	Likud
6.9404616355896	-1.1484423875808716	0	Robeson
15.664434432983398	15.952645301818848	6	Limpopo
-11.681922912597656	24.4879207611084	4	Rumba
25.830114364624023	-3.1530117988586426	0	Brunson
10.00299072265625	20.163663864135742	6	Manti
11.682984352111816	-18.186893463134766	7	livid
20.770673751831055	-13.584522247314453	1	Nebuchadnezzar
-9.672446250915527	29.881010055541992	4	ARA
0.08614234626293182	-11.935463905334473	5	Strider
-31.77011489868164	-1.846896767616272	8	KINGSTON
21.384090423583984	12.700394630432129	4	Surabaya
-6.011441230773926	31.196596145629883	4	Duma
-4.8190598487854	42.67587661743164	2	lotsa
-7.74738883972168	43.03671646118164	2	Manna
9.669955253601074	-17.19791030883789	7	Unbound
9.890045166015625	-28.651525497436523	9	fugitives
4.904563903808594	11.341175079345703	1	Issac
3.721731424331665	-22.92254066467285	5	mangroves
25.196880340576172	11.167470932006836	10	Kanawha
20.057592391967773	-26.494001388549805	9	hypertensive
28.9516658782959	9.517120361328125	10	Tammany
-5.316521644592285	37.05421447753906	2	Barbosa
4.594267845153809	2.0473711490631104	7	Cassius
16.59256362915039	3.8497533798217773	0	Bijou
9.650506019592285	26.870166778564453	6	obo
-9.350518226623535	-17.169485092163086	5	Mules
-0.3249777853488922	-2.9209036827087402	7	bossy
4.466949939727783	-27.028099060058594	9	Villagers
23.846864700317383	-21.922405242919922	3	Tsvangirai
19.40974235534668	1.0503077507019043	0	Raekwon
-5.17331075668335	26.923667907714844	4	Sanya
-10.882801055908203	9.687095642089844	7	Kony
-2.8010716438293457	-3.4313859939575195	7	recluse
37.87499237060547	4.942268371582031	10	Smithville
-6.680362701416016	-24.167593002319336	7	Niggas
-7.519197463989258	45.414451599121094	2	Tana
28.674427032470703	-14.90375804901123	6	januari
25.40312385559082	4.388182163238525	0	Elkton
-6.3421406745910645	23.44768524169922	4	Rabat
33.45952224731445	1.0016040802001953	0	Oconee
6.855910301208496	11.689745903015137	1	Rashi
22.678173065185547	13.371397018432617	4	Shibuya
-5.7078728675842285	45.96895217895508	2	Bona
11.586577415466309	-20.116336822509766	7	artistes
15.159346580505371	-9.235651969909668	1	Shiites
-7.1489176750183105	10.77189826965332	7	Killah
30.562685012817383	-1.6692532300949097	0	BamaOnLine
-5.59228515625	14.745156288146973	3	Maasai
17.083738327026367	2.6807992458343506	0	Tommie
-14.985564231872559	1.7537401914596558	8	Rho
-9.203071594238281	-0.2738102972507477	10	Caddo
33.96356964111328	-0.006912022829055786	10	Pimlico
2.7957708835601807	12.135725975036621	1	Hakeem
14.820741653442383	-0.10215636342763901	0	McCaffrey
30.724634170532227	-22.85553550720215	6	Blogspot
-25.41742706298828	-11.978109359741211	3	Ethiopians
16.04662322998047	-8.613373756408691	1	Mahmood
38.22063064575195	2.120382070541382	10	Titusville
7.62980318069458	22.251895904541016	6	Sabo
-3.2044484615325928	31.735870361328125	4	Shyla
28.857654571533203	10.697733879089355	10	Mineola
28.625001907348633	-18.082834243774414	4	Tanzanite
-7.74738883972168	43.03671646118164	2	manna
19.855186462402344	-28.573347091674805	9	ministered
4.52999210357666	-0.09981285780668259	0	Bibby
-8.10935115814209	13.824219703674316	3	Nubian
19.9465389251709	24.169912338256836	6	WebOS
-6.460204601287842	37.14740753173828	2	Mimosa
-8.86218547821045	8.184243202209473	7	akon
-29.917322158813477	1.5129542350769043	8	IVORY
27.12698745727539	-9.237085342407227	6	KRS
8.892448425292969	1.5366302728652954	0	Beane
-11.459677696228027	8.240626335144043	7	Angelou
23.984542846679688	-17.546220779418945	0	EPHEDRINE
37.148067474365234	2.2028651237487793	10	Orangeburg
5.370316982269287	9.021061897277832	1	Yahya
9.218024253845215	-15.086753845214844	7	afoul
10.510259628295898	23.325008392333984	6	Kiowa
8.818156242370605	18.990842819213867	6	Sidi
7.476850986480713	12.227462768554688	1	diam
-5.73881721496582	36.000308990478516	2	Arusha
-7.006726264953613	28.448902130126953	4	Yerba
26.634521484375	-19.612390518188477	0	adenosine
-20.92008399963379	-10.346039772033691	3	Zaire
19.20696258544922	-29.451766967773438	9	absenteeism
-3.2429254055023193	35.801517486572266	2	Ipanema
12.555059432983398	8.020469665527344	1	Hurghada
-4.084221839904785	32.87306213378906	4	Nusa
22.59510040283203	1.1072683334350586	0	Sealey
8.376452445983887	-0.087771475315094	0	Rudyard
25.131851196289062	11.290304183959961	10	cornucopia
34.324005126953125	4.866215705871582	10	Oglethorpe
5.598945140838623	11.828323364257812	1	Agape
-6.29979133605957	-14.629362106323242	5	Currys
10.914495468139648	9.046588897705078	1	Mariam
19.193449020385742	-9.502819061279297	1	Jamaal
14.22198486328125	1.404938817024231	0	Cayce
13.038272857666016	-30.680334091186523	9	inequities
8.178750991821289	21.439504623413086	6	Yumi
-14.733319282531738	28.382211685180664	3	Kwanzaa
0.6623857617378235	14.555998802185059	1	Hariri
8.0684175491333	-17.63636016845703	7	Ruckus
-18.89676856994629	-8.024260520935059	3	Freetown
15.92264461517334	-16.733667373657227	8	elliptic
0.9795641303062439	3.503673791885376	7	Negra
36.978389739990234	2.977243661880493	10	Springville
-16.5195255279541	15.468167304992676	3	SIERRA
27.665260314941406	-0.4179594814777374	0	LaRue
15.696889877319336	8.403218269348145	4	inuyasha
-10.053168296813965	17.56641960144043	6	Boko
-7.497273921966553	46.068443298339844	2	Rasa
-11.219283103942871	26.330717086791992	4	Holla
29.006399154663086	3.370850086212158	0	Cornbread
2.988399028778076	13.384385108947754	1	Selah
-3.448234796524048	30.74013900756836	4	Melaka
31.17054557800293	-9.922473907470703	5	Aransas
-14.184721946716309	14.53348445892334	3	Yoruba
20.22501564025879	5.455041408538818	0	Kweli
-1.3410941362380981	-0.16826221346855164	7	Deadman
-6.519093990325928	25.956457138061523	4	Yorba
15.783895492553711	19.286043167114258	6	Inoue
24.75007438659668	-0.46182557940483093	0	Tyndale
-6.767704963684082	10.283195495605469	7	brotha