x	y	cluster	word
37.08952713012695	13.285539627075195	3	his
35.58458709716797	14.314421653747559	3	her
32.583457946777344	15.303460121154785	3	she
-4.295376777648926	-12.253610610961914	4	white
17.310317993164062	-23.673431396484375	4	girl
-32.61964797973633	0.21691128611564636	4	daughter
-15.040872573852539	-14.536842346191406	10	sister
-2.6588194370269775	-13.59288215637207	4	asian
6.206079959869385	-18.048206329345703	4	french
-5.673184871673584	-11.248861312866211	4	indian
-2.748006820678711	-14.929275512695312	4	chinese
-9.849020957946777	-12.721822738647461	4	japanese
-3.650726318359375	-13.679527282714844	4	german
-8.872354507446289	-10.913591384887695	4	italian
-35.41156768798828	3.9514358043670654	4	british
-35.428672790527344	5.4585137367248535	4	thai
-35.28647994995117	2.690480947494507	4	korean
-36.85807418823242	3.9398586750030518	4	australian
-40.39645004272461	7.992589473724365	4	filipino
-40.75883483886719	8.336798667907715	4	indonesian
54.77032470703125	4.058703899383545	3	The
35.89897537231445	12.745877265930176	3	one
48.07373046875	6.834740161895752	5	like
-0.223561629652977	36.28317642211914	0	would
48.9759407043457	3.6300814151763916	1	This
0.5623601078987122	-47.46031188964844	7	time
14.135228157043457	5.996037483215332	8	get
51.63749694824219	9.197327613830566	0	also
34.541717529296875	11.473870277404785	3	You
29.44148826599121	2.5767781734466553	1	new
40.02528762817383	-17.773263931274414	10	people
35.91256332397461	10.806983947753906	3	first
5.917581558227539	7.172638416290283	8	make
45.875205993652344	5.302030086517334	5	good
9.92066764831543	18.61887550354004	8	know
49.765167236328125	2.0950846672058105	1	see
-4.156113624572754	-49.296512603759766	7	may
-8.672173500061035	33.28751754760742	0	could
16.5240421295166	3.9332427978515625	8	use
52.607242584228516	6.555514812469482	0	And
-10.299142837524414	19.305984497070312	6	way
29.498228073120117	2.1950018405914307	1	New
50.09208297729492	7.231800556182861	0	well
33.34457778930664	-13.670175552368164	4	work
36.617191314697266	9.575952529907227	3	two
10.658137321472168	5.885826110839844	8	think
42.504432678222656	18.69651222229004	0	much
-6.061409950256348	-51.97419357299805	7	years
1.0682388544082642	39.792091369628906	0	many
27.252212524414062	4.083226203918457	4	back
44.704402923583984	9.27340030670166	3	For
15.760111808776855	4.464643478393555	8	need
-0.3356027901172638	-49.563316345214844	7	year
-7.498537063598633	32.31373596191406	6	even
47.63468933105469	9.996368408203125	0	really
-16.829696655273438	10.473939895629883	8	want
25.450580596923828	21.97708511352539	5	great
3.1103549003601074	-49.283267974853516	7	day
42.433433532714844	6.365890026092529	5	right
43.40293884277344	5.6068854331970215	5	best
24.377708435058594	11.3988618850708	6	made
-26.377914428710938	-5.763204097747803	9	views
49.736839294433594	9.853431701660156	0	But
-0.9590637683868408	5.831839561462402	8	find
13.367107391357422	6.95609712600708	8	take
-34.976444244384766	-22.228647232055664	2	information
-16.169090270996094	22.814369201660156	6	used
35.227935791015625	3.839077949523926	5	love
39.067726135253906	-13.14223861694336	4	home
0.008085457608103752	27.842164993286133	6	last
53.027305603027344	4.157075881958008	3	What
-5.710042953491211	21.486364364624023	6	going
17.62087631225586	4.356655597686768	8	help
35.17666244506836	21.377182006835938	0	still
51.534027099609375	5.502874374389648	3	There
40.40583419799805	8.148077964782715	3	All
-4.608870029449463	-48.613956451416016	7	May
36.83773422241211	14.716708183288574	3	They
30.79568862915039	-17.07408332824707	4	life
36.11875534057617	20.55081558227539	0	around
38.64669418334961	-14.823431968688965	4	world
-11.173744201660156	20.443115234375	6	little
47.94001007080078	0.2625775933265686	1	look
38.40533447265625	6.194646835327148	6	got
52.20914077758789	4.96700382232666	3	That
-0.6438334584236145	16.190221786499023	6	part
-9.577685356140137	18.160423278808594	6	long
27.286483764648438	20.384658813476562	5	better
39.0283317565918	18.185932159423828	3	every
39.067726135253906	-13.14223861694336	4	Home
34.39864730834961	-18.748210906982422	9	things
35.783416748046875	-2.147948980331421	1	Posted
50.62725067138672	8.528165817260742	0	something
29.367891311645508	-14.852534294128418	4	game
53.5866584777832	5.361027717590332	3	With
-20.726253509521484	16.797704696655273	5	available
-16.566946029663086	31.765363693237305	0	never
-4.000126838684082	13.533161163330078	8	using
2.959261655807495	-14.871268272399902	4	place
14.639151573181152	-12.204858779907227	4	site
-21.908597946166992	-21.70755958557129	2	online
43.90776443481445	17.738632202148438	0	another
-35.599266052246094	-17.272075653076172	2	system
12.697911262512207	34.381011962890625	1	found
41.62443542480469	8.90291976928711	3	How
40.45556640625	11.536331176757812	3	When
-4.0936760902404785	-51.505889892578125	7	days
34.9370002746582	20.20895767211914	0	without
7.568600654602051	36.72031021118164	0	always
1.9719070196151733	30.342548370361328	0	different
0.104908786714077	32.15143585205078	0	next
-8.862326622009277	6.779272079467773	8	set
0.05899946391582489	37.029296875	0	must
-18.910818099975586	33.33012390136719	0	since
36.08372497558594	-6.371052265167236	1	video
25.25019645690918	23.19550323486328	5	sure
-33.510501861572266	10.515454292297363	9	lot
39.7237548828125	9.619765281677246	3	Your
43.21019744873047	13.988276481628418	0	More
7.552549362182617	-7.902998447418213	9	number
0.7213158011436462	-30.708147048950195	2	service
5.058261394500732	-9.307382583618164	9	three
-3.8846378326416016	37.8507080078125	0	including
32.583457946777344	15.303460121154785	3	She
34.84172821044922	-9.394905090332031	1	show
25.033836364746094	7.0882487297058105	6	end
18.590303421020508	-31.202960968017578	10	family
24.682565689086914	3.893402338027954	1	looking
33.817405700683594	9.618760108947754	3	thing
-10.641804695129395	-16.361770629882812	4	name
35.185752868652344	13.0924711227417	3	One
32.342323303222656	-2.438089370727539	1	post
-4.03943395614624	33.74507141113281	0	might
38.28492736816406	21.44058609008789	0	today
1.5845550298690796	-48.649417877197266	7	week
-7.274250507354736	-5.387290000915527	4	old
-31.392053604125977	17.128738403320312	8	put
23.100379943847656	0.9975077509880066	1	read
-0.814285159111023	-31.569429397583008	2	company
29.123027801513672	-20.78131103515625	9	money
31.623437881469727	2.5178000926971436	1	top
32.7943229675293	-10.956389427185059	1	book
42.36949157714844	4.0947089195251465	5	full
7.526567459106445	-15.619295120239258	4	page
3.299205780029297	6.625741958618164	8	keep
3.3727304935455322	20.475461959838867	6	small
8.474507331848145	7.1614532470703125	8	feel
18.728750228881836	-9.526958465576172	2	support
20.69957733154297	18.89320182800293	5	real
4.779189586639404	-8.03602409362793	9	times
-7.239441394805908	26.870149612426758	6	says
16.96363067626953	-30.50600242614746	10	school
6.899969577789307	2.4355313777923584	8	play
32.47099304199219	4.222042560577393	4	left
15.616973876953125	-33.552940368652344	10	team
11.716204643249512	-20.13515853881836	4	water
4.330512523651123	-14.069560050964355	4	point
23.31566619873047	-19.73838996887207	4	data
29.061996459960938	-19.061351776123047	4	music
32.61949157714844	12.579588890075684	3	Our
37.54155731201172	-8.48775863647461	1	News
34.93648147583008	9.105870246887207	3	second
-7.47613000869751	-17.789731979370117	4	order
10.316108703613281	-36.38571548461914	10	children
-5.650264263153076	30.16240882873535	0	within
14.528875350952148	-21.183839797973633	4	City
43.45362091064453	15.224017143249512	0	Now
46.096805572509766	17.301855087280273	0	though
5.584750175476074	5.329658508300781	8	start
-7.962099552154541	-52.03807067871094	7	months
-39.835304260253906	-18.304466247558594	2	services
-19.477392196655273	-20.29231071472168	2	experience
-2.6898446083068848	-32.31523895263672	10	University
14.434621810913086	-17.002986907958984	4	case
-5.797623634338379	12.48561954498291	6	making
25.469762802124023	11.08823299407959	6	getting
24.772659301757812	25.3631649017334	5	done
32.725624084472656	5.142147541046143	4	God
27.1219425201416	-15.909624099731445	4	state
-32.133087158203125	5.564766883850098	4	course
34.84531021118164	-15.706770896911621	9	list
-6.614466190338135	-49.37252426147461	7	June
8.636764526367188	-1.064476490020752	8	change
8.146808624267578	-23.127832412719727	4	local
-9.934460639953613	33.40842056274414	0	enough
4.4690842628479	20.58397102355957	6	hard
17.89212417602539	-24.613306045532227	4	person
-6.399548053741455	-48.47133255004883	7	April
-13.80350399017334	11.722782135009766	8	let
-11.857461929321289	-14.687616348266602	4	line
47.28475570678711	1.770668864250183	1	From
-5.645025730133057	-26.74290657043457	2	website
-17.701181411743164	27.01388931274414	6	least
25.745880126953125	-0.495079904794693	1	live
10.395135879516602	7.191953182220459	8	try
9.994521141052246	28.947509765625	5	important
1.3431482315063477	-29.38636589050293	2	working
-1.8198001384735107	27.414575576782227	6	less
18.3225154876709	-9.350536346435547	5	quality
16.969209671020508	-33.333770751953125	10	group
-27.231298446655273	10.65771770477295	8	care
28.005685806274414	9.070409774780273	6	makes
4.835606098175049	15.782742500305176	6	thought
1.8847688436508179	18.07415199279785	6	side
-8.34150218963623	8.61396598815918	8	call
-24.122631072998047	24.91389274597168	6	per
2.6072235107421875	-16.492834091186523	4	room
5.782701015472412	38.86006546020508	0	actually
45.33396911621094	12.692110061645508	3	These
-34.95708084106445	-19.996707916259766	2	program
7.991816520690918	-29.367528915405273	10	public
-28.16692352294922	-24.306299209594727	2	products
-7.305298328399658	-49.997318267822266	7	January
-4.759884834289551	26.268386840820312	6	following
-7.203166484832764	39.3797721862793	0	yet
-20.446672439575195	23.574779510498047	6	called
9.670354843139648	4.319647789001465	8	buy
4.790896892547607	36.238372802734375	0	already
7.972666263580322	-9.948212623596191	9	price
-5.6778883934021	-49.61371994018555	7	July
21.707117080688477	20.961606979370117	5	easy
-0.9208412170410156	-28.677141189575195	2	design
-17.132801055908203	27.249187469482422	6	far
38.37192153930664	-14.766115188598633	4	World
22.68501853942871	24.120325088500977	5	please
27.1219425201416	-15.909624099731445	4	State
55.0159912109375	4.635204315185547	3	THE
-11.468473434448242	30.79733657836914	0	include
-9.245462417602539	2.349106550216675	8	problem
7.324481964111328	3.6088104248046875	8	open
30.959407806396484	-15.29200553894043	4	food
12.602258682250977	-34.17234802246094	10	women
0.7071356773376465	23.3192081451416	6	went
28.457490921020508	-16.988229751586914	4	house
-31.636205673217773	-20.975120544433594	2	process
-16.48696517944336	1.6118196249008179	8	needs
32.149112701416016	-4.627720355987549	1	story
-40.53145217895508	9.55578899383545	4	York
28.236263275146484	-8.467535972595215	1	search
-7.896223068237305	-50.887290954589844	7	February
-1.7501871585845947	33.541751861572266	0	Not
-12.075489044189453	-25.32335090637207	10	together
0.18403731286525726	24.290752410888672	6	came
-27.511974334716797	16.98014259338379	6	bit
36.563114166259766	21.275232315063477	0	After
39.90681457519531	16.493309020996094	3	someone
47.93375778198242	2.670147180557251	1	Here
20.78046226501465	-12.526652336120605	0	others
-5.16402006149292	-50.38784408569336	7	October
8.595582008361816	29.45587921142578	0	anything
3.140162706375122	39.191043853759766	0	often
28.089298248291016	1.8207757472991943	1	fact
28.551769256591797	8.812707901000977	6	means
-25.965286254882812	11.984190940856934	8	offer
-6.088666915893555	-22.096721649169922	4	country
-0.22901512682437897	-0.5780942440032959	8	control
-7.833827018737793	-49.02498245239258	7	November
19.076688766479492	-32.36549758911133	10	friends
30.951383590698242	-3.495133876800537	1	view
-19.44403839111328	21.788394927978516	6	become
-8.868551254272461	-50.72269058227539	7	September
-8.310053825378418	37.10435485839844	0	several
-2.469146728515625	28.40245819091797	6	along
21.639062881469727	10.842429161071777	6	bad
-1.3180631399154663	-25.366737365722656	4	market
14.528875350952148	-21.183839797973633	4	city
36.02150344848633	2.901440143585205	5	fun
-6.679760932922363	-50.61188507080078	7	December
25.35263442993164	20.748449325561523	5	nice
12.662299156188965	26.498756408691406	5	pretty
22.684894561767578	24.120893478393555	5	Please
26.226594924926758	-24.097999572753906	2	product
12.118993759155273	35.3169059753418	1	seen
3.2365920543670654	-48.74460220336914	7	Day
31.547266006469727	-12.945441246032715	4	web
11.259766578674316	-12.739230155944824	4	form
-0.3151323199272156	22.952274322509766	6	took
2.0051536560058594	-5.166852951049805	1	results
30.951383590698242	-3.495133876800537	1	View
40.85265350341797	18.7857608795166	0	Just
-24.149564743041992	-12.497991561889648	9	points
-19.300609588623047	-28.097043991088867	10	students
9.157315254211426	-7.457638740539551	9	games
-30.39951515197754	1.854680061340332	4	Center
-0.4051244854927063	29.039907455444336	6	past
-0.24530862271785736	20.804054260253906	6	started
16.96363067626953	-30.50600242614746	10	School
-24.047372817993164	-0.22996746003627777	4	level
37.51472473144531	-8.896169662475586	1	news
-45.78394317626953	0.4333724081516266	1	Comments
-20.79681968688965	-23.855592727661133	2	government
-14.002577781677246	18.872528076171875	6	kind
-37.79246139526367	-9.860203742980957	10	members
-4.961134433746338	23.744043350219727	6	comes
14.048104286193848	-17.95147705078125	4	head
7.973246097564697	-9.946378707885742	9	Price
24.394758224487305	1.9921776056289673	1	check
15.560906410217285	-19.27132225036621	4	hand
-31.90473175048828	-7.516554832458496	9	minutes
-7.544487953186035	2.811298131942749	8	type
25.125917434692383	13.880688667297363	6	whole
-6.667470455169678	38.353641510009766	0	probably
-44.45005798339844	-16.26137351989746	2	software
-1.4356991052627563	-47.7513542175293	7	season
8.57768440246582	29.76815414428711	5	everything
44.035499572753906	3.8212711811065674	5	Thanks
39.05542755126953	16.966386795043945	3	either
22.789379119873047	1.2684844732284546	1	Read
5.450768947601318	31.87831687927246	1	example
-18.870784759521484	-4.593925952911377	9	four
-17.735239028930664	-28.957515716552734	10	community
-18.056793212890625	21.23945426940918	6	trying
36.08372497558594	-6.371052265167236	1	Video
11.83936595916748	21.31070327758789	5	special
13.625802040100098	12.583138465881348	1	review
-39.152191162109375	10.000123977661133	9	million
-25.4018611907959	8.025174140930176	8	idea
-26.445209503173828	-11.382648468017578	9	States
35.73749923706055	-2.1403751373291016	1	posted
-5.810031414031982	26.662385940551758	6	added
-26.911752700805664	4.024176597595215	8	contact
2.0989668369293213	7.034471035003662	8	add
11.605717658996582	-35.343685150146484	10	men
0.7780553698539734	25.65129852294922	6	given
46.106929779052734	18.957590103149414	0	However
8.40231704711914	32.13795852661133	5	everyone
28.1220645904541	-8.716423988342285	1	Search
-0.2376035749912262	27.82488250732422	6	Last
18.685123443603516	-17.554906845092773	4	phone
-3.91593861579895	-24.413339614868164	4	email
28.189722061157227	-17.232629776000977	4	House
-8.483561515808105	-4.916093826293945	4	nothing
-29.223384857177734	23.19158172607422	6	known
-1.5707303285598755	29.7002010345459	0	early
-7.144406318664551	33.37167739868164	0	near
-25.084821701049805	-22.291574478149414	2	download
6.263521671295166	15.353941917419434	1	current
35.91256332397461	10.806983947753906	3	First
-23.386302947998047	3.276966094970703	8	pay
43.08154296875	5.159559726715088	5	Best
2.372586727142334	36.15203094482422	0	later
-32.80153274536133	-22.38545799255371	2	research
-23.843748092651367	0.977690577507019	4	mind
-9.296974182128906	0.6116059422492981	8	question
-13.003888130187988	-26.915279388427734	10	personal
49.765167236328125	2.0950846672058105	1	See
-0.010992204770445824	-29.55023765563965	2	project
-24.564496994018555	23.20570182800293	3	young
-26.324176788330078	9.046217918395996	8	plan
-11.36719036102295	23.88424301147461	6	told
-42.78428268432617	-3.8378491401672363	9	offers
-15.450921058654785	35.04490280151367	0	almost
-47.53761291503906	-10.973236083984375	2	development
33.231727600097656	-9.777097702026367	1	movie
2.233015775680542	-26.986881256103516	4	Internet
44.448760986328125	16.668685913085938	0	Some
44.40533447265625	5.19205904006958	5	true
46.5446662902832	-0.4786107838153839	1	link
-2.194855213165283	-50.23323440551758	7	month
25.450580596923828	21.97708511352539	5	Great
19.151643753051758	-13.52426528930664	3	About
-11.281041145324707	-0.8913486003875732	1	version
23.12382698059082	-18.311965942382812	4	event
-0.5869383215904236	-11.677382469177246	2	future
-22.384483337402344	-3.069136619567871	9	size
-33.64375305175781	2.5952446460723877	4	West
-17.72610092163086	22.108491897583008	6	taking
33.96025466918945	-17.93150520324707	9	words
16.084758758544922	-16.63439178466797	4	face
17.18770408630371	-14.832540512084961	3	single
0.5623601078987122	-47.46031188964844	7	Time
24.264774322509766	5.4435577392578125	1	close
14.122082710266113	28.126670837402344	5	beautiful
34.371395111083984	0.7473562955856323	1	looks
1.1988763809204102	31.822935104370117	0	via
26.24068832397461	-19.436574935913086	4	history
-22.409870147705078	-10.882177352905273	9	Tags
8.93032169342041	-13.005683898925781	4	reading
-33.933746337890625	-6.117587566375732	9	series
11.349504470825195	-12.029847145080566	4	file
-34.33291244506836	11.423687934875488	9	cost
-5.660085678100586	38.32990646362305	0	seems
-31.32420539855957	25.14579963684082	0	else
41.350303649902344	9.698285102844238	3	Why
-6.867709636688232	5.217574119567871	8	visit
26.80736541748047	6.1438307762146	6	short
11.11069393157959	-16.086166381835938	4	song
35.02823257446289	-13.701004028320312	9	works
-4.020009517669678	-11.922159194946289	4	White
-27.202489852905273	0.4437594413757324	4	Park
12.735148429870605	-32.643798828125	10	class
-39.50098419189453	-18.62281608581543	2	Services
21.610549926757812	-19.35416603088379	4	law
-3.3505587577819824	26.281145095825195	6	coming
-14.708105087280273	33.98550033569336	0	whether
13.661884307861328	-19.77490997314453	4	sex
1.3741390705108643	3.1521265506744385	8	share
-21.909568786621094	-21.707624435424805	2	Online
-26.54463768005371	-12.778326988220215	9	problems
15.161359786987305	28.80034637451172	5	perfect
14.135228157043457	5.996037483215332	8	Get
-6.948516845703125	-52.25722122192383	7	weeks
37.08952713012695	13.285539627075195	3	His
29.56525421142578	-13.323616027832031	4	film
0.7213158011436462	-30.708147048950195	2	Service
-11.040156364440918	18.164146423339844	6	low
-7.8884382247924805	-21.381635665893555	4	Windows
-20.218637466430664	13.761377334594727	1	Reply
6.67192268371582	-1.214605450630188	8	reason
14.165433883666992	-4.323734283447266	1	details
-14.220791816711426	36.569183349609375	0	soon
9.375016212463379	-34.50707244873047	10	party
11.600452423095703	28.381135940551758	5	complete
13.859614372253418	-22.456356048583984	4	child
-39.87571334838867	-9.5311279296875	10	International
-40.90235900878906	-16.305233001708984	2	companies
-42.4138069152832	-2.6092042922973633	9	questions
-12.681180953979492	-2.6976194381713867	1	report
-20.239055633544922	5.662816047668457	8	sale
-37.654361724853516	-1.1013058423995972	4	property
-45.78394317626953	0.4333724081516266	1	comments
32.62461471557617	-2.987147331237793	1	Post
35.227935791015625	3.839077949523926	5	Love
16.496126174926758	23.114145278930664	5	hot
-1.0371862649917603	-22.32664680480957	4	hotel
31.623437881469727	2.5178000926971436	1	Top
36.86350631713867	-17.671476364135742	10	friend
-9.679471015930176	-0.7755639553070068	1	issue
50.09208297729492	7.231800556182861	0	Well
11.113072395324707	20.171600341796875	5	understand
5.538448810577393	2.9050211906433105	8	learn
-4.623990058898926	-27.389724731445312	2	computer
0.4131307601928711	-22.949312210083008	4	office
29.061996459960938	-19.061351776123047	4	Music
12.373993873596191	-36.071163177490234	10	kids
31.547266006469727	-12.945441246032715	4	Web
7.251246929168701	4.811212539672852	8	stop
-3.8496222496032715	40.36119842529297	0	especially
26.545034408569336	-17.631006240844727	4	English
29.500244140625	-3.096134662628174	1	watch
11.504584312438965	-23.273130416870117	4	Friday
4.798648834228516	27.70581817626953	0	provides
22.13054084777832	19.0151309967041	5	simple
-34.499755859375	4.674178600311279	4	major
-36.89679718017578	-5.641961574554443	9	issues
51.25786209106445	9.633721351623535	0	Also
-46.85099792480469	-12.588326454162598	2	management
-9.81658935546875	8.547393798828125	8	move
29.5709285736084	-9.396145820617676	1	content
-46.275604248046875	-11.29409408569336	2	training
21.392414093017578	-20.648727416992188	4	building
-15.855022430419922	24.80997085571289	6	asked
-36.448020935058594	-9.561715126037598	10	couple
-45.663814544677734	-12.046622276306152	2	industry
1.4029757976531982	-49.902923583984375	7	Date
12.105558395385742	33.1244010925293	1	original
7.251649856567383	-15.351771354675293	4	Page
52.607242584228516	6.555514812469482	0	AND
-19.608169555664062	-4.285037040710449	9	five
1.4029757976531982	-49.902923583984375	7	date
45.875205993652344	5.302030086517334	5	Good
3.315206527709961	30.29529571533203	0	includes
42.49420166015625	12.607138633728027	0	Other
-3.0499651432037354	-0.16180701553821564	8	study
-23.232431411743164	24.93398666381836	6	half
12.008354187011719	-6.213260173797607	9	shows
17.610158920288086	-4.490045547485352	1	photos
22.278350830078125	-7.041015148162842	0	present
20.869014739990234	21.279067993164062	5	happy
-28.572813034057617	2.258847236633301	4	matter
-13.075358390808105	9.685285568237305	8	turn
9.11374282836914	19.425771713256836	8	needed
-5.728636741638184	22.815853118896484	6	gets
33.529441833496094	-6.932445526123047	1	image
-45.205657958984375	-9.414180755615234	2	performance
46.78334426879883	13.98500919342041	0	Then
6.806980609893799	35.67548751831055	0	simply
-11.864104270935059	7.124730110168457	8	stay
-26.796161651611328	12.539398193359375	8	deal
5.546471118927002	-21.176586151123047	4	living
22.65022850036621	-3.9606549739837646	1	style
-9.20876407623291	-12.324585914611816	4	London
32.10911178588867	21.444427490234375	0	provided
-14.407480239868164	9.701066017150879	8	ask
5.796087741851807	-14.035822868347168	4	main
27.875843048095703	21.716928482055664	5	enjoy
-18.38841438293457	17.87545394897461	8	required
-15.553618431091309	33.27755355834961	0	Most
-25.08493995666504	-22.29173469543457	2	Download
-43.573387145996094	-17.446496963500977	2	technology
39.11226272583008	13.260198593139648	3	Are
-7.737837791442871	13.713613510131836	6	playing
7.503052234649658	0.6248855590820312	8	action
2.094102144241333	6.858347415924072	8	Add
-36.254329681396484	7.961535930633545	4	San
6.360253810882568	-23.545555114746094	4	Google
13.162300109863281	13.968262672424316	1	comment
-8.543071746826172	17.515413284301758	6	saw
12.665511131286621	-12.464776039123535	4	sound
-14.71898365020752	-9.183140754699707	4	code
-3.488372564315796	21.150184631347656	6	takes
-9.278748512268066	5.56314754486084	8	talk
-1.0371862649917603	-22.32664680480957	4	Hotel
34.91291427612305	-11.49765396118164	8	test
35.91266632080078	19.423574447631836	0	While
11.629439353942871	-23.573078155517578	4	Sunday
5.969066143035889	-10.280056953430176	9	stuff
46.106929779052734	18.957590103149414	0	however
3.8207128047943115	34.12275314331055	0	related
9.177518844604492	6.296238899230957	8	win
-1.5236533880233765	-18.10716438293457	4	Saturday
13.344986915588379	12.525368690490723	1	Review
0.16797871887683868	4.52173376083374	8	Click
-0.45003846287727356	6.078190803527832	8	Find
-37.59197235107422	1.8849246501922607	4	California
-33.80397415161133	21.907655715942383	0	various
-29.684799194335938	24.84442901611328	6	among
-13.39261531829834	35.31887435913086	0	usually
-4.473343849182129	5.550231456756592	8	meet
-23.416898727416992	-12.719335556030273	9	parts
13.887691497802734	-36.81249237060547	10	guys
-8.372742652893066	19.57364273071289	6	behind
23.903867721557617	-1.0308908224105835	1	result
-34.97966003417969	11.119513511657715	9	amount
12.896561622619629	-13.613622665405273	4	store
-5.413660526275635	2.880467653274536	8	return
-24.81821632385254	5.581206798553467	8	interest
32.28102493286133	-19.334903717041016	9	books
-28.88157844543457	-11.885781288146973	9	events
-0.8002038598060608	7.496094226837158	8	hit
-21.472490310668945	26.583721160888672	6	longer
48.1651496887207	5.150451183319092	5	Yes
-11.558989524841309	8.838828086853027	8	leave
-25.093929290771484	-10.14236068725586	9	items
-9.659135818481445	15.239418029785156	6	total
7.939684867858887	23.41691017150879	5	remember
-42.293373107910156	13.680255889892578	6	percent
-29.475812911987305	-9.491087913513184	9	prices
-12.360870361328125	26.526084899902344	1	wrong
0.318004310131073	17.928354263305664	6	lost
-13.531813621520996	-8.441720962524414	4	message
-10.351652145385742	5.254419803619385	8	rest
15.778996467590332	20.395679473876953	5	natural
34.44132995605469	-5.822634696960449	1	picture
-26.110511779785156	14.122772216796875	8	cause
-12.247678756713867	-20.616310119628906	4	general
-21.79437828063965	24.469802856445312	6	goes
-28.00147247314453	20.357145309448242	5	favorite
-26.244171142578125	10.727217674255371	8	drive
13.73054313659668	24.451011657714844	5	clear
0.16797871887683868	4.52173376083374	8	click
-0.6438334584236145	16.190221786499023	6	Part
20.743061065673828	-19.542999267578125	4	paper
-34.55653381347656	-22.41901969909668	2	Information
31.041187286376953	-17.01347541809082	4	Life
-19.179895401000977	24.021730422973633	6	held
9.060219764709473	-22.205028533935547	4	inside
-22.519088745117188	12.8928861618042	4	located
9.670354843139648	4.319647789001465	8	Buy
-15.648629188537598	-26.9877986907959	10	private
-45.576473236083984	-13.936121940612793	2	systems
-11.520082473754883	37.603214263916016	0	currently
4.35568380355835	32.42796325683594	0	similar
18.52996063232422	-13.873475074768066	3	user
8.491122245788574	-21.50666046142578	4	USA
-4.8921918869018555	35.919010162353516	0	maybe
-29.450927734375	12.296778678894043	6	designed
-40.791622161865234	-11.29769229888916	2	professional
-5.9636969566345215	-47.078060150146484	7	Jan
2.233015775680542	-26.986881256103516	4	internet
-22.310901641845703	-19.4461727142334	2	writing
-31.717233657836914	-22.59237289428711	2	application
-6.169337272644043	-0.24925142526626587	4	cover
6.655213356018066	-9.360390663146973	9	rights
-16.69023323059082	-25.960922241210938	10	staff
16.555923461914062	-32.66861343383789	10	Group
42.36949157714844	4.0947089195251465	5	Full
-0.22275157272815704	-46.92078399658203	7	period
-22.9355525970459	-14.795154571533203	9	sales
26.669445037841797	13.237439155578613	3	Can
-4.5541253089904785	-15.343299865722656	4	third
14.620027542114258	-30.73569679260254	10	College
16.671213150024414	-4.228343963623047	1	pictures
24.86423110961914	15.260664939880371	5	common
-26.470619201660156	6.116400718688965	9	addition
-20.354045867919922	5.182497501373291	8	Sale
-36.5132942199707	1.589274287223816	4	Washington
-7.853084087371826	-15.54288387298584	4	subject
-7.73053503036499	-1.041498064994812	1	record
-6.3423027992248535	37.46868133544922	0	likely
-29.466665267944336	24.005096435546875	6	saying
-27.59514045715332	-10.46106243133545	9	sites
12.885162353515625	-18.900156021118164	4	hair
7.048798561096191	16.602275848388672	6	written
-25.287595748901367	-13.218941688537598	9	changes
34.49140167236328	-4.291035175323486	1	source
-15.457257270812988	22.12089729309082	6	received
4.527642250061035	29.15312957763672	0	continue
12.438677787780762	25.09050941467285	5	ready
45.56614685058594	-1.565690279006958	1	photo
-38.9994010925293	-11.35747241973877	10	customers
-7.031318664550781	3.792097806930542	8	sense
3.0388803482055664	32.76884841918945	0	interesting
-15.112833976745605	37.295021057128906	0	recent
-34.94706344604492	9.578662872314453	9	weight
-15.540935516357422	16.10293960571289	5	popular
-45.11234664916992	-0.2417096048593521	1	reviews
-7.560460567474365	25.590883255004883	6	wrote
-34.40686798095703	13.244802474975586	9	ways
-16.362295150756836	37.68447494506836	1	latest
-7.276763916015625	-9.526248931884766	4	Green
-4.870977878570557	36.937294006347656	0	instead
-36.844383239746094	-10.872310638427734	10	players
4.406251430511475	-17.419048309326172	4	Road
7.411935329437256	7.104130268096924	8	cut
11.97310733795166	26.01073455810547	5	strong
-17.71438217163086	-26.699562072753906	10	users
-12.2478666305542	-20.6162052154541	4	General
-13.001133918762207	38.07655334472656	0	recently
8.63411808013916	3.928236961364746	8	save
44.035499572753906	3.8212711811065674	5	thanks
-20.898574829101562	27.26234245300293	6	late
-34.266334533691406	-18.252958297729492	2	network
23.599599838256836	19.30984115600586	5	cool
-12.649249076843262	32.91698455810547	0	included
-47.033878326416016	-9.439340591430664	2	treatment
26.487001419067383	20.4095401763916	5	Thank
-33.35578536987305	1.2221760749816895	4	Paul
-12.878816604614258	8.195594787597656	8	send
-6.40562105178833	2.3465576171875	8	write
-1.2036062479019165	-26.396350860595703	2	jobs
-1.0570236444473267	35.269290924072266	0	seem
34.84172821044922	-9.394905090332031	1	Show
-17.74100685119629	-12.412321090698242	10	section
-0.3498815894126892	-31.90530014038086	2	Company
45.56614685058594	-1.565690279006958	1	Photo
48.07373046875	6.834740161895752	5	Like
-18.233856201171875	9.90225887298584	8	choose
-22.565082550048828	4.850891590118408	2	thinking
-19.2470703125	8.150744438171387	8	choice
43.6867790222168	19.36717414855957	0	according
-8.489140510559082	-49.79706954956055	7	Feb
-0.2148902416229248	-18.999088287353516	4	Christmas
-1.8361395597457886	-24.97542953491211	4	travel
9.775399208068848	-18.24573516845703	4	Blue
-28.23371696472168	15.389131546020508	8	wish
-13.801918983459473	11.72363567352295	8	Let
40.02528762817383	-17.773263931274414	10	People
38.199195861816406	21.680334091186523	0	Today
25.398845672607422	-16.94281005859375	4	China
23.115074157714844	20.07730484008789	5	fine
-30.507423400878906	1.9857934713363647	4	center
-33.80550765991211	17.371864318847656	8	allow
-24.02739906311035	14.783431053161621	8	wait
12.812246322631836	19.20648956298828	5	increase
-27.2000675201416	15.283209800720215	8	chance
21.530136108398438	12.821749687194824	6	final
31.778331756591797	14.867814064025879	3	Who
29.696657180786133	-0.5153947472572327	1	answer
-7.266218662261963	22.392255783081055	6	played
17.437633514404297	22.15713882446289	5	fast
10.241106986999512	22.218318939208984	5	likes
-43.297550201416016	-11.011696815490723	2	Department
-49.75703048706055	-9.666108131408691	2	programs
12.218666076660156	-10.350029945373535	1	release
0.4131307601928711	-22.949312210083008	4	Office
-11.194032669067383	-14.309649467468262	4	box
-34.439971923828125	-16.926597595214844	2	material
-24.89862632751465	2.0444624423980713	4	tax
-14.841391563415527	-10.818986892700195	4	location
-10.86036491394043	27.452455520629883	3	specific
30.94053840637207	15.61778736114502	3	ones
-36.3107795715332	-12.609700202941895	10	meeting
-12.812074661254883	-13.001115798950195	4	town
-3.5212788581848145	29.67516326904297	6	entire
-1.9255039691925049	-17.203083038330078	4	Tuesday
4.779094219207764	-10.548192977905273	9	eyes
-8.420416831970215	-11.758949279785156	4	Texas
20.77161979675293	18.691740036010742	5	Real
12.99855899810791	-35.32220458984375	10	girls
-9.20283317565918	-16.131961822509766	4	board
-2.4729654788970947	-17.397192001342773	4	Wednesday
-15.952835083007812	31.440048217773438	3	particular
12.602258682250977	-34.17234802246094	10	Women
-1.8051629066467285	-7.651381015777588	4	term
8.216827392578125	-34.66801834106445	10	Club
36.28165817260742	9.394671440124512	3	Two
-22.01656150817871	9.822103500366211	8	receive
-44.66203308105469	-12.763229370117188	2	marketing
31.712600708007812	-7.753605365753174	1	text
32.23032760620117	-10.691433906555176	1	Book
-8.253016471862793	23.408571243286133	6	tried
0.5590359568595886	-48.64743423461914	7	summer
4.8769025802612305	1.5160225629806519	8	build
30.572330474853516	-1.6940778493881226	1	follow
7.6011481285095215	35.259742736816406	5	easily
0.581903874874115	15.679380416870117	6	loss
-0.9208412170410156	-28.677141189575195	2	Design
18.205692291259766	-31.666004180908203	10	Family
17.376792907714844	18.23747444152832	5	worked
-12.681180953979492	-2.6976194381713867	1	Report
-14.862396240234375	17.138751983642578	5	cheap
12.1322603225708	30.08513832092285	5	agree
-25.445985794067383	-11.556358337402344	9	files
4.406251430511475	-17.419048309326172	4	road
-35.156795501708984	-3.6346421241760254	9	options
-45.11234664916992	-0.2417096048593521	1	Reviews
-9.929226875305176	38.28904342651367	0	additional
-27.969482421875	18.370258331298828	6	wide
7.2364115715026855	-20.431026458740234	4	India
2.250566244125366	-12.044541358947754	4	standard
39.591915130615234	14.62940502166748	3	Have
0.12866389751434326	32.59861373901367	0	Next
-30.103565216064453	22.854095458984375	6	decided
-33.31327819824219	7.608508586883545	8	role
-18.248510360717773	-5.891531944274902	9	lives
-27.21048927307129	-8.521982192993164	9	pages
-35.4415168762207	-4.555170059204102	9	ideas
-16.785675048828125	-27.835634231567383	10	parents
-27.570993423461914	-11.633313179016113	9	terms
-36.33309555053711	-4.41352653503418	9	collection
-46.85099792480469	-12.588326454162598	2	Management
-39.87571334838867	-9.5311279296875	10	international
-21.682065963745117	2.7011404037475586	2	method
-10.057109832763672	10.854430198669434	8	piece
1.0682284832000732	39.791954040527344	0	Many
-18.696332931518555	-19.576242446899414	2	practice
26.983694076538086	-13.756473541259766	4	title
12.50258731842041	-19.84805679321289	4	skin
16.5240421295166	3.9332427978515625	8	Use
-18.333148956298828	-5.106775283813477	9	six
-32.80153274536133	-22.38545799255371	2	Research
-49.97663497924805	-8.429411888122559	2	policy
-24.96477699279785	6.5676655769348145	8	purchase
-7.276763916015625	-9.526248931884766	4	green
-14.074549674987793	-14.945343971252441	4	wife
15.07634449005127	-4.080934047698975	1	links
-28.424468994140625	0.2141084372997284	4	DVD
-4.035476207733154	22.077606201171875	6	gives
-26.91176986694336	4.023888111114502	8	Contact
-17.84060287475586	-19.93210792541504	2	knowledge
-8.367504119873047	-17.208223342895508	4	stock
-34.39677047729492	-20.94367027282715	2	production
-20.114377975463867	16.7431697845459	0	interested
17.44740867614746	-20.315223693847656	4	war
-11.259854316711426	33.279300689697266	0	quickly
18.685163497924805	-17.553394317626953	4	Phone
7.359879016876221	-18.198406219482422	4	Beach
-6.815466403961182	36.54010772705078	0	sometimes
16.09271812438965	-4.902229309082031	1	images
-7.76395845413208	32.29929733276367	6	Even
-35.547298431396484	-17.437103271484375	2	System
-12.652904510498047	36.362403869628906	0	throughout
-31.831424713134766	4.835026264190674	4	track
14.925542831420898	-5.047586917877197	1	videos
-6.392674922943115	13.960050582885742	6	starting
-12.541948318481445	3.0709378719329834	8	giving
-8.186586380004883	18.26899528503418	6	lower
-20.27494239807129	-28.32782745361328	10	groups
23.504390716552734	8.996509552001953	6	looked
4.570723533630371	19.674720764160156	6	average
-13.073685646057129	2.3560400009155273	4	talking
-24.000764846801758	9.797019004821777	8	effect
13.091989517211914	28.65995216369629	5	wonderful
-11.380725860595703	35.078060150146484	0	completely
16.62270164489746	-21.956005096435547	9	hands
16.17502784729004	-18.01202964782715	4	dog
-43.031463623046875	-8.901216506958008	2	activities
-7.70692253112793	21.42833137512207	6	sent
-15.195897102355957	24.97820472717285	6	knew
29.247051239013672	-14.733725547790527	4	Game
-43.09197998046875	10.55037784576416	7	Jun
27.252212524414062	4.083226203918457	4	Back
-38.69913864135742	15.11277961730957	6	involved
13.162300109863281	13.968262672424316	1	Comment
-36.25416564941406	-11.744757652282715	10	band
8.647053718566895	-33.16478729248047	10	Church
-39.21609878540039	13.616415977478027	6	difficult
-27.822973251342773	21.95794105529785	5	finally
24.634552001953125	-2.826878309249878	1	info
13.377025604248047	20.349430084228516	5	success
24.394758224487305	1.9921776056289673	1	Check
4.298855304718018	17.08932113647461	6	built
-6.883585453033447	20.835750579833984	6	felt
-30.692081451416016	3.3672590255737305	4	screen
-12.039957046508789	-12.722065925598145	4	Lake
-14.659910202026367	-25.349609375	10	student
7.587973594665527	5.928253173828125	8	fit
12.998448371887207	24.27482795715332	5	clean
-29.34349250793457	13.678695678710938	8	wants
-42.92989730834961	11.998233795166016	7	Oct
31.870431900024414	-9.215615272521973	1	album
13.1477632522583	-17.092750549316406	4	fire
-6.945001602172852	-22.416339874267578	4	language
-43.48094940185547	10.260807991027832	7	Dec
-34.946922302246094	-15.682924270629883	2	device
-9.192781448364258	-15.852011680603027	4	Board
6.715976238250732	-28.64006805419922	10	Facebook
-23.299545288085938	6.262032985687256	2	attention
-14.65781307220459	-26.17864990234375	10	customer
26.22658920288086	-24.098169326782227	2	Product
25.722721099853516	-0.19038425385951996	1	Live
-6.972840309143066	-6.779465675354004	4	King
-25.41050910949707	-5.095855712890625	1	posts
-5.7467169761657715	-13.264045715332031	4	mother
2.3275885581970215	-47.678932189941406	7	fall
2.2122654914855957	31.752681732177734	0	extra
-0.3356027901172638	-49.563316345214844	7	Year
-39.32906723022461	-4.321110725402832	9	variety
3.8014543056488037	-16.111679077148438	4	bed
-23.440813064575195	-11.811530113220215	9	cases
-18.910818099975586	33.33012390136719	0	Since
-29.464702606201172	20.397876739501953	5	necessary
25.516420364379883	12.79610538482666	6	Will
-30.94769287109375	16.59503746032715	8	guess
-28.901424407958984	20.842321395874023	5	allows
-19.597200393676758	24.7415828704834	6	turned
-43.70905685424805	11.338735580444336	7	Nov
-37.16427230834961	-3.434105157852173	2	plans
-14.329980850219727	-2.6156551837921143	1	published
-38.18867111206055	13.38796329498291	6	leading
-38.38051223754883	-4.29313850402832	9	effects
-43.42954635620117	-2.758899688720703	9	types
-20.8012638092041	13.59693431854248	1	response
-43.9142951965332	-4.033784866333008	9	costs
-18.917821884155273	26.21879768371582	6	began
-24.71535301208496	4.549320220947266	8	focus
-28.056488037109375	25.61052703857422	6	became
-12.379502296447754	31.190311431884766	0	consider
-33.08009719848633	-20.598051071166992	2	learning
29.956892013549805	4.400843620300293	4	daily
-1.299208164215088	31.75020408630371	0	happen
-43.640899658203125	-14.170515060424805	2	resources
5.917581558227539	7.172638416290283	8	Make
-2.463016986846924	-18.31538963317871	4	weekend
47.83986282348633	8.507630348205566	5	exactly
9.776375770568848	-32.0001106262207	10	wedding
38.073787689208984	17.880416870117188	3	Only
-22.85151481628418	-17.410429000854492	2	growth
22.42434310913086	-2.058405637741089	1	note
31.455259323120117	0.09439367800951004	1	Where
-17.794883728027344	7.801671504974365	8	sell
-10.75313663482666	23.571067810058594	6	brought
-26.336606979370117	-0.39399096369743347	4	ground
-32.974464416503906	3.1106786727905273	4	base
-11.013300895690918	9.680624008178711	8	trip
-23.94443702697754	8.973138809204102	8	decision
-44.45005798339844	-16.26137351989746	2	Software
12.429286003112793	-16.877166748046875	4	pain
33.6645393371582	20.286855697631836	0	plus
-8.51764965057373	6.7603888511657715	8	Set
-22.556913375854492	-9.19586181640625	9	notes
-46.16136932373047	-10.36882495880127	2	environment
7.991816520690918	-29.367528915405273	10	Public
-25.41050910949707	-5.095855712890625	1	Posts
9.375016212463379	-34.50707244873047	10	Party
-25.62714385986328	-15.468632698059082	9	skills
-33.70770263671875	-5.88332986831665	9	Series
-17.735239028930664	-28.957515716552734	10	Community
5.942901134490967	-16.278425216674805	4	court
14.620027542114258	-30.73569679260254	10	college
-42.7877311706543	-7.516723155975342	9	countries
17.800945281982422	-20.41828155517578	4	War
-23.12664031982422	7.065694332122803	8	solution
14.525003433227539	21.049236297607422	5	safe
-4.6340131759643555	40.04410934448242	0	although
-30.592504501342773	-18.226831436157227	2	digital
11.666671752929688	-32.095664978027344	10	police
5.136678218841553	29.264596939086914	0	directly
-9.25094223022461	16.413423538208008	6	round
11.484001159667969	-13.737439155578613	4	item
-29.414644241333008	4.880397319793701	4	difference
-38.1006965637207	-11.132637023925781	10	patients
13.335362434387207	34.84476089477539	1	shown
13.577041625976562	-10.001718521118164	1	Press
-7.585925102233887	0.14892755448818207	4	sign
-19.29636001586914	9.191082954406738	8	option
-24.761932373046875	-14.770790100097656	9	tools
-42.923763275146484	-15.113972663879395	2	projects
-11.729593276977539	2.112396717071533	4	moving
6.976328372955322	-22.744592666625977	4	mobile
-27.223159790039062	-9.549636840820312	9	places
-17.725074768066406	-17.861576080322266	8	function
-29.60922622680664	5.941002368927002	4	situation
-41.6167106628418	11.513790130615234	6	Sep
-20.95125389099121	-13.837108612060547	9	numbers
6.507861137390137	37.824153900146484	0	definitely
-18.619531631469727	16.903017044067383	2	providing
-30.592500686645508	-18.226871490478516	2	Digital
-22.273216247558594	-10.19721508026123	9	stories
-11.227513313293457	15.83067512512207	6	paid
-7.419872760772705	-7.79549503326416	4	George
2.11407208442688	33.58080291748047	0	previous
-5.3690972328186035	-0.7361692190170288	8	display
3.82478666305542	18.257875442504883	6	feeling
5.92944860458374	-18.429035186767578	4	French
-8.220245361328125	4.4422454833984375	8	gift
21.32229995727539	-18.899391174316406	4	Law
-22.384593963623047	-3.069265127182007	9	Size
5.961931228637695	-22.712448120117188	4	legal
-10.519537925720215	-9.085186004638672	4	modern
-16.274499893188477	8.295530319213867	8	pick
29.538448333740234	-3.660322427749634	1	Watch
-4.168862342834473	2.8324365615844727	8	guide
48.1651496887207	5.150451183319092	5	yes
1.5670138597488403	4.962093353271484	8	eat
-28.499374389648438	-6.550997257232666	9	lyrics
-44.777381896972656	-10.669259071350098	2	Microsoft
-33.40181350708008	-18.860280990600586	2	safety
-10.269618034362793	7.590427875518799	8	pass
5.587205410003662	1.0208992958068848	8	goal
-5.820101261138916	20.219154357910156	6	gone
34.49140167236328	-4.291035175323486	1	Source
-18.701217651367188	-7.381982326507568	9	lots
-38.49723434448242	14.394850730895996	6	limited
-34.802249908447266	3.6728062629699707	4	British
6.98516321182251	-20.960351943969727	4	nature
-21.259531021118164	-5.1857757568359375	9	fans
34.84428024291992	-15.707489967346191	9	List
-41.20097351074219	13.16005802154541	6	spent
-10.848938941955566	-15.954405784606934	4	Name
-34.59944534301758	7.93715238571167	4	entry
26.24068832397461	-19.436574935913086	4	History
5.547370910644531	-16.100666046142578	4	Court
-31.980907440185547	23.014387130737305	0	considered
-48.48627471923828	-9.674043655395508	2	planning
-31.934099197387695	13.08842658996582	8	spend
-16.99707794189453	-25.23072052001953	10	relationship
-46.04879379272461	-8.282770156860352	2	benefits
9.18317985534668	-7.811944961547852	9	Games
9.771526336669922	-18.404523849487305	4	blue
-23.174560546875	22.243528366088867	6	alone
-13.172393798828125	-17.378833770751953	4	machine
-42.44075393676758	7.050101280212402	8	approach
26.324642181396484	-20.827312469482422	2	Science
-32.53806686401367	-6.7142534255981445	9	lines
11.5536527633667	32.47600555419922	5	lol
-3.6545825004577637	31.80478858947754	3	Once
11.193294525146484	24.97002410888672	5	quick
-14.841391563415527	-10.818986892700195	4	Location
-10.787137985229492	34.3072509765625	0	highly
-49.058467864990234	-10.973628997802734	2	applications
-20.283227920532227	-27.077117919921875	10	schools
8.191695213317871	-33.32676696777344	10	church
-6.433783531188965	14.681790351867676	6	beginning
31.602298736572266	-15.252819061279297	4	Food
2.364290952682495	3.334730625152588	8	match
-17.515541076660156	23.504789352416992	6	changed
11.418109893798828	-34.73457717895508	10	Men
10.553977966308594	-7.9592719078063965	9	homes
-18.37820053100586	1.3102625608444214	9	uses
13.013262748718262	6.353725433349609	8	Take
7.436530113220215	-7.712848663330078	9	Number
0.4367959797382355	30.29702377319336	0	happened
44.70542526245117	9.276030540466309	3	FOR
35.58458709716797	14.314421653747559	3	Her
14.639151573181152	-12.204858779907227	4	Site
-27.26448631286621	7.47074556350708	8	Act
29.630142211914062	-11.191672325134277	1	shop
6.220118999481201	36.315673828125	0	fully
10.722930908203125	-7.0802483558654785	9	movies
-35.441986083984375	-20.237468719482422	2	Program
-6.767814636230469	-5.4984283447265625	4	Old
-28.354110717773438	-9.666511535644531	9	songs
-6.142503261566162	-13.913857460021973	4	father
-36.93291091918945	-0.01127021387219429	4	Forum
-43.573387145996094	-17.446496963500977	2	Technology
-47.53761291503906	-10.973236083984375	2	Development
-24.78645133972168	26.480182647705078	3	dont
-8.34150218963623	8.61396598815918	8	Call
43.90776443481445	17.738632202148438	0	Another
-28.16692352294922	-24.306299209594727	2	Products
-36.97615432739258	5.65934419631958	4	Central
-4.331834316253662	2.3011903762817383	8	Guide
-27.962560653686523	8.456075668334961	8	sort
-22.03476333618164	8.549771308898926	8	improve
38.61113357543945	10.743634223937988	3	Its
15.616973876953125	-33.552940368652344	10	Team
-38.355655670166016	-11.969549179077148	10	clients
-10.378192901611328	-11.703194618225098	4	Australia
-26.24637222290039	-9.906766891479492	9	sounds
23.26219940185547	17.554025650024414	5	normal
-7.777522087097168	-6.593793869018555	4	fan
38.18912124633789	15.783304214477539	3	Each
-36.66300964355469	2.399456262588501	4	Chicago
-8.481266021728516	-20.106184005737305	4	memory
12.1542329788208	-18.11005401611328	4	Bill
16.496126174926758	23.114145278930664	5	Hot
-24.231300354003906	7.903294563293457	8	advice
10.667495727539062	25.368459701538086	5	deep
14.155101776123047	26.226299285888672	5	loved
11.25827407836914	21.64082145690918	5	serious
-0.010992204770445824	-29.55023765563965	2	Project
-8.41765022277832	22.52693748474121	6	bought
42.643211364746094	16.119354248046875	0	Because
-24.53415870666504	3.320148229598999	8	trade
-29.881187438964844	-3.2007241249084473	9	multiple
20.814409255981445	10.568611145019531	6	Out
-12.823468208312988	22.154298782348633	6	died
-20.07268524169922	20.891742706298828	8	begin