x	y	cluster	word
-49.621986389160156	11.711518287658691	1	he
-51.658077239990234	12.136937141418457	1	him
-54.40049743652344	13.228561401367188	1	man
-22.636993408203125	-0.13206671178340912	0	black
-53.327232360839844	11.305607795715332	1	son
-53.470458984375	9.376652717590332	1	boy
-49.82027053833008	7.637040615081787	1	brother
-51.34284591674805	8.454564094543457	1	male
-27.175174713134766	5.049213886260986	0	brown
6.0043206214904785	-21.20263671875	0	egyptian
2.391561508178711	-30.064273834228516	0	haitian
-17.486446380615234	32.17709732055664	2	one
-9.286222457885742	19.761451721191406	2	time
-17.785375595092773	35.6103515625	2	right
-13.0440673828125	39.15340805053711	6	best
-19.265689849853516	33.22044372558594	2	All
31.117822647094727	-17.06525421142578	2	ago
-16.63266944885254	32.083168029785156	2	One
-5.326693534851074	41.8828239440918	6	big
-7.109893321990967	37.83821487426758	6	real
-49.87051773071289	15.780938148498535	1	God
22.57749366760254	5.5080718994140625	8	least
-7.163304805755615	24.39324188232422	0	United
19.567745208740234	4.117759704589844	8	per
-50.88063049316406	-22.302392959594727	3	John
-29.537433624267578	21.958404541015625	2	job
3.322291135787964	12.697505950927734	8	price
3.947817325592041	15.695943832397461	8	far
17.755521774291992	43.92607879638672	10	please
0.5248980522155762	-23.104698181152344	5	York
6.850974082946777	32.98762512207031	6	large
20.669296264648438	12.190380096435547	2	offer
-22.636993408203125	-0.13206671178340912	0	Black
1.824932336807251	23.713634490966797	2	along
20.730876922607422	40.32285690307617	10	believe
18.455524444580078	44.321563720703125	10	Please
3.0880799293518066	21.76801872253418	2	past
-28.650390625	16.719581604003906	0	light
3.322291135787964	12.697505950927734	8	Price
-13.398910522460938	36.41088104248047	10	Thanks
1.7994686365127563	38.75943374633789	6	special
-52.145198822021484	6.952462196350098	1	men
5.537693023681641	17.947153091430664	8	near
-13.0440673828125	39.15340805053711	6	Best
9.549703598022461	-11.069658279418945	1	young
-9.286222457885742	19.761451721191406	2	Time
24.34246063232422	3.7101192474365234	8	cost
5.299213409423828	13.477919578552246	8	low
14.527000427246094	-0.43354305624961853	2	range
-15.717456817626953	12.089116096496582	5	hotel
-11.553200721740723	-24.89567756652832	7	miles
14.035670280456543	12.255972862243652	2	social
17.97109603881836	42.20563507080078	10	needed
-43.35251235961914	-28.78643798828125	3	David
-12.043107032775879	3.68912672996521	5	London
-5.513899326324463	-15.527107238769531	0	San
-15.53018856048584	12.810808181762695	5	Hotel
-51.225547790527344	5.760377883911133	1	guys
-31.696809768676758	12.70938491821289	0	Red
-51.905189514160156	10.01427936553955	1	guy
-5.326693534851074	41.8828239440918	6	Big
3.578547239303589	23.41000747680664	2	total
21.1129150390625	44.064910888671875	10	remember
25.941743850708008	4.322033405303955	8	prices
18.616918563842773	16.92058563232422	2	message
-2.841984272003174	21.193838119506836	2	morning
-45.2298698425293	4.486654758453369	1	user
18.660015106201172	-24.785818099975586	4	President
-47.810935974121094	-27.216976165771484	3	James
-46.53664016723633	-16.05525779724121	3	Obama
13.829179763793945	13.382402420043945	2	forward
16.411230087280273	-24.04559898376465	4	players
-6.613545894622803	-0.7100631594657898	5	East
-1.2052574157714844	40.61130142211914	6	strong
-13.398910522460938	36.41088104248047	10	thanks
22.402515411376953	7.70924711227417	8	late
-31.380939483642578	13.217146873474121	0	red
4.2325921058654785	38.21174621582031	6	unique
-37.15916442871094	-28.0026798248291	3	Paul
15.481290817260742	-25.465574264526367	4	player
-45.74589538574219	-30.368135452270508	3	Michael
20.995309829711914	41.3453254699707	10	increase
12.939827919006348	8.380881309509277	2	chance
-8.28957748413086	41.36582565307617	6	fast
22.690961837768555	23.43157386779785	2	worth
12.431502342224121	16.765329360961914	2	Thursday
8.581358909606934	4.684469223022461	2	tax
-8.271553993225098	3.284802198410034	5	town
12.755227088928223	-25.132566452026367	4	individual
-7.631959915161133	37.7205810546875	6	Real
26.44892692565918	32.80952835083008	10	particular
6.361482620239258	21.199007034301758	8	tried
19.762964248657227	42.74360656738281	10	worked
7.465180397033691	12.9508638381958	8	cheap
15.851157188415527	16.619983673095703	2	opportunity
-21.51742935180664	24.314607620239258	9	war
-1.4542467594146729	23.0777587890625	2	moment
35.49232482910156	-19.53281021118164	0	Apr
6.496931076049805	-17.03255271911621	0	Jun
-7.719731330871582	19.08879280090332	2	hour
5.514625549316406	-15.872665405273438	0	Dec
15.807831764221191	13.948173522949219	2	potential
-47.63299560546875	9.540363311767578	1	King
16.2481746673584	12.317145347595215	2	ability
31.0573787689209	32.765647888183594	10	necessary
-17.292837142944336	30.44850730895996	2	Will
-15.312261581420898	34.391746520996094	2	daily
3.551356077194214	18.70924186706543	8	Only
12.308241844177246	6.916179656982422	2	sell
15.877498626708984	4.772334575653076	2	speed
-29.50564193725586	14.733562469482422	0	Sun
-19.022958755493164	20.94063949584961	2	pain
-5.23532247543335	37.277244567871094	6	plus
-53.74522399902344	13.738443374633789	1	Man
13.347965240478516	17.14911460876465	2	skills
28.356075286865234	37.72650146484375	10	effective
-21.51742935180664	24.314607620239258	9	War
-46.18250274658203	-21.574440002441406	3	Mark
4.150008678436279	-15.528257369995117	0	Aug
34.238277435302734	-17.19784164428711	0	Sep
-44.13318634033203	-30.400339126586914	3	George
-50.86443328857422	-17.576465606689453	3	Jesus
3.9529454708099365	-24.45846176147461	5	Microsoft
32.3443489074707	-19.514156341552734	0	Jul
49.76130294799805	-0.5892935991287231	8	limited
5.300230503082275	41.55548095703125	6	awesome
-8.480279922485352	-26.984617233276367	7	Christian
-4.063738822937012	5.646887302398682	0	alone
-45.193359375	-27.742006301879883	3	Robert
-27.086349487304688	5.490930080413818	0	Brown
-52.145198822021484	6.952462196350098	1	Men
-6.095108509063721	6.478363513946533	0	unit
-50.0360221862793	9.173001289367676	1	father
-47.66915512084961	-16.805519104003906	3	Bill
-5.52882719039917	39.991485595703125	6	deep
14.314850807189941	12.318314552307129	2	Social
2.375934362411499	36.23297882080078	6	serious
33.18231964111328	29.724952697753906	10	towards
-49.45880126953125	-26.583023071289062	7	William
-21.052228927612305	32.870635986328125	2	Gold
-46.15786361694336	-28.242839813232422	3	Chris
-33.02434158325195	17.8070068359375	5	ball
-21.061594009399414	33.47517395019531	2	gold
1.635004997253418	15.48970890045166	8	bottom
-51.80244827270508	-25.566509246826172	7	Smith
13.604460716247559	21.48774528503418	2	update
-47.33384704589844	15.603142738342285	1	gay
-49.1702766418457	-21.893590927124023	3	Mike
-28.650390625	16.719581604003906	0	Light
23.64078140258789	-6.556375503540039	5	region
-25.41753387451172	14.813562393188477	5	window
-35.544986724853516	15.869562149047852	0	wall
6.708728313446045	11.486000061035156	8	poor
1.7994686365127563	38.75943374633789	6	Special
1.9988691806793213	43.08837890625	10	positive
-45.561790466308594	6.486208915710449	1	Lord
5.817696571350098	21.734586715698242	2	effort
-41.07747268676758	-35.067138671875	7	Thomas
-4.1948137283325195	10.368253707885742	0	dark
13.039972305297852	-3.401331901550293	0	Los
-43.864585876464844	-24.650352478027344	3	Peter
18.660015106201172	-24.785818099975586	4	president
4.620208740234375	27.97726821899414	6	beyond
-8.846853256225586	39.704063415527344	6	Super
-45.2298698425293	4.486654758453369	1	User
37.914608001708984	2.948725461959839	9	campaign
-9.431851387023926	30.43279266357422	8	Under
-17.85873794555664	-6.869844436645508	0	Hall
6.702105522155762	40.836387634277344	6	powerful
-23.798870086669922	6.333515644073486	5	button
-15.791906356811523	36.55900573730469	2	truth
21.68735694885254	-25.001758575439453	4	individuals
-13.129772186279297	32.167232513427734	2	respect
-50.49479293823242	-20.858911514282227	3	Joe
-48.65463638305664	-22.94306755065918	3	Tom
37.12074279785156	14.92870044708252	9	attack
-5.23532247543335	37.277244567871094	6	Plus
-50.168766021728516	-18.657373428344727	3	Christ
-27.54640007019043	-27.672243118286133	7	Johnson
-47.42720031738281	-17.039669036865234	3	bill
-34.732322692871094	-37.62105941772461	3	Richard
34.2497444152832	16.359867095947266	9	challenge
13.950894355773926	-19.947280883789062	4	football
-17.785375595092773	35.6103515625	2	Right
7.932417869567871	32.253658294677734	6	Grand
16.800439834594727	22.570858001708984	9	protect
9.549703598022461	-11.069658279418945	1	Young
47.86243438720703	1.5214524269104004	8	reduce
-16.299930572509766	0.6660909652709961	0	block
-47.63192367553711	-24.623628616333008	3	Steve
13.134553909301758	25.574323654174805	6	complex
-0.2643226981163025	21.71138572692871	2	yesterday
18.321369171142578	-26.854381561279297	4	driver
-30.656370162963867	-27.79865074157715	7	Lee
4.396122932434082	32.267642974853516	6	heavy
35.94425582885742	27.808317184448242	10	efforts
-15.658907890319824	34.549034118652344	2	Daily
30.010034561157227	-9.086932182312012	5	devices
-7.055332183837891	40.001922607421875	6	rich
3.522768020629883	24.023250579833984	2	Total
-29.504905700683594	-29.199007034301758	7	Scott
-8.887314796447754	6.621999740600586	0	Union
11.1903657913208	31.88325309753418	6	highest
-29.50564193725586	14.733562469482422	0	sun
-35.544986724853516	15.869562149047852	0	Wall
45.96957015991211	0.38943517208099365	8	doubt
-29.537433624267578	21.958404541015625	2	Job
45.72160339355469	-12.099272727966309	2	deals
-25.260133743286133	-32.25469207763672	7	Martin
-0.32101014256477356	36.91868209838867	6	advanced
3.644369125366211	0.924342691898346	5	menu
-49.77753448486328	5.125300407409668	1	boys
25.153797149658203	7.667911052703857	8	expensive
24.75054931640625	-28.048023223876953	4	leaders
18.251638412475586	-21.25208854675293	4	League
-38.528160095214844	-25.804473876953125	3	Jack
28.142810821533203	-7.557516098022461	5	session
-51.549068450927734	-25.08233070373535	7	Jones
-0.23106196522712708	24.394001007080078	2	peace
32.978023529052734	-16.64630126953125	2	Fri
33.458518981933594	-18.206829071044922	2	Tue
-46.805076599121094	-23.836284637451172	3	Jim
-20.31988525390625	0.7457727789878845	0	Mon
37.08575439453125	-18.283151626586914	0	Thu
-25.067543029785156	5.626320838928223	0	Mac
-8.846853256225586	39.704063415527344	6	super
-20.52425193786621	3.8087198734283447	0	steel
-2.6682279109954834	26.00307846069336	2	strength
38.87601852416992	5.87082052230835	9	attempt
0.13111671805381775	4.959903240203857	5	units
13.950894355773926	-19.947280883789062	4	Football
42.24067306518555	-19.552122116088867	2	GMT
-50.991416931152344	-19.42483901977539	3	Bob
6.2891764640808105	42.14433670043945	6	fantastic
-14.922809600830078	20.2430477142334	2	trial
-42.12097930908203	-34.65280532836914	7	Charles
-26.938892364501953	-28.259267807006836	7	Jackson
-41.647666931152344	-21.739635467529297	3	Santa
39.36179733276367	-12.239143371582031	5	install
35.70206832885742	-9.528260231018066	5	advertising
5.0776896476745605	23.661697387695312	2	luck
-1.4806394577026367	42.45899200439453	6	proud
34.295188903808594	9.123150825500488	9	defense
-8.271553993225098	3.284802198410034	5	Town
-24.02092933654785	18.738262176513672	0	hell
33.10457992553711	31.952733993530273	10	despite
37.13027572631836	-22.826690673828125	3	Francisco
-19.144865036010742	33.65347671508789	2	ALL
48.04689025878906	3.312229633331299	8	fee
-21.14352798461914	25.292415618896484	9	battle
19.800521850585938	-26.504947662353516	4	agent
0.3467133939266205	7.010734558105469	2	load
23.436622619628906	40.94358444213867	10	appreciate
-20.914539337158203	13.22211742401123	5	Bible
27.7860050201416	34.64974594116211	10	numerous
5.299213409423828	13.477919578552246	8	Low
-21.999374389648438	2.5071165561676025	0	square
-13.87022876739502	29.108304977416992	2	Award
13.716672897338867	16.24701499938965	2	afternoon
2.332019567489624	35.4022102355957	6	tough
12.556565284729004	37.27786636352539	6	greatest
-13.005346298217773	12.658624649047852	5	YouTube
-41.937416076660156	-27.727651596069336	3	Matt
24.548355102539062	34.7329216003418	10	deliver
-4.1948137283325195	10.368253707885742	0	Dark
9.497949600219727	32.239952087402344	6	faster
13.867149353027344	21.823198318481445	2	Update
-14.426262855529785	11.44915771484375	5	app
-18.537113189697266	17.372026443481445	2	lunch
-46.446014404296875	-25.911779403686523	3	Ryan
6.850974082946777	32.98762512207031	6	Large
-18.80144500732422	-1.1754190921783447	0	cross
-15.781180381774902	15.206171035766602	5	Army
39.73066329956055	6.94638729095459	9	forced
15.481290817260742	-25.465574264526367	4	Player
-46.18250274658203	-21.574440002441406	3	mark
-18.716323852539062	-37.498443603515625	7	Louis
-5.130200386047363	-20.535282135009766	5	Sony
-40.31793212890625	-29.33069610595703	3	Brian
-18.465164184570312	13.752777099609375	5	arms
21.1129150390625	44.064910888671875	10	Remember
7.465180397033691	12.9508638381958	8	Cheap
-18.780263900756836	12.09786319732666	5	suit
-13.872185707092285	29.10503578186035	2	award
-29.519004821777344	-41.3897590637207	3	Andrew
-17.048795700073242	11.453141212463379	5	truck
-45.29999542236328	-24.451141357421875	3	Dave
-49.586212158203125	-20.265653610229492	3	Ben
-14.751954078674316	9.950933456420898	5	Android
-0.32101014256477356	36.91868209838867	6	Advanced
10.374002456665039	29.15517807006836	6	upper
-1.3341010808944702	7.669319152832031	0	push
-38.936805725097656	-30.828083038330078	3	Tim
-20.52425193786621	3.8087198734283447	0	Steel
-6.264584541320801	-8.46452808380127	0	mass
15.67536735534668	29.93899917602539	6	bright
19.103818893432617	16.879335403442383	2	Message
18.238662719726562	14.842495918273926	2	journey
27.933629989624023	36.181148529052734	10	improved
17.900405883789062	-9.452127456665039	5	Hollywood
-28.37400245666504	19.263031005859375	5	tag
-20.04572868347168	-39.7283935546875	3	Daniel
2.7153618335723877	2.3011443614959717	5	ads
43.09893035888672	-18.851913452148438	2	UTC
-41.83056640625	-35.685302734375	7	Henry
26.190414428710938	-28.14556121826172	4	drivers
1.0052016973495483	30.157278060913086	2	Golden
-44.44219207763672	-26.633625030517578	3	Frank
-14.130102157592773	6.065482139587402	5	beer
-47.36550521850586	-22.53484535217285	3	Dan
-42.80669403076172	-30.713367462158203	3	Harry
2.049506187438965	-1.625744104385376	5	port
37.70061492919922	4.32710599899292	9	debate
-4.011899471282959	-10.790306091308594	0	Mount
-40.2419319152832	-33.40224838256836	3	Joseph
-2.2344906330108643	-4.680825233459473	5	Yahoo
-44.869468688964844	-29.022178649902344	3	Kevin
48.994998931884766	0.8305820822715759	8	reduced
46.87590408325195	-17.8568115234375	5	Permalink
-45.466156005859375	-25.571176528930664	3	Jeff
-18.80144500732422	-1.1754190921783447	0	Cross
14.757378578186035	3.0142974853515625	2	Vol
47.248207092285156	-10.61381721496582	10	importance
-12.995614051818848	8.057167053222656	5	browser
-53.470458984375	9.376652717590332	1	Boy
38.88344192504883	-17.946537017822266	5	viagra
24.52475929260254	38.69847869873047	10	delivered
36.20796585083008	11.270050048828125	9	violence
35.748680114746094	9.812185287475586	9	argument
-22.66850471496582	2.3630855083465576	0	Square
-36.30632019042969	-35.00505828857422	3	Adam
-33.28827667236328	-32.68076705932617	3	Sam
11.275702476501465	36.14689636230469	6	massive
5.491529941558838	0.6351813077926636	5	Index
-32.891292572021484	-38.61851119995117	3	Jason
-50.0360221862793	9.173001289367676	1	Father
-19.93520736694336	15.995919227600098	5	jump
-10.493350982666016	40.748016357421875	6	Holy
-20.318052291870117	2.1959381103515625	0	salt
29.20474624633789	29.804479598999023	10	affordable
-18.791696548461914	8.638819694519043	5	log
17.854082107543945	-21.296602249145508	4	league
41.58806228637695	4.2494893074035645	9	attacks
15.876301765441895	4.77346658706665	2	Speed
-43.983333587646484	-22.610885620117188	3	Tony
8.838639259338379	4.84803581237793	2	Tax
21.370718002319336	38.51153564453125	10	prove
33.77766418457031	-19.863744735717773	0	Las
35.258888244628906	-4.973575592041016	2	millions
5.468633651733398	1.0096282958984375	5	index
45.72160339355469	-12.099272727966309	2	Deals
29.355138778686523	30.704065322875977	10	relatively
46.969703674316406	-1.910391926765442	8	Unfortunately
32.85961151123047	11.182836532592773	9	crisis
2.055748701095581	-1.057303547859192	5	Port
-49.87051773071289	15.780938148498535	1	god
-29.472238540649414	-37.113006591796875	3	Eric
-32.273433685302734	-27.827455520629883	7	Max
-6.613545894622803	-0.7100631594657898	5	east
23.189807891845703	-26.150554656982422	4	candidate
23.275068283081055	42.03546142578125	10	valuable
20.76136589050293	35.81318664550781	10	impossible
-43.29274368286133	-26.692489624023438	3	Alex
44.03774642944336	-13.058564186096191	6	enable
9.772562980651855	-12.241819381713867	1	fellow
49.37710952758789	-0.6459702849388123	8	Limited
-0.6900530457496643	-34.957969665527344	3	Diego
25.941743850708008	4.322033405303955	8	Prices
29.181249618530273	39.43290328979492	10	reliable
-11.651461601257324	1.4808967113494873	5	Denver
-49.77753448486328	5.125300407409668	1	Boys
48.20616149902344	-17.417911529541016	2	PDT
17.36902618408203	8.8539457321167	2	ancient
-47.63299560546875	9.540363311767578	1	king
-50.71458435058594	10.939939498901367	1	dad
-16.0081787109375	9.258069038391113	5	logo
37.572296142578125	33.350013732910156	10	guarantee
7.523920059204102	41.839576721191406	6	incredible
-19.96209716796875	-30.51638412475586	7	Miller
-19.421300888061523	-41.65999984741211	3	Stephen
-33.33462905883789	11.520039558410645	0	bear
-13.88254165649414	-31.20014762878418	7	Davis
34.04938507080078	-11.422270774841309	5	industrial
23.376806259155273	-3.824321985244751	2	password
20.117050170898438	15.349493026733398	2	duty
-5.451711654663086	-6.226627826690674	0	acid
-18.44156265258789	-27.63032341003418	7	Austin
-7.321763515472412	-10.37231159210205	0	solar
21.559415817260742	36.832157135009766	10	constantly
-8.28957748413086	41.36582565307617	6	Fast
-23.63726806640625	-33.23540115356445	7	Ray
-6.095108509063721	6.478363513946533	0	Unit
-41.005699157714844	-27.26827049255371	3	Nick
-33.02434158325195	17.8070068359375	5	Ball
-18.971153259277344	10.577742576599121	5	joint
-19.394390106201172	8.655437469482422	5	Log
19.790544509887695	8.789122581481934	8	hidden
-14.762229919433594	18.250770568847656	5	border
37.271915435791016	5.830211162567139	9	contest
8.845505714416504	34.49896240234375	6	ultimate
-21.136945724487305	-30.39427947998047	7	Wilson
-1.4792245626449585	-14.502889633178711	0	row
39.857017517089844	3.9393773078918457	9	threat
18.912355422973633	-8.050471305847168	5	poker
0.9933105707168579	20.464113235473633	2	brief
36.03901672363281	-4.173004150390625	2	Memorial
30.87215805053711	34.7087516784668	10	believed
-25.807069778442383	18.4926815032959	0	cum
5.55222749710083	43.527381896972656	10	impressive
-46.17673873901367	14.82502555847168	1	shirt
18.698898315429688	19.390859603881836	2	honor
28.220378875732422	32.249778747558594	10	decent
35.3079719543457	3.4267313480377197	9	draft
-7.359523773193359	-2.685845375061035	0	Greek
-16.95278549194336	13.047545433044434	5	plane
15.162823677062988	-20.027698516845703	4	baseball
-7.046045303344727	4.093751430511475	2	identity
-43.714473724365234	-20.726348876953125	3	Don
-2.9132752418518066	21.67290687561035	2	Morning
-16.918746948242188	-36.2411994934082	7	Howard
37.8289909362793	-14.619029998779297	2	depth
-19.40239715576172	-27.31100845336914	7	Jordan
-0.23106196522712708	24.394001007080078	2	Peace
32.69027328491211	32.312599182128906	10	Despite
-24.904420852661133	-29.6435546875	7	Allen
-43.06623458862305	-32.29159927368164	3	Patrick
28.945453643798828	32.567317962646484	10	convenient
-4.3778276443481445	21.382169723510742	2	skill
-23.111072540283203	3.616135597229004	0	iron
0.07925238460302353	-1.2897322177886963	5	HTML
-3.311044454574585	10.836833000183105	0	raw
7.532286167144775	29.49334716796875	6	tall
-10.788269996643066	-4.137145519256592	0	bass
4.678109645843506	-17.25274085998535	0	Fax
-2.1407227516174316	34.9246940612793	6	premium
-23.071199417114258	-41.63929748535156	3	Andy
-28.211118698120117	-39.637718200683594	3	Anthony
-4.458049297332764	-8.828900337219238	0	smoke
-2.4088218212127686	35.33354187011719	6	Premium
-25.289289474487305	-36.45646667480469	7	Edward
31.60856056213379	35.74124526977539	10	proven
-0.3711784780025482	-16.993549346923828	0	Mercury
-19.845125198364258	-32.377620697021484	7	Lewis
-28.002431869506836	19.239280700683594	5	Tag
-24.66265296936035	-19.482419967651367	3	Prince
47.875701904296875	-18.669849395751953	2	PST
-42.408729553222656	-28.621471405029297	3	Ron
36.587738037109375	-12.296435356140137	5	sessions
-22.35015106201172	3.848288059234619	0	Iron
-26.766176223754883	8.876087188720703	2	grant
-51.658077239990234	12.136937141418457	1	Him
-15.781180381774902	15.206171035766602	5	army
16.056488037109375	30.935373306274414	6	superior
-47.54225540161133	15.124041557312012	1	Gay
-6.444344997406006	-18.9732608795166	0	Phoenix
-27.73215675354004	-30.35081672668457	7	Gary
40.814598083496094	34.53855514526367	10	hopefully
7.675817012786865	31.65180778503418	6	grand
-3.158078193664551	-4.7096405029296875	5	Java
-10.821269035339355	-32.811946868896484	7	Anderson
32.454139709472656	-18.166833877563477	0	hang
11.7728853225708	-10.725500106811523	1	giant
-9.059843063354492	6.604924201965332	0	union
41.718441009521484	-2.8515431880950928	9	arrested
10.138947486877441	-32.52288055419922	1	Junior
34.2497444152832	16.359867095947266	9	Challenge
-18.217721939086914	-30.4266414642334	7	Lincoln
-31.7125301361084	15.249639511108398	0	hat
33.623565673828125	13.260809898376465	9	Wars
39.67266845703125	-15.146037101745605	2	decade
15.43714427947998	28.050098419189453	6	vast
34.295188903808594	9.123150825500488	9	Defense
35.558372497558594	29.2357177734375	10	contained
24.965042114257812	-10.323283195495605	5	desktop
0.07925238460302353	-1.2897322177886963	5	html
-24.524383544921875	1.9586163759231567	0	cap
21.24812126159668	-23.318662643432617	4	amateur
2.455963611602783	18.075979232788086	8	Below
19.9108943939209	-6.956843376159668	5	admin
13.444629669189453	32.9286003112793	6	instant
16.117544174194336	9.678483009338379	2	wealth
50.48465347290039	-14.630409240722656	8	pricing
-28.493560791015625	-40.73313903808594	3	Matthew
11.058918952941895	-4.576148509979248	0	urban
-28.002716064453125	-37.935550689697266	3	Simon
23.554073333740234	7.190517425537109	8	weak
18.426822662353516	12.0267972946167	2	marked
26.81153678894043	30.039033889770508	10	merely
31.44485855102539	38.13317108154297	10	achieved
-19.600549697875977	-26.246810913085938	7	Roman
16.027578353881836	33.661598205566406	6	powered
31.83831024169922	12.590238571166992	9	crash
-21.382625579833984	6.109302520751953	0	juice
15.162823677062988	-20.027698516845703	4	Baseball
37.24086380004883	9.057134628295898	9	struggle
-34.30118179321289	13.709639549255371	0	Bell
-19.563840866088867	-34.675052642822266	7	Bruce
3.7378242015838623	-2.879943370819092	5	apps
11.13032054901123	-11.86097240447998	1	solo
-36.495914459228516	-33.05747604370117	3	Justin
18.321369171142578	-26.854381561279297	4	Driver
-14.715336799621582	14.510956764221191	5	NBA
-4.42926025390625	-31.76164436340332	7	Moore
-48.21382522583008	5.713723182678223	1	dude
1.45220947265625	-19.224000930786133	0	Palm
34.04938507080078	-11.422270774841309	5	Industrial
-18.548505783081055	-33.28995895385742	7	Clark
-12.735406875610352	-8.165802955627441	0	del
38.55366134643555	35.395877838134766	10	sufficient
-47.7021369934082	-20.38353729248047	3	Rick
-7.231330871582031	-5.769886493682861	0	belt
-18.384523391723633	-36.5540771484375	7	Alan
-4.415503978729248	-17.38723373413086	3	marks
-31.394996643066406	16.955089569091797	5	balls
26.709104537963867	40.1098518371582	10	guaranteed
-26.766176223754883	8.876087188720703	2	Grant
-32.70340347290039	11.286876678466797	0	Bear
-52.28453826904297	8.432388305664062	1	Male
18.670825958251953	-19.436525344848633	4	soldiers
-16.50296401977539	-34.33672332763672	7	Wayne
25.158693313598633	40.90113067626953	10	understood
43.55069351196289	-15.718494415283203	2	lbs
-35.609683990478516	-22.524229049682617	3	dick
17.4306583404541	29.610822677612305	6	vital
-21.14352798461914	25.292415618896484	9	Battle
-5.52882719039917	39.991485595703125	6	Deep
37.659812927246094	-3.2258729934692383	9	Anonymous
34.20408248901367	36.85135269165039	10	awarded
24.34246063232422	3.7101192474365234	8	Cost
-31.46991729736328	-34.25895309448242	3	Jay
38.91404342651367	4.406154632568359	9	incident
-10.225201606750488	3.014758825302124	5	Egypt
-34.10651779174805	15.742189407348633	5	bone
-51.905189514160156	10.01427936553955	1	Guy
-13.062100410461426	-1.7887142896652222	5	Chrome
1.6303249597549438	-23.09065055847168	5	BMW
17.89792823791504	-25.878080368041992	4	actor
-46.89521789550781	5.325311660766602	1	Sir
47.73262023925781	-15.075929641723633	5	regions
1.4558002948760986	-33.05889129638672	3	Kong
6.500258445739746	-15.740114212036133	0	Tel
28.03733253479004	-14.615362167358398	5	coupon
5.537693023681641	17.947153091430664	8	Near
8.490533828735352	34.78233337402344	6	Ultimate
28.51266860961914	40.670413970947266	10	surely
11.903871536254883	33.338844299316406	6	absolute
-23.39971160888672	-13.716294288635254	1	brothers
-44.35072326660156	5.317858695983887	1	boss
-53.327232360839844	11.305607795715332	1	Son
-35.93611526489258	-26.827781677246094	3	Dean
-44.75224685668945	-19.75444793701172	3	Rob
30.456663131713867	30.1137752532959	10	largely
-36.452476501464844	-36.16649627685547	3	Jon
-18.10685157775879	-6.85291051864624	0	hall
18.697450637817383	34.91965103149414	6	stronger
-16.308128356933594	-31.960662841796875	7	Alexander
-17.042646408081055	32.74300765991211	2	ONE
-30.754549026489258	-36.46965789794922	3	Larry
36.57449722290039	32.46482849121094	10	remained
-25.71530532836914	3.89115309715271	0	pan
-2.4332938194274902	-12.951669692993164	0	Cape
-25.08700180053711	-24.11346435546875	7	Hunter
36.53850555419922	12.636752128601074	9	offensive
11.962874412536621	27.442306518554688	6	loud
-19.00296974182129	6.390413284301758	5	cloud
14.732020378112793	-0.3097044825553894	2	Range
23.64078140258789	-6.556375503540039	5	Region
-40.837432861328125	-31.022977828979492	3	Greg
-0.308916300535202	29.480754852294922	0	Universal
29.80640983581543	-27.62467384338379	4	Championship
6.762997150421143	-19.013917922973633	0	tie
-8.069920539855957	11.960427284240723	0	Prime
1.0052016973495483	30.157278060913086	2	golden
-4.7470526695251465	-15.799643516540527	0	Hong
-10.461148262023926	-28.3942928314209	7	Romney
-13.879502296447754	11.097837448120117	5	App
19.069412231445312	-18.233070373535156	9	troops
-24.940345764160156	14.811873435974121	5	Window
16.163307189941406	-27.036521911621094	4	Captain
50.340877532958984	1.3181953430175781	8	cheaper
11.353202819824219	-4.506824493408203	0	Urban
5.084868431091309	42.290199279785156	6	Awesome
-24.0097713470459	-42.420143127441406	3	Johnny
-11.32589340209961	-24.776803970336914	7	Miles
-5.220617771148682	-12.559247970581055	0	Oak
-21.021272659301758	17.086668014526367	2	pride
14.03067398071289	24.856029510498047	6	loaded
35.11795425415039	-9.496058464050293	5	Advertising
-12.487195014953613	1.8021433353424072	5	Rome
-17.200624465942383	-3.8426084518432617	0	Dragon
15.494556427001953	22.764854431152344	10	survive
35.50682067871094	13.90695858001709	9	angry
-15.058996200561523	-8.465507507324219	0	Gray
-39.336666107177734	-28.10401153564453	3	Phil
32.737449645996094	34.70001220703125	10	deserve
18.819339752197266	28.442386627197266	2	wise
-41.04115295410156	-29.99263572692871	3	Jimmy
-45.8327522277832	-23.00700569152832	3	Jerry
-8.069844245910645	11.960722923278809	0	prime
39.42472839355469	-21.235347747802734	5	IBM
1.4044041633605957	-13.597576141357422	0	sin
-3.661569356918335	-14.35233211517334	0	Grey
44.53355026245117	-0.020037345588207245	9	suffered
-7.076419353485107	-26.748992919921875	3	Jose
24.679773330688477	42.37088394165039	10	appreciated
-25.89933204650879	-43.050411224365234	3	Christopher
-33.5265998840332	-37.173709869384766	3	Sean
-17.647708892822266	-29.221899032592773	7	Adams
13.446723937988281	1.2107821702957153	2	dose
0.7662702798843384	6.033594608306885	2	logic
17.995962142944336	33.65677261352539	6	feat
-5.628455638885498	-20.065967559814453	5	Berlin
-32.51814651489258	-36.18904113769531	3	Billy
-3.9938466548919678	17.871259689331055	2	rank
-27.113170623779297	-40.86501693725586	3	Josh
-23.9659366607666	-27.698650360107422	7	Walker
-27.07878303527832	-42.176048278808594	3	Jonathan
-11.110334396362305	-31.08233070373535	7	Harris
-23.149311065673828	-14.227282524108887	1	Brothers
38.182090759277344	-12.352455139160156	5	WordPress
-46.96622085571289	12.190587997436523	1	hero
35.01191329956055	11.171798706054688	9	combat
-23.239315032958984	-15.510856628417969	1	Kings
-32.2938232421875	-33.2550163269043	3	Ken
19.800521850585938	-26.504947662353516	4	Agent
23.1375675201416	14.268509864807129	2	rush
0.22075484693050385	-34.64227294921875	3	Antonio
2.0025789737701416	-24.694473266601562	5	Orlando
13.646337509155273	31.361820220947266	6	finest
-7.847391128540039	-10.594026565551758	0	Solar
21.557437896728516	6.863008975982666	8	Between
-19.801773071289062	-28.928909301757812	7	Gordon
-6.23286771774292	-34.20702362060547	7	Stewart
-4.702975273132324	-4.091063499450684	5	tab
43.06067657470703	1.2828187942504883	9	destroyed
35.18920135498047	12.524698257446289	9	disaster
-36.52166748046875	-31.512210845947266	3	Steven
26.21927261352539	38.76244354248047	10	proved
19.206626892089844	-8.268253326416016	5	Poker
-1.7840397357940674	-33.167259216308594	7	Franklin
-4.996650218963623	-7.479790687561035	0	peak
35.59356689453125	-14.432821273803711	6	hardcore
16.257152557373047	36.45306396484375	6	rapidly
42.48637390136719	-10.035183906555176	2	Status
-4.618077754974365	-29.225217819213867	7	Sterling
19.405029296875	27.670480728149414	2	wisdom
-21.341907501220703	-27.081626892089844	7	Perry
20.116960525512695	-5.0602545738220215	5	combine
27.612865447998047	-28.01419448852539	4	producer
17.410232543945312	7.122154712677002	6	Dual
-18.953022003173828	-31.50343894958496	7	Lawrence
39.72117614746094	8.05418872833252	9	destroy
-6.531077861785889	-36.26172637939453	7	Russell
15.519512176513672	33.74985885620117	6	Powered
-35.29891586303711	-34.808868408203125	3	Luke
43.16002655029297	-3.575838565826416	9	ignore
-26.5294132232666	13.138875961303711	5	bond
-5.475718975067139	-33.23435974121094	7	Thompson
16.411230087280273	-24.04559898376465	4	Players
-31.396034240722656	-41.98216247558594	3	Barack
3.551356077194214	18.70924186706543	8	ONLY
-21.89264678955078	-32.05290222167969	7	Ross
-7.055332183837891	40.001922607421875	6	Rich
-50.71458435058594	10.939939498901367	1	Dad
-6.149930477142334	-8.98641300201416	0	Mass
-24.651920318603516	13.595572471618652	5	glasses
-41.705013275146484	-25.94657325744629	3	Craig
-24.023027420043945	18.766815185546875	0	Hell
-33.79796600341797	-29.824417114257812	3	Terry
-17.292837142944336	30.44850730895996	2	WILL
-33.353065490722656	-34.63865280151367	3	Roger
-14.982914924621582	-28.187313079833984	7	Hamilton
-3.933651924133301	-10.272608757019043	0	mount
17.76630210876465	15.636058807373047	2	invest
-10.63625717163086	-3.8110556602478027	0	Bass
-2.072571039199829	-36.31990432739258	3	Keith
2.4702961444854736	-17.393451690673828	5	Ridge
34.65968322753906	35.138858795166016	10	crucial
-10.294347763061523	-26.763273239135742	7	Duke
15.950397491455078	35.04380798339844	6	instantly
-16.299930572509766	0.6660909652709961	0	Block
-5.237493991851807	-3.3726983070373535	5	plug
-19.746000289916992	2.388599157333374	0	Salt
20.398061752319336	34.21751022338867	6	heavily
-32.60042190551758	-27.579364776611328	7	max
-19.00296974182129	6.390413284301758	5	Cloud
-1.1759412288665771	-20.823204040527344	0	Arab
-35.609676361083984	-22.5241641998291	3	Dick
-16.64456558227539	-26.484006881713867	7	McCain
-23.65492820739746	-40.70035934448242	3	Ian
38.86709976196289	9.353052139282227	9	Against
-29.592777252197266	-39.19538116455078	3	Aaron
-24.191789627075195	-14.77389144897461	1	boyfriend
27.459768295288086	-30.160600662231445	4	Chairman
-35.6378173828125	-32.53899383544922	3	Fred
-16.714841842651367	1.8207783699035645	0	ban
19.94002342224121	-27.802915573120117	4	Mayor
7.642514228820801	-16.51760482788086	0	int
44.159217834472656	-3.9859068393707275	9	refused
-8.598219871520996	-4.038370609283447	0	beef
36.64654541015625	26.42630958557129	9	captured
18.812362670898438	9.608076095581055	2	aged
26.391456604003906	-11.197441101074219	5	Bureau
-9.181681632995605	-33.51811218261719	7	Wright
20.669296264648438	12.190380096435547	2	Offer
-13.005346298217773	12.658624649047852	5	youtube
25.43833351135254	-22.14181900024414	4	Premier
-8.066157341003418	-35.8947868347168	7	Carter
-13.581808090209961	-34.73177719116211	7	Nelson
-5.603182315826416	-35.030616760253906	7	Graham
-1.518361210823059	-6.907119274139404	5	Metro
18.059579849243164	3.6310412883758545	0	mid
-16.059282302856445	37.06981658935547	2	Truth
4.909165859222412	28.042715072631836	6	Beyond
-16.256610870361328	-4.591348648071289	0	Tiger
24.690074920654297	-27.098833084106445	4	actors
16.144018173217773	27.999242782592773	6	rapid
-23.4942569732666	-30.38772964477539	7	Arthur
10.138947486877441	-32.52288055419922	1	junior
-1.9972078800201416	-17.352191925048828	0	hook
2.9175028800964355	-21.201213836669922	5	aluminum
17.78374671936035	7.038036346435547	6	dual
24.833486557006836	5.787074089050293	8	poverty
24.270540237426758	-8.998475074768066	5	terminal
-32.00183868408203	-29.91366958618164	7	Barry
-13.0440673828125	39.15340805053711	6	BEST
46.73125076293945	-17.12067222595215	5	permalink
26.937599182128906	36.698509216308594	10	delivers
-10.516684532165527	39.91484832763672	6	holy
-0.022127442061901093	29.157278060913086	0	universal
5.372833251953125	12.309152603149414	8	Lower
-47.61060333251953	-21.70909881591797	3	Brad
22.69096565246582	23.431581497192383	2	Worth
40.814598083496094	34.53855514526367	10	Hopefully
19.567745208740234	4.117759704589844	8	Per
-3.982752799987793	17.64409065246582	2	Rank
12.902671813964844	37.97765350341797	6	spectacular
-24.435195922851562	-13.651835441589355	1	sons
3.011042356491089	3.8334295749664307	5	jail
27.54092025756836	-7.31573486328125	5	Session
47.097503662109375	-8.653961181640625	10	occasionally
15.369978904724121	20.235668182373047	2	alert
-37.69642639160156	-26.942005157470703	3	Mario
-9.160789489746094	-7.7129387855529785	0	void
47.34957504272461	-2.345468759536743	8	unfortunately
-12.136100769042969	-29.59857749938965	7	Parker
4.3974151611328125	32.265777587890625	6	Heavy
-11.801010131835938	0.10845018923282623	7	Liberty
-3.766598701477051	-33.520103454589844	7	Douglas
-2.6776833534240723	-10.489588737487793	0	Dodge
-8.654934883117676	-34.904605865478516	7	Marshall
-17.340618133544922	12.034709930419922	5	Truck
-23.932720184326172	-24.83970069885254	7	Knight
38.11716079711914	34.287899017333984	10	convinced
10.374002456665039	29.15517807006836	6	Upper
-10.144649505615234	-35.58138656616211	7	Campbell
37.66859817504883	10.660127639770508	9	destruction
1.43768310546875	-31.475425720214844	7	Costa
28.498485565185547	-26.87496566772461	4	presidential
-1.2420490980148315	-8.865917205810547	0	Summit
44.27981185913086	-14.483100891113281	6	oldest
11.21814250946045	-32.88278579711914	1	Mens
39.26087951660156	33.57191848754883	10	durable
-19.74004554748535	16.207412719726562	5	Jump
-49.82027053833008	7.637040615081787	1	Brother
-16.11574363708496	5.705304145812988	5	beans
25.597492218017578	37.67268753051758	10	succeed
30.2111873626709	-28.27953338623047	4	championship
25.464561462402344	-10.064318656921387	5	Desktop
41.57373809814453	6.496895790100098	9	violent
38.904273986816406	-16.38743782043457	2	venture
33.62373733520508	33.51280212402344	10	reminds
26.061359405517578	-8.415375709533691	5	trucks
-5.8190693855285645	-30.06536102294922	7	Kent
-17.769485473632812	-35.269283294677734	7	Albert
3.0892646312713623	-23.33608055114746	5	Chevrolet
-24.165058135986328	-34.34119415283203	7	Roy
47.0954704284668	-7.511183261871338	8	unlikely
-21.401554107666016	-40.29001235961914	3	Carl
-32.10554504394531	14.961639404296875	0	Hat
42.004844665527344	8.692191123962402	9	aggressive
37.43204879760742	-11.49921703338623	5	JavaScript
1.4959300756454468	1.658440351486206	5	http
-23.247900009155273	-25.622364044189453	7	Baker
29.001422882080078	36.067325592041016	10	authentic
14.757378578186035	3.0142974853515625	2	vol
-13.643754959106445	-32.593143463134766	7	Murray
-18.8385009765625	13.527101516723633	5	Arms
-15.563737869262695	-27.515443801879883	7	Columbus
-36.26652908325195	-28.59613800048828	3	Dennis
27.170095443725586	-8.690625190734863	5	towns
-3.68822979927063	-36.943992614746094	3	Francis
17.44183349609375	20.426467895507812	2	glory
3.027608871459961	0.7709817886352539	5	Menu
27.559425354003906	39.23562240600586	10	trusted
-9.018994331359863	-25.777557373046875	7	Potter
-9.306015014648438	-31.095996856689453	7	Jefferson
-8.039541244506836	18.591144561767578	2	Hour
-17.225353240966797	-33.368534088134766	7	Cooper
16.86610984802246	-19.776823043823242	4	hockey
0.23942674696445465	22.064285278320312	2	Yesterday
-21.53569984436035	-39.15296936035156	3	Marc
-35.512813568115234	-25.683652877807617	3	Donald
6.328858375549316	35.91045379638672	6	handy
38.160221099853516	8.472563743591309	9	defeat
-24.266143798828125	-31.389379501342773	7	Walter
-24.750625610351562	-38.62373352050781	3	Tyler
23.530231475830078	-3.9967894554138184	2	Password
2.5673201084136963	21.667823791503906	2	Past
38.02842330932617	31.61842918395996	10	integrity
36.30128479003906	4.46921443939209	9	arrest
43.712581634521484	-1.232855200767517	9	alleged
33.28798294067383	-7.021100044250488	5	paragraph
-3.979292631149292	-14.089363098144531	0	grey
5.260688781738281	-22.678556442260742	7	Harvard
33.404541015625	-8.665960311889648	5	dialogue
28.890457153320312	-28.56223487854004	4	producers
36.067626953125	31.047237396240234	10	remind
-7.079899311065674	2.5025815963745117	5	suits
18.132709503173828	10.93218994140625	2	tale
3.7586143016815186	-1.1757397651672363	5	Chamber
-19.022958755493164	20.94063949584961	2	Pain
41.96319580078125	-16.648948669433594	0	bulk
-8.096668243408203	-33.45677185058594	7	Mitchell
19.354717254638672	40.07748031616211	10	blessed
43.486358642578125	-17.70599365234375	0	ISO
-22.831674575805664	-38.203086853027344	3	Todd
20.2991886138916	15.710591316223145	2	Duty
33.40125274658203	38.96063995361328	10	achievement
36.385257720947266	-17.061542510986328	2	holder
10.229232788085938	38.01783752441406	6	enormous
-17.139986038208008	-0.3727763891220093	0	hunt
50.61012268066406	-15.383816719055176	8	cheapest
-32.8348503112793	13.48129940032959	0	mask
36.98305892944336	30.396121978759766	10	repeated
-2.0932490825653076	-30.798723220825195	7	Warner
-31.877052307128906	-35.3414421081543	3	Chuck
-25.623428344726562	-28.471513748168945	7	Robinson
37.7528076171875	12.74019718170166	9	fought
37.446346282958984	-19.331457138061523	0	xxx
25.501449584960938	-11.685011863708496	5	liver
31.78065299987793	36.96634292602539	10	worthy
0.027464916929602623	-35.879539489746094	3	Jacob
-5.326693534851074	41.8828239440918	6	BIG
-18.051227569580078	-4.6653523445129395	0	Mars
12.634568214416504	7.277062892913818	2	Sell
-22.636993408203125	-0.13206671178340912	0	BLACK
-44.287086486816406	3.7122843265533447	1	shirts
-28.481691360473633	-43.06492614746094	3	Neil
29.364303588867188	-29.78365707397461	4	directors
-46.17673873901367	14.82502555847168	1	Shirt
-8.244629859924316	-1.025749921798706	5	penis
-18.69488525390625	-40.48851013183594	3	Philip
31.813695907592773	-13.904915809631348	2	radiation
36.84884262084961	6.3531036376953125	9	Contest
-42.816158294677734	-24.24350929260254	3	Pete
15.860945701599121	15.166237831115723	5	loading
-0.048525650054216385	-18.606578826904297	0	Rio
3.7586143016815186	-1.1757397651672363	5	chamber
39.18503952026367	-8.584461212158203	6	fastest
-31.68368148803711	-26.357248306274414	7	Cole
-40.43070983886719	-26.0427188873291	3	Doug
-9.04446792602539	-4.862061023712158	0	seal
-17.30823516845703	20.18416976928711	9	bomb
33.623565673828125	13.260809898376465	9	wars
-2.9261672496795654	-37.88053512573242	3	Samuel
37.28230285644531	3.0355923175811768	9	Campaign
-31.980857849121094	-37.45796585083008	3	Danny
-26.5294132232666	13.138875961303711	5	Bond
22.475839614868164	7.304571628570557	8	Late
-1.2052574157714844	40.61130142211914	6	Strong
-4.1251540184021	-37.88718032836914	3	Brandon
23.708759307861328	-27.929452896118164	4	athletes
37.54189682006836	-2.384347438812256	9	tackle
30.106395721435547	36.92696762084961	10	considerable
4.012941837310791	38.47441482543945	6	Unique
26.722841262817383	-30.085113525390625	4	chairman
-6.879636287689209	-33.065250396728516	7	Cameron
-7.825335502624512	-8.576793670654297	0	shadow
-30.616222381591797	-38.137786865234375	3	Bobby
43.60874557495117	0.12643013894557953	9	attempted
1.710142731666565	23.265838623046875	2	Along
-13.899441719055176	5.985652923583984	5	Beer
-47.26068878173828	12.459352493286133	1	Hero
-24.51812744140625	-18.84889030456543	1	Chef
-14.923964500427246	20.24270248413086	2	Trial
39.01421356201172	-19.41431999206543	0	Sox
6.998010635375977	42.85881805419922	6	tremendous
46.83388900756836	-15.536201477050781	2	regime
3.7378242015838623	-2.879943370819092	5	Apps
21.23644256591797	-23.3275146484375	4	Amateur
21.652376174926758	-4.7790608406066895	5	landing
34.1798210144043	-6.469666957855225	2	advise
34.61349105834961	32.904571533203125	10	reminded
11.820952415466309	-12.315165519714355	1	Giants
23.488046646118164	-24.621795654296875	4	NHL
14.548099517822266	35.886234283447266	6	unlimited
35.0074348449707	-18.123571395874023	0	par
-10.560898780822754	-34.41819763183594	7	Evans
-6.312783718109131	-11.784666061401367	0	RAM
-6.947644233703613	-30.605886459350586	7	Hudson
44.24423599243164	-16.663860321044922	0	density
4.22659969329834	-17.16632652282715	0	fax
-15.05817699432373	-8.429500579833984	0	gray
31.51034164428711	-14.877009391784668	2	pound
27.086484909057617	-29.16230583190918	4	passenger
41.444156646728516	-10.87775707244873	2	productivity
-30.955732345581055	-40.30149459838867	3	Jeremy
-21.174522399902344	-33.2769889831543	7	Morris
6.040740966796875	-23.96079444885254	5	Oakland
-19.389636993408203	10.752395629882812	5	Joint
26.111604690551758	34.2840576171875	10	identical
35.24193572998047	-7.7684197425842285	2	supplement
-9.867769241333008	-27.365264892578125	7	Ali
44.27265548706055	-7.230346202850342	9	campaigns
-12.549065589904785	-28.476802825927734	7	Stanley
16.808313369750977	-19.374073028564453	4	Hockey
-30.160757064819336	-33.5327033996582	3	Ted
-16.723438262939453	-1.580428957939148	0	blade
-9.286222457885742	19.761451721191406	2	TIME
42.7823486328125	-12.65575885772705	6	underlying
-12.531319618225098	-26.374568939208984	7	Penn
-24.524383544921875	1.9586163759231567	0	Cap
11.576271057128906	7.555843353271484	2	Count
45.83735656738281	-14.73241901397705	2	duration
3.4817278385162354	-19.45767593383789	5	API
23.802900314331055	39.49402618408203	10	precise
15.524258613586426	20.655214309692383	2	Alert
-7.231330871582031	-5.769886493682861	0	Belt
38.39341735839844	-21.26129150390625	5	HTC
-12.345369338989258	-32.19511032104492	7	Roberts
39.15081787109375	-22.33614158630371	7	Hilton
6.6210856437683105	30.992921829223633	6	Ultra
-1.950627088546753	-18.85995101928711	0	Alpha
19.87225341796875	36.67236328125	10	hilarious
-28.850719451904297	5.704555988311768	7	Oscar
-7.163393020629883	24.393463134765625	0	united
24.018739700317383	14.456917762756348	9	blast
28.037633895874023	-14.615962982177734	5	Coupon
1.2833393812179565	42.63847732543945	10	praise
40.856773376464844	-2.537381887435913	9	terrorist
37.391822814941406	35.879486083984375	10	encouraging
45.41606521606445	-17.790266036987305	5	bytes
27.84242057800293	-10.027321815490723	5	ports
42.2536506652832	0.3722059726715088	9	violation
-23.937686920166016	6.616321563720703	5	Button
29.803749084472656	37.98698425292969	10	memorable
6.708728313446045	11.486000061035156	8	Poor
49.91287612915039	-17.79084014892578	8	PMI
-2.0237491130828857	-11.765715599060059	0	coal
-16.246685028076172	9.873825073242188	5	Logo
0.0901535302400589	-20.558555603027344	0	von
3.300304889678955	2.3654940128326416	5	Ads
1.635004997253418	15.48970890045166	8	Bottom
-33.090370178222656	9.686867713928223	0	Wolf
25.43833351135254	-22.14181900024414	4	premier
37.07283401489258	34.41343688964844	10	assured
33.863468170166016	-20.81302261352539	0	ABS
-0.7263557314872742	-12.771821022033691	0	bin
48.865936279296875	-18.553421020507812	2	EUR
-24.694461822509766	-41.544471740722656	3	Jake
44.61784744262695	-5.792721271514893	9	ignored
42.36258316040039	3.3239827156066895	9	attacked
43.11875915527344	-13.429900169372559	6	exceed
4.902384281158447	-18.574636459350586	0	oxygen
-30.22515296936035	-35.60432815551758	3	Randy
44.6368293762207	-10.14674186706543	4	classified
33.12151336669922	35.9598388671875	10	meaningful
12.976332664489746	32.51315689086914	6	Instant
-26.77840805053711	-37.997135162353516	3	Kyle
12.810556411743164	17.546323776245117	2	Skills
-33.36126708984375	8.790695190429688	7	Batman
18.277311325073242	13.397931098937988	2	tribute
49.22480010986328	1.941606044769287	8	approx
25.416690826416016	39.63817596435547	10	timely
43.942787170410156	-5.11834716796875	9	deny
-18.414350509643555	-32.08015823364258	7	Murphy
-10.526655197143555	4.087759017944336	5	bonds
42.08810043334961	-18.3125057220459	0	VAT
29.364303588867188	-29.78365707397461	4	Directors
-12.72910213470459	-8.212665557861328	0	Del
3.947817325592041	15.695943832397461	8	Far
-8.279396057128906	-8.969648361206055	0	Shadow
-35.326026916503906	-30.004812240600586	3	drew
28.448402404785156	-9.092330932617188	5	tablets
0.3097786009311676	-24.406932830810547	7	Holland
-1.1828535795211792	-31.34638023376465	7	Rogers
37.99666213989258	6.772819995880127	9	sacrifice
-7.149857044219971	-34.84791946411133	7	Turner
-7.509369373321533	-25.45069122314453	3	Pope
37.12074279785156	14.92870044708252	9	Attack
2.754760503768921	-26.128559112548828	5	Comcast
-26.266252517700195	-39.19532012939453	3	Tommy
17.755521774291992	43.92607879638672	10	PLEASE
45.97694778442383	-18.95905303955078	2	CST
-25.246639251708984	-40.306800842285156	3	Benjamin
34.6269645690918	-14.896186828613281	0	hybrid
0.26977068185806274	-30.606945037841797	7	Wells
-14.13465690612793	3.88966703414917	5	font
16.163307189941406	-27.036521911621094	4	captain