x	y	cluster	word
33.35419464111328	15.644224166870117	5	his
31.30672264099121	15.131202697753906	5	her
10.961472511291504	24.6972713470459	5	she
31.044403076171875	15.797310829162598	5	him
-5.619322299957275	-12.681729316711426	1	white
16.798921585083008	-14.973048210144043	10	girl
5.6364264488220215	-20.350000381469727	10	woman
-30.67218589782715	7.746575355529785	10	daughter
-7.580760478973389	-13.403087615966797	10	female
-26.716386795043945	-1.250138521194458	10	sister
-9.087772369384766	-16.106931686401367	10	american
1.659694790840149	-19.03411865234375	10	french
-9.44823932647705	-11.194766998291016	10	indian
-7.9396162033081055	-16.1575870513916	10	chinese
-12.863517761230469	-14.369478225708008	10	japanese
-6.181565761566162	-15.336076736450195	10	german
11.232646942138672	23.68317222595215	5	hers
-11.477051734924316	-12.879973411560059	10	italian
-31.782644271850586	9.152695655822754	10	british
-37.825103759765625	9.440579414367676	10	european
-35.05387878417969	9.243894577026367	10	australian
55.10260009765625	6.221578121185303	5	The
30.05658531188965	13.599465370178223	5	one
50.88103103637695	11.235245704650879	5	like
4.077178955078125	35.25987243652344	7	would
50.2248420715332	8.228429794311523	5	This
-3.602820873260498	-45.63029098510742	6	time
17.24123191833496	7.209081172943115	8	get
52.57923126220703	10.38526439666748	5	also
30.88812255859375	12.607104301452637	5	You
37.11751937866211	-19.321208953857422	0	people
32.75355529785156	11.436691284179688	5	first
14.724838256835938	6.538882255554199	8	make
47.63059997558594	12.102459907531738	2	good
9.347148895263672	15.72973346710205	8	know
50.76219177246094	6.498104572296143	5	see
-8.408609390258789	-41.28811264038086	6	may
-3.035935401916504	33.39863586425781	7	could
25.84532356262207	4.152382850646973	1	use
53.91498947143555	8.267790794372559	5	And
-11.4456148147583	15.244278907775879	8	way
51.313358306884766	9.749448776245117	5	well
34.371315002441406	9.937734603881836	5	two
14.485589027404785	12.125980377197266	8	think
33.304161071777344	24.404254913330078	7	much
-12.700361251831055	-42.08972930908203	6	years
6.339813709259033	35.43537139892578	7	many
17.841033935546875	-11.792810440063477	10	back
45.49312210083008	7.949215412139893	5	For
18.690441131591797	7.025719165802002	8	need
-5.297644138336182	-45.75007247924805	6	year
17.726200103759766	32.20608901977539	2	even
49.11188888549805	14.859606742858887	2	really
-5.275278091430664	10.881575584411621	8	want
28.869556427001953	27.182964324951172	2	great
-3.2943482398986816	-48.89893341064453	6	day
42.49240493774414	10.914588928222656	5	right
43.78436279296875	11.651947975158691	5	best
15.62385082244873	9.274908065795898	8	made
-24.94866943359375	-16.815046310424805	3	views
52.391380310058594	11.963333129882812	5	But
3.2821671962738037	1.004164695739746	1	find
16.814117431640625	8.273276329040527	8	take
-38.222267150878906	-13.137365341186523	4	information
-5.195745468139648	10.319037437438965	8	used
38.65327072143555	-16.93902015686035	10	home
8.722637176513672	25.05461883544922	5	last
52.691436767578125	6.2974419593811035	5	What
-2.073324203491211	15.277853012084961	8	going
27.203855514526367	6.206311225891113	1	help
31.26432228088379	19.285675048828125	5	still
42.99758529663086	8.023024559020996	1	free
52.52965545654297	8.867094039916992	5	There
43.457454681396484	12.963531494140625	2	All
-8.508198738098145	-40.797542572021484	6	May
32.46519088745117	15.84697151184082	5	They
32.953086853027344	19.65565299987793	7	around
38.36299133300781	-18.33746910095215	10	world
-13.310442924499512	18.95966148376465	1	little
48.79359436035156	5.127946853637695	3	look
35.19798278808594	5.06482458114624	8	got
52.400917053222656	7.988437652587891	5	That
-1.5733896493911743	1.2749245166778564	1	part
41.566097259521484	14.181632995605469	5	better
26.37321662902832	26.385276794433594	2	every
38.65327072143555	-16.93902015686035	10	Home
33.873321533203125	-19.666973114013672	0	things
39.638580322265625	-3.612910032272339	3	Posted
53.68169021606445	10.724699020385742	5	something
53.815425872802734	6.901568412780762	5	With
-17.198305130004883	5.597110271453857	9	available
-11.825966835021973	24.997081756591797	5	never
5.267861843109131	15.660555839538574	8	using
-3.118147134780884	-17.193702697753906	10	place
20.774425506591797	10.877820014953613	1	come
9.404434204101562	-19.728899002075195	10	site
-18.703567504882812	-22.219236373901367	4	online
35.459632873535156	20.535831451416016	5	another
-33.599578857421875	1.3344650268554688	10	system
12.66657543182373	15.100020408630371	8	found
39.72856903076172	10.671619415283203	5	How
39.701473236083984	19.41929817199707	5	When
-11.371076583862305	-43.97626495361328	6	days
29.27523422241211	16.32378387451172	5	without
25.31586265563965	27.34738540649414	2	always
4.812974452972412	27.44377326965332	7	different
7.997803211212158	27.00823211669922	5	next
27.257062911987305	22.535369873046875	8	must
-13.084068298339844	27.881071090698242	7	since
39.9853401184082	-7.628167629241943	3	video
28.429481506347656	25.67934226989746	2	sure
40.50187301635742	11.194089889526367	5	Your
39.19984817504883	12.869274139404297	5	More
-0.9733178019523621	-15.181341171264648	10	number
12.661617279052734	-32.53529739379883	0	service
-0.05191727727651596	-35.536163330078125	6	three
8.241528511047363	35.01445388793945	2	including
10.961472511291504	24.6972713470459	5	She
35.187068939208984	-12.984444618225098	1	show
28.22162628173828	8.820998191833496	1	end
25.759313583374023	-20.51485824584961	10	family
15.106764793395996	13.040264129638672	8	looking
29.77752685546875	13.863710403442383	5	One
37.50908279418945	-5.001875877380371	3	post
-1.1058425903320312	33.09986877441406	7	might
37.68283462524414	18.81434440612793	7	today
-3.9154250621795654	-47.98598098754883	6	week
-9.474353790283203	0.43973422050476074	1	old
-25.448148727416992	17.583803176879883	8	put
30.815223693847656	-2.9739108085632324	3	read
14.802433967590332	-29.799013137817383	4	company
29.2006893157959	7.670262336730957	1	top
32.90982437133789	-14.524110794067383	10	book
46.40592575073242	13.37158489227295	2	full
3.4672272205352783	4.115200042724609	1	keep
0.451053649187088	4.139312267303467	1	small
14.815902709960938	8.20498275756836	8	feel
22.103254318237305	-10.51362419128418	4	support
24.126848220825195	10.059569358825684	1	real
-0.3802495002746582	-37.47043228149414	6	times
-1.1990364789962769	18.406028747558594	8	says
23.795759201049805	-21.394058227539062	10	school
11.616645812988281	-3.658527374267578	1	play
29.711170196533203	6.241616725921631	1	left
16.162202835083008	-22.327011108398438	10	team
15.347116470336914	-18.47715187072754	10	water
7.399970054626465	-5.726006984710693	1	point
19.551029205322266	-19.009599685668945	10	data
29.287067413330078	-19.136146545410156	10	music
27.703041076660156	15.199718475341797	5	Our
40.747840881347656	-9.791214942932129	3	News
32.75552749633789	10.430739402770996	5	second
-1.6403474807739258	-13.131214141845703	10	order
4.851529121398926	-37.23162841796875	0	children
-1.8758549690246582	27.624244689941406	7	within
13.861531257629395	-18.42201805114746	10	City
37.65343475341797	20.515356063842773	7	Now
36.9582405090332	23.302101135253906	5	though
10.531305313110352	-1.5632727146148682	1	start
-9.086651802062988	-16.463327407836914	10	American
-13.426294326782227	-40.69786071777344	6	months
-36.729557037353516	-21.61939811706543	0	services
-19.09697151184082	-19.048112869262695	4	experience
18.92392921447754	-14.124007225036621	10	car
15.790545463562012	-12.104402542114258	10	case
5.132798194885254	13.365464210510254	8	making
15.914986610412598	10.746834754943848	8	getting
27.643966674804688	23.218297958374023	2	done
27.170028686523438	-19.152677536010742	10	state
3.0832316875457764	16.053104400634766	8	provide
-34.201602935791016	6.016825199127197	10	course
34.15900802612305	-17.223209381103516	0	list
-10.566201210021973	-39.79803466796875	6	June
12.121825218200684	-23.602703094482422	4	local
-4.656238555908203	24.99032211303711	2	enough
1.9103634357452393	5.561594009399414	1	hard
43.19837188720703	8.011833190917969	1	Free
22.32645606994629	-20.12904167175293	10	person
-10.144366264343262	-40.593223571777344	6	April
-9.315673828125	13.371307373046875	1	let
-14.613314628601074	-8.441326141357422	10	line
48.17025375366211	7.094604015350342	5	From
-15.736123085021973	-23.271892547607422	4	website
-12.644669532775879	23.7477970123291	7	least
13.655904769897461	13.067747116088867	1	try
2.5764400959014893	22.252933502197266	2	important
14.350516319274902	-27.06073570251465	4	working
5.677000999450684	26.791946411132812	5	less
17.474567413330078	-5.736547946929932	8	quality
18.012950897216797	-23.188505172729492	10	group
-26.805742263793945	11.429579734802246	1	care
20.238615036010742	7.156689643859863	8	makes
8.89230728149414	12.462580680847168	8	thought
0.8288354277610779	2.4820334911346436	1	side
-3.790224075317383	-0.18085545301437378	1	call
-11.904339790344238	-5.062585830688477	10	United
-3.7044341564178467	-17.90766143798828	10	room
30.912769317626953	25.28310775756836	2	actually
39.527305603027344	14.448395729064941	5	These
-35.89689254760742	-9.14818000793457	4	program
11.687777519226074	-26.749116897583008	4	public
-0.5430871844291687	2.812560558319092	1	John
2.520901679992676	-12.857669830322266	9	products
-11.412605285644531	-40.03120803833008	6	January
1.0082836151123047	24.043304443359375	3	following
-1.1502658128738403	36.1766471862793	7	yet
-21.536602020263672	18.32077980041504	8	called
4.562619209289551	-8.862115859985352	9	buy
-12.81304931640625	-42.88370132446289	6	hours
7.571918964385986	36.56511688232422	7	already
3.919339179992676	-10.222346305847168	9	price
-9.869698524475098	-41.74285888671875	6	July
24.274812698364258	24.427640914916992	2	easy
12.812661170959473	-29.89496421813965	4	design
37.928131103515625	-18.07144546508789	10	World
25.267621994018555	17.411470413208008	5	please
26.683156967163086	-19.08656120300293	10	State
55.418846130371094	6.815605640411377	5	THE
-3.3438913822174072	23.156293869018555	2	include
-9.984480857849121	5.813031196594238	8	problem
12.576629638671875	-2.0600531101226807	1	open
30.978757858276367	-16.21725082397461	10	food
5.163113594055176	-34.61709213256836	0	women
25.488109588623047	22.138256072998047	2	based
13.547831535339355	9.534651756286621	8	went
16.397729873657227	-14.661691665649414	10	body
-39.14898681640625	7.665750026702881	10	County
23.467130661010742	-16.328039169311523	10	house
-35.390342712402344	-11.286133766174316	4	process
4.0771379470825195	13.693799018859863	8	needs
36.374916076660156	-7.2435736656188965	3	story
32.19352722167969	-8.504972457885742	3	search
-16.769466400146484	20.185632705688477	1	large
-12.484076499938965	-39.73896026611328	6	February
8.253007888793945	28.14491081237793	5	Not
16.716148376464844	19.670183181762695	2	together
11.906009674072266	10.397372245788574	8	came
33.91892623901367	18.532550811767578	5	After
32.81401062011719	18.00177764892578	5	someone
49.18388748168945	7.841954231262207	5	Here
19.30324935913086	-28.431726455688477	0	others
-9.856743812561035	-42.68344497680664	6	October
6.576690196990967	37.339942932128906	7	often
30.771705627441406	8.693997383117676	5	fact
34.14384078979492	4.345265865325928	8	means
-19.52349281311035	1.2157959938049316	9	offer
-5.89912223815918	-21.66866683959961	10	country
9.145759582519531	-7.377040863037109	1	control
-11.893876075744629	-40.749359130859375	6	November
30.251300811767578	-21.231172561645508	0	friends
35.585208892822266	-5.665866374969482	3	view
-12.115131378173828	22.70814323425293	7	become
-16.60574722290039	27.095726013183594	7	possible
-2.993302345275879	31.11365509033203	7	several
27.813533782958984	14.035096168518066	5	bad
5.032041072845459	-13.061150550842285	9	market
14.129952430725098	-18.73328971862793	10	city
30.05449867248535	5.164873123168945	1	fun
-11.101654052734375	-41.2879753112793	6	December
43.67863082885742	15.28826904296875	2	nice
0.18663625419139862	8.213129997253418	1	pretty
25.26761245727539	17.41156768798828	5	Please
6.292093753814697	-9.786026000976562	9	product
12.369384765625	15.896992683410645	8	seen
9.955842018127441	-15.861430168151855	1	form
23.93881607055664	-5.475984573364258	3	results
35.867679595947266	-5.269994735717773	3	View
29.805810928344727	25.32777976989746	2	Just
-29.173704147338867	-24.161090850830078	0	points
-32.20122146606445	-20.937028884887695	0	students
6.126629829406738	-35.33655548095703	0	games
-30.819589614868164	2.9764902591705322	10	Center
2.718928098678589	30.039133071899414	7	past
3.0461161136627197	26.03213119506836	7	started
24.29965591430664	-21.70631980895996	10	School
40.747840881347656	-9.791214942932129	3	news
-49.00340270996094	11.642802238464355	3	Comments
-32.66876220703125	-14.754311561584473	4	government
-9.357890129089355	15.285592079162598	1	kind
-44.47978210449219	3.868680953979492	0	members
-0.6953521370887756	16.041893005371094	8	comes
13.227479934692383	-10.984251022338867	1	head
3.919339179992676	-10.222346305847168	9	Price
24.472518920898438	8.492742538452148	1	check
-15.646334648132324	-39.31187438964844	0	minutes
-3.1681406497955322	-2.071289300918579	1	type
25.34423828125	25.135177612304688	2	whole
-0.5921722054481506	35.008583068847656	7	probably
-46.19450759887695	-3.502150058746338	4	software
-5.54753303527832	-43.46291732788086	6	season
17.210023880004883	26.83025550842285	2	everything
44.80365753173828	10.717309951782227	5	Thanks
31.013851165771484	18.269161224365234	5	either
30.621442794799805	-2.951441764831543	3	Read
9.788191795349121	27.400861740112305	5	example
-12.557990074157715	-0.15069086849689484	1	four
-32.198692321777344	-13.69503402709961	4	community
-10.389213562011719	21.113441467285156	8	trying
39.9853401184082	-7.628167629241943	3	Video
18.01708221435547	18.613670349121094	1	special
26.152650833129883	-4.388186931610107	3	review
-24.022424697875977	12.973504066467285	8	idea
-29.860496520996094	-21.4793758392334	0	States
39.49283981323242	-3.5595357418060303	3	posted
4.543355941772461	17.196271896362305	8	added
-33.00465393066406	-5.015759468078613	4	contact
4.144233703613281	-34.91884994506836	0	men
12.316851615905762	10.859237670898438	8	given
35.865814208984375	24.311914443969727	5	However
17.4975528717041	26.960651397705078	2	everyone
32.171112060546875	-8.850652694702148	3	Search
5.201069355010986	-11.82857608795166	9	value
8.511502265930176	25.144872665405273	5	Last
21.988147735595703	32.26186752319336	2	quite
-14.332133293151855	-21.819211959838867	4	email
23.467130661010742	-16.328039169311523	10	House
-10.821125030517578	8.560159683227539	5	nothing
-20.79501724243164	22.79494285583496	8	known
-0.36793971061706543	30.84736442565918	7	early
2.9843127727508545	28.221233367919922	7	current
33.07183837890625	11.47755241394043	5	First
44.2662239074707	12.051054000854492	5	Best
2.7005417346954346	30.807737350463867	7	later
-37.02185821533203	-14.02387809753418	4	research
-26.484207153320312	-2.650162696838379	10	mind
-10.50849437713623	6.72036075592041	5	question
-17.75899887084961	-21.080364227294922	4	personal
50.5048828125	6.152218818664551	5	See
12.57646656036377	-28.207658767700195	4	project
-25.679584503173828	10.945972442626953	1	plan
-5.013699054718018	16.592729568481445	8	told
-22.119613647460938	0.2839690148830414	9	offers
-10.87699031829834	28.963054656982422	7	almost
32.22670364379883	-12.844345092773438	10	movie
14.744622230529785	-24.600759506225586	10	Internet
36.50587844848633	21.57239532470703	7	Some
46.33811569213867	12.149309158325195	2	true
41.694053649902344	-6.487078666687012	3	link
28.869556427001953	27.182964324951172	2	Great
11.202898025512695	-24.152629852294922	4	About
-11.112992286682129	6.961029529571533	5	version
27.314918518066406	-3.9866175651550293	3	article
20.78660011291504	-19.580860137939453	10	event
1.2551015615463257	27.642314910888672	7	future
-24.02638816833496	4.051037311553955	1	size
-30.241409301757812	8.331175804138184	10	West
-8.816435813903809	18.151121139526367	8	taking
33.8645133972168	-18.634519577026367	0	words
11.302910804748535	-9.807339668273926	1	single
-46.836734771728516	5.752333641052246	0	features
-3.602820873260498	-45.63029098510742	6	Time
27.21417999267578	8.762375831604004	1	close
19.124168395996094	28.152143478393555	2	beautiful
34.70822525024414	3.95239520072937	8	looks
9.454249382019043	26.293598175048828	5	via
28.353736877441406	-22.129440307617188	4	history
-26.781505584716797	-23.332592010498047	0	Tags
8.778183937072754	-23.07174301147461	10	reading
-40.89143753051758	1.833965539932251	0	series
-8.742733001708984	23.655738830566406	7	across
9.596535682678223	-16.689504623413086	10	file
-20.750267028808594	1.4283123016357422	9	cost
0.40999555587768555	34.76116180419922	7	seems
-24.94759750366211	22.920650482177734	7	else
39.05281448364258	11.304909706115723	5	Why
-1.7373497486114502	-1.7352501153945923	1	visit
16.96352195739746	-10.360539436340332	1	short
12.203008651733398	-18.436992645263672	10	song
-28.15306282043457	7.600897312164307	1	front
35.646480560302734	-16.763460159301758	0	works
-5.671146392822266	-12.403166770935059	1	White
-28.202329635620117	4.060672760009766	10	Park
-27.32115936279297	19.105924606323242	8	wanted
14.445284843444824	-20.708545684814453	10	class
-36.729557037353516	-21.61939811706543	0	Services
19.627220153808594	-20.83855438232422	10	law
2.608731985092163	26.68602752685547	7	coming
-9.036810874938965	29.00567054748535	7	whether
6.550699234008789	-2.665288209915161	1	share
-18.46346664428711	-22.586854934692383	4	Online
-27.783977508544922	-20.352697372436523	0	problems
21.555883407592773	28.753915786743164	2	perfect
17.705272674560547	7.595241546630859	8	Get
-13.459321022033691	-41.59541702270508	6	weeks
33.180274963378906	15.066747665405273	5	His
27.745176315307617	-17.830293655395508	10	film
12.661664009094238	-32.535438537597656	0	Service
-7.0291056632995605	-20.146141052246094	10	Windows
-24.594778060913086	-13.030241012573242	3	Reply
14.678038597106934	-5.557034492492676	8	reason
25.472484588623047	-5.669861793518066	3	details
-8.030144691467285	29.71244239807129	7	soon
-4.992713451385498	-16.34510040283203	10	party
19.885478973388672	29.624326705932617	2	complete
2.5375494956970215	-20.07855224609375	10	child
-40.54439926147461	-5.488989353179932	4	International
-43.71546936035156	-2.703418254852295	4	companies
-46.91917419433594	6.825814723968506	0	questions
-22.195659637451172	-14.491710662841797	3	report
-18.05068588256836	-0.41599467396736145	9	sale
-9.971572875976562	28.571365356445312	7	rather
-37.110992431640625	3.8963871002197266	10	property
-49.53427505493164	11.398717880249023	3	comments
37.30175018310547	-5.594217300415039	3	Post
-4.573151111602783	-21.00459098815918	10	hotel
29.2006893157959	7.670262336730957	1	Top
31.10647201538086	-12.687779426574707	10	friend
51.313358306884766	9.749448776245117	5	Well
8.837577819824219	15.059286117553711	8	understand
13.178179740905762	-3.882498264312744	1	learn
-11.955323219299316	-21.648292541503906	10	computer
29.287067413330078	-19.136146545410156	10	Music
3.452204704284668	-35.35824203491211	0	kids
14.15906047821045	-2.357924699783325	1	stop
22.70229148864746	33.31500244140625	2	especially
27.058340072631836	-20.270444869995117	10	English
34.77341842651367	-4.639705181121826	3	watch
-6.119784832000732	-47.13032150268555	6	Friday
6.1244707107543945	17.896652221679688	8	provides
24.257030487060547	11.932151794433594	1	simple
-31.381521224975586	11.57784652709961	1	major
52.57923126220703	10.38526439666748	5	Also
-50.363616943359375	-0.3571328818798065	4	management
-4.699473857879639	-0.9666662216186523	1	move
33.345333099365234	-9.285401344299316	3	content
-50.44715881347656	0.9513449668884277	4	training
20.893356323242188	-21.241071701049805	10	building
-6.293045997619629	17.634540557861328	8	asked
7.068612098693848	-25.058103561401367	4	credit
-39.70309066772461	9.690356254577637	10	couple
-48.75602340698242	-0.3558746576309204	4	industry
-3.153252124786377	-47.08883285522461	6	Date
11.202730178833008	27.68852424621582	5	original
-13.878087043762207	-36.59893035888672	6	age
53.91498947143555	8.267790794372559	5	AND
-13.171077728271484	0.07173207402229309	1	five
-3.153252124786377	-47.08883285522461	6	date
47.63059997558594	12.102459907531738	2	Good
7.301084518432617	18.644372940063477	2	includes
37.56814193725586	9.864434242248535	5	Other
7.33989143371582	-23.564428329467773	3	study
-31.745269775390625	-6.925808906555176	4	social
6.389551162719727	-32.95840835571289	0	shows
-5.7001800537109375	-19.850536346435547	10	space
27.59744644165039	-8.645655632019043	3	photos
36.389007568359375	17.52947425842285	7	present
-34.290897369384766	2.9509098529815674	10	matter
-5.431071758270264	0.8358317613601685	1	turn
8.325186729431152	15.980630874633789	8	needed
-1.2525527477264404	14.461968421936035	8	gets
36.885101318359375	-8.443188667297363	3	image
-47.1332893371582	4.586513042449951	4	performance
39.5555534362793	21.29627227783203	5	Then
25.518692016601562	-18.694265365600586	10	human
21.546297073364258	30.684551239013672	2	simply
-6.615845203399658	-0.6710665822029114	1	stay
-19.60013771057129	2.0676932334899902	9	deal
19.11515998840332	-8.38538932800293	1	style
-11.61351203918457	-14.348697662353516	10	London
21.602493286132812	13.850016593933105	8	provided
-6.3447771072387695	12.57762622833252	8	ask
8.891621589660645	-5.46289587020874	1	main
41.60273742675781	16.34381866455078	5	enjoy
-41.0908317565918	4.053814888000488	0	member
1.3211560249328613	17.894832611083984	8	required
-11.07941722869873	26.221498489379883	7	Most
-45.830501556396484	-6.025607109069824	4	technology
36.025753021240234	12.17832088470459	5	Are
-9.585227966308594	4.121007442474365	1	playing
17.396337509155273	-7.677443981170654	1	action
10.59897232055664	-20.927127838134766	10	Google
26.610252380371094	-2.4785447120666504	3	comment
-4.582621097564697	3.363436698913574	8	saw
11.086902618408203	-16.875986099243164	10	sound
-0.11008560657501221	13.832405090332031	8	takes
-4.890532970428467	-20.85225486755371	10	Hotel
30.351030349731445	3.978243827819824	1	test
32.19987869262695	18.744840621948242	5	While
-5.52234411239624	-47.58391189575195	6	Sunday
3.0968875885009766	-31.621826171875	0	stuff
-24.22279167175293	21.653451919555664	5	cannot
35.865814208984375	24.311914443969727	5	however
6.411932468414307	31.321691513061523	7	related
16.43507957458496	3.987143039703369	1	win
-6.7956366539001465	-44.32508087158203	6	Saturday
26.152650833129883	-4.388186931610107	3	Review
3.519941806793213	-2.2154641151428223	1	Click
3.2821671962738037	1.004164695739746	1	Find
-33.61382293701172	9.34695053100586	10	California
-19.25984764099121	13.382447242736816	7	various
-8.321402549743652	27.965715408325195	7	usually
-0.9688714146614075	0.32187727093696594	1	meet
-28.295724868774414	-24.50599479675293	0	parts
2.1359035968780518	-32.94003677368164	0	guys
-8.678165435791016	4.448946475982666	1	behind
30.23711585998535	-4.815455913543701	3	result
6.710514068603516	-13.626002311706543	10	store
-37.73929977416992	4.700275421142578	4	position
0.45095545053482056	-2.290856122970581	1	return
-32.6192741394043	4.694537162780762	10	field
-1.3056600093841553	3.5981953144073486	1	guy
32.37862777709961	-18.423673629760742	0	books
-30.767284393310547	-19.75052261352539	0	events
2.501049518585205	3.6818878650665283	1	hit
-14.519475936889648	20.073974609375	1	longer
49.60211181640625	10.33209228515625	5	Yes
-6.484021186828613	0.031223725527524948	1	leave
-27.695024490356445	-25.873506546020508	0	items
-2.221309185028076	8.392610549926758	1	total
7.820939540863037	23.66022300720215	5	remember
-20.03936004638672	-1.365906834602356	9	prices
-11.208833694458008	9.501119613647461	5	wrong
-39.96010208129883	6.287258625030518	10	address
-29.291656494140625	-8.80654239654541	4	message
-7.54734992980957	-2.11185359954834	1	rest
20.162729263305664	16.771074295043945	1	natural
37.99059295654297	-7.450465679168701	3	picture
-24.456932067871094	13.810874938964844	8	cause
-17.17940330505371	-22.049577713012695	4	general
-21.005624771118164	17.630578994750977	8	goes
-18.224899291992188	21.61355209350586	1	favorite
2.405398368835449	9.050694465637207	2	clear
3.5201637744903564	-2.2150373458862305	1	click
-1.5738205909729004	1.2743974924087524	1	Part
18.11632537841797	-19.494613647460938	10	paper
-38.222267150878906	-13.137365341186523	4	Information
10.999652862548828	-22.618682861328125	10	inside
-14.074946403503418	8.233559608459473	10	located
4.562619209289551	-8.862115859985352	9	Buy
-30.289382934570312	-11.99758529663086	4	private
-45.250667572021484	1.7719252109527588	0	systems
-5.527811050415039	30.88602066040039	7	currently
-35.50209426879883	5.882648468017578	10	model
5.948070049285889	29.961227416992188	7	similar
7.728714466094971	-17.9868106842041	1	user
12.948018074035645	-19.912433624267578	10	USA
1.2396759986877441	32.33134460449219	7	maybe
-23.138423919677734	14.62830638885498	8	designed
-41.5150260925293	-6.971256732940674	4	professional
-5.426661968231201	17.193445205688477	8	heard
14.743941307067871	-24.600332260131836	10	internet
-34.50149154663086	-15.803359985351562	4	writing
-3.2702760696411133	13.708564758300781	8	hear
-44.67351150512695	-4.483428001403809	4	security
-36.75267028808594	-12.268077850341797	4	application
-16.158151626586914	28.724197387695312	2	certain
-1.8167884349822998	-10.182276725769043	1	cover
3.6030170917510986	-32.39986801147461	0	rights
-31.66331672668457	-17.094057083129883	4	staff
18.007938385009766	-23.02825927734375	10	Group
46.956668853759766	13.503040313720703	2	Full
-4.069429874420166	-43.83504867553711	6	period
2.995816469192505	-11.70064640045166	9	sales
19.6353816986084	10.52581787109375	8	Can
-8.566122055053711	-13.994150161743164	6	third
20.496320724487305	-22.73512077331543	10	College
26.859752655029297	-7.957266807556152	3	pictures
26.551645278930664	11.484792709350586	1	common
-20.423625946044922	8.862785339355469	4	addition
-18.05068588256836	-0.41599467396736145	9	Sale
-33.47468948364258	8.212993621826172	10	Washington
-17.881418228149414	-19.233896255493164	4	subject
-0.4575340747833252	-4.696773052215576	10	record
-1.2753691673278809	34.14532470703125	7	likely
-22.91986083984375	21.92804527282715	8	saying
-6.4410786628723145	-45.99910354614258	6	Monday
-31.961898803710938	-22.264265060424805	0	sites
11.904950141906738	14.42224407196045	8	written
-27.27021598815918	-21.030319213867188	0	changes
39.0773811340332	-5.8475799560546875	3	source
-3.759716510772705	19.482202529907227	8	received
5.595184803009033	29.367525100708008	7	continue
1.0830577611923218	11.134955406188965	8	ready
41.575531005859375	-7.615946292877197	3	photo
-42.314666748046875	-0.6025537848472595	0	customers
-1.1822519302368164	-0.7709981799125671	8	sense
4.989934921264648	30.82369041442871	7	interesting
-7.834195613861084	31.110933303833008	7	recent
-30.665937423706055	12.91685962677002	1	forward
-18.69035530090332	11.011748313903809	1	popular
-49.064273834228516	10.271275520324707	3	reviews
-1.9512321949005127	19.04731559753418	8	wrote
-19.661365509033203	15.285374641418457	0	ways
-9.130186080932617	31.610857009887695	7	latest
-9.239106178283691	-6.522561550140381	1	Green
1.458553433418274	33.04842758178711	7	instead
-41.081748962402344	2.8553659915924072	0	players
-0.018297389149665833	-19.830411911010742	10	Road
11.694599151611328	-0.7864496111869812	1	cut
1.6767197847366333	10.574000358581543	2	strong
-32.093746185302734	-25.24560546875	0	users
-16.99036407470703	-21.759780883789062	4	General
-6.021983623504639	32.15451431274414	7	recently
13.307354927062988	-0.49478879570961	1	save
45.061119079589844	10.956265449523926	5	thanks
-14.094265937805176	22.329870223999023	7	late
26.18653678894043	10.391377449035645	1	cool
-3.4763731956481934	23.541397094726562	2	included
-48.913429260253906	3.2091450691223145	4	treatment
43.24190902709961	14.37067699432373	2	Thank
-29.539514541625977	7.238466262817383	10	Paul
-5.952662467956543	1.78801429271698	1	send
0.43371814489364624	-0.5751017928123474	8	write
2.939851760864258	34.71928787231445	7	seem
35.20507049560547	-13.243751525878906	1	Show
-29.870405197143555	-17.503786087036133	10	section
14.837640762329102	-29.82433319091797	4	Company
41.575531005859375	-7.615946292877197	3	Photo
50.88103103637695	11.235245704650879	5	Like
-18.24945640563965	3.2283880710601807	9	choose
-25.96062469482422	-6.715288162231445	8	thinking
-18.3944091796875	1.524585247039795	9	choice
34.99368667602539	23.129444122314453	5	according
-4.076877117156982	-42.98411178588867	6	Christmas
9.8107328414917	-30.9459171295166	4	travel
12.306060791015625	-10.01242446899414	1	Blue
-26.104839324951172	13.46462345123291	1	wish
-9.315673828125	13.371307373046875	1	Let
37.11751937866211	-19.321208953857422	0	People
37.68009948730469	18.78312873840332	7	Today
23.876014709472656	-19.164878845214844	10	China
25.300251007080078	12.148690223693848	1	fine
-30.81985855102539	2.976088523864746	10	center
-28.295568466186523	18.016469955444336	1	allow
-13.96561336517334	14.291958808898926	1	wait
-2.806605577468872	7.7726969718933105	9	increase
22.725788116455078	16.945871353149414	2	final
12.03591251373291	24.294673919677734	5	Who
31.42278480529785	8.203802108764648	5	answer
-2.6313860416412354	14.357160568237305	8	played
23.225879669189453	-4.725098133087158	3	likes
-47.16746139526367	-0.2895697057247162	4	Department
-51.94613265991211	3.0870285034179688	4	programs
-8.531495094299316	-43.07918930053711	6	Thursday
17.912723541259766	-7.432057857513428	4	release
-36.9886474609375	-8.91174030303955	4	material
-25.762489318847656	3.3313796520233154	10	tax
-14.424153327941895	-18.12425994873047	10	location
0.5561938881874084	23.712379455566406	7	specific
6.0893049240112305	7.4371771812438965	5	ones
-35.596614837646484	-6.309390544891357	4	meeting
-14.480010032653809	-11.303682327270508	10	town
20.207805633544922	30.52379035949707	2	entire
-29.177810668945312	-12.834965705871582	4	individual
-7.931382179260254	-44.47884750366211	6	Tuesday
-10.792622566223145	-13.6212739944458	10	Texas
23.869272232055664	10.29698371887207	1	Real
4.444486141204834	-33.82863998413086	0	girls
-12.904224395751953	-12.477896690368652	10	board
-7.915744781494141	-43.7840461730957	6	Wednesday
-10.270480155944824	26.854331970214844	7	particular
18.178869247436523	30.694318771362305	2	huge
5.381904602050781	-34.09593200683594	0	Women
-7.176148891448975	-9.974831581115723	10	term
-5.094526767730713	-18.312175750732422	10	Club
34.371700286865234	9.93781852722168	5	Two
-15.854063034057617	9.120196342468262	1	receive
-47.655418395996094	-3.573213577270508	4	marketing
35.687801361083984	-8.165189743041992	3	text
32.90982437133789	-14.524110794067383	10	Book
-2.8622193336486816	15.856401443481445	8	tried
-4.748444557189941	-46.7227668762207	6	summer
11.202337265014648	-4.8841681480407715	1	build
36.72549819946289	-4.117616176605225	3	follow
22.132957458496094	30.275991439819336	2	easily
12.812661170959473	-29.89496421813965	4	Design
25.941997528076172	-21.089448928833008	10	Family
22.62059783935547	18.241802215576172	2	worked
-22.195659637451172	-14.491710662841797	3	Report
-20.28270149230957	5.244547367095947	1	cheap
19.80263328552246	27.792144775390625	2	agree
-30.2186336517334	-23.034774780273438	0	files
-0.018297389149665833	-19.830411911010742	10	road
-20.968748092651367	0.05667266994714737	9	options
-48.65952682495117	10.584127426147461	3	Reviews
-18.381072998046875	20.515031814575195	1	wide
12.615762710571289	-21.06871795654297	10	India
10.407140731811523	-6.949771404266357	1	standard
36.057456970214844	13.875941276550293	5	Have
7.997803211212158	27.00823211669922	5	Next
-21.38254737854004	22.491100311279297	8	decided
-29.628475189208984	13.485489845275879	1	role
-39.94786071777344	-0.9208399057388306	0	ideas
-30.47234535217285	-17.26399040222168	10	parents
-29.94151496887207	-25.291048049926758	0	terms
-40.65266036987305	0.22177936136722565	0	collection
-50.363616943359375	-0.3571328818798065	4	Management
-40.45258712768555	-5.510158538818359	4	international
-26.865819931030273	-8.040448188781738	4	method
-5.653554439544678	-1.589603304862976	1	piece
6.33989953994751	35.43532180786133	7	Many
-19.126558303833008	-18.29098129272461	4	practice
27.190834045410156	-16.811079025268555	10	title
14.20301342010498	-17.29230499267578	10	skin
25.84504508972168	4.152411460876465	1	Use
-12.285240173339844	-0.5194764137268066	1	six
-37.02185821533203	-14.02387809753418	4	Research
-52.370399475097656	4.081328868865967	4	policy
-18.866670608520508	-1.0482946634292603	9	purchase
-9.13692855834961	-6.369647026062012	1	green
25.49859046936035	-7.719322681427002	3	links
-28.425357818603516	3.5510923862457275	10	DVD
0.40608611702919006	14.948136329650879	8	gives
22.90260887145996	29.37471580505371	2	excellent
-33.00543975830078	-5.016188144683838	4	Contact
7.7362775802612305	-26.387422561645508	4	knowledge
-1.3759121894836426	-11.778586387634277	10	stock
-36.927730560302734	-10.638998031616211	4	production
-7.410130977630615	21.521739959716797	7	interested
16.662809371948242	-18.880125045776367	10	war
-9.114109992980957	25.078075408935547	7	quickly
1.9192980527877808	-20.826412200927734	10	Beach
-1.051063895225525	31.352733612060547	7	sometimes
26.337337493896484	-8.38032054901123	3	images
17.45694351196289	32.10348892211914	2	Even
-33.53518295288086	1.267564058303833	10	System
-7.140907287597656	27.627119064331055	7	throughout
-33.5220832824707	6.171186447143555	10	track
26.183534622192383	-7.379215717315674	3	videos
-0.46518877148628235	26.832548141479492	7	starting
-8.353174209594727	3.1444156169891357	1	lower
-33.71306228637695	-21.312162399291992	0	groups
16.099153518676758	13.078776359558105	8	looked
1.3665746450424194	4.422634124755859	1	average
-25.635108947753906	-7.8449506759643555	4	talking
-2.515164375305176	2.0795485973358154	1	shot
18.809772491455078	29.31814193725586	2	wonderful
19.82591438293457	32.74797058105469	2	completely
-40.28311538696289	-4.3863630294799805	4	political
-44.068782806396484	0.23317742347717285	0	activities
-4.340516090393066	15.073237419128418	8	sent
-4.904223442077637	18.034818649291992	8	knew
17.84117317199707	-11.792709350585938	10	Back
-27.944074630737305	22.280344009399414	7	involved
26.312744140625	-2.4790892601013184	3	Comment
-33.82219696044922	4.496973991394043	10	band
-3.583268642425537	-19.452106475830078	10	Church
-28.566011428833008	21.683115005493164	7	difficult
-16.825740814208984	29.07547950744629	2	finally
30.231834411621094	-6.1341681480407715	3	info
19.015235900878906	19.33618927001953	2	success
24.44868278503418	8.491141319274902	1	Check
8.563765525817871	13.643943786621094	8	built
-5.136775970458984	14.688091278076172	8	felt
-31.53732681274414	4.825324535369873	10	screen
-13.793148040771484	-9.788455963134766	10	Lake
-14.66889476776123	-14.32865047454834	10	student
11.938915252685547	-0.05076117813587189	1	fit
1.3331892490386963	8.311168670654297	1	clean
-21.864137649536133	16.196067810058594	8	wants
33.01253128051758	-13.265284538269043	10	album
14.352140426635742	-15.817648887634277	10	fire
-12.821915626525879	-21.452890396118164	4	language
-38.573585510253906	12.280193328857422	6	Dec
-20.80910873413086	12.789008140563965	7	potential
-35.82278823852539	4.3190436363220215	10	device
-12.904224395751953	-12.477896690368652	10	Board
-16.059429168701172	-23.952194213867188	4	Facebook
-30.369800567626953	-8.385356903076172	4	attention
-2.9002490043640137	-12.518171310424805	10	customer
6.292093753814697	-9.786026000976562	9	Product
-49.11244201660156	2.1192798614501953	4	equipment
-25.137407302856445	-15.876296997070312	3	posts
-9.066697120666504	-11.948033332824707	10	mother
19.03371810913086	-13.888710975646973	10	Car
-5.468173027038574	-48.57475662231445	6	fall
-27.00836181640625	21.89608383178711	7	former
-5.297644138336182	-45.75007247924805	6	Year
-37.111183166503906	1.3945173025131226	9	variety
-1.4474916458129883	-17.801794052124023	10	bed
-28.230504989624023	-23.489459991455078	0	cases
-13.084068298339844	27.881071090698242	7	Since
-18.936904907226562	23.978044509887695	2	necessary
17.65213394165039	10.481023788452148	8	Will
-25.500303268432617	16.68341064453125	8	guess
-18.50283432006836	22.875722885131836	2	allows
-12.274787902832031	21.05065155029297	8	turned
-38.789459228515625	12.79637336730957	6	Nov
-39.4638557434082	-0.6355651617050171	0	plans
-23.276052474975586	-14.853666305541992	3	published
-28.917621612548828	20.902151107788086	8	leading
-44.809871673583984	5.425479888916016	0	types
-25.199813842773438	-12.96129322052002	3	response
-44.934696197509766	8.33447265625	9	costs
-11.09830093383789	22.95254135131836	7	began
-33.55565643310547	-7.5242462158203125	4	focus
-15.756114959716797	25.706939697265625	7	became
-6.770967483520508	29.41264533996582	7	consider
-35.4189567565918	-13.509638786315918	4	learning
37.508087158203125	17.423011779785156	6	daily
6.802479267120361	24.439409255981445	5	happen
-45.23036193847656	-1.6851943731307983	4	resources
14.724838256835938	6.538882255554199	8	Make
-7.091582775115967	-43.14167785644531	6	weekend
49.30073547363281	14.098666191101074	2	exactly
-3.4017693996429443	-22.512287139892578	10	wedding
26.40586280822754	21.493301391601562	5	Only
28.988523483276367	-5.018848896026611	3	note
33.37751770019531	8.333711624145508	5	Where
-18.566368103027344	0.5810577273368835	9	sell
-4.0425615310668945	17.03053092956543	8	brought
-15.94827651977539	-9.265793800354004	10	ground
-29.170644760131836	6.316997051239014	10	base
-7.670523643493652	-1.1509674787521362	1	trip
-18.48865509033203	8.286948204040527	4	decision
-46.27750015258789	-4.033889293670654	4	Software
12.55718994140625	-13.837040901184082	10	pain
27.286975860595703	16.585453033447266	5	plus
-24.7492733001709	-18.903274536132812	3	notes
-49.450435638427734	0.39309456944465637	4	environment
11.691048622131348	-26.748077392578125	4	Public
-25.137407302856445	-15.876296997070312	3	Posts
-4.740170478820801	-16.14838218688965	10	Party
-30.996044158935547	-25.97001838684082	0	skills
-40.891944885253906	1.834124207496643	0	Series
-32.19244384765625	-13.698972702026367	4	Community
-18.533964157104492	24.8734073638916	2	effective
3.826319456100464	-19.051719665527344	10	court
-49.30910110473633	5.550533294677734	4	conditions
-43.4674072265625	-5.667735576629639	4	career
20.496320724487305	-22.73512077331543	10	college
-44.46070098876953	2.3649849891662598	0	countries
16.662809371948242	-18.880125045776367	10	War
-18.30936050415039	8.91866397857666	4	solution
18.814638137817383	16.8468074798584	1	safe
0.7810244560241699	36.21955490112305	7	although
-32.68987274169922	-10.54313850402832	4	digital
20.59729766845703	20.43747901916504	2	directly
-6.2226691246032715	-1.8816485404968262	1	round
7.407131195068359	-13.900129318237305	10	item
-30.523563385009766	-5.7258477210998535	4	difference
-42.69264221191406	1.1464412212371826	0	patients
13.8591947555542	15.198599815368652	3	shown
20.48099136352539	-7.920521259307861	3	Press
-2.316540002822876	-3.439462900161743	10	sign
-18.197744369506836	2.479984760284424	9	option
-29.009122848510742	-25.610742568969727	0	tools
-44.60674285888672	-2.0619091987609863	4	projects
-18.37094497680664	-16.156644821166992	4	moving
11.373992919921875	-21.132375717163086	10	mobile
-31.25638771057129	-21.799589157104492	0	places
-17.334644317626953	-12.455083847045898	1	function
-27.788196563720703	-6.3316144943237305	4	situation
6.048536777496338	-37.77742004394531	0	numbers
24.374134063720703	30.69801139831543	2	definitely
2.2586395740509033	17.30494499206543	8	providing
-32.68979263305664	-10.543022155761719	4	Digital
-25.452800750732422	-22.464534759521484	0	stories
-13.127360343933105	-15.574308395385742	10	Europe
-3.9220352172851562	9.564597129821777	8	paid
-9.75007152557373	-0.935932457447052	1	George
4.842881202697754	31.64982032775879	7	previous
-0.6150380969047546	-10.36915397644043	9	display
7.47125244140625	12.573100090026855	8	feeling
1.7178601026535034	-18.724416732788086	10	French
-1.9165499210357666	-8.818592071533203	1	gift
19.627220153808594	-20.83855438232422	10	Law
-24.025896072387695	4.050866603851318	1	Size
-44.67351150512695	-4.483428001403809	4	Security
12.502565383911133	-25.236499786376953	4	legal
-11.062424659729004	-3.6854827404022217	1	modern
-12.699305534362793	-9.104594230651855	10	Star
-20.910478591918945	5.267335414886475	1	pick
35.037288665771484	-4.2654709815979	3	Watch
1.4616602659225464	-2.8633930683135986	1	guide
49.60211181640625	10.33209228515625	5	yes
-28.04926300048828	-17.786283493041992	0	lyrics
-47.392173767089844	0.6668417453765869	4	Microsoft
-34.595298767089844	-9.878740310668945	4	safety
-4.761021137237549	-3.6563780307769775	1	pass
-42.06959915161133	8.8778715133667	10	estate
12.602511405944824	-6.838475227355957	1	goal
-0.2938469350337982	5.607847690582275	1	gone
38.71005630493164	-6.298248291015625	3	Source
-25.94607925415039	-28.013126373291016	0	lots
-27.512027740478516	20.623167037963867	7	limited
-31.84464454650879	8.679993629455566	10	British
-8.042025566101074	-17.720298767089844	10	England
13.221671104431152	-21.922582626342773	10	nature
-32.60578155517578	-24.323604583740234	0	fans
-4.525327682495117	23.718482971191406	2	expected
34.15900802612305	-17.223209381103516	0	List
-29.110546112060547	18.73808479309082	8	spent
23.248680114746094	32.11787414550781	2	certainly
-29.465744018554688	12.635612487792969	1	entry
28.331628799438477	-21.6546688079834	4	History
3.826319456100464	-19.051719665527344	10	Court
-14.360550880432129	25.487323760986328	7	considered
-51.586849212646484	1.953607439994812	4	planning
-22.58458137512207	7.2822113037109375	9	spend
-28.19138526916504	15.033483505249023	8	claim
-33.416465759277344	-14.69770336151123	4	relationship
-47.21611404418945	3.377222776412964	4	benefits
5.910399913787842	-35.83306121826172	0	Games
12.301031112670898	-10.021417617797852	1	blue
-15.543333053588867	18.801389694213867	1	alone
-14.697243690490723	-12.589359283447266	10	machine
-50.517704010009766	5.463554859161377	4	approach
27.453107833862305	-22.079557418823242	4	Science
-39.6940803527832	2.106663227081299	0	lines
11.335973739624023	27.964054107666016	5	lol
5.566051959991455	24.104705810546875	5	Once
0.7172114253044128	6.114312171936035	1	quick
-14.424145698547363	-18.124271392822266	10	Location
-35.541542053222656	3.2070374488830566	10	brand
-6.151315212249756	26.37959098815918	2	highly
-50.10268020629883	2.4112021923065186	4	applications
-32.903968811035156	-20.18622398376465	0	schools
-3.976820468902588	-19.311384201049805	10	church
-0.8697441816329956	27.148900985717773	7	beginning
31.322404861450195	-15.936741828918457	10	Food
8.16528034210205	-4.6147260665893555	1	match
-10.341176986694336	19.75644874572754	8	changed
3.6389212608337402	-34.393775939941406	0	Men
7.611434459686279	-34.97140884399414	0	homes
-29.90941047668457	-27.16098403930664	0	uses
17.185001373291016	8.547808647155762	8	Take
-0.9737523794174194	-15.18138599395752	10	Number
8.53608512878418	23.163928985595703	5	happened
45.49312210083008	7.949215412139893	5	FOR
31.684703826904297	14.784514427185059	5	Her
9.404434204101562	-19.728899002075195	10	Site
29.63123893737793	-14.66645336151123	9	shop
23.38189697265625	30.61357879638672	2	fully
7.036862373352051	-34.12443542480469	0	movies
-36.02250289916992	-9.432764053344727	4	Program
-9.408206939697266	0.749956488609314	1	Old
-32.90944290161133	-22.32545280456543	0	songs
-9.320457458496094	-12.467583656311035	10	father
-10.533349990844727	-2.541168689727783	1	regular
-45.830501556396484	-6.025607109069824	4	Technology
-3.632131814956665	-0.533966600894928	1	Call
35.459632873535156	20.535831451416016	5	Another
2.520901679992676	-12.857669830322266	9	Products
-32.22119903564453	12.200175285339355	1	Central
1.2641550302505493	-3.1468400955200195	1	Guide
-27.235647201538086	8.814593315124512	1	sort
-16.80159568786621	9.918013572692871	8	improve
37.37632369995117	11.090574264526367	5	Its
16.162202835083008	-22.327011108398438	10	Team
-42.20115661621094	0.24643506109714508	0	clients
-12.959303855895996	15.767620086669922	8	expect
-12.035985946655273	-15.741643905639648	10	Australia
-30.941381454467773	-23.77742576599121	0	sounds
25.481487274169922	11.050246238708496	1	normal
-8.23606014251709	0.449804425239563	1	fan
27.834110260009766	17.767335891723633	5	Each
-48.06610870361328	9.990659713745117	3	reports
-33.93183135986328	8.672381401062012	10	Chicago
-14.848587036132812	-14.767087936401367	10	memory
13.287906646728516	-12.941251754760742	10	Bill
-28.999879837036133	-6.4795026779174805	4	advice
2.4282779693603516	11.827978134155273	8	loved
-31.743669509887695	-6.928192138671875	4	Social
17.382984161376953	19.858434677124023	2	serious
-42.06959915161133	8.8778715133667	10	Estate
12.84420108795166	-28.157684326171875	4	Project
-15.952778816223145	2.3547487258911133	9	bought
38.434566497802734	14.903875350952148	5	Because
-19.29221534729004	12.378437995910645	0	multiple
-14.632182121276855	-9.78929615020752	10	River
-33.182796478271484	-8.079682350158691	4	global
-49.553794860839844	4.088992595672607	4	pressure
-13.707204818725586	26.524757385253906	7	towards
-29.860496520996094	-21.4793758392334	0	states
-2.1733973026275635	17.410171508789062	8	knows
-43.69987487792969	3.19478178024292	0	rooms
12.409786224365234	-2.2011067867279053	1	Open
-48.51133728027344	1.3058321475982666	4	materials
-26.377300262451172	-12.112783432006836	3	analysis
-4.483212471008301	-14.400124549865723	10	gas
7.054643630981445	16.58966064453125	8	helps
16.939172744750977	29.40184211730957	2	successful
-42.490657806396484	7.3296685218811035	10	Council
-37.825103759765625	9.440579414367676	10	European
4.739585876464844	-35.941715240478516	0	cars
-25.956796646118164	-17.990962982177734	0	articles
10.816883087158203	-17.702922821044922	10	map
12.002158164978027	-12.484196662902832	1	tool
19.67705726623535	17.47087860107422	1	direct
31.175949096679688	-8.834036827087402	3	Description
0.7810244560241699	36.21955490112305	7	Although
-26.701457977294922	11.664616584777832	1	Care
-49.102298736572266	6.694300174713135	4	author
15.191459655761719	-2.7578513622283936	1	com
-9.031577110290527	20.773317337036133	7	developed
-35.02088165283203	6.893187999725342	10	channel
-36.59185028076172	2.6158173084259033	10	Category
8.792622566223145	-20.931427001953125	10	Twitter
-32.15980911254883	6.763352394104004	10	Valley
-15.277260780334473	9.67647647857666	8	request
6.411932468414307	31.321691513061523	7	Related
9.810715675354004	-30.945877075195312	4	Travel
-26.304214477539062	8.903433799743652	1	join
42.966888427734375	14.536314010620117	2	thank
17.7158260345459	-13.400538444519043	10	ball
-7.843361854553223	7.502547264099121	3	watching
-29.784957885742188	-10.102646827697754	4	official
13.588786125183105	-8.213396072387695	1	basic
-32.85708236694336	3.171135663986206	10	server