x	y	cluster	word
-47.07725143432617	-29.067302703857422	2	her
-45.6695442199707	-28.008586883544922	2	she
-48.120994567871094	-31.911746978759766	2	girl
-48.53726577758789	-34.19694900512695	2	woman
-40.41044235229492	-28.902379989624023	2	daughter
-46.864681243896484	-33.545345306396484	2	female
-44.179630279541016	-31.221141815185547	2	sister
-45.64289474487305	-30.0927677154541	2	hers
-22.722436904907227	-1.3930503129959106	8	may
-22.147075653076172	-0.948106586933136	8	May
-45.6695442199707	-28.008586883544922	2	She
32.18806076049805	-24.647279739379883	4	course
-20.233152389526367	-2.3517000675201416	6	June
-20.861820220947266	-1.3178647756576538	3	April
19.17072868347168	-15.787964820861816	0	care
-47.17151641845703	-36.3565559387207	2	women
-7.822220325469971	-29.685850143432617	9	pretty
33.13568115234375	-13.858777046203613	6	parts
-25.40538787841797	-30.788589477539062	2	model
29.52326774597168	-31.644115447998047	4	writing
11.186880111694336	-33.20563507080078	6	period
22.421340942382812	-32.454410552978516	4	subject
41.18560791015625	-5.482325553894043	0	customers
31.308320999145508	-33.23607635498047	4	education
47.28510284423828	0.19640563428401947	0	treatment
34.89311218261719	-27.33492660522461	4	Department
-45.22164535522461	-35.71903991699219	2	girls
-47.17151641845703	-36.3565559387207	2	Women
6.840773582458496	47.5512580871582	1	Canada
23.90300178527832	-26.49311065673828	0	practice
-41.153621673583984	-31.105867385864258	2	wife
7.535408020019531	-26.046796798706055	6	DVD
-42.731990814208984	-30.066814422607422	2	mother
53.415260314941406	-12.822046279907227	7	environment
31.308320999145508	-33.23607635498047	4	Education
12.809697151184082	-31.68598747253418	6	nature
0.5363209843635559	-21.481735229492188	6	fans
56.410064697265625	15.546682357788086	0	planning
18.97821807861328	-31.061866760253906	4	Science
-47.07725143432617	-29.067302703857422	2	Her
18.706363677978516	-15.24383544921875	0	Care
29.746917724609375	-23.823823928833008	4	channel
24.524511337280273	-9.794570922851562	6	server
-53.070045471191406	5.285190105438232	5	Mary
18.97821807861328	-31.061866760253906	4	science
42.275760650634766	-3.274576425552368	0	setting
30.78984832763672	-18.66701889038086	7	models
33.13568115234375	-13.858777046203613	6	Parts
16.488693237304688	-31.236635208129883	7	Library
5.002260684967041	47.73098373413086	1	Virginia
-22.113178253173828	-23.428180694580078	2	miss
-25.40538787841797	-30.788589477539062	2	Model
51.62016677856445	-12.03647518157959	7	studies
-8.691402435302734	-43.63999557495117	10	dress
0.6476544737815857	44.03008270263672	1	Carolina
-10.818449974060059	-36.07661437988281	9	beauty
-48.120994567871094	-31.911746978759766	2	Girl
-45.22164535522461	-35.71903991699219	2	Girls
44.225399017333984	-1.327352523803711	0	payment
33.90505599975586	-32.78630828857422	4	teaching
-42.56593704223633	-28.46622657775879	2	mom
22.3654842376709	-20.756811141967773	0	independent
21.406635284423828	-34.04867172241211	4	teacher
21.088708877563477	-9.923384666442871	6	flow
16.488500595092773	-30.664072036743164	7	library
34.521636962890625	-27.3033447265625	4	department
16.45734977722168	-34.941925048828125	0	marriage
56.49850845336914	-5.312695503234863	4	courses
24.524511337280273	-9.794570922851562	6	Server
3.9404711723327637	48.64221954345703	1	Georgia
12.306670188903809	-15.984941482543945	10	pattern
-5.822981357574463	-41.34624099731445	10	flowers
41.09691619873047	-14.85343074798584	7	Entertainment
40.53593063354492	-14.798441886901855	7	entertainment
38.866416931152344	-2.057068109512329	0	paying
49.4187126159668	20.748268127441406	0	processing
42.6600456237793	-20.900667190551758	7	designs
46.1652717590332	-10.513343811035156	7	readers
47.3018684387207	-6.566539764404297	4	behavior
37.969486236572266	-6.659671783447266	7	writer
24.35342788696289	-25.228940963745117	0	cleaning
-0.23518605530261993	-25.972164154052734	6	spirit
-0.5382407307624817	-34.663997650146484	6	chicken
-1.356213927268982	-22.610212326049805	6	Kit
50.99455261230469	18.84505271911621	0	practices
1.7109036445617676	-31.587039947509766	6	Creek
-14.760686874389648	-30.517335891723633	9	pussy
-33.41748809814453	-4.798092365264893	3	Pink
-6.2939887046813965	-21.617536544799805	9	quiet
8.548293113708496	-34.38710021972656	7	appearance
-38.39329528808594	-19.09040069580078	2	Queen
-53.385292053222656	9.6570463180542	8	Sarah
-32.32140350341797	-22.139394760131836	2	Lady
-36.09111022949219	-2.3918325901031494	3	Rose
40.84966278076172	-3.226588726043701	0	visiting
44.359588623046875	19.75524139404297	0	depending
49.08268356323242	-2.9888110160827637	4	listening
-42.731990814208984	-30.066814422607422	2	Mother
5.7763543128967285	48.94546890258789	1	Kansas
-33.41748809814453	-4.798092365264893	3	pink
-1.356213927268982	-22.610212326049805	6	kit
-32.22512435913086	-23.103275299072266	2	lady
51.5310173034668	-12.326398849487305	7	Studies
-10.818449974060059	-36.07661437988281	9	Beauty
4.210846900939941	43.085662841796875	1	Columbia
-21.90433692932129	-23.532604217529297	2	Miss
5.051517009735107	-16.48908233642578	10	jewelry
29.746917724609375	-23.823823928833008	4	Channel
-8.004317283630371	-43.95113754272461	10	Dress
-11.469093322753906	-23.684635162353516	9	nude
49.638912200927734	10.305583953857422	7	upcoming
-13.082889556884766	-34.08343505859375	9	breast
56.2697868347168	15.583287239074707	0	Planning
36.971229553222656	3.3036012649536133	7	sizes
48.15240478515625	24.065860748291016	0	providers
47.715694427490234	18.524261474609375	0	ingredients
33.90333557128906	-29.123815536499023	4	computers
22.421340942382812	-32.454410552978516	4	Subject
-44.379356384277344	10.710505485534668	5	Kelly
-41.863037109375	-29.145355224609375	2	Mom
21.514049530029297	-7.40056848526001	6	native
-52.45762634277344	13.84521198272705	8	Elizabeth
-0.25991931557655334	-26.552791595458984	6	Spirit
21.3614501953125	-4.911337375640869	0	Resort
42.476173400878906	-23.218971252441406	7	patterns
6.869513988494873	-29.206689834594727	6	stream
55.62288284301758	-4.109063148498535	4	programming
47.60747528076172	10.559046745300293	7	neighborhood
58.10494613647461	-4.7900896072387695	4	channels
22.776750564575195	1.7696820497512817	2	Secretary
-46.8250732421875	8.194090843200684	5	Ann
10.966224670410156	-30.15239715576172	6	bodies
-6.793121814727783	-36.26504898071289	6	teeth
8.851046562194824	-32.92323303222656	6	column
5.901352405548096	43.83824920654297	1	Tennessee
32.36909484863281	-24.301103591918945	4	Course
5.051517009735107	-16.48908233642578	10	Jewelry
45.58700180053711	19.094684600830078	0	depends
-32.44743728637695	13.264742851257324	5	blonde
12.809697151184082	-31.68598747253418	6	Nature
53.06509017944336	17.076276779174805	7	legislation
5.7262492179870605	42.736412048339844	1	Kentucky
-30.351314544677734	-29.470983505249023	2	ladies
-48.53726577758789	-34.19694900512695	2	Woman
-17.54808235168457	3.059234142303467	1	Victoria
-48.36106872558594	7.465282917022705	5	Jane
5.856034755706787	46.254302978515625	1	Missouri
21.666166305541992	-4.952797889709473	0	resort
-8.260116577148438	-42.167999267578125	10	flower
6.367324352264404	-32.03135681152344	6	birds
-36.09111022949219	-2.3918325901031494	3	rose
49.80641174316406	30.38785171508789	7	recommendations
-28.066913604736328	-1.6475812196731567	3	Crystal
46.860618591308594	-0.31342166662216187	0	Treatment
47.97537612915039	-13.52155590057373	7	publication
-27.670703887939453	-30.230701446533203	2	pregnant
-40.36212921142578	13.641836166381836	5	Jennifer
50.82658386230469	-9.549742698669434	7	sections
23.90300178527832	-26.49311065673828	0	Practice
30.562164306640625	10.097113609313965	0	entitled
15.731241226196289	6.267574787139893	3	Enterprise
37.45842742919922	11.75413703918457	7	victims
50.945701599121094	26.927417755126953	7	responses
29.857555389404297	-31.309856414794922	4	Writing
-46.864681243896484	-33.545345306396484	2	Female
32.884273529052734	13.948661804199219	0	debut
10.172170639038086	-27.775421142578125	6	dancing
35.46879959106445	-31.199338912963867	4	subjects
4.212275505065918	46.218894958496094	1	Alaska
27.428123474121094	4.094736099243164	0	sensitive
23.48458480834961	3.3158888816833496	2	Assistant
15.526532173156738	-36.276397705078125	2	pregnancy
-51.416893005371094	5.0796732902526855	5	Kate
33.50083923339844	-30.594654083251953	4	Sciences
-47.56589889526367	10.812470436096191	8	Lisa
-40.01725769042969	15.012639045715332	5	Susan
18.689376831054688	-33.95474624633789	0	nursing
-0.5382407307624817	-34.663997650146484	6	Chicken
27.73939323425293	2.345059394836426	0	engaged
54.44263458251953	-8.638904571533203	4	languages
-6.375364780426025	-41.059326171875	10	Flowers
43.11063003540039	-4.399944305419922	0	secondary
15.697912216186523	6.273744583129883	3	enterprise
5.712954521179199	44.96271514892578	1	Louisiana
-52.12548828125	6.26417875289917	5	Amy
6.986971855163574	44.386959075927734	1	Mississippi
22.365127563476562	-20.755733489990234	0	Independent
-49.747474670410156	4.9382805824279785	5	Anne
23.48458480834961	3.3158888816833496	2	assistant
16.73044204711914	-19.634389877319336	0	massage
-0.3986591100692749	36.475067138671875	1	Dakota
-7.822220325469971	-29.685850143432617	9	Pretty
-47.55305862426758	16.2978458404541	8	Anna
-36.06596755981445	13.828570365905762	5	Barbara
-53.52776336669922	11.044432640075684	8	Laura
-30.351314544677734	-29.470983505249023	2	Ladies
35.775726318359375	17.510496139526367	6	processor
-46.488243103027344	13.316293716430664	8	Maria
23.523221969604492	-10.70777702331543	6	embodiment
-8.260116577148438	-42.167999267578125	10	Flower
54.7728157043457	-6.187252044677734	4	instruction
-6.560575008392334	-43.28444290161133	10	dresses
-49.62517166137695	7.352052211761475	5	Michelle
23.726272583007812	-25.157136917114258	0	Cleaning
-36.981204986572266	-30.410198211669922	2	girlfriend
-8.552902221679688	-21.621238708496094	9	Vice
52.59601974487305	-4.610320091247559	4	studying
-54.43785858154297	13.514345169067383	8	Charlotte
-34.38856506347656	-17.94190216064453	2	Princess
-5.57468318939209	-27.581130981445312	6	lips
36.98957824707031	-29.270584106445312	4	Electronics
-28.066913604736328	-1.6475812196731567	3	crystal
53.45967102050781	-12.612704277038574	7	Environment
-44.55863952636719	12.15451717376709	5	Nancy
-16.558670043945312	-24.507646560668945	9	bitch
-36.008033752441406	-26.879810333251953	2	lesbian
-36.82289505004883	1.8662209510803223	3	grace
13.539190292358398	-33.395050048828125	6	periods
-37.28489685058594	2.113734483718872	3	Grace
38.509639739990234	-3.5930490493774414	0	principle
2.286024570465088	-13.799104690551758	10	threads
-15.484176635742188	-34.573997497558594	9	tits
-50.39262771606445	6.265567779541016	5	Jessica
1.4417608976364136	45.59003448486328	1	Madison
-31.015918731689453	-3.303231716156006	3	Pearl
-8.552902221679688	-21.621238708496094	9	vice
-52.29499435424805	12.672648429870605	8	Alice
55.6748046875	7.1934614181518555	7	publishing
50.945701599121094	26.927417755126953	7	Responses
42.52497482299805	-1.2785356044769287	0	engagement
11.072371482849121	-28.73887062072754	6	pets
18.894588470458984	-34.51251983642578	0	Nursing
27.24138069152832	-10.0060453414917	6	substance
16.84029769897461	-35.33351516723633	0	Marriage
21.406635284423828	-34.04867172241211	4	Teacher
-41.52698516845703	24.177738189697266	8	Linda
-49.38101577758789	14.652743339538574	8	Rachel
55.6748046875	7.1934614181518555	7	Publishing
-42.759735107421875	11.10981273651123	5	Karen
7.321835994720459	-25.25464630126953	6	dvd
21.608278274536133	-18.55620002746582	0	expecting
21.514049530029297	-7.40056848526001	6	Native
45.045143127441406	-2.083162546157837	0	finishing
53.279632568359375	13.218923568725586	7	arrangements
49.34577560424805	19.327539443969727	0	scoring
50.58736038208008	15.380142211914062	7	complaints
30.914152145385742	-18.66712188720703	7	Models
42.6600456237793	-20.900667190551758	7	Designs
-2.079833745956421	-25.957876205444336	6	tail
-39.19074249267578	-30.646448135375977	2	nurse
-31.656076431274414	5.083278179168701	3	babe
4.134232997894287	-32.38105010986328	6	Yoga
-35.574951171875	5.1170573234558105	3	Eve
46.124481201171875	25.166271209716797	0	specifications
43.936004638671875	7.181051731109619	0	arrangement
-8.9546480178833	-39.640281677246094	6	makeup
56.04777908325195	10.236324310302734	7	publications
21.751001358032227	-11.156534194946289	6	spell
-33.508880615234375	-29.616390228271484	2	Womens
-26.282161712646484	-21.494449615478516	2	actress
-34.507328033447266	29.261281967163086	5	Ashley
38.63729476928711	-18.560222625732422	7	magazines
-32.12200927734375	-4.757324695587158	3	honey
4.187514781951904	-31.844873428344727	6	yoga
39.39078140258789	-21.42847442626953	7	Gardens
36.664146423339844	14.134642601013184	6	followers
35.164093017578125	-8.90286636352539	6	streaming
39.86985778808594	-21.41162109375	7	gardens
33.90505599975586	-32.78630828857422	4	Teaching
-41.71370315551758	13.340218544006348	5	Margaret
36.98957824707031	-29.270584106445312	4	electronics
-42.94541931152344	8.631949424743652	5	Marie
-34.947975158691406	-30.716733932495117	2	sisters
21.62153434753418	-16.04415512084961	0	consent
41.698974609375	18.26863670349121	0	adjustable
28.10037612915039	-21.956899642944336	4	voices
-50.193458557128906	13.19591236114502	8	Emily
-40.504451751708984	21.454866409301758	5	Julie
38.335845947265625	-10.525443077087402	7	wildlife
34.669559478759766	-29.318519592285156	4	Computers
18.910869598388672	-17.78278923034668	0	caring
46.49462890625	17.790281295776367	0	aims
-41.153621673583984	-31.105867385864258	2	Wife
46.701717376708984	20.454477310180664	0	treating
40.81776428222656	4.463728904724121	4	behaviour
50.49872970581055	-14.842750549316406	7	libraries
23.107616424560547	-18.430212020874023	0	abortion
0.5363209843635559	-21.481735229492188	6	Fans
-5.261282444000244	-30.72875213623047	6	skirt
41.698974609375	18.26863670349121	0	Adjustable
6.840773582458496	47.5512580871582	1	canada
57.76348876953125	-1.036054253578186	4	curriculum
-50.44805145263672	10.830546379089355	5	Carol
46.576690673828125	27.414718627929688	0	operators
16.73044204711914	-19.634389877319336	0	Massage
-31.05084800720215	22.525848388671875	5	Heather
-38.39329528808594	-19.09040069580078	2	queen
41.392112731933594	-17.826229095458984	7	illustrated
56.15757751464844	24.642393112182617	4	departments
45.413002014160156	-21.44585609436035	0	designing
38.335845947265625	-10.525443077087402	7	Wildlife
-27.90380859375	-27.771549224853516	2	daughters
-42.04277038574219	29.455047607421875	8	Amanda
48.69799041748047	14.25549030303955	7	retailers
-16.91971778869629	2.6829006671905518	1	Chelsea
-29.74335289001465	30.631240844726562	5	Lynn
-41.661842346191406	26.870590209960938	8	Lauren
-13.082889556884766	-34.08343505859375	9	Breast
31.229652404785156	-9.84389877319336	6	kits
-42.3303337097168	15.239472389221191	5	Katie
42.42750549316406	-16.404855728149414	7	drawings
42.91849899291992	1.0121362209320068	0	controlling
15.223810195922852	4.758577346801758	3	Kindle
26.08089256286621	-14.2289457321167	0	clinic
6.905162334442139	42.777896881103516	1	Vermont
-20.852298736572266	25.76382064819336	8	Emma
26.018199920654297	-14.415172576904297	0	Clinic
-10.989791870117188	-20.094804763793945	9	fetish
-44.61882781982422	22.5198917388916	8	Nicole
37.969486236572266	-6.659671783447266	7	Writer
11.182647705078125	-14.648222923278809	10	dressing
-41.12064743041992	22.25137710571289	5	Helen
-9.956660270690918	31.682449340820312	8	Palin
41.18560791015625	-5.482325553894043	0	Customers
-40.30131530761719	-33.56857681274414	2	bride
22.297447204589844	1.936052680015564	2	secretary
-6.955347061157227	15.002164840698242	3	essence
44.40520477294922	1.2495102882385254	0	specialty
10.743791580200195	-27.291784286499023	6	Dancing
-4.805102825164795	-19.46430015563965	6	breed
45.00062561035156	-0.9959192872047424	0	Payment
-37.30488967895508	-14.713672637939453	6	chick
-31.75628662109375	35.44108200073242	5	Catherine
-31.05307960510254	-1.069520115852356	3	Ruby
-6.560575008392334	-43.28444290161133	10	Dresses
-22.171541213989258	-1.8738960027694702	8	MAY
-37.93203353881836	27.912357330322266	8	Julia
56.49850845336914	-5.312695503234863	4	Courses
54.991485595703125	-4.739078044891357	4	Programming
-21.870609283447266	18.38895034790039	3	Sharon
43.73381042480469	-5.5409111976623535	4	perception
-8.864408493041992	20.33039665222168	3	Sierra
-32.28117752075195	-5.634527206420898	3	Honey
-33.89128494262695	32.13895797729492	5	Martha
-32.44743728637695	13.264742851257324	5	Blonde
-35.41468811035156	11.928733825683594	5	Sue
-14.048201560974121	-35.65216064453125	9	breasts
32.94183349609375	-7.506229400634766	6	feeds
9.328868865966797	2.2593417167663574	6	heels
50.94117736816406	21.22527313232422	0	implementing
48.22663116455078	-14.108716011047363	7	Publication
3.552476167678833	-12.31478500366211	10	necklace
-3.5980427265167236	-25.869956970214844	6	pose
3.552476167678833	-12.31478500366211	10	Necklace
56.04777908325195	10.236324310302734	7	Publications
4.615414619445801	-14.011419296264648	10	Earrings
-50.91731643676758	7.075514793395996	5	Rebecca
-39.64705276489258	25.617401123046875	5	Melissa
30.920347213745117	11.20897102355957	0	eager
-35.80827331542969	-31.845375061035156	2	females
2.768946647644043	-11.088788032531738	10	beads
44.032623291015625	18.453683853149414	0	deciding
-53.197322845458984	7.874805450439453	8	Betty
44.504154205322266	12.644292831420898	7	bloggers
48.94477081298828	21.145112991333008	0	Processing
46.24484634399414	21.543336868286133	0	prescribed
43.12350845336914	-17.80099105834961	7	illustration
11.622577667236328	-28.311399459838867	6	Pets
-46.842071533203125	21.327899932861328	8	Sara
21.79390525817871	3.5078132152557373	2	spouse
6.367324352264404	-32.03135681152344	6	Birds
-35.516109466552734	16.634349822998047	5	Holly
-44.235595703125	13.435422897338867	5	Hillary
35.09841537475586	-10.408991813659668	6	streams
-0.3898387849330902	42.49324035644531	1	Florence
-42.43840789794922	23.44808578491211	8	Ruth
42.9603157043457	-2.9213404655456543	0	Setting
-37.9063835144043	18.483121871948242	5	Ellen
34.69091796875	-15.730542182922363	6	columns
24.410839080810547	2.4443914890289307	2	companion
54.190982818603516	8.701728820800781	7	illustrations
-25.721052169799805	-22.933740615844727	2	Mrs
41.90302658081055	-7.816405773162842	7	modeling
44.3626708984375	25.70853614807129	0	indication
-32.88323211669922	17.799894332885742	5	Joan
-39.19074249267578	-30.646448135375977	2	Nurse
-29.621919631958008	28.196937561035156	5	Donna
44.43327713012695	-15.236825942993164	7	poems
12.404431343078613	-15.414711952209473	10	Pattern
-48.885501861572266	16.802440643310547	8	Lucy
-11.469093322753906	-23.684635162353516	9	Nude
-5.122406482696533	-7.780123233795166	10	delicate
3.6144590377807617	-3.646498203277588	10	ribbon
-30.97955322265625	12.574496269226074	5	Amber
2.782846212387085	42.657470703125	1	Alberta
2.7934863567352295	12.998666763305664	9	babes
-48.485286712646484	13.36524486541748	8	Hannah
39.73261260986328	12.340542793273926	0	proportion
47.60747528076172	10.559046745300293	7	Neighborhood
-17.08920669555664	-18.816579818725586	9	slut
-12.37347412109375	24.49054718017578	8	Nova
-15.823995590209961	-36.161888122558594	9	boobs
-49.35900115966797	-30.932435989379883	2	doll
16.714197158813477	-38.23335647583008	2	nurses
-41.80647277832031	25.219013214111328	8	Annie
51.24409484863281	13.725577354431152	7	reviewing
-0.9310001730918884	44.37397003173828	1	Mercedes
46.54542541503906	-2.2647910118103027	0	practicing
-30.386306762695312	36.06128692626953	5	Christine
-47.787574768066406	14.433902740478516	8	Monica
-30.181989669799805	-26.225671768188477	2	grandmother
-40.06233215332031	19.151477813720703	5	Stephanie
41.872318267822266	-10.104007720947266	7	Encyclopedia
23.2460994720459	-8.492051124572754	6	spirits
-4.298531532287598	-11.621245384216309	10	lace
4.615414619445801	-14.011419296264648	10	earrings
31.541025161743164	-6.10591983795166	6	flowing
40.93989562988281	15.776101112365723	0	releasing
31.897424697875977	13.832830429077148	6	seventh
-0.4276449382305145	-11.36148452758789	10	floral
-38.685813903808594	15.256961822509766	5	Janet
-41.087459564208984	28.331043243408203	8	Andrea
42.9573860168457	9.945517539978027	7	outlets
10.187758445739746	-17.037464141845703	10	sewing
-21.786540985107422	15.856125831604004	3	Beverly
5.657851219177246	40.63237380981445	1	Charleston
14.074467658996582	-10.180294036865234	10	Cottage
39.518123626708984	16.29094123840332	0	remedy
-4.863097667694092	-36.69087600708008	6	cakes
4.150339126586914	44.722469329833984	1	Quebec
-39.579193115234375	28.142234802246094	8	Claire
14.083950996398926	-10.177616119384766	10	cottage
-46.10317611694336	11.779807090759277	5	Beth
39.53901290893555	30.549394607543945	0	phentermine
46.1652717590332	-10.513343811035156	7	Readers
-30.11704444885254	29.670368194580078	5	Diana
-42.811763763427734	16.7377872467041	5	Jenny
1.7633191347122192	6.201718330383301	9	lingerie
37.77745819091797	5.931103706359863	6	quarters
-28.45558738708496	15.484543800354004	5	Dame
21.38446807861328	-9.879212379455566	6	Flow
-6.034074306488037	20.190584182739258	3	ebony
-14.760686874389648	-30.517335891723633	9	Pussy
-21.65449333190918	24.688928604125977	8	Bella
1.0225632190704346	-11.289424896240234	10	yarn
11.186880111694336	-33.20563507080078	6	Period
-44.179630279541016	-31.221141815185547	2	Sister
-28.725576400756836	35.3677864074707	5	Christina
-26.669635772705078	-25.48206901550293	2	moms
-35.6323356628418	-27.073925018310547	2	Lesbian
46.2758674621582	23.660215377807617	0	specification
31.492717742919922	-9.33193302154541	6	Kits
-43.885658264160156	24.972625732421875	8	Angela
47.709373474121094	25.865419387817383	7	activists
-40.1511116027832	16.505062103271484	5	Diane
4.670194625854492	-9.337624549865723	10	bracelet
2.1988375186920166	38.19252395629883	1	Essex
-13.765265464782715	26.727344512939453	8	Marina
-9.909738540649414	33.826595306396484	5	brunette
-0.31090205907821655	40.10364532470703	1	Queens
-0.8397424221038818	-9.527084350585938	10	Bridal
-15.484176635742188	-34.573997497558594	9	Tits
-24.069061279296875	33.53407669067383	5	Kathy
-45.80208206176758	10.02914047241211	5	Sally
-37.00615692138672	17.56536293029785	5	Tracy
10.27934741973877	-5.257778167724609	10	accessory
33.50083923339844	-30.594654083251953	4	sciences
46.124481201171875	25.166271209716797	0	Specifications
-21.33884620666504	14.807982444763184	3	Tiffany
-13.63664436340332	29.978445053100586	8	Lindsay
-46.40636444091797	18.092607498168945	8	Megan
-35.97991180419922	-20.92319107055664	2	Mama
-43.73915100097656	16.392091751098633	5	Liz
45.802330017089844	1.5270217657089233	0	relaxation
45.178184509277344	29.593603134155273	0	Coordinator
-24.047882080078125	6.491870403289795	3	mercy
-35.61195755004883	-10.297764778137207	9	Kitty
44.73945236206055	10.553098678588867	7	retailer
-31.65231704711914	26.540813446044922	5	Jackie
-11.909749031066895	30.72684097290039	8	Dana
43.25740432739258	22.670780181884766	7	hints
43.40476608276367	15.76821231842041	0	scanning
-34.3883056640625	-17.941728591918945	2	princess
-43.5548095703125	7.980132579803467	5	Judy
53.810420989990234	24.37523651123047	7	tutorials
-32.91593933105469	32.50222396850586	5	Sandra
-12.760716438293457	-37.165340423583984	9	bra
-0.052117884159088135	-14.397193908691406	10	quilt
36.3170166015625	-3.246049642562866	0	ingredient
39.14136505126953	21.899309158325195	7	cancelled
45.08736038208008	5.544036388397217	0	tasting
-31.74512481689453	29.9052791595459	5	Wendy
-49.35900115966797	-30.932435989379883	2	Doll
-36.78377914428711	-23.6812744140625	2	mum
44.725364685058594	-3.7761082649230957	0	nonprofit
-47.84770965576172	18.378751754760742	8	Lily
44.359588623046875	19.75524139404297	0	Depending
6.869513988494873	-29.206689834594727	6	Stream
2.2842068672180176	-9.304141998291016	10	knit
-13.977523803710938	-21.99671745300293	9	bikini
-49.05615997314453	5.630818843841553	5	Jill
4.780919551849365	-9.90684700012207	10	Bracelet
36.55906677246094	3.245779275894165	7	Sizes
41.941898345947266	-0.9829190969467163	0	Engagement
-6.217193603515625	-31.148969650268555	10	purse
-22.104799270629883	-18.775951385498047	2	milf
50.49872970581055	-14.842750549316406	7	Libraries
-4.298531532287598	-11.621245384216309	10	Lace
-25.179096221923828	-25.785293579101562	2	wives
-26.05994987487793	23.15792465209961	5	Whitney
29.313705444335938	3.341825008392334	0	assumption
52.275726318359375	26.249412536621094	7	neighborhoods
47.39206314086914	16.60991859436035	4	attitudes
-49.463321685791016	11.5789213180542	5	Britney
1.9054828882217407	-13.308542251586914	10	Threads
48.8979377746582	-12.107434272766113	7	journals
-22.782581329345703	15.090325355529785	3	Marion
23.0631046295166	-17.77701759338379	2	equality
4.496179580688477	-1.0606681108474731	6	scent
-29.808115005493164	24.155792236328125	5	Kay
42.953887939453125	7.528173923492432	0	customize
-34.88232421875	23.064464569091797	8	Leslie
4.499261856079102	9.614333152770996	9	escort
34.337074279785156	11.54245662689209	0	propose
-11.179787635803223	21.27877426147461	3	Shannon
-38.056800842285156	25.50763511657715	8	Cindy
-42.06140899658203	30.618602752685547	8	Caroline
41.855979919433594	4.703493118286133	4	expressions
-43.14607620239258	13.461960792541504	5	Patricia
-27.608997344970703	-5.164279937744141	3	roses
-11.718649864196777	-25.286592483520508	9	panties
23.473112106323242	-4.580076217651367	0	imagined
45.06633758544922	-20.09264373779297	7	gardening
24.258346557617188	-7.722299098968506	6	pipeline
-29.5723819732666	-2.4808766841888428	3	gem
5.873776435852051	39.2362060546875	1	Queensland
-0.8397424221038818	-9.527084350585938	10	bridal
-13.690300941467285	12.492084503173828	3	fairy
45.362388610839844	28.91048812866211	0	coordinator
35.20697784423828	-6.56273078918457	6	embodiments
55.23304748535156	-2.318939208984375	4	behaviors
-27.984710693359375	-5.583442687988281	3	Roses
-31.54161834716797	6.4848151206970215	3	Belle
44.035911560058594	-21.589488983154297	7	decorating
-33.23806381225586	25.385936737060547	5	Erin
-40.41044235229492	-28.902379989624023	2	Daughter
-39.03978729248047	29.162172317504883	8	Louise
-2.828404664993286	-20.350759506225586	6	chicks
7.826358318328857	-5.747494220733643	10	handbags
-10.906947135925293	-21.842052459716797	9	blowjob
-26.675941467285156	-2.0276339054107666	3	Coral
-4.8071465492248535	-18.137027740478516	6	shrimp
49.193363189697266	9.021622657775879	7	Handbook
43.798614501953125	16.512310028076172	0	enrolled
4.545414447784424	38.85932159423828	1	Lexington
10.450629234313965	7.1305623054504395	6	spark
0.5210094451904297	-30.1409912109375	6	Butterfly
15.526532173156738	-36.276397705078125	2	Pregnancy
48.15240478515625	24.065860748291016	0	Providers
-0.5564053058624268	-12.069955825805664	10	Floral
2.2836978435516357	36.32025909423828	1	Prairie
-29.838695526123047	7.264017105102539	3	Molly
-3.9278323650360107	-24.316253662109375	6	cheer
-34.21235656738281	-24.296289443969727	2	Mommy
4.099472522735596	-3.8219385147094727	10	Ribbon
-39.722511291503906	5.082728862762451	5	Penny
-51.50682067871094	12.320908546447754	8	Carrie
-31.656076431274414	5.083278179168701	3	Babe
-23.529264450073242	10.765640258789062	3	Willow
-33.18242263793945	27.440383911132812	5	Tina
-21.77780532836914	19.715370178222656	8	Maya
-34.72344207763672	30.808385848999023	5	Paula
50.00056838989258	-11.588613510131836	7	writings
-30.2178955078125	-3.79898738861084	3	pearl
-39.695735931396484	4.541402816772461	5	penny
30.458776473999023	13.754634857177734	6	teaspoon
-50.59703063964844	9.145516395568848	5	Katrina
39.070011138916016	-0.5354945063591003	0	Medicaid
-40.829490661621094	-33.59513854980469	2	Bride
-49.010826110839844	9.787531852722168	5	Natalie
43.11063003540039	-4.399944305419922	0	Secondary
-14.168465614318848	-19.652864456176758	9	tit
-3.106025218963623	-21.491004943847656	6	hips
31.031919479370117	-4.947872638702393	6	tissues
47.715694427490234	18.524261474609375	0	Ingredients
49.0362434387207	29.39516830444336	7	correspondence
-5.645349025726318	-8.90038776397705	10	chic
-33.046104431152344	5.571130752563477	3	Eva
27.916770935058594	4.907777309417725	0	cared
30.144134521484375	-8.9654541015625	6	poses
9.154889106750488	-16.805213928222656	10	knitting
-28.19613265991211	13.588332176208496	5	Madonna
1.1312018632888794	39.09415817260742	1	Taliban
-9.655524253845215	-25.51983642578125	9	orgasm
32.24704360961914	-3.3951544761657715	6	dancers
50.34000778198242	12.304986000061035	7	advocacy
-8.9546480178833	-39.640281677246094	6	Makeup
-30.56513214111328	26.924028396606445	5	Debbie
44.43505859375	0.48438724875450134	0	Specialty
53.20514678955078	15.549224853515625	7	Legislature
54.72706985473633	22.719249725341797	7	textbooks
13.052112579345703	8.442628860473633	3	indie
-27.34526252746582	0.8075207471847534	3	ginger
-34.947975158691406	-30.716733932495117	2	Sisters
6.214946269989014	-14.075521469116211	10	jewellery
33.67103958129883	10.39034652709961	0	insured
-17.11921501159668	26.57632827758789	5	Clare
-21.1799259185791	10.717778205871582	3	Rosa
50.749183654785156	10.307303428649902	7	forthcoming
-31.689857482910156	17.00222396850586	5	Joyce
49.31428909301758	10.978546142578125	7	Upcoming
-45.62864303588867	15.080886840820312	8	Maggie
-16.26114273071289	19.616132736206055	3	Mai
23.70815658569336	-13.686720848083496	0	Nursery
40.31074905395508	-16.534555435180664	7	quarterly
-17.74391746520996	30.303770065307617	8	Allison
-13.690300941467285	12.492084503173828	3	Fairy
50.18151092529297	16.90656089782715	0	clinics
10.054902076721191	-7.081664562225342	10	boutique
-2.5835466384887695	-10.379385948181152	10	gown
-7.868487358093262	18.029233932495117	3	adore
23.70815658569336	-13.686720848083496	0	nursery
11.82358169555664	2.9905173778533936	0	obsessed
55.14845657348633	-8.738044738769531	4	Languages
-32.513389587402344	19.105619430541992	5	Jen
33.97400665283203	29.129106521606445	9	shemale
50.40614700317383	21.87122344970703	0	enrollment
-22.148906707763672	32.01724624633789	5	Kristen
-3.818255662918091	-18.3045597076416	6	nest
10.054902076721191	-7.081664562225342	10	Boutique
-32.49806213378906	29.45124626159668	5	Marilyn
38.92332077026367	19.39384651184082	0	playback
39.51628875732422	14.167123794555664	0	stirring
-7.925881385803223	19.489288330078125	3	Rouge
-33.125579833984375	-30.449668884277344	2	womens
0.9126121997833252	-29.853897094726562	6	butterfly
-0.21115481853485107	41.6461296081543	1	Bangalore
24.228803634643555	-3.100062370300293	7	upstairs
2.233563184738159	-11.751737594604492	10	Beads
-24.741748809814453	4.218874931335449	3	Venus
41.872318267822266	-10.104007720947266	7	encyclopedia
-27.012117385864258	10.888448715209961	3	Dee
-16.477060317993164	-25.794910430908203	9	cunt
-15.288759231567383	29.796865463256836	8	Clara
8.200262069702148	-2.5010859966278076	10	elegance
9.610803604125977	-15.314762115478516	10	outfits
13.275053977966309	-28.969072341918945	6	insects
35.606014251708984	-8.960856437683105	6	Streaming
-27.69568634033203	36.069129943847656	5	Katherine
40.31074905395508	-16.534555435180664	7	Quarterly
2.04780912399292	41.186912536621094	1	Alexandria
2.8204338550567627	44.03679275512695	1	Savannah
-36.573246002197266	-28.264089584350586	2	feminine
56.99397659301758	-2.445124626159668	4	circuits
-26.823856353759766	23.3084716796875	5	Katy
-26.669635772705078	-25.48206901550293	2	Moms
-33.957950592041016	22.458940505981445	8	Ana
39.2069091796875	24.637903213500977	6	MHz
-43.163047790527344	-35.704708099365234	2	dolls
-36.60708999633789	3.6047449111938477	3	Daisy
-25.4185733795166	14.15119457244873	3	Rihanna
14.731966972351074	2.5087356567382812	6	turf
-15.883217811584473	-21.847618103027344	9	Busty
-27.439891815185547	22.593196868896484	5	Courtney
-30.772781372070312	31.617496490478516	5	Shirley
-35.411643981933594	11.923742294311523	5	sue
-32.34645462036133	31.53812026977539	5	Deborah
47.301780700683594	-6.565910339355469	4	Behavior
44.90626525878906	8.267342567443848	0	renovation
6.792868137359619	-11.07089900970459	10	crystals
-23.896873474121094	23.63005828857422	5	Brooke
55.34408950805664	25.65291404724121	4	instructors
9.91168212890625	5.543652057647705	6	dancer
-45.25201416015625	22.087444305419922	8	Nina
-35.419193267822266	21.244783401489258	8	Gaga
0.8744047284126282	-15.49685287475586	10	perfume
-42.95394515991211	5.371313571929932	5	Barbie
-10.849782943725586	12.21615982055664	3	lush
53.809165954589844	-3.5103182792663574	4	directing
-15.883217811584473	-21.847618103027344	9	busty
-10.29990005493164	-26.49823760986328	9	nipples
55.6042594909668	-6.645837783813477	4	Instruction
-30.51300621032715	-22.303022384643555	2	aunt
-34.94984817504883	25.204349517822266	8	Bonnie
-37.04714584350586	28.61251449584961	8	Olivia
-29.569351196289062	15.376653671264648	5	Dorothy
-22.492755889892578	28.128957748413086	8	Vanessa
-22.28612518310547	13.14360523223877	3	Ivy
-16.988235473632812	-20.257551193237305	9	whore
-32.87400817871094	1.1276830434799194	3	Bunny
38.082313537597656	29.24777603149414	3	EVINRUDE
42.476173400878906	-23.218971252441406	7	Patterns
-36.38813018798828	25.451435089111328	8	Tara
8.851046562194824	-32.92323303222656	6	Column
-43.49119186401367	26.546213150024414	8	Samantha
-26.282161712646484	-21.494449615478516	2	Actress
32.97545623779297	-5.657356262207031	6	spells
2.96745228767395	-6.754583835601807	10	stockings
1.4499800205230713	43.24742126464844	1	Adelaide
-2.16994309425354	-25.29022789001465	6	Tail
19.764394760131836	-10.416929244995117	6	posing
-12.963109016418457	15.781783103942871	6	Swan
-31.808731079101562	28.034103393554688	5	Cheryl
-15.480010986328125	22.079912185668945	8	Mae
40.42127227783203	27.254558563232422	1	Sitemap
-5.867926597595215	19.539405822753906	3	Ebony
28.380830764770508	-21.706787109375	4	Voices
41.392112731933594	-17.826229095458984	7	Illustrated
39.56047439575195	25.55412483215332	6	photostream
-22.863874435424805	34.699913024902344	5	Kathleen
-29.870532989501953	25.607864379882812	5	Pam
-28.479785919189453	11.180273056030273	5	Buffy
-27.142404556274414	0.2567809522151947	3	Ginger
-6.7111496925354	17.954587936401367	3	Emerald
52.72312927246094	15.54914665222168	7	legislature
-37.63243103027344	-16.685102462768555	2	Witch
3.2388992309570312	37.53152847290039	1	Cherokee
-26.212331771850586	-28.686635971069336	2	lesbians
-23.718067169189453	6.404311180114746	3	Mercy
-7.798907279968262	15.766216278076172	3	melody
-37.74848937988281	22.962459564208984	8	Nikki
-37.4964485168457	24.63152503967285	8	Angie
-38.028648376464844	-16.6162166595459	2	witch
-29.942867279052734	-19.498788833618164	2	gal
-26.675941467285156	-2.0276339054107666	3	coral
-40.6451416015625	-26.278566360473633	2	Grandma
-43.011417388916016	21.203664779663086	8	Sophie
-23.942852020263672	32.03071212768555	5	Denise
5.633842945098877	2.977907180786133	10	Tote
-15.047837257385254	-31.919246673583984	9	boob
-43.163047790527344	-35.704708099365234	2	Dolls
44.39234924316406	22.42227554321289	0	attachments
38.26944351196289	22.057294845581055	1	USDA
-26.863134384155273	25.04962158203125	5	Carmen
-41.692970275878906	16.532756805419922	5	Teresa
-22.619800567626953	9.726493835449219	3	Jade
-19.341529846191406	30.133312225341797	8	Alison
-31.11136245727539	34.0659294128418	5	Frances
53.064762115478516	8.263425827026367	7	passages
-0.7262734770774841	-23.14632797241211	6	KIT
32.5721321105957	11.881211280822754	0	leaning
10.822577476501465	-11.715719223022461	10	embroidery
2.0087547302246094	10.546981811523438	9	sluts
-9.340004920959473	-15.32077693939209	9	fierce
-24.06647491455078	9.018119812011719	3	Aqua
-6.253101348876953	-22.194162368774414	9	Quiet
-47.07725143432617	-29.067302703857422	2	HER
-8.19686508178711	-34.21946716308594	6	bees
53.810420989990234	24.37523651123047	7	Tutorials
43.12350845336914	-17.80099105834961	7	Illustration
-18.854461669921875	22.72092628479004	8	Gloria
4.3401336669921875	-28.806947708129883	6	chickens
-25.51436424255371	13.217345237731934	3	Oprah
-30.51300621032715	-22.303022384643555	2	Aunt
1.7109036445617676	-31.587039947509766	6	creek
-26.515233993530273	35.065757751464844	5	Carolyn
6.194975852966309	-1.9379655122756958	10	bead
-21.735733032226562	12.376590728759766	3	Laurel
-16.71494483947754	13.282474517822266	3	Chanel
-13.977523803710938	-21.99671745300293	9	Bikini
49.420772552490234	-2.3872416019439697	4	Listening
-35.574951171875	5.1170573234558105	3	eve
-35.97991180419922	-20.92319107055664	2	mama
-27.859619140625	27.514904022216797	5	Heidi
3.770756721496582	14.268856048583984	9	bbw
47.33327102661133	9.080708503723145	7	manuscript
26.84324836730957	-4.033033847808838	6	volleyball
9.581724166870117	-1.3798021078109741	10	Gossip
-13.663042068481445	-32.25550079345703	9	vagina
-39.971229553222656	30.207359313964844	8	Alicia
28.27364730834961	-7.122916221618652	6	implants
30.74699592590332	-13.494927406311035	6	dances
45.430992126464844	-20.094907760620117	7	Gardening
-9.909738540649414	33.826595306396484	5	Brunette
3.011707305908203	12.858855247497559	9	Babes
-18.195276260375977	34.35728073120117	5	Michele
-21.940105438232422	-19.063199996948242	2	MILF
14.678380966186523	-0.6156604290008545	10	sparkling
35.46879959106445	-31.199338912963867	4	Subjects
-16.633689880371094	28.98677635192871	8	Angelina
41.33404541015625	-8.070436477661133	7	Modeling
8.326971054077148	1.6022875308990479	6	vein
-40.24786376953125	24.466020584106445	8	Rita
-5.261282444000244	-30.72875213623047	6	Skirt
-46.7625846862793	-35.33287811279297	2	WOMEN
-38.862586975097656	26.63483238220215	8	Lori
9.581724166870117	-1.3798021078109741	10	gossip
28.920696258544922	2.471684694290161	0	remake
-14.648773193359375	-23.415618896484375	9	booty
32.53644561767578	0.03203966096043587	9	harassment
-35.24652099609375	27.047121047973633	8	Laurie
-6.793121814727783	-36.26504898071289	6	Teeth
-20.54264259338379	34.88847351074219	5	Cathy
-45.23440170288086	-29.05590057373047	2	SHE
-16.990209579467773	35.014286041259766	5	Pamela
-16.608503341674805	22.434452056884766	8	Vera
-33.86768341064453	-22.83241081237793	2	shes
8.852078437805176	8.190054893493652	3	silicone
-28.74269676208496	-30.845001220703125	2	brides
39.43952178955078	17.932069778442383	0	initiate
-24.28154182434082	24.623600006103516	5	Miley
-15.974499702453613	26.900880813598633	8	Leigh
20.970521926879883	-2.54960298538208	0	honeymoon
-10.22605037689209	29.624507904052734	8	una
7.78322696685791	-0.586412787437439	10	stocking
-35.517276763916016	-9.954992294311523	9	kitty
13.38465404510498	-5.540884017944336	10	bracelets
-24.683372497558594	35.607479095458984	5	Danielle
-44.49516296386719	20.1694393157959	8	Cynthia
3.6615335941314697	40.437747955322266	1	Wichita
-10.989791870117188	-20.094804763793945	9	Fetish
18.42910385131836	-15.974381446838379	0	CARE
-35.00930404663086	-24.327579498291016	2	mommy
-9.121997833251953	28.415931701660156	8	Latina
-23.502769470214844	29.37845802307129	5	Brenda
57.76348876953125	-1.036054253578186	4	Curriculum
-31.18830108642578	-20.763187408447266	2	granny
31.396060943603516	-2.934870958328247	6	breeds
-17.13148307800293	-24.679641723632812	9	Bitch
13.479796409606934	-0.09607688337564468	10	Reef
-25.27800941467285	-19.782106399536133	2	widow
10.261126518249512	-16.340106964111328	10	Sewing
37.92534637451172	30.111371994018555	3	propecia
40.37998962402344	14.294432640075684	0	figuring
-28.854833602905273	-27.807100296020508	2	Mothers
1.4795520305633545	5.95027494430542	9	Lingerie
-35.16952896118164	-22.779766082763672	2	maid
-47.39139175415039	22.575469970703125	8	Chloe
-2.5419607162475586	-8.749046325683594	10	handbag
-33.8026008605957	-21.247892379760742	2	Goddess
0.9193609952926636	42.17584991455078	1	Belfast
35.96284866333008	17.707136154174805	6	Processor
41.09501266479492	5.623997688293457	0	symptom
-12.368521690368652	25.6303653717041	8	Kia
-13.676876068115234	33.47613525390625	8	Anita
46.438934326171875	4.1121416091918945	0	observing
6.694808483123779	9.132512092590332	9	whipped
55.713462829589844	11.793190956115723	7	Periodicals
38.10809326171875	24.211774826049805	0	schema
39.1093864440918	29.711307525634766	8	Picasa
-12.594926834106445	18.363805770874023	3	Pandora
10.472854614257812	3.240659236907959	6	gaze
-4.0360612869262695	-27.947729110717773	6	thighs
41.11603927612305	26.09330940246582	0	invasive
6.244959831237793	4.119677543640137	10	Couture
49.1562614440918	30.936737060546875	7	Recommendations
46.77350616455078	29.093791961669922	0	registering
-19.996068954467773	18.83109474182129	3	Mia
10.321053504943848	0.030867470428347588	6	cupcakes
40.24610900878906	-7.015056133270264	7	Saturdays
-14.918366432189941	31.196563720703125	8	Irene
-0.038335151970386505	45.753787994384766	1	Beyonce
-18.316082000732422	25.53620147705078	8	Miranda
13.361211776733398	-3.9590163230895996	10	embroidered
-15.157870292663574	34.17892074584961	5	Judith
-21.988893508911133	33.81639099121094	5	Suzanne
-11.076271057128906	-11.70733642578125	3	darling
-37.30488967895508	-14.713672637939453	6	Chick
-27.647130966186523	31.78158950805664	5	Melanie
34.1126708984375	-1.286225438117981	7	downstairs
1.5492979288101196	-6.1548590660095215	6	skirts
35.16400909423828	11.202258110046387	0	distracted
-16.775190353393555	12.40291690826416	3	Velvet
5.920784950256348	-14.98116683959961	10	Jewellery
-16.26114273071289	19.616132736206055	3	mai
35.548648834228516	24.737768173217773	8	SATA
6.819756984710693	10.980358123779297	9	raped
47.83713150024414	30.569721221923828	0	referrals
57.74643325805664	-4.149396896362305	4	Channels
-20.244272232055664	22.059724807739258	8	Stella
10.27934741973877	-5.257778167724609	10	Accessory
-4.9993367195129395	-37.145896911621094	6	Cakes
6.205002784729004	-25.982664108276367	6	Instagram
-2.4902243614196777	34.29297637939453	8	Scotia
-11.889233589172363	20.466875076293945	3	Myrtle
1.6900218725204468	-9.86683464050293	10	Knit
44.23063278198242	28.030925750732422	0	workflow
24.02573013305664	-0.11752662807703018	2	softball
14.175270080566406	-30.892915725708008	6	Anatomy
-19.448068618774414	21.183181762695312	8	Luna
38.63729476928711	-18.560222625732422	7	Magazines
44.43327713012695	-15.236825942993164	7	Poems
-12.634288787841797	-36.57285690307617	9	Bra
-13.007088661193848	29.081119537353516	8	Alexis
-22.676219940185547	26.6898136138916	8	Gina
1.864732265472412	-24.03557014465332	6	feathers
-1.28330397605896	45.48137283325195	1	Brittany
-26.368419647216797	-6.365276336669922	10	pearls
-12.62536907196045	-19.944644927978516	9	lust
40.05591583251953	10.988880157470703	7	proportions
40.17974090576172	-9.748431205749512	7	sketches
40.94120788574219	-2.443192481994629	0	Visiting
-18.777477264404297	-0.7944952249526978	1	Kardashian
27.031461715698242	-3.9100682735443115	6	Volleyball
-42.5534553527832	18.248281478881836	5	Becky
35.57324981689453	-32.78968048095703	4	educating
28.88382911682129	-6.876542091369629	6	bathing
-23.56830406188965	21.84098243713379	3	Stacy
14.247207641601562	-19.003211975097656	7	cosmetics
7.3733086585998535	8.10168170928955	9	purity
7.993008613586426	-4.073631286621094	10	florist
6.194975852966309	-1.9379655122756958	10	Bead
28.626127243041992	1.1250308752059937	0	refuge
-15.980206489562988	-19.64452362060547	9	bitches
5.563848972320557	12.680828094482422	2	cheerleader
-31.18830108642578	-20.763187408447266	2	Granny
-24.485876083374023	30.84619903564453	5	Jenna
-18.6478271484375	31.2503604888916	8	Kimberly
47.01377868652344	13.305935859680176	7	cottages
-2.0087990760803223	-30.60515785217285	6	Vogue
-40.017189025878906	-26.432146072387695	2	grandma
-9.421085357666016	28.29466438293457	8	latina
36.60768508911133	4.579397201538086	7	desserts
4.951646327972412	8.398534774780273	9	sensual
-10.307122230529785	26.625749588012695	8	ally
-0.052117884159088135	-14.397193908691406	10	Quilt
9.581043243408203	13.260659217834473	9	escorts
-32.54594421386719	1.2934606075286865	3	bunny
-34.33251953125	3.1063950061798096	3	Violet
4.615443706512451	-6.429226875305176	10	pastry
-29.167625427246094	31.7025146484375	5	Audrey
-5.534514427185059	-8.923670768737793	10	Chic
33.97160720825195	13.138540267944336	0	harmless
-10.906947135925293	-21.842052459716797	9	Blowjob
13.165263175964355	8.77079963684082	3	Indie
-27.897127151489258	-29.82130241394043	2	Pregnant
-18.957233428955078	29.087106704711914	8	Alexandra
-24.569408416748047	11.59467601776123	3	Zelda
14.334990501403809	-31.698625564575195	6	anatomy
-11.374470710754395	19.557281494140625	3	Sapphire
-9.860421180725098	-14.647102355957031	9	Petite
-41.31452941894531	9.017444610595703	5	Jessie
-37.33741760253906	30.15603256225586	8	Zoe
8.655696868896484	-3.975724220275879	10	Florist
6.106332778930664	2.6244139671325684	10	tote
7.106551170349121	-5.819371223449707	10	Handbags
-27.20755386352539	28.723793029785156	5	Peggy
-25.849685668945312	32.741092681884766	5	Elaine
7.535408020019531	-26.046796798706055	6	Dvd
-24.975757598876953	-30.150634765625	2	MODEL
-7.242861747741699	32.05469512939453	8	Laguna
-16.298511505126953	30.196992874145508	8	Helena
-3.348583698272705	-27.665470123291016	6	thigh
-43.85991668701172	28.50947380065918	8	Lindsey
-10.902029991149902	10.841803550720215	3	Jewel
-25.077239990234375	26.715871810913086	5	Connie
-24.656478881835938	18.323375701904297	8	Alexa
6.68339204788208	-3.9116358757019043	10	bouquet
-47.1508674621582	20.31107521057129	8	Lilly
-7.613502025604248	20.824787139892578	3	Piper
-44.36191177368164	9.15208911895752	5	Patty
-28.851360321044922	0.6525181531906128	3	Peach
33.27779006958008	28.180469512939453	9	pantyhose
3.197317600250244	38.7479248046875	1	Cheshire
-33.8026008605957	-21.247892379760742	2	goddess
32.4251594543457	-7.536381244659424	6	Feeds
55.748809814453125	24.139848709106445	4	Departments
-14.504593849182129	32.21669387817383	8	Esther
44.49284362792969	24.087791442871094	0	customizable
17.169998168945312	-38.145511627197266	2	Nurses
24.325279235839844	-0.04084601625800133	2	Softball
31.704866409301758	-11.692178726196289	6	mouths
36.48606491088867	14.512131690979004	6	Followers
46.838661193847656	23.197032928466797	0	Specification
-12.167887687683105	32.60947036743164	5	Kelley
45.12767028808594	4.749247074127197	0	spirituality
-28.11363410949707	20.28894805908203	5	Kat
-1.6802494525909424	34.78919982910156	1	Sioux
-20.477659225463867	23.39038848876953	8	Sophia
34.09558868408203	0.5721462965011597	0	breastfeeding
-27.434499740600586	-24.291915893554688	2	feminist
50.30145263671875	13.129403114318848	7	Advocacy
-15.15790843963623	28.55794906616211	8	Regina
33.97400665283203	29.129106521606445	9	Shemale
-45.163272857666016	24.6591854095459	8	Ella
12.855226516723633	-0.000480219314340502	10	aisle
-34.03633117675781	-9.633715629577637	6	kitten
5.002260684967041	47.73098373413086	1	virginia
-10.796415328979492	32.18003845214844	5	Stevie
-30.90537452697754	13.159870147705078	5	amber
-36.78377914428711	-23.6812744140625	2	Mum
14.170319557189941	-5.450498580932617	10	stitching
4.888709545135498	11.672653198242188	2	Mistress
4.032388210296631	9.299031257629395	9	Escort
-22.824308395385742	23.073387145996094	8	Naomi
9.581043243408203	13.260659217834473	9	Escorts
31.657291412353516	-1.3579684495925903	7	cruising
44.95819091796875	12.659859657287598	7	Bloggers
-14.27784538269043	20.389734268188477	3	Jolie
-15.016155242919922	-25.235265731811523	9	clit
-16.380067825317383	33.49824523925781	5	Gail
51.46516418457031	11.94456958770752	7	transitions
-25.259387969970703	-20.861597061157227	2	niece
-26.586057662963867	27.173385620117188	5	Renee
-47.67340850830078	12.56447696685791	8	Abby
-11.446511268615723	14.611766815185547	3	Bliss
-15.062276840209961	-36.5894775390625	9	Boobs
-36.981204986572266	-30.410198211669922	2	Girlfriend
51.76137924194336	18.57139778137207	0	prescriptions
15.558974266052246	2.7519962787628174	6	fringe