x	y	cluster	word
-42.457061767578125	36.54868698120117	7	asian
-40.43147659301758	36.78725051879883	7	thai
-37.39706802368164	33.26356506347656	7	korean
-35.71221923828125	32.67084503173828	7	filipino
-32.066375732421875	36.27230453491211	7	indonesian
-22.427352905273438	26.00909423828125	5	haitian
-29.046226501464844	31.565702438354492	7	kenyan
21.281707763671875	-10.175373077392578	4	ago
-19.920480728149414	-16.333297729492188	3	page
8.289791107177734	8.637484550476074	2	per
15.420384407043457	-15.6681547164917	4	bit
-19.354307174682617	-15.820419311523438	3	Page
-30.768564224243164	1.2660309076309204	8	San
-22.393518447875977	-15.553210258483887	2	box
-26.474576950073242	1.3867822885513306	8	Mar
7.4901885986328125	-22.68084716796875	4	Jun
22.20685386657715	-4.177639484405518	4	Oct
18.988815307617188	-3.3225579261779785	4	Sep
-48.77086639404297	7.483400821685791	0	Island
15.985854148864746	-38.53925323486328	10	poor
23.38304901123047	-10.596099853515625	4	onto
17.197254180908203	-26.852773666381836	3	traffic
-22.393518447875977	-15.553210258483887	2	Box
10.576562881469727	2.1529600620269775	2	package
-15.28657054901123	-34.683189392089844	6	thread
27.25458335876465	-0.9594175219535828	4	Thu
-33.89719009399414	-5.139241695404053	8	sea
-27.070470809936523	-14.884907722473145	2	plastic
-6.669380187988281	-33.35962677001953	6	luck
-10.225116729736328	-13.716434478759766	3	signal
-15.468598365783691	-35.190921783447266	6	Thread
5.510618686676025	-23.677719116210938	4	ran
-23.96758270263672	-25.128372192382812	4	twice
-17.167253494262695	-12.563334465026855	1	USB
-42.457061767578125	36.54868698120117	7	Asian
-7.3774943351745605	-8.390219688415527	3	interface
11.956999778747559	-40.63737106323242	10	stress
12.386846542358398	-6.678616046905518	3	layer
-6.0254082679748535	-7.974126815795898	3	input
36.500465393066406	10.29116153717041	4	RSS
-38.39094924926758	21.444467544555664	1	Sony
-33.89719009399414	-5.139241695404053	8	Sea
-48.872161865234375	7.208725452423096	0	island
-41.583187103271484	37.354652404785156	7	Asia
-35.05381774902344	29.613981246948242	7	Pacific
19.57901954650879	-7.378399848937988	4	Inc
-22.417064666748047	24.712871551513672	5	Kingdom
24.866167068481445	10.491677284240723	3	hardware
-47.329586029052734	6.973837852478027	0	village
-16.288984298706055	-9.397819519042969	1	Yahoo
-11.412455558776855	-17.092493057250977	3	Index
8.169829368591309	-24.262218475341797	4	min
-44.89701843261719	-11.835250854492188	9	Orange
-11.412455558776855	-17.092493057250977	3	index
-47.38657760620117	6.396492958068848	0	Village
47.58829116821289	20.958383560180664	2	PDT
-37.169090270996094	23.010417938232422	1	Samsung
-16.543344497680664	-34.10232925415039	6	string
18.15216064453125	-36.50674057006836	10	noise
8.689054489135742	-26.78421974182129	4	kick
34.49166488647461	2.9730758666992188	3	wherein
-14.735315322875977	-25.845062255859375	6	poker
50.098960876464844	11.2122163772583	4	aspect
-22.79378318786621	-17.83412742614746	2	pic
-34.8373908996582	6.179293155670166	5	Kim
54.24209213256836	11.977855682373047	3	implementation
17.516508102416992	-12.066407203674316	4	inner
-16.16727066040039	-17.35147476196289	3	HTML
-34.25907516479492	-25.249727249145508	9	raw
25.06570053100586	-14.13351821899414	4	wanna
17.88784408569336	-39.77067947387695	10	suffering
46.44879913330078	21.41339111328125	2	PST
-45.62067413330078	-11.941741943359375	9	orange
-35.82897186279297	-4.5130743980407715	8	Ocean
-44.16815948486328	1.7531408071517944	0	Java
28.75813865661621	-8.452483177185059	4	rid
32.76911544799805	-23.648548126220703	6	hang
-16.16727066040039	-17.35147476196289	3	html
-38.13092041015625	35.70277786254883	7	Korea
-44.29070281982422	-6.275984764099121	9	rice
-47.2454719543457	-13.579055786132812	9	juice
-34.677642822265625	22.430160522460938	1	Honda
36.07133483886719	-21.182300567626953	6	hanging
-35.64220428466797	36.71539306640625	7	Hawaii
-23.62677764892578	-9.570068359375	1	Palm
-6.225133419036865	27.228679656982422	5	Kong
-35.82897186279297	-4.5130743980407715	8	ocean
-27.41051483154297	21.17535400390625	5	Muslim
-29.56169891357422	39.20781326293945	7	Singapore
10.923529624938965	2.3734309673309326	2	Package
27.934782028198242	-13.854825973510742	4	odd
19.20883560180664	-31.362497329711914	10	delay
-28.872644424438477	10.05389404296875	5	Hong
-35.78607177734375	23.803852081298828	1	Toyota
-15.477692604064941	-28.954164505004883	6	massage
-39.945823669433594	4.166184425354004	5	Dragon
-24.826087951660156	-16.44391441345215	2	Phil
-29.129152297973633	-31.970088958740234	8	sin
26.871294021606445	12.13599967956543	3	processor
-3.4817161560058594	-5.583610534667969	3	upload
-34.479373931884766	37.34054946899414	7	Vietnam
-9.768795013427734	8.660107612609863	0	Islands
10.335156440734863	-31.840774536132812	4	quit
17.197254180908203	-26.852773666381836	3	Traffic
-14.735315322875977	-25.845062255859375	6	Poker
9.834547996520996	-16.260303497314453	4	wisdom
-11.77628231048584	-30.69378662109375	6	slot
25.152441024780273	-4.36506986618042	4	bits
-37.12574768066406	33.602935791015625	7	Korean
-43.96876907348633	4.336488723754883	0	Temple
-14.362224578857422	-33.61499786376953	6	threads
-27.98504638671875	22.167572021484375	5	Islam
-27.070470809936523	-14.884907722473145	2	Plastic
-5.253971099853516	-1.5987370014190674	3	php
-44.69043731689453	-6.257501125335693	9	Rice
-26.734445571899414	23.07290267944336	5	Islamic
29.868667602539062	-38.52162170410156	10	disorder
16.381498336791992	-13.364583969116211	4	int
-15.25153636932373	-11.7372465133667	1	Oracle
-33.08827209472656	35.32162094116211	7	Delhi
9.31633472442627	-21.840795516967773	4	mid
-40.69626235961914	6.284836769104004	5	Tiger
-38.77185821533203	-12.840957641601562	9	Cotton
-10.023027420043945	-33.30369567871094	6	hook
22.424419403076172	-35.47657775878906	10	poverty
-3.7481653690338135	-2.8878273963928223	3	terminal
-32.35734558105469	39.86810302734375	7	Thailand
-5.253971099853516	-1.5987370014190674	3	PHP
8.123269081115723	8.8914155960083	2	Per
-48.460227966308594	-10.294968605041504	9	soup
14.781699180603027	-12.088361740112305	4	org
-12.549925804138184	-17.987321853637695	3	animation
24.86715316772461	10.493698120117188	3	Hardware
-40.775177001953125	36.13998794555664	7	Thai
34.831302642822266	1.4446861743927002	3	Additionally
-35.88833999633789	-1.622161626815796	8	Yoga
-17.8798828125	-15.979076385498047	3	http
-33.82809066772461	39.57252883911133	7	Philippines
25.42067527770996	-25.206144332885742	6	gambling
-29.671363830566406	0.10656481236219406	8	sake
-36.29225540161133	-1.7320584058761597	8	yoga
-25.385738372802734	-22.969846725463867	0	gang
10.091609001159668	7.130509853363037	2	pad
-38.456336975097656	34.744808197021484	7	Tokyo
-16.29526138305664	-14.82131290435791	3	CPU
19.58768653869629	-38.210567474365234	10	beating
-28.990243911743164	33.43739318847656	7	Dubai
-43.73657989501953	3.789763927459717	0	temple
-18.605337142944336	-10.326751708984375	1	RAM
44.66056442260742	15.848490715026855	1	CNET
34.87038803100586	-17.688737869262695	6	tricks
-6.579659461975098	5.087061882019043	0	cartoon
-24.510059356689453	-11.310307502746582	2	Penn
1.5173884630203247	-26.20862579345703	4	tho
-33.31924819946289	38.387168884277344	7	Indonesia
1.5963342189788818	-8.333221435546875	9	colorful
5.907718181610107	3.588433265686035	2	API
-16.755136489868164	-34.64826583862305	6	String
-13.798571586608887	24.063798904418945	1	HTC
3.776671886444092	-19.622310638427734	4	Trek
1.5051246881484985	12.007814407348633	0	beings
5.545540809631348	-11.058886528015137	9	tender
22.683576583862305	5.490023136138916	2	bytes
-28.889598846435547	38.072227478027344	7	Malaysia
-15.810834884643555	-29.091829299926758	6	Massage
15.985854148864746	-38.53925323486328	10	Poor
51.145572662353516	19.46131706237793	2	PMI
-9.793198585510254	-35.37847137451172	6	twist
-30.260906219482422	-28.774272918701172	4	shake
-20.3915958404541	25.755624771118164	5	CNN
-24.079648971557617	10.869418144226074	5	Jake
-23.92815399169922	-14.360552787780762	2	puppy
15.411227226257324	21.502294540405273	4	Sri
-9.595507621765137	8.985213279724121	0	islands
-15.23672866821289	-31.30613136291504	6	strings
-22.711769104003906	24.81596565246582	5	kingdom
31.48066520690918	-9.875168800354004	4	kicked
36.91958999633789	-18.662975311279297	6	hung
-28.864572525024414	-26.916059494018555	10	punch
5.468429088592529	-13.296380043029785	9	chopped
10.698922157287598	11.242761611938477	2	Puerto
-34.464881896972656	-21.95029640197754	9	belly
-25.3070068359375	11.411205291748047	5	Juan
-5.095881462097168	6.835687637329102	0	Township
-43.99592590332031	9.155319213867188	0	Tigers
-28.31833267211914	14.047229766845703	5	Khan
-44.80730438232422	-13.335030555725098	9	pork
24.848169326782227	20.430002212524414	2	PSP
16.427640914916992	-5.8922200202941895	4	batch
32.30412292480469	-18.070798873901367	6	slots
24.597776412963867	-35.038612365722656	10	pollution
-13.552689552307129	-28.690921783447266	6	beads
-32.634056091308594	37.13426971435547	7	Taiwan
-28.085111618041992	35.58115768432617	7	Mumbai
-23.626903533935547	-9.569975852966309	1	palm
9.333745956420898	-27.53904914855957	4	Skip
-1.322312593460083	-22.8731746673584	4	snap
31.454872131347656	-41.3264045715332	10	harmful
32.32655715942383	-38.255943298339844	10	affecting
12.693657875061035	30.513654708862305	1	Stanford
-9.936399459838867	-30.690319061279297	6	fold
10.374093055725098	-29.94820213317871	4	shy
9.62846851348877	3.9775519371032715	2	ups
11.843353271484375	1.478572130203247	2	packet
-33.66648864746094	-25.734872817993164	9	Raw
-40.8532600402832	1.4593480825424194	5	Marvel
28.79824447631836	-43.5013542175293	10	bitter
29.952438354492188	13.954710006713867	1	webcam
33.288230895996094	-0.23565466701984406	3	talents
5.672088623046875	6.3493523597717285	2	para
1.348096251487732	19.863840103149414	5	fighter
-28.67206382751465	-3.155447483062744	8	surf
25.478919982910156	-30.32650375366211	10	complexity
-26.168519973754883	34.85920715332031	7	Shanghai
17.931987762451172	25.998790740966797	1	Nikon
-6.847819805145264	26.494518280029297	5	Singh
6.709650039672852	3.3876161575317383	2	pixels
14.66650104522705	-18.501529693603516	4	Lil
14.321269035339355	-6.678555011749268	4	buffer
47.23775863647461	11.759690284729004	4	yrs
45.4120979309082	4.833553314208984	10	sensitivity
48.23465347290039	6.035968780517578	4	indicator
-13.379322052001953	-11.93248462677002	1	hub
-19.993331909179688	17.482032775878906	1	Cedar
-7.425145149230957	-7.741703510284424	3	Interface
-13.548955917358398	-35.375709533691406	6	rope
-4.41939640045166	10.88063907623291	0	villages
-36.665584564208984	35.76655578613281	7	Kenya
32.13777160644531	8.008984565734863	4	VIP
-12.867897987365723	23.104185104370117	1	AMD
21.641958236694336	-26.57628631591797	8	meditation
-14.202507019042969	-4.2012410163879395	1	PlayStation
-14.557300567626953	27.250534057617188	1	Kingston
-5.304803848266602	-3.526386022567749	3	multimedia
-6.57720422744751	-26.612905502319336	6	combo
-12.300138473510742	-29.317890167236328	6	scroll
-8.478658676147461	20.743377685546875	1	kernel
41.09809112548828	17.34954261779785	1	Panasonic
-20.66440773010254	12.927996635437012	5	Jenny
-20.383817672729492	-18.560684204101562	3	pulse
-40.48517990112305	4.369744300842285	5	dragon
32.24114990234375	-7.603537559509277	4	meantime
-25.232460021972656	-4.036004066467285	8	surfing
-40.09518814086914	-15.117182731628418	9	Mint
-9.793357849121094	-4.699065208435059	3	smartphone
-41.881736755371094	-13.286516189575195	9	Tan
12.439682960510254	32.96135711669922	7	Southeast
37.841590881347656	-39.07571029663086	10	hesitate
-11.882986068725586	-27.78795623779297	6	bracelet
-40.91786575317383	14.012458801269531	0	Safari
-45.09364700317383	-8.080467224121094	9	coconut
11.965730667114258	-40.63637924194336	10	Stress
-30.122285842895508	1.476461410522461	8	san
4.375865459442139	-3.3361523151397705	0	thumbs
24.163162231445312	-19.839458465576172	6	wishing
29.17809295654297	-6.985457897186279	4	ing
26.07616424560547	-37.60749816894531	10	stressed
14.003702163696289	32.9229850769043	7	Jacksonville
-24.408676147460938	7.741904258728027	5	mercy
-4.378450393676758	27.74896240234375	5	Jackie
-48.460227966308594	-10.294968605041504	9	Soup
41.824928283691406	17.728866577148438	1	Toshiba
-5.304803848266602	-3.526386022567749	3	Multimedia
-48.596580505371094	-12.784863471984863	9	nut
-10.023027420043945	-33.30369567871094	6	Hook
27.923126220703125	-2.4517085552215576	4	mighty
-10.310522079467773	15.127917289733887	5	Warrior
15.356677055358887	20.764453887939453	4	Abu
-12.549925804138184	-17.987321853637695	3	Animation
-48.374717712402344	0.6544626951217651	0	Monkey
16.58087730407715	0.6463794112205505	2	ppl
27.67687225341797	-8.376453399658203	4	sang
26.10979461669922	-42.57609558105469	10	rude
29.520265579223633	5.644697189331055	3	realm
-22.09969139099121	-0.8793838024139404	8	bikini
10.091741561889648	7.130708694458008	2	Pad
32.905601501464844	-10.783224105834961	4	kicking
20.991962432861328	21.323068618774414	1	HDMI
-11.239091873168945	-28.01108741760254	6	Bracelet
-11.665506362915039	10.910287857055664	0	Warriors
-11.102930068969727	26.621448516845703	1	Suzuki
35.33208084106445	15.327085494995117	9	nutritional
-42.05520248413086	-13.141580581665039	9	tan
21.764286041259766	-27.76076316833496	8	praying
16.682193756103516	-35.931758880615234	10	blah
-38.34053421020508	0.4590266942977905	5	manga
14.634748458862305	-18.71830177307129	4	lil
18.741302490234375	-31.32224464416504	10	scam
-30.646806716918945	31.86157989501953	7	Bali
20.258132934570312	-7.511470317840576	4	inc
19.68385124206543	-35.00118637084961	10	headache
-3.1537227630615234	27.937198638916016	5	Wang
9.095953941345215	-22.044647216796875	4	Mid
-20.91179656982422	-1.1312259435653687	8	buffet
-17.257492065429688	23.529489517211914	1	Lotus
-13.151213645935059	24.75558853149414	1	USC
10.022516250610352	8.828898429870605	2	por
-31.182952880859375	40.15888977050781	7	Bangkok
38.17650604248047	-37.99201965332031	10	uncertainty
-28.67206382751465	-3.155447483062744	8	Surf
15.420384407043457	-15.6681547164917	4	Bit
-22.603853225708008	27.85713768005371	7	Lanka
-33.455020904541016	7.736364364624023	5	Joey
9.313032150268555	3.79984188079834	2	UPS
-48.374717712402344	0.6544626951217651	0	monkey
-35.76034927368164	-23.396766662597656	9	spicy
38.49650573730469	7.8387298583984375	3	weblog
20.16472816467285	-6.775102138519287	4	INC
21.299468994140625	-32.83844757080078	10	grief
3.667616605758667	-10.365403175354004	9	hormone
-40.12240982055664	-16.790233612060547	9	soy
37.358055114746094	-22.846473693847656	6	twisted
-7.062293529510498	5.059492111206055	0	Cartoon
30.878108978271484	-38.07658767700195	10	anxious
-34.903079986572266	-17.73253631591797	9	shrimp
38.78308868408203	-39.54307556152344	10	limiting
44.769290924072266	23.35590362548828	2	polyester
7.367214202880859	4.526337623596191	2	pixel
-6.669380187988281	-33.35962677001953	6	Luck
1.5456620454788208	19.869029998779297	5	Fighter
-44.27078628540039	1.3247668743133545	0	java
-36.94554901123047	12.813664436340332	5	Butterfly
45.283233642578125	21.648983001708984	2	PVC
8.602858543395996	24.632244110107422	5	Rica
19.431140899658203	-37.16947555541992	10	scare
-23.068655014038086	-15.848817825317383	2	BOX
-40.35125732421875	-15.068538665771484	9	mint
-18.605337142944336	-10.326751708984375	1	Ram
17.522846221923828	-35.25297164916992	10	shaking
33.482295989990234	-22.707950592041016	6	toss
-7.438391208648682	29.04068374633789	5	Maya
37.40407943725586	-1.067772388458252	3	inputs
-34.37071990966797	30.634063720703125	7	Peru
-18.453216552734375	34.81340026855469	7	Providence
26.46640968322754	20.744686126708984	2	PCs
34.56742477416992	-38.67764663696289	10	hassle
-0.19547182321548462	13.267810821533203	0	religions
15.611148834228516	-3.3236799240112305	2	wipe
-14.2893648147583	8.831681251525879	0	Cubs
38.32915115356445	-0.4582939147949219	3	interfaces
24.06419563293457	-39.205692291259766	10	abused
-16.288984298706055	-9.397819519042969	1	yahoo
17.585031509399414	-36.731632232666016	10	Noise
-45.043212890625	-15.251689910888672	9	peanut
23.542591094970703	-9.4733247756958	4	amid
-47.60120391845703	9.445322036743164	0	tribe
11.743490219116211	3.389299154281616	2	polymer
-3.4817471504211426	-5.58381462097168	3	Upload
-39.83717727661133	-12.124152183532715	9	ginger
8.169829368591309	-24.262218475341797	4	Min
-6.024369716644287	-7.496962070465088	3	Input
11.402542114257812	-18.76297950744629	4	leap
19.292951583862305	-39.76109313964844	10	cruel
-3.5554394721984863	-2.492521286010742	3	Terminal
-37.726070404052734	7.379504203796387	5	Ninja
-38.889827728271484	5.628981113433838	5	Buddha
33.12316131591797	9.167936325073242	4	RBI
51.21774673461914	10.157873153686523	3	teachings
-5.837739944458008	29.440505981445312	5	Mai
-10.226179122924805	-13.718402862548828	3	Signal
28.365154266357422	11.415699005126953	3	processors
3.420447826385498	18.32355308532715	5	Prophet
-37.33075714111328	0.07192572206258774	8	hentai
-12.542969703674316	9.347431182861328	0	tribal
45.8927116394043	12.38349723815918	4	ASIN
17.96278190612793	-12.05820083618164	4	Inner
11.347002029418945	-14.904510498046875	4	sooo
-10.310522079467773	15.127917289733887	5	warrior
-24.599882125854492	24.859346389770508	5	Hindu
-8.848570823669434	-5.442468643188477	3	webpage
-3.1238653659820557	6.2484893798828125	8	Peninsula
-33.44078063964844	22.93173599243164	1	Hyundai
0.2919175922870636	-13.268265724182129	9	cinnamon
-25.385074615478516	-22.969623565673828	0	Gang
-36.94570541381836	12.813720703125	5	butterfly
24.33574104309082	-11.185900688171387	4	rig
-13.576590538024902	-29.497970581054688	6	Beads
-45.544769287109375	8.371407508850098	0	jungle
-47.2454719543457	-13.579055786132812	9	Juice
-14.430282592773438	19.913183212280273	1	Silicon
11.387974739074707	5.583211421966553	2	RPG
-32.79932403564453	-19.099674224853516	9	spices
-30.994728088378906	14.659982681274414	5	Naruto
25.538938522338867	-38.62559509277344	10	stressful
22.9302978515625	-18.836631774902344	6	fade
-6.5775065422058105	-26.612707138061523	6	Combo
0.676151692867279	28.9692440032959	5	Chen
13.678439140319824	1.9722886085510254	2	packets
-13.664453506469727	-11.835719108581543	1	Hub
-40.288604736328125	30.885446548461914	5	Buddhist
3.1839816570281982	27.562576293945312	5	Katy
-38.03578567504883	36.87255859375	7	Nepal
-25.587173461914062	9.832855224609375	5	Ana
-6.995728015899658	6.595881938934326	0	cartoons
-14.430644989013672	19.914926528930664	1	silicon
20.295398712158203	-39.062564849853516	10	messy
1.4619981050491333	22.233083724975586	5	Muhammad
27.518115997314453	13.644736289978027	3	ICT
-38.9881706237793	2.2325847148895264	5	Zen
-23.531570434570312	-14.113125801086426	2	Puppy
-25.660959243774414	13.789043426513672	5	Hawk
31.417795181274414	-22.270967483520508	6	woven
-30.732519149780273	38.99720001220703	7	Bangladesh
11.648497581481934	10.816139221191406	2	png
-29.193578720092773	30.069244384765625	7	Tamil
-17.937606811523438	-16.63014030456543	3	HTTP
-25.57783317565918	-12.764444351196289	2	Penguin
-26.875219345092773	31.14533042907715	7	Bollywood
47.40502166748047	4.528325080871582	4	interim
-45.15153884887695	3.134141206741333	0	elephant
51.733123779296875	20.632579803466797	2	PCI
10.844382286071777	-2.9878528118133545	9	Toner
34.518985748291016	1.8298126459121704	3	additionally
-20.338491439819336	33.86142349243164	7	Tulsa
51.14945983886719	17.185714721679688	4	optimum
-45.544769287109375	8.371407508850098	0	Jungle
50.6596565246582	16.152191162109375	1	Lightbox
-32.717350006103516	-23.25764274597168	9	jaw
41.07603073120117	11.12474536895752	3	htm
39.4600715637207	6.332190036773682	3	outsourcing
2.648071527481079	25.37816047668457	5	Mormon
-27.644868850708008	29.578323364257812	7	Hindi
-6.3533854484558105	10.581201553344727	0	tribes
-31.277587890625	7.975643157958984	5	chin
-40.34015655517578	6.534409523010254	5	tiger
-17.463621139526367	-12.672731399536133	1	usb
17.028076171875	-32.52935028076172	10	litter
6.33199405670166	25.874488830566406	5	Miguel
-34.39876937866211	12.896224021911621	5	bamboo
48.599430084228516	7.08130407333374	4	installment
25.02906036376953	-14.142300605773926	4	Wanna
-44.52729415893555	-9.929247856140137	9	Curry
11.165427207946777	25.661842346191406	5	Johnston
-1.1929877996444702	0.8605340123176575	3	evolving
-36.935394287109375	-3.6497621536254883	8	shark
31.598339080810547	-39.39973449707031	10	interfere
23.572736740112305	-1.6901482343673706	4	peek
-30.768564224243164	1.2660309076309204	8	SAN
16.514392852783203	-13.649871826171875	4	Int
-2.7780182361602783	24.272079467773438	5	Pedro
6.155012130737305	-24.596282958984375	4	soo
46.47990798950195	19.34986686706543	2	photostream
29.956567764282227	13.947060585021973	1	Webcam
-16.266088485717773	25.109716415405273	1	Cornell
22.473161697387695	-15.01034927368164	4	Sing
-39.83717727661133	-12.124152183532715	9	Ginger
-19.255619049072266	-16.775779724121094	3	PAGE
7.045530796051025	-12.3211669921875	9	funky
10.14008903503418	-16.413543701171875	4	Wisdom
-29.129119873046875	-31.969890594482422	8	Sin
21.283565521240234	-10.169344902038574	4	Ago
48.24376678466797	9.39455795288086	5	Scholar
24.189647674560547	-5.9130859375	4	idle
23.676021575927734	16.977764129638672	2	Paso
-0.3732146620750427	27.391448974609375	5	Guru
-7.323266506195068	-28.258811950683594	6	reel
54.24209213256836	11.977855682373047	3	Implementation
-24.408676147460938	7.741904258728027	5	Mercy
19.263765335083008	26.388078689575195	1	Asus
-34.48342514038086	33.449363708496094	7	Manila
12.494451522827148	-6.644047737121582	3	Layer
-4.096340656280518	3.046433925628662	2	cardboard
33.08084487915039	-3.155683994293213	4	chatting
-28.89195442199707	-26.64034080505371	10	Punch
-18.605337142944336	-10.326751708984375	1	ram
-30.545072555541992	34.48166275024414	7	Vietnamese
-2.451387405395508	-4.579524993896484	3	uploading
-30.86308479309082	8.89219856262207	5	Jade
-38.84156799316406	22.182172775268555	1	sony
-21.093717575073242	30.975881576538086	7	Oriental
-31.512943267822266	13.032469749450684	5	Kobe
-42.35472869873047	1.7093791961669922	5	Avatar
9.218769073486328	-26.51198959350586	4	Kick
23.86244010925293	-33.1148681640625	10	rainy
53.33279037475586	10.801750183105469	3	encoding
22.98829460144043	-15.379387855529785	4	sung
-0.13201504945755005	0.5099903345108032	3	graphical
-22.09969139099121	-0.8793838024139404	8	Bikini
-2.5578367710113525	-30.783344268798828	9	popping
19.57123565673828	10.651451110839844	6	volleyball
-21.997711181640625	37.57160949707031	7	Honolulu
-38.09575271606445	0.8299013376235962	5	Manga
29.544450759887695	-19.896360397338867	6	wrapping
-11.494458198547363	-32.265594482421875	6	spiral
16.84699249267578	-4.079747676849365	4	nap
-27.05674171447754	-27.570241928100586	5	fist
-7.323266506195068	-28.258811950683594	6	Reel
42.374977111816406	15.930004119873047	1	Epson
5.94490385055542	-8.176186561584473	9	peel
-0.35894107818603516	-11.828414916992188	9	thyroid
-13.579352378845215	7.812347888946533	0	clan
19.376829147338867	-12.881976127624512	4	mindset
-30.260906219482422	-28.774272918701172	4	Shake
-45.16041946411133	3.5449624061584473	0	Elephant
36.07133483886719	-21.182300567626953	6	Hanging
16.192428588867188	3.9578232765197754	2	Postage
-9.260335922241211	26.79584312438965	1	Sigma
-29.391366958618164	11.525525093078613	5	Yang
-30.669092178344727	17.344228744506836	5	Maui
-35.72077560424805	31.4545955657959	7	Philippine
6.7424139976501465	7.835237503051758	2	pal
34.87038803100586	-17.688737869262695	6	Tricks
47.57821273803711	8.101539611816406	10	mentality
4.536084175109863	27.281688690185547	5	Kumar
50.25706481933594	19.062395095825195	2	LLP
-44.80730438232422	-13.335030555725098	9	Pork
-30.719989776611328	-26.504215240478516	9	jerk
-42.204158782958984	2.4066879749298096	5	avatar
16.282747268676758	17.153045654296875	6	Karaoke
13.804489135742188	-4.969400405883789	2	manifest
-11.530935287475586	-29.282978057861328	6	Scroll
-22.024927139282227	35.442161560058594	7	Chennai
37.219993591308594	-20.155290603637695	6	winding
21.487611770629883	-26.696165084838867	8	Meditation
27.9230899810791	-2.4515128135681152	4	Mighty
25.28087043762207	17.697750091552734	2	MPEG
-21.806753158569336	9.950091361999512	5	Lin
-14.202507019042969	-4.2012410163879395	1	Playstation
-32.17936325073242	33.804298400878906	7	Istanbul
3.475088596343994	18.525545120239258	5	prophet
0.6108801960945129	11.086080551147461	0	livestock
-34.34846878051758	12.985880851745605	5	Bamboo
25.024126052856445	-7.982304096221924	4	IST
-0.9197909832000732	1.8874412775039673	0	artifacts
24.340940475463867	8.771185874938965	3	handset
-29.4257869720459	8.615118980407715	5	Chan
-34.464881896972656	-21.95029640197754	9	Belly
33.30302429199219	-23.84671401977539	6	Hang
48.48263931274414	9.719452857971191	5	scholar
21.100706100463867	-40.35862350463867	10	greed
30.470550537109375	2.6405961513519287	0	primitive
33.87216567993164	-1.7926217317581177	3	gesture
44.746559143066406	20.01241683959961	4	ASAP
-37.11541748046875	-4.1991729736328125	8	Shark
12.619568824768066	-15.656210899353027	4	nod
2.675527572631836	24.18398094177246	5	Goddess
23.339738845825195	11.153231620788574	3	smartphones
-48.450897216796875	-1.0232335329055786	0	Turtle
27.141115188598633	11.957027435302734	3	Processor
3.776671886444092	-19.622310638427734	4	trek
10.844120025634766	-2.988081693649292	9	toner
46.450218200683594	9.782485008239746	4	utmost
-44.411659240722656	-8.144956588745117	9	Coconut
-1.3234492540359497	-22.8736572265625	4	Snap
16.344655990600586	3.6516621112823486	2	postage
45.959312438964844	16.30251693725586	1	Joomla
-45.120853424072266	-9.692371368408203	9	curry
38.147525787353516	1.6193665266036987	3	instructional
-9.778514862060547	10.589323043823242	0	temples
51.854976654052734	18.335832595825195	1	Picasa
4.1198954582214355	-24.85788345336914	4	wee
22.478139877319336	-38.314510345458984	10	bullying
-3.884190797805786	23.11893081665039	5	Perez
-24.14582061767578	0.7668886780738831	8	Saga
25.422719955444336	-25.20079803466797	6	Gambling
-24.228910446166992	36.95218276977539	7	Cambodia
-36.804542541503906	22.545330047607422	1	samsung
30.56166648864746	6.879652976989746	1	myriad
-5.836456298828125	29.842954635620117	5	mai
41.86882781982422	8.385001182556152	3	internship
-39.22745895385742	-18.816816329956055	9	citrus
-42.89620590209961	-11.77098560333252	9	noodles
20.347219467163086	32.154666900634766	2	Presbyterian
15.323030471801758	28.942045211791992	1	Irvine
10.161160469055176	-19.70405387878418	4	Rand
15.378957748413086	3.387465715408325	2	parcel
32.97822570800781	2.0100932121276855	3	hierarchy
-31.492626190185547	35.98944854736328	7	Indonesian
28.11591148376465	19.910884857177734	2	pts
12.451013565063477	32.91714859008789	7	southeast
-11.77628231048584	-30.69378662109375	6	Slot
4.3822102546691895	-11.476786613464355	9	broth
44.68756103515625	2.438528299331665	4	soak
18.038572311401367	25.03002166748047	1	Kodak
-38.31807327270508	-6.529163837432861	8	sushi
-20.49744987487793	32.17980194091797	7	Tibetan
33.86562728881836	0.5208784341812134	3	tangible
-11.665506362915039	10.910287857055664	0	warriors
36.8956184387207	10.243202209472656	4	rss
38.9981689453125	-19.5787296295166	6	hangs
41.170379638671875	9.628222465515137	3	holistic
-13.242692947387695	10.941308975219727	0	Dragons
29.9661865234375	-39.70020294189453	10	distortion
2.042537212371826	18.625415802001953	5	rapper
8.966702461242676	-17.245824813842773	4	tick
52.77149963378906	17.65485191345215	4	Orkut
-2.183032989501953	25.97139549255371	5	Liu
-15.395480155944824	-26.972673416137695	6	pearls
-23.334840774536133	11.87080192565918	5	Wong
5.896871089935303	-20.099802017211914	4	Lang
-14.631386756896973	-30.882505416870117	6	Strings
19.577939987182617	10.651951789855957	6	Volleyball
49.516387939453125	13.87805461883545	3	LinkBack
43.229156494140625	17.243497848510742	1	Lenovo
-39.07506561279297	-7.7555952072143555	9	tuna
12.027979850769043	17.861536026000977	8	Sands
-9.793198585510254	-35.37847137451172	6	Twist
-25.65118408203125	8.964181900024414	5	Shah
-11.987849235534668	-34.55496597290039	6	knot
-38.348941802978516	3.471823215484619	5	Panda
21.792959213256836	-31.451656341552734	10	rains
-24.634735107421875	-1.8216230869293213	8	seas
7.95426607131958	-5.5001749992370605	2	pouch
22.74085235595703	-2.486715316772461	4	lag
-29.378042221069336	34.70418167114258	7	Tibet
-4.186690807342529	9.242802619934082	0	minorities
36.01548767089844	-39.102516174316406	10	arrogant
24.231348037719727	-40.37122344970703	10	misery
-45.84613037109375	7.336893558502197	0	monkeys
-22.148723602294922	11.257410049438477	5	tha
26.72263526916504	-5.535787105560303	4	gigs
-39.97981262207031	31.477678298950195	7	Buddhism
-11.9930419921875	9.108868598937988	0	Tribal
-20.173450469970703	-18.615114212036133	3	Pulse
-13.328681945800781	21.43385124206543	1	Mozilla
13.653258323669434	27.115449905395508	1	Laguna
13.881597518920898	11.297049522399902	2	Paulo
-8.383438110351562	-32.92193603515625	6	bending
39.467918395996094	9.127792358398438	3	keynote
-4.4595255851745605	-17.076200485229492	6	Jewel
25.898967742919922	-1.6479215621948242	4	speedy
33.21373748779297	-40.21440124511719	10	obstacle
-48.939918518066406	-0.9089277386665344	0	turtle
16.340314865112305	27.46105194091797	1	Acura
44.349510192871094	23.29246711730957	2	Polyester
-32.01167297363281	32.771636962890625	7	Seoul
10.335156440734863	-31.840774536132812	4	Quit
2.675527572631836	24.18398094177246	5	goddess
-23.442487716674805	12.77525806427002	5	Chang
8.454690933227539	5.921422958374023	2	JPEG
-35.71221923828125	32.67084503173828	7	Filipino
-22.126388549804688	36.327999114990234	7	Kerala
26.78704071044922	-41.2553596496582	10	greedy
-27.833208084106445	33.95167922973633	7	Kuwait
-28.152210235595703	15.825274467468262	5	Gandhi
-33.5191764831543	-24.90903663635254	9	RAW
27.412036895751953	-21.265052795410156	10	spanking
38.56803512573242	5.564611434936523	3	hypertension
-19.715904235839844	12.559929847717285	5	Kat
40.82145309448242	2.3881592750549316	4	wisely
-31.743854522705078	-25.652477264404297	9	chop
14.06328296661377	24.172508239746094	1	Rancho
0.15025965869426727	-1.3774632215499878	3	percussion
-45.043212890625	-15.251689910888672	9	Peanut
-26.936159133911133	10.895574569702148	5	Manny
-38.39094924926758	21.444467544555664	1	SONY
-31.15096092224121	-3.363086223602295	8	Sharks
41.63199234008789	15.522577285766602	1	ATI
28.751157760620117	-10.234086990356445	4	goin
-25.515586853027344	12.335563659667969	5	Conan
-47.1793098449707	9.757943153381348	0	Tribe
13.77142333984375	-10.893918991088867	4	Dev
-0.560536801815033	27.86100196838379	5	guru
38.28413391113281	-19.056446075439453	6	tying
40.9257926940918	13.509209632873535	1	Drupal
49.692928314208984	20.09602165222168	2	RRP
22.0827693939209	-35.54526138305664	10	Poverty
26.417539596557617	21.171720504760742	2	pcs
-7.524037837982178	-2.65759539604187	3	Unix
10.33181381225586	-14.481375694274902	4	teh
-20.91179656982422	-1.1312259435653687	8	Buffet
5.524792671203613	27.841001510620117	5	Zhang
-0.41982942819595337	17.134899139404297	10	villain
28.867633819580078	19.158048629760742	2	pas
-18.994041442871094	24.636817932128906	5	Lima
31.85003662109375	4.745117664337158	5	Dynasty
-30.257095336914062	10.659663200378418	5	Han
18.24025535583496	-9.43791389465332	4	ins
36.78582000732422	-0.28960713744163513	3	animations
-40.595375061035156	3.3867080211639404	5	Jedi
-25.415729522705078	-28.233688354492188	5	Karma
11.943465232849121	-8.598669052124023	3	digit
33.90013122558594	7.470940113067627	4	ROI
19.612567901611328	25.906404495239258	1	ASUS
5.682183742523193	-8.383172035217285	9	Peel
-33.294857025146484	12.366008758544922	5	Jasmine
-34.677642822265625	22.430160522460938	1	honda
25.944679260253906	18.99416160583496	2	PSU
14.8871431350708	32.03550720214844	7	Tacoma
7.8418731689453125	27.31795310974121	5	Lawson
12.267866134643555	-18.85422706604004	4	dim
20.46162986755371	32.221012115478516	2	Pradesh
7.0967512130737305	-19.526498794555664	4	Won
-48.709224700927734	-8.36372184753418	9	guts
-5.09505033493042	6.8387861251831055	0	township
32.25843048095703	-20.923534393310547	6	knots
-22.79378318786621	-17.83412742614746	2	Pic
-47.93685531616211	-12.30109691619873	9	Nut
-4.201362609863281	24.124643325805664	5	Lennon
12.690078735351562	24.38684844970703	1	Santos
-15.819238662719727	-23.945472717285156	2	paddle
36.24832534790039	-36.34834289550781	10	congestion
-24.14582061767578	0.7668886780738831	8	saga
-11.530518531799316	24.22874641418457	1	reliance
-40.40554428100586	-19.23207664489746	9	carrot
22.681575775146484	-32.867897033691406	10	raining
-40.911102294921875	14.025107383728027	0	safari
42.730342864990234	2.16170334815979	4	tempo
-35.36594009399414	-19.978878021240234	9	calf
-26.474576950073242	1.3867822885513306	8	MAR
6.667843341827393	26.782405853271484	5	Mariah
40.431705474853516	-17.160747528076172	6	fading
-15.115909576416016	25.641429901123047	1	Kawasaki
34.16584777832031	3.9944214820861816	3	integer
49.37916564941406	15.927373886108398	1	SDK
-4.078545093536377	-31.660099029541016	6	flop
-34.08915710449219	8.904274940490723	5	Coco
34.432044982910156	-35.13109588623047	10	soaked
16.298078536987305	17.16338539123535	6	karaoke
24.89042091369629	20.993940353393555	2	psp
22.4035587310791	-16.82173728942871	4	outward
34.70642852783203	-22.374170303344727	6	twists
43.73615264892578	21.58449363708496	2	PSA
12.62946891784668	4.651731967926025	2	Parkinson
12.640925407409668	7.907722473144531	2	Poly
-34.83476257324219	-17.77097511291504	9	Shrimp
25.024126052856445	-7.982304096221924	4	ist
35.58323287963867	-19.70903968811035	6	gamble
-13.579352378845215	7.812347888946533	0	Clan
-35.022403717041016	0.5583785176277161	8	Dolphin
-4.801268577575684	3.5969059467315674	0	carpets
-34.1566162109375	-15.491859436035156	9	pulp
31.68120574951172	-8.635966300964355	4	skipped
-30.733642578125	37.04035949707031	7	Burma
45.33599090576172	10.551422119140625	4	crore
20.99770736694336	-30.507137298583984	10	amidst
-17.727684020996094	35.53236770629883	7	Punjab
-23.916955947875977	35.27582931518555	7	Hyderabad
53.65921401977539	9.413798332214355	3	Institutes
36.19180679321289	-1.6402722597122192	3	interacting
-21.730886459350586	34.40366744995117	7	Malaysian
13.14741039276123	28.739822387695312	1	Boca
21.29347038269043	-38.004520416259766	10	injustice
29.540285110473633	-41.39619445800781	10	irritation
4.375865459442139	-3.3361523151397705	0	Thumbs
18.88959503173828	23.387075424194336	1	vivo
45.014122009277344	7.717005729675293	4	unsigned
33.45439147949219	-7.1811370849609375	4	interrupt
-37.93437576293945	-19.807086944580078	9	almond
-10.902575492858887	20.7159366607666	1	pyramid
32.30412292480469	-18.070798873901367	6	Slots
21.781234741210938	-4.2926740646362305	4	OCT
32.814945220947266	-39.22053146362305	10	disruption
7.8061442375183105	-8.738065719604492	9	peeled
-4.3608598709106445	26.646520614624023	5	Zack
27.99325942993164	-13.7218656539917	4	Odd
43.909305572509766	6.204402923583984	2	horsepower
-14.010726928710938	-35.83784484863281	6	Rope
34.49288558959961	15.62360668182373	9	nutrient
54.189613342285156	19.30544662475586	2	pmPosts
12.640925407409668	7.907722473144531	2	poly
52.477638244628906	10.293464660644531	3	weblogs
-3.5374205112457275	30.541486740112305	5	Kai
-0.7057862281799316	-8.304977416992188	6	acupuncture
22.25522804260254	5.894412994384766	3	pointers
13.77142333984375	-10.893918991088867	4	dev
16.7043514251709	31.310766220092773	7	Clemson
50.54087829589844	20.639986038208008	2	dpi
-35.35922622680664	-2.9132120609283447	8	tsunami
-31.171899795532227	-3.359769105911255	8	sharks
-34.460723876953125	-20.614511489868164	9	swine
49.60519027709961	9.071552276611328	0	prophets
31.6015567779541	-11.996564865112305	4	stunt
-0.07928632944822311	18.80491828918457	5	Boxer
-37.43134307861328	-12.86913013458252	9	Blossom
28.1328125	-20.48870849609375	6	scratching
36.26898193359375	-40.117488861083984	10	whining
-4.459539413452148	-17.076263427734375	6	jewel
28.401296615600586	-18.87401580810547	6	heap
34.53963088989258	9.624759674072266	1	Kudos
-35.75977325439453	34.614349365234375	7	Kashmir
3.2516262531280518	4.947464942932129	2	ping
13.840087890625	10.318013191223145	2	Palo
45.32281494140625	20.686872482299805	2	Pty
9.292407035827637	5.370423316955566	2	byte
28.697004318237305	-38.767704010009766	10	abuses
16.327194213867188	-34.29390335083008	10	punches
-42.95175552368164	-9.119215965270996	9	Mango
19.139549255371094	-3.5120019912719727	4	SEP
-29.655668258666992	32.77849578857422	7	Kyoto
3.246245861053467	5.118782997131348	2	Ping
54.66667938232422	16.28030014038086	10	inhibitors
52.288578033447266	19.726999282836914	2	kbps
27.911001205444336	-11.774001121520996	4	outta
17.671356201171875	-38.10382843017578	10	bully
-37.726070404052734	7.379504203796387	5	ninja
-20.57496452331543	35.14094543457031	7	Bengal
42.78715133666992	13.125398635864258	1	soma
-4.338996410369873	29.443561553955078	5	Tai
28.84954833984375	7.7613525390625	1	OSU
6.926220893859863	-10.722078323364258	9	chewing
25.135454177856445	-41.95814514160156	10	irritating
31.417795181274414	-22.270967483520508	6	Woven
7.276157855987549	19.739112854003906	8	mosque
21.519989013671875	-18.96991539001465	6	thong
25.68707275390625	-21.550830841064453	6	waving
6.034578323364258	-4.821773529052734	6	curly
-30.45355987548828	15.607282638549805	5	Krishna
-9.606471061706543	-4.4698052406311035	3	Smartphone
15.091474533081055	-0.07377702742815018	2	potty
18.834259033203125	24.63037872314453	1	Keystone
-28.102628707885742	32.50972366333008	7	Fiji
-2.8838911056518555	11.409883499145508	0	Plantation
13.86327838897705	-37.89487075805664	10	Fury
23.971359252929688	-31.9145565032959	10	sweating
-13.913858413696289	-5.9260640144348145	1	GPU
-37.50910949707031	-17.415016174316406	9	Sesame
-13.637094497680664	10.680232048034668	0	dragons
33.63636016845703	-36.03360366821289	10	sloppy
-31.155195236206055	37.84311294555664	7	Myanmar
-9.936399459838867	-30.690319061279297	6	Fold
-15.211806297302246	7.910370826721191	0	tails
7.1612443923950195	-22.83251190185547	4	JUN
27.99867820739746	-10.227312088012695	4	rang
-31.016345977783203	-0.47435104846954346	8	fin
-38.32209396362305	-16.45368003845215	9	Taco
8.255254745483398	19.028959274291992	8	inland
21.757545471191406	1.4227067232131958	4	IPO
-38.31807327270508	-6.529163837432861	8	Sushi
0.8581843376159668	25.84939956665039	5	Santana
-31.364181518554688	30.33222770690918	7	Yemen
16.427640914916992	-5.8922200202941895	4	Batch
46.97515106201172	12.826740264892578	4	Clin
-35.39837646484375	-23.742454528808594	9	Spicy
9.628284454345703	23.145601272583008	9	Cypress
34.549537658691406	-39.74134063720703	10	distorted
50.94883346557617	12.26071548461914	3	promoter
24.93000602722168	-34.79726791381836	10	Pollution
39.44957733154297	4.094507217407227	3	rhythms
-23.6260929107666	33.69716262817383	7	Trinidad
36.22613525390625	2.514073133468628	3	Intern
14.812015533447266	24.915550231933594	8	YMCA
28.61618995666504	-40.72368621826172	10	toxicity
12.322659492492676	28.318811416625977	1	Stockton
-10.90255355834961	20.715959548950195	1	Pyramid
30.567420959472656	-11.590473175048828	4	sway
-38.36209487915039	-20.193382263183594	9	Almond
35.516441345214844	-38.00958251953125	10	uneven
-3.17632794380188	23.140338897705078	5	Janice
-24.31535530090332	16.98990249633789	5	Monk
-0.0036432351917028427	18.682954788208008	5	boxer
39.950862884521484	-18.003326416015625	6	soaking
-36.352943420410156	5.090521812438965	5	Joker
-8.821925163269043	-30.415456771850586	6	curl
-25.498918533325195	-11.541800498962402	2	Pepsi
-30.30732536315918	17.6004695892334	5	Samurai
-47.31163787841797	4.8879218101501465	0	turtles
-39.22745895385742	-18.816816329956055	9	Citrus
-10.733338356018066	-26.71747589111328	6	scrolling
46.40735626220703	4.005754470825195	4	undergone
48.59999465942383	12.796871185302734	1	tweak
33.74069595336914	-8.986698150634766	4	taped
37.209896087646484	-23.270334243774414	6	Twisted
35.649391174316406	6.316282749176025	4	NGOs
22.760719299316406	-7.100027561187744	4	SIP
18.365095138549805	32.03126525878906	7	Phuket
47.48978042602539	14.187829971313477	1	NIH
25.10223388671875	17.892845153808594	2	mpeg
-19.979141235351562	17.496143341064453	1	cedar
6.630887031555176	8.35013198852539	2	PAL
-29.926321029663086	36.453468322753906	7	Jakarta
-9.411492347717285	22.416072845458984	1	Ajax
33.58639907836914	-21.12799644470215	6	weaving
-26.84235954284668	8.778010368347168	5	yen
22.762535095214844	-7.400763988494873	4	sip
11.64505386352539	21.122142791748047	1	sinus
48.334739685058594	17.23797035217285	1	Infiniti
-33.89719009399414	-5.139241695404053	8	SEA
3.360213279724121	-22.739328384399414	4	Mono
0.20724065601825714	-13.195241928100586	9	Cinnamon
33.528316497802734	-19.40727996826172	6	threaded
-2.4474904537200928	27.050081253051758	5	Kara
33.32602310180664	-41.767433166503906	10	hardship
35.24190139770508	15.130579948425293	9	Nutritional
27.2630615234375	7.303406715393066	9	tubular
8.781962394714355	-30.116756439208984	4	bum
39.241371154785156	-38.53925323486328	10	hesitation
39.265289306640625	10.078224182128906	3	overlay
-0.16304528713226318	11.427956581115723	0	Isles
12.46535587310791	6.200946807861328	2	Clippers
36.0386962890625	2.0372869968414307	3	intern
5.9342122077941895	-20.453548431396484	4	lang
8.209689140319824	17.130966186523438	8	mantra
-43.16511917114258	-15.614639282226562	9	oranges
12.3377046585083	25.86001968383789	5	Reiki
6.907279968261719	-12.731744766235352	9	Funky
-25.486909866333008	-27.98026466369629	5	karma
0.10109575092792511	-24.480915069580078	4	blink
34.065834045410156	-37.55156326293945	10	needy
7.95426607131958	-5.5001749992370605	2	Pouch
5.076009750366211	26.373397827148438	5	Abdul
4.74674129486084	-13.199224472045898	9	chops
-27.26213264465332	29.72858428955078	7	hindi
-43.94316864013672	-14.101800918579102	9	peanuts
-16.094331741333008	9.432461738586426	0	palms
9.191671371459961	-14.571427345275879	4	slack
-30.175128936767578	12.836319923400879	5	Karate
-37.31983947753906	-24.473901748657227	9	salty
25.3206844329834	-4.4944539070129395	4	Bits
-3.140273094177246	13.157569885253906	0	Bengals
1.5953320264816284	-8.333366394042969	9	Colorful
24.94892692565918	-19.745859146118164	6	Rodeo
8.218551635742188	-20.911088943481445	4	ang
-5.70769739151001	24.83207893371582	5	Kung
-9.64869213104248	26.20121955871582	1	Reyes
-42.61326217651367	-9.416559219360352	9	mango
30.82277488708496	1.2277263402938843	5	joyful
4.024811744689941	28.867338180541992	5	Indigo
-18.623523712158203	29.304428100585938	5	Magnolia
-25.232460021972656	-4.036004066467285	8	Surfing
40.817195892333984	7.137195587158203	3	Pediatrics
8.456439018249512	6.989203453063965	2	Patti
1.6731938123703003	-13.23853874206543	9	Yum
51.56631851196289	15.071722030639648	3	Toolkit
-12.595124244689941	25.955379486083984	1	Sega
44.67549133300781	11.830792427062988	1	MMO
7.633302211761475	25.945987701416016	5	Marcos
-16.814374923706055	35.67658615112305	2	Pune
-20.824871063232422	36.56713104248047	7	Kolkata
-6.930578708648682	8.648578643798828	0	gangs
-1.7746968269348145	-20.973297119140625	9	poke
23.636316299438477	4.979781150817871	2	floppy
7.17785120010376	5.744701862335205	2	Phi
-26.976987838745117	21.411113739013672	5	muslim
34.12018585205078	-11.004804611206055	4	doin
35.795650482177734	3.558232545852661	3	pivotal
52.82564926147461	12.672602653503418	3	scripting
-40.8532600402832	1.4593480825424194	5	marvel
3.0430350303649902	-22.626487731933594	4	mono
-23.04557228088379	-2.955115795135498	8	seaside
41.41521072387695	2.644343614578247	4	ponder
-1.0316376686096191	11.084948539733887	0	cites
1.667044758796692	28.157747268676758	5	Koh
1.3856865167617798	24.295764923095703	5	Qur
32.07568359375	-12.969205856323242	6	rampant
20.968021392822266	2.146794557571411	3	popup
-24.00142478942871	-25.096790313720703	4	Twice
-40.84186553955078	9.38486099243164	0	furry
52.47913360595703	11.888736724853516	3	synchronization
5.332144737243652	5.212801456451416	2	pup
33.18254089355469	-9.748481750488281	4	skipping
32.083953857421875	10.583483695983887	9	cutest
26.754913330078125	-40.115055084228516	10	havoc
54.015785217285156	17.352535247802734	3	webinar
-4.941715717315674	11.544392585754395	0	villagers
28.278797149658203	-42.59836196899414	10	bitterness
10.006500244140625	27.068567276000977	5	Jonah
-24.3105411529541	16.987293243408203	5	monk
31.1947078704834	-40.387813568115234	10	raging
0.15047097206115723	-1.3778197765350342	3	Percussion
26.426294326782227	17.614336013793945	2	APIs
51.99635314941406	6.538629531860352	10	diminish
35.58300018310547	7.451564788818359	4	NGO
8.249346733093262	28.818140029907227	1	Truman
-36.92165756225586	-17.860694885253906	9	avocado
12.03392219543457	17.864133834838867	8	sands
-1.54024076461792	30.079923629760742	5	Lama
9.265752792358398	-4.707553386688232	2	boxed
-2.194540023803711	-20.073898315429688	9	Rusty
34.62041091918945	-36.54208755493164	10	distract
-24.116439819335938	-1.9082756042480469	8	Seas
-25.638811111450195	33.43430709838867	7	Bombay
-35.4051513671875	-14.788844108581543	9	pear
17.54900550842285	4.7305402755737305	2	TCP
2.3289260864257812	-23.465797424316406	4	Tri
13.912771224975586	-12.574872970581055	4	Agile
-31.89972496032715	9.921013832092285	5	kite
-7.779876708984375	20.570091247558594	1	TLC
-2.8838911056518555	11.409883499145508	0	plantation
31.898149490356445	4.779398441314697	5	dynasty
5.970589637756348	29.46845054626465	5	Kuala
35.752159118652344	9.067286491394043	4	upto
-6.995728015899658	6.595881938934326	0	Cartoons
19.93267822265625	-34.2203483581543	10	migraine
-15.442665100097656	24.473535537719727	1	Tata
-7.534040451049805	-2.9499197006225586	3	UNIX
7.017444610595703	24.248210906982422	5	Ramon
5.517917633056641	-11.642206192016602	9	Tender
51.197235107421875	7.379337787628174	10	inhibitor
-0.7057862281799316	-8.304977416992188	6	Acupuncture
34.99434280395508	-41.668724060058594	10	detrimental
-26.540292739868164	13.041529655456543	5	Lunar
8.74603271484375	18.554855346679688	8	freeway
-11.870133399963379	22.500465393066406	1	Pueblo
14.390094757080078	-12.737608909606934	4	agile
44.23412322998047	17.052797317504883	1	Hitachi
47.07163619995117	10.67444133758545	4	sayin
-0.4342711865901947	-14.549978256225586	9	tofu
42.32359313964844	14.33624267578125	1	NTSC
13.147207260131836	9.38235855102539	2	PAC
26.962902069091797	-38.80746841430664	10	plight
43.331504821777344	5.961573600769043	0	bullpen
-19.3996524810791	30.28728485107422	7	Cancun
35.746463775634766	-23.022720336914062	6	twisting
-23.10223960876465	35.80615997314453	7	Taipei
9.541706085205078	25.624113082885742	5	Aviv
-3.691115617752075	-20.15176010131836	9	Oyster
13.822783470153809	-37.496620178222656	10	fury
42.144561767578125	4.554047107696533	4	buggy
-5.582067489624023	-29.06755828857422	6	curls