x	y	cluster	word
-24.070262908935547	-27.134897232055664	7	african
-17.104223251342773	-26.124740600585938	7	african-american
-23.12807846069336	-26.527252197265625	7	Africa
-24.070262908935547	-27.134897232055664	7	African
-39.156593322753906	-1.8150806427001953	6	Edwards
-34.30427551269531	3.5145435333251953	6	essence
-31.155521392822266	-6.927522659301758	4	Abraham
-26.401477813720703	-7.362124443054199	8	Montgomery
21.84688949584961	-43.27916717529297	3	Deputy
-38.70161437988281	-4.341085433959961	6	ebony
-31.49909019470215	-3.628732919692993	4	Frederick
-29.29798698425293	-2.038980484008789	6	Luther
6.487020969390869	-32.01420211791992	5	slaves
19.707237243652344	-42.6164436340332	3	Methodist
-39.83073806762695	0.15206237137317657	6	Andre
21.84688949584961	-43.27916717529297	3	deputy
-36.52406311035156	-12.724472045898438	5	blacks
20.43341064453125	-28.02195930480957	5	inhabitants
-33.67051315307617	-4.338775157928467	4	Freeman
-30.352031707763672	-14.859885215759277	7	Rihanna
-21.052331924438477	-22.525009155273438	7	Sudan
-39.35869598388672	-5.442691802978516	6	Ivory
-38.7016716003418	-4.341041564941406	6	Ebony
-20.274883270263672	-24.556432723999023	7	Ghana
-21.237327575683594	-24.44009780883789	7	Morocco
-29.36735725402832	-3.6960232257843018	6	Dominican
-35.792808532714844	-2.3230366706848145	6	Dwight
-31.693111419677734	-2.2796053886413574	6	Augustine
-36.1315803527832	-0.8255701661109924	6	Ernest
-18.8353271484375	-8.22217845916748	6	Andreas
-27.893972396850586	3.144660234451294	6	Michaels
-32.79935073852539	-7.168024063110352	4	Bowie
-22.67145538330078	-22.36121940612793	7	Guinea
24.888830184936523	-29.282020568847656	10	Electricians
6.580604553222656	-26.90272331237793	5	freed
-25.96658706665039	-10.724027633666992	8	Harlem
-32.5587043762207	7.745206356048584	6	Erica
-20.851999282836914	-0.3723956048488617	8	Fulton
-39.243141174316406	-5.543551921844482	6	ivory
2.5757129192352295	-39.568721771240234	10	piston
-33.65961456298828	10.555122375488281	1	Gabrielle
-38.17431640625	2.137995958328247	6	Angelo
-28.081771850585938	-0.20646294951438904	4	Julius
-38.43635940551758	9.702610969543457	1	Jubilee
-36.526527404785156	-12.726383209228516	5	Blacks
-30.570581436157227	-8.252225875854492	4	Zimmerman
9.265522956848145	-37.016868591308594	10	brethren
-23.102069854736328	-27.276050567626953	7	africa
-10.415545463562012	-15.575352668762207	7	Johannesburg
-28.802734375	-1.2877919673919678	4	Elijah
16.093366622924805	-26.471250534057617	5	baptized
26.100698471069336	-28.931428909301758	10	Locksmith
21.42092514038086	-45.93495559692383	3	Reverend
31.973751068115234	34.837303161621094	9	Gainesville
-24.747177124023438	-0.9933680295944214	8	Eaton
10.058794975280762	-24.368162155151367	5	forgiven
-13.997599601745605	44.3948974609375	0	Dre
-22.279102325439453	1.6367602348327637	4	Watkins
8.603178024291992	-26.24098777770996	5	empowered
-20.399229049682617	-26.81321907043457	7	Africans
-36.95237350463867	-6.774262428283691	6	Negro
-26.318119049072266	-2.4576826095581055	4	Decker
-21.675382614135742	-23.818466186523438	7	Rwanda
11.641407012939453	-26.084545135498047	5	homicide
3.0198378562927246	-19.2845401763916	4	Hebrews
-34.322166442871094	3.501697063446045	6	Essence
11.041614532470703	-38.75566101074219	10	miners
-35.787601470947266	0.5071661472320557	6	Freddy
32.429115295410156	33.4909782409668	9	Fayetteville
26.100698471069336	-28.931428909301758	10	locksmith
-23.53457260131836	-23.001392364501953	7	Mali
-35.143795013427734	-7.866398811340332	6	Voodoo
-22.83216094970703	-23.45438575744629	7	Ethiopian
-36.498016357421875	11.685090065002441	1	Lorraine
13.468857765197754	-5.226473808288574	0	ViolationRe
15.969226837158203	-31.652809143066406	5	evangelical
-18.42533302307129	2.0272154808044434	8	Grange
-37.22967529296875	10.012589454650879	1	Scarlett
11.915669441223145	-22.124887466430664	5	redeemed
23.61229133605957	-43.14439010620117	3	deputies
-34.218902587890625	-0.8866398334503174	6	Emmanuel
-16.244651794433594	-26.95501136779785	7	Egyptians
-26.674400329589844	-9.742280006408691	8	Mahogany
-17.345355987548828	-24.104717254638672	7	Moroccan
-28.965686798095703	1.9687780141830444	6	Crowley
-36.84477615356445	-1.778764247894287	6	Desmond
-32.43674087524414	0.5992501378059387	6	Marquis
15.969226837158203	-31.652809143066406	5	Evangelical
3.4046993255615234	-39.59527587890625	10	Pistons
-29.496021270751953	1.6618150472640991	6	Quentin
24.511465072631836	-8.406508445739746	8	Dreamweaver
1.3065564632415771	7.953052520751953	4	Bachmann
18.933706283569336	-26.47136116027832	5	millionaire
14.3187255859375	-24.29937171936035	5	charismatic
-33.13170623779297	11.031586647033691	1	Miriam
-33.822723388671875	-0.9590552449226379	6	Emanuel
-36.62535858154297	3.2201647758483887	6	Dominique
-26.674400329589844	-9.742280006408691	8	mahogany
17.693010330200195	-25.513057708740234	5	inauguration
10.720256805419922	-19.879840850830078	5	strides
-19.846954345703125	2.2490551471710205	4	Haynes
-22.585067749023438	-0.972271203994751	4	Holloway
-21.376750946044922	-5.601224899291992	6	ecstasy
-18.434572219848633	23.73604965209961	1	Yvonne
-36.43857192993164	0.3557538092136383	6	Gabe
-19.37761878967285	-20.61734390258789	7	Angola
-7.36701774597168	-13.008280754089355	8	Ulster
-34.39696502685547	-2.8200230598449707	6	Morales
2.8886189460754395	24.077484130859375	8	Galloway
9.250861167907715	-40.549007415771484	10	Masonic
33.24951934814453	33.63337326049805	9	Rockville
9.090439796447754	-27.609882354736328	5	Blackout
7.590743064880371	15.671320915222168	8	Honeywell
24.92997932434082	-29.192903518676758	10	electricians
-14.532337188720703	-21.28853416442871	7	Darfur
-35.42106246948242	11.491680145263672	1	Josephine
-27.015291213989258	-4.413157939910889	4	Carver
-18.452199935913086	5.68706750869751	8	Emory
-15.963936805725098	-22.70047378540039	7	Malawi
-35.74422836303711	-2.019918441772461	6	Daryl
12.706137657165527	-31.071508407592773	5	elites
-33.2852783203125	-2.025113821029663	6	Ezekiel
9.149386405944824	-27.556005477905273	5	blackout
-30.428436279296875	-0.0838727280497551	6	Darryl
-26.215848922729492	9.064801216125488	6	Dwayne
-18.567773818969727	-22.82048988342285	7	Botswana
-31.68582534790039	-6.716562271118164	4	Kruger
-18.94110107421875	-23.30060386657715	7	Mozambique
-22.788745880126953	-22.33050537109375	7	guinea
32.10448455810547	33.867923736572266	9	Evansville
-25.6273193359375	0.2071210741996765	4	Tyrone
4.074783802032471	25.57869529724121	8	Shreveport
-22.870052337646484	-24.353347778320312	7	Liberia
-20.442543029785156	-23.36853790283203	7	Cameroon
-24.230091094970703	0.8417830467224121	4	Rufus
12.855013847351074	-27.581083297729492	5	liberated
19.770692825317383	-17.590194702148438	5	jailbreak
13.59044361114502	-10.341242790222168	5	breaches
-21.719566345214844	-23.138723373413086	7	Senegal
-36.75564956665039	9.51573371887207	1	Roberta
-4.569871425628662	14.434565544128418	4	Terrell
16.4164981842041	-25.354089736938477	5	outspoken
-21.992136001586914	2.629443883895874	4	Dickson
-35.121761322021484	-12.120481491088867	2	Mandela
-15.183697700500488	24.24043083190918	1	Dianne
-12.875823020935059	42.612030029296875	0	ante
-14.053984642028809	25.983928680419922	1	Adrienne
-2.9448018074035645	-6.523796081542969	2	Django
-21.30890464782715	2.33474063873291	4	Martins
-14.779742240905762	-16.29497528076172	2	Mugabe
-25.861892700195312	-10.004170417785645	8	Motown
4.380405902862549	24.708967208862305	8	Dorchester
-19.589031219482422	5.303966999053955	4	Landry
-24.241390228271484	5.287842750549316	6	Terrence
-26.109878540039062	2.0511319637298584	4	Gideon
23.152353286743164	-39.974605560302734	3	midwife
-31.241134643554688	-5.841034889221191	4	Dorsey
-1.7773224115371704	7.414133071899414	4	Garnett
-31.88634490966797	-9.189583778381348	5	Lazarus
-4.716091156005859	6.431118488311768	8	Copeland
-36.683448791503906	-0.16680508852005005	6	Waldo
33.86996841430664	35.36912155151367	9	Roseville
17.994426727294922	0.6341059803962708	4	Jacobson
-39.63619613647461	0.3927138149738312	6	André
6.497026443481445	-32.01759719848633	5	Slaves
-24.450349807739258	1.6890544891357422	4	Godfrey
13.654916763305664	-5.454311847686768	0	beleive
4.2457170486450195	-28.118722915649414	5	apartheid
20.348297119140625	22.65374755859375	8	Binghamton
33.10812759399414	34.36342239379883	9	Belleville
-27.216394424438477	6.294876575469971	6	Alistair
-13.997599601745605	44.3948974609375	0	dre
25.856306076049805	-13.4627685546875	1	surrogate
0.14015772938728333	8.871197700500488	4	Granger
-3.150866746902466	5.9040117263793945	4	reddish
-35.33277130126953	0.2877497971057892	6	Landon
25.295215606689453	-44.15719985961914	3	Provost
-34.82191848754883	10.435154914855957	1	Marlene
-18.651229858398438	22.47271156311035	1	Jodie
-27.64649200439453	4.7087788581848145	6	Benoit
-7.524457931518555	38.53561782836914	0	molasses
9.042105674743652	4.154144763946533	4	Petraeus
-36.13080978393555	10.73365306854248	1	Fergie
-31.107177734375	1.3005867004394531	6	Cyril
23.333974838256836	-24.700220108032227	5	millionaires
-37.46744155883789	1.537461280822754	6	Serge
-27.109838485717773	5.498054504394531	6	Wallis
-36.71226501464844	-8.562060356140137	6	Dynamo
-19.60195541381836	-6.90616512298584	6	Giuseppe
18.103370666503906	13.895620346069336	8	Strickland
-37.48652267456055	-0.46638840436935425	6	Cedric
-39.460872650146484	9.61202621459961	2	Selma
-32.603214263916016	-4.332604885101318	4	Douglass
-9.763799667358398	-13.687381744384766	8	Watford
22.4824275970459	-44.72868728637695	3	preachers
-30.399341583251953	-1.4224393367767334	6	Dobson
-18.104801177978516	22.161643981933594	1	Darlene
2.6248767375946045	-39.17332077026367	10	Piston
-36.001644134521484	-2.8636302947998047	6	Drummond
4.457202434539795	8.524809837341309	4	Jermaine
-23.046300888061523	2.4480321407318115	4	Hodge
-16.352922439575195	-25.880849838256836	7	Sudanese
-25.2375545501709	9.947221755981445	6	Guetta
3.433053731918335	-39.425926208496094	10	pistons
-35.923370361328125	9.495238304138184	1	Candace
-6.524239540100098	-5.849159240722656	2	Akon
3.960474967956543	24.37479591369629	8	Hampstead
27.771299362182617	-17.15937614440918	10	snowmobile
27.77520179748535	-17.163034439086914	10	Snowmobile
-19.59073829650879	2.6749370098114014	4	Drury
18.34038543701172	2.284799337387085	4	Blackstone
13.705039978027344	-25.414587020874023	5	marginalized
-27.331546783447266	2.205443859100342	6	Salvatore
-30.06330680847168	2.0390069484710693	6	Dorian
11.035247802734375	23.372922897338867	4	Shiloh
-17.443334579467773	22.454862594604492	1	Charlene
22.348735809326172	-46.7417106628418	3	cleric
8.403475761413574	-37.8945426940918	10	diabetics
-22.19129180908203	-1.1949996948242188	8	Carleton
-4.679289817810059	-4.664382457733154	2	Zuma
13.676345825195312	20.752376556396484	8	Cordova
-34.712039947509766	9.361549377441406	1	Gabby
6.655379772186279	-29.087919235229492	5	enslaved
13.649200439453125	-9.97024917602539	5	absentee
-12.400288581848145	-18.85221290588379	7	Marrakech
-9.481199264526367	-15.054106712341309	7	Grenada
-36.65288162231445	2.2393887042999268	6	Sable
-30.925994873046875	-9.121826171875	5	Trayvon
-5.440622806549072	-10.809310913085938	5	Blackwater
17.008712768554688	14.608336448669434	8	Bainbridge
-25.80953598022461	-11.560525894165039	7	Carthage
-28.713953018188477	-0.3498663008213043	4	Enoch
20.296804428100586	13.597763061523438	8	USM
-31.212039947509766	6.549923896789551	6	Patrice
-35.88160705566406	7.956974029541016	1	Felicia
26.361927032470703	-27.82421112060547	10	Locksmiths
9.28073787689209	-37.01354217529297	10	Brethren
-20.664453506469727	0.014682266861200333	8	Napier
22.278091430664062	-1.7626866102218628	8	Metacafe
13.436186790466309	-27.738994598388672	5	abolition
-2.0618064403533936	6.57231330871582	4	Gerrard
-16.138492584228516	22.60809898376465	1	Arlene
1.762609839439392	0.5037825703620911	2	Gasol
-21.376811981201172	-5.601568698883057	6	Ecstasy
8.362310409545898	8.550586700439453	4	Erick
-11.569168090820312	27.11627769470215	1	Julianne
-23.102069854736328	-27.276050567626953	7	AFRICA
11.66731071472168	-26.070781707763672	5	Homicide
-35.440494537353516	12.712742805480957	1	Geraldine
10.384421348571777	-22.322114944458008	5	liberate
10.632546424865723	6.520110607147217	4	Elisha
-35.134639739990234	-7.869875907897949	6	voodoo
8.908391952514648	13.439620971679688	4	McDaniel
17.581727981567383	5.584786415100098	1	Jamison
-9.639596939086914	0.4581710994243622	2	Odom
-2.620563268661499	-12.915563583374023	4	Orson
7.470728397369385	-20.209026336669922	5	Redeemer
-36.06328201293945	-5.087097644805908	4	Caine
-29.739839553833008	-6.449523448944092	2	Sandman
16.7224178314209	-26.053890228271484	5	subsistence
22.463504791259766	-8.708352088928223	4	Ackerman
11.101935386657715	-38.74574661254883	10	Miners
23.416580200195312	-43.048133850097656	3	Deputies
13.168553352355957	26.080947875976562	8	Smithfield
-19.204450607299805	-22.16600799560547	7	Gambia
1.2425800561904907	-10.245065689086914	7	DRC
-13.645976066589355	-19.25391960144043	7	Dakar
-29.80420684814453	5.354400634765625	6	Emile
4.434883117675781	-24.45261001586914	5	deliverance
17.66356086730957	-25.520938873291016	5	Inauguration
-13.223015785217285	-9.881669998168945	2	spades
28.502256393432617	-7.656888008117676	4	PDFAdobe
-2.4563474655151367	-3.3726823329925537	2	Ludacris
15.542139053344727	12.299980163574219	4	Braxton
-12.383232116699219	39.68671798706055	0	Towne
-8.775721549987793	-13.850715637207031	8	Bohemia
16.44788360595703	17.217933654785156	8	Alpharetta
18.177228927612305	-5.2076735496521	2	MDC
0.5716263651847839	16.604534149169922	4	Bateman
22.973072052001953	-2.839773654937744	8	AMReport
-12.538935661315918	-5.634616851806641	2	Abba
-2.5297834873199463	2.538787841796875	4	Rawlings
20.150766372680664	-42.0096435546875	3	mayoral
-25.290807723999023	-23.793569564819336	7	Afro
-36.9702033996582	-6.761643886566162	6	negro
19.823305130004883	-17.58108901977539	5	Jailbreak
8.659198760986328	16.63277244567871	4	Lanier
13.447911262512207	23.950241088867188	8	Buford
-12.65573501586914	22.98837661743164	1	Goldie
-18.261940002441406	-7.0656352043151855	6	Erich
12.0274019241333	14.629132270812988	8	Belvedere
-35.579872131347656	6.638515949249268	6	Antoinette
8.151703834533691	-20.03570556640625	5	Masquerade
-6.857517719268799	-12.656803131103516	8	Stonewall
4.606781482696533	-3.9264771938323975	2	Busta
-10.144315719604492	38.86280822753906	0	Keyes
22.976184844970703	-32.65637969970703	10	baritone
13.1166410446167	-24.487510681152344	5	knelt
9.488025665283203	-33.07099914550781	5	mercenaries
11.951234817504883	19.60920524597168	4	DeKalb
19.913768768310547	-28.01984405517578	5	gunmen
-2.8760366439819336	0.8037670850753784	4	Nevis
33.17424392700195	36.16410446166992	9	Lawrenceville
2.1322319507598877	-2.1947903633117676	2	Kofi
19.72052764892578	-24.749469757080078	5	peacekeeping
-9.286190032958984	34.87350845336914	0	Genesee
-12.538925170898438	-5.634479999542236	2	ABBA
-10.824557304382324	24.95660400390625	1	Gabriella
23.98341941833496	-45.07636260986328	3	Rector
-28.704811096191406	5.042985439300537	6	Etienne
15.795683860778809	11.745234489440918	4	Harwood
18.025981903076172	-1.6235690116882324	4	Leandro
-29.999202728271484	-8.704038619995117	8	Coltrane
-14.348501205444336	37.947757720947266	0	Desiree
16.850385665893555	-13.819173812866211	4	afield
8.114032745361328	-33.40067672729492	5	mercenary
-30.351232528686523	-14.860311508178711	7	rihanna
-3.1248414516448975	2.4978816509246826	4	Sharpton
8.65895938873291	-39.70722198486328	10	Masons
17.32390594482422	-30.648130416870117	5	evangelicals
-18.77278709411621	-21.267654418945312	7	Burkina
16.86648178100586	2.6141490936279297	4	Krueger
8.015642166137695	-40.682979583740234	10	blacksmith
21.50734519958496	20.208450317382812	8	Dumfries
24.619993209838867	-42.44792556762695	3	evangelist
-6.417938232421875	-5.126323699951172	2	Jah
-2.348202705383301	4.455574989318848	4	Chadwick
17.569684982299805	-14.90412712097168	5	foothold
7.301512241363525	17.733200073242188	4	Langston
2.6248767375946045	-39.17332077026367	10	PISTON
20.63494873046875	6.450889587402344	8	Ormond
-6.597256660461426	-2.0303666591644287	2	biggie
-11.639780044555664	-6.432293891906738	2	Bari
-8.762807846069336	35.36796188354492	0	Miele
-32.5222053527832	11.902423858642578	1	Delilah
-8.616265296936035	0.5453712940216064	2	Montero
2.6682515144348145	9.016149520874023	4	Freedman
-0.3786802589893341	10.734331130981445	4	Jeffries
24.61927604675293	-42.43745422363281	3	Evangelist
-20.145599365234375	-6.783878326416016	6	Marek
-14.60043716430664	39.9080924987793	0	Elie
26.70262336730957	-9.792190551757812	8	backfield
4.537602424621582	-8.232060432434082	2	Mtn
-10.226481437683105	-18.539875030517578	7	Kilimanjaro
-25.918840408325195	-0.4048636853694916	4	Beale
15.81242561340332	-0.13671085238456726	4	accross
-13.896262168884277	18.833654403686523	1	Bebe
6.809566974639893	5.508897304534912	4	Nazarene
-32.23253631591797	-1.6568729877471924	6	Voltaire
-12.840658187866211	-24.003093719482422	7	Safaris
0.21206004917621613	16.706748962402344	4	Cassel
-13.851089477539062	-19.749858856201172	7	Faso
10.50418472290039	-36.214454650878906	10	luminaries
10.861437797546387	-26.744783401489258	5	outnumbered
28.761873245239258	-8.741157531738281	4	ratingLowest
-10.084439277648926	2.5869503021240234	2	Dumas
2.693410873413086	23.862499237060547	8	Broughton
6.582550525665283	-26.90081214904785	5	Freed
13.296210289001465	18.140933990478516	8	Osceola
-5.830105781555176	-15.818284034729004	7	Andorra
-1.7954668998718262	-3.741366386413574	2	Judea
11.731668472290039	-20.923168182373047	5	forsaken
3.205064058303833	13.872697830200195	4	Harrell
-17.893596649169922	-22.970951080322266	7	Burundi
-0.8715775012969971	5.112693786621094	4	Denzel
-15.157357215881348	-19.257946014404297	7	Accra
-21.18878173828125	-1.34886634349823	8	Maitland
-11.468873977661133	26.051359176635742	1	Yvette
-27.28911781311035	-1.9148873090744019	4	Lucius
-16.022653579711914	15.542769432067871	1	Reba
-24.714818954467773	8.845528602600098	4	Brando
-13.278624534606934	41.3787956237793	0	Magee
-15.039557456970215	23.571348190307617	1	Charlize
1.0693957805633545	17.851146697998047	8	Elmore
24.807100296020508	-17.9265193939209	10	bathrobes
-17.70570945739746	3.1212575435638428	4	Ebenezer
12.990793228149414	23.94211196899414	8	Norcross
-26.362810134887695	-0.03712119162082672	6	Moffat
25.408958435058594	-31.8386173248291	10	Workman
2.4299142360687256	6.902729034423828	4	Samuels
3.911731719970703	12.703474044799805	4	Marcellus
18.268512725830078	-7.231579780578613	7	antiretroviral
31.202577590942383	37.36141586303711	9	Centerville
-14.330987930297852	21.184202194213867	1	Gianna
-10.542356491088867	18.783723831176758	1	Glenda
2.7037549018859863	18.578664779663086	4	Kenner
-0.21858681738376617	-1.935067892074585	2	Soulja
-12.840737342834473	-24.003372192382812	7	safaris
-11.579984664916992	-23.55760955810547	7	Ugandan
-0.19635774195194244	11.78812026977539	4	Sewell
7.838129043579102	-5.057211399078369	2	Zimbra
1.7330889701843262	-30.06975746154785	5	mules
22.513376235961914	-45.83201599121094	3	clerics
-7.4567155838012695	-6.575552940368652	2	Musa
6.576422691345215	25.07020378112793	8	Hopewell
-0.07179919630289078	1.9559457302093506	4	Alonzo
-16.01911735534668	26.731319427490234	1	Emilie
26.09230613708496	-1.3022609949111938	0	MCSE
20.300256729125977	11.825263977050781	8	cornbread
-10.42816162109375	17.425853729248047	1	Beretta
-18.86949348449707	-7.465498447418213	6	Massimo
-35.6895751953125	10.521720886230469	1	Lilith
23.730026245117188	0.06958400458097458	4	celebrex
23.421794891357422	22.32586669921875	8	Gaithersburg
-10.618758201599121	36.17049789428711	0	OriGene
17.71938705444336	-26.38654327392578	5	baptised
-9.169424057006836	-2.25361967086792	2	Saba
-13.373159408569336	35.68475341796875	0	Gisele
7.835432052612305	-27.901248931884766	5	emancipation
-0.5293121933937073	-4.810781478881836	2	Timbaland
-17.0961971282959	2.3460843563079834	8	Erskine
23.515090942382812	-43.99336624145508	3	magistrates
7.586799144744873	23.28477668762207	8	Butterfield
6.923312187194824	-38.718345642089844	10	dwarfs
-5.634579658508301	15.323448181152344	4	Marlowe
-16.394906997680664	4.130495071411133	4	Gaither
9.982845306396484	7.278182506561279	4	Nehemiah
-24.745990753173828	9.933266639709473	4	Dwyane
9.048192977905273	17.1628475189209	4	Marston
26.655254364013672	-27.94730567932129	10	locksmiths
9.246676445007324	5.762798309326172	4	Garvey
7.960649013519287	-35.92694091796875	10	Warlock
19.534896850585938	-13.154777526855469	5	amenable
2.1054904460906982	-3.9870851039886475	2	NEMA
-9.489319801330566	-4.1360368728637695	2	Montego
16.92731475830078	19.662771224975586	8	Albemarle
15.036407470703125	22.58848762512207	8	Allendale
15.222858428955078	-21.090652465820312	10	transvestite
22.277503967285156	9.312387466430664	2	Samaria
17.650257110595703	16.38373374938965	8	Elmira
21.37045669555664	-2.004028797149658	4	Staal
-22.495182037353516	-21.272201538085938	7	Gabon
-32.438987731933594	4.253503799438477	6	Conde
12.73261833190918	-26.527273178100586	5	handcuffed
33.40471267700195	37.58580017089844	9	Farmville
32.509849548339844	35.35072708129883	9	Maryville
-3.5821926593780518	-2.974281072616577	2	tema
10.069992065429688	21.959688186645508	4	Darnell
-7.336005210876465	-10.330759048461914	4	Obamas
18.36810302734375	12.606277465820312	4	Eisenberg
-25.740814208984375	7.698886871337891	6	Houdini
17.880495071411133	1.3239431381225586	4	Dawes
18.064603805541992	0.16996614634990692	4	Kiefer
12.5475435256958	-3.8733367919921875	1	octobre
15.528006553649902	0.23368117213249207	4	Quinton
6.12440824508667	24.003881454467773	8	Montpelier
-11.953082084655762	25.862133026123047	1	Lynette
4.634216785430908	4.922964572906494	4	Isaacs
-18.700807571411133	-5.1012187004089355	6	Volta
-10.093842506408691	-4.880914688110352	2	Ashanti
-13.83855152130127	20.328397750854492	1	Gabriela
25.68399429321289	-8.032017707824707	8	RootsWeb
-15.48336124420166	21.05367088317871	1	Arianna
14.124808311462402	2.8132784366607666	4	Duracell
-9.720726013183594	-16.184715270996094	7	Khartoum
19.744041442871094	1.0722277164459229	4	EJB
-24.096296310424805	5.384702682495117	6	Terrance
12.202923774719238	-3.5816409587860107	6	septembre
9.282044410705566	-35.82152557373047	5	Highlanders
17.687143325805664	18.676849365234375	8	Ardmore
-9.305091857910156	-2.103515386581421	2	Ababa
13.34093952178955	5.561821937561035	4	Errol
21.77210235595703	0.19511987268924713	8	ephedrine
-4.942494869232178	-9.843083381652832	4	Ghraib
19.25210189819336	17.829811096191406	8	Morningside
-35.876033782958984	-11.957342147827148	5	blackness
25.957441329956055	-30.84889030456543	10	workmen
-12.334246635437012	17.63987159729004	1	Kandi
-11.767045021057129	27.144628524780273	1	Stefanie
23.684511184692383	-6.76494836807251	8	ischemia
15.682452201843262	8.407491683959961	4	Waxman
19.82758903503418	13.450661659240723	8	UMBC
-6.588037490844727	-2.0367634296417236	2	Biggie
-11.834455490112305	6.434422016143799	8	Monrovia
23.47308349609375	22.754989624023438	8	Blacksburg
22.623943328857422	-11.141730308532715	8	tablature
9.939528465270996	-18.981529235839844	5	frenetic
3.6171281337738037	12.201508522033691	4	Immanuel
-7.722436904907227	22.446819305419922	1	Octavia
2.0824077129364014	12.3549165725708	4	Roberson
-13.230094909667969	-9.884207725524902	2	Spades
-10.8460111618042	16.69561195373535	2	Galena
3.418955087661743	-3.0962798595428467	2	Kiva
-5.493572235107422	0.8838240504264832	4	Pharrell
-8.599925994873047	40.0685920715332	0	emcee
-8.255963325500488	25.47563934326172	1	Alessandra
4.24767541885376	-28.116918563842773	5	Apartheid
20.894454956054688	4.739372253417969	8	Ridgeway
-6.314148426055908	32.803955078125	0	Metairie
4.530097484588623	-8.231800079345703	2	MTN
8.015501022338867	-40.682891845703125	10	Blacksmith
5.708797931671143	-1.1227195262908936	2	Kwame
-23.941877365112305	-26.413619995117188	7	AFRICAN
-36.65288162231445	2.239398717880249	6	sable
-4.429422378540039	-1.6374506950378418	2	Hosea
-18.741687774658203	-19.218097686767578	7	Algiers
-19.015625	-10.05727767944336	6	essences
-15.12264633178711	40.895355224609375	0	Noire
14.491061210632324	23.742708206176758	8	Richfield
-3.9032552242279053	9.593826293945312	6	Arsene
8.151703834533691	-20.03570556640625	5	masquerade
-14.087721824645996	38.42170715332031	0	Daniele
-14.706279754638672	-4.806474208831787	2	Elba
-9.671241760253906	37.824886322021484	0	Bledsoe
-9.285284042358398	34.40540313720703	0	Stoudemire
26.039175033569336	-22.305805206298828	10	Shoemaker
-26.31944465637207	4.475704669952393	6	Lucien
-15.130228996276855	21.46274757385254	1	Dianna
16.398317337036133	11.22511100769043	4	McNeill
6.051199436187744	-39.46024703979492	10	dwarves
-13.067866325378418	40.646217346191406	0	Deane
-0.45451533794403076	17.548681259155273	4	Beebe
7.382018089294434	22.90110206604004	8	Brookside
32.73210906982422	36.717952728271484	9	Thomasville
19.24793243408203	-23.573537826538086	5	homicides
23.515090942382812	-43.99336624145508	3	Magistrates
8.709965705871582	4.346096038818359	4	bushels
-16.014698028564453	2.102801561355591	4	Blackman
7.835432052612305	-27.901248931884766	5	Emancipation
-11.419855117797852	21.958831787109375	1	Corzine
-38.84370040893555	-1.8791115283966064	6	edwards
0.13968972861766815	-5.091261863708496	2	Montezuma
-5.754851341247559	6.696115493774414	8	Bromwich
-17.403793334960938	-22.431474685668945	7	Mauritania
-5.457502365112305	12.74371337890625	4	Garret
17.973377227783203	21.81209373474121	8	Texarkana
13.580826759338379	9.573354721069336	4	Easley
31.643264770507812	35.66891098022461	9	Summerville
-13.664737701416016	-5.814631462097168	2	Simba
16.435972213745117	8.265275955200195	4	Schaeffer
10.257884979248047	26.523767471313477	8	Graceland
22.31801414489746	-21.638275146484375	5	egalitarian
-2.2169876098632812	12.600288391113281	4	Elbert
26.119022369384766	-5.963496208190918	8	Amstron
-34.6522102355957	7.9502081871032715	6	Noelle
-12.83913516998291	1.7202332019805908	2	Orpheus
3.1453208923339844	-7.993312835693359	2	Gadhafi
-12.796379089355469	-22.94793128967285	7	Rwandan
-14.6331787109375	20.421403884887695	1	Elvira
-9.296404838562012	34.01791763305664	0	Duquesne
20.727685928344727	-1.6883777379989624	4	Sapp
9.53682804107666	19.99220085144043	4	février
16.41693878173828	0.9682082533836365	4	Davids
24.341472625732422	-45.110843658447266	3	rector
7.27461051940918	19.113677978515625	8	Brandywine
2.7527501583099365	-29.668834686279297	5	niggers
10.829955101013184	-1.5255450010299683	4	Abreu
-25.290807723999023	-23.793569564819336	7	afro
-9.24466609954834	0.5454018712043762	2	Fabolous
-13.975306510925293	24.514493942260742	1	Angelique
25.789180755615234	-21.363300323486328	4	playmaker
-11.752673149108887	-24.081478118896484	7	Zimbabwean
17.3284969329834	-30.642635345458984	5	Evangelicals
-10.39581298828125	-7.902113914489746	8	Tuskegee
0.8655709624290466	-29.243318557739258	5	alligators
15.928229331970215	2.1712071895599365	4	Heber
23.654098510742188	-6.461823463439941	8	emphysema
24.293943405151367	-5.37692928314209	4	MaleRace
-12.03582763671875	44.593345642089844	0	Negroes
4.434883117675781	-24.45261001586914	5	Deliverance
-10.960128784179688	-5.367976665496826	2	Drogba
11.794777870178223	13.560402870178223	8	Lansdowne
16.99248695373535	-15.429143905639648	5	birthright
20.306867599487305	-0.8674229383468628	4	EBC
19.56493377685547	4.885725498199463	4	Ellicott
-8.658344268798828	16.0133056640625	6	Diamante
-20.329896926879883	-7.87586784362793	6	Domenico
-13.586782455444336	27.341650009155273	1	Stacie
11.443008422851562	-27.837976455688477	5	reparations
-18.060054779052734	-2.773656129837036	6	desirous
23.730026245117188	0.06958400458097458	4	Celebrex
-33.926815032958984	9.099624633789062	1	Sylvie
-38.436973571777344	9.70397663116455	1	jubilee
12.910794258117676	-0.8544315695762634	4	NDC
-11.223026275634766	39.94477844238281	0	Vitale
17.931102752685547	-3.66436505317688	2	ODM
-4.16189432144165	16.032142639160156	4	Randle
17.048059463500977	19.922388076782227	8	Annandale
-22.63401985168457	-4.278076171875	6	Marche
5.625485897064209	-17.930824279785156	4	strode
-26.352365493774414	-2.531956672668457	4	decker
19.210403442382812	-27.242509841918945	5	violators
33.40471267700195	37.58580017089844	9	FarmVille
-5.092288970947266	1.4983631372451782	6	Almeida
19.63545036315918	20.587797164916992	8	Candlewood
12.34218978881836	26.389999389648438	8	Fairmount
1.3176090717315674	6.606274604797363	4	Josephus
24.917861938476562	-43.488826751708984	3	sociologist
9.559441566467285	20.4484806060791	4	Girardeau
10.72386646270752	17.14483070373535	8	Morehouse
16.24637222290039	3.5401415824890137	4	keyhole
27.123870849609375	-12.36317253112793	1	businesswoman
16.146745681762695	-1.773589849472046	6	diastolic
23.41189193725586	-30.689041137695312	10	labourer
14.104660987854004	-19.066055297851562	2	MBE
-24.56442642211914	10.453468322753906	6	Allende
13.04268741607666	-0.7315831780433655	4	FDC
-15.928751945495605	-20.84958267211914	7	Caf
11.383872985839844	-19.69782257080078	5	ferocity
-16.432785034179688	23.32576560974121	1	Evangeline
21.80691909790039	16.807674407958984	8	Lockport
-18.650348663330078	5.455434799194336	8	Bossier
19.187414169311523	22.4832763671875	8	Marylebone
6.921192646026611	8.923514366149902	4	Fredrick
23.31158447265625	-46.35127258300781	3	clergyman
17.974227905273438	-18.14038848876953	5	barricades
-11.574753761291504	4.646932125091553	8	Houma
15.906078338623047	15.152070999145508	8	Oldfield
-24.14756202697754	8.578787803649902	4	Shaquille
-18.966514587402344	-8.11320972442627	6	andreas
9.51777458190918	-38.833831787109375	10	Freemasons
13.501590728759766	7.950811862945557	4	Warrick
17.720104217529297	6.73145055770874	4	Etheridge
9.791948318481445	-28.373611450195312	5	exiles
0.5660923719406128	3.433267116546631	4	Abdel
24.511465072631836	-8.406508445739746	8	dreamweaver
-18.2956600189209	-24.769739151000977	7	Ghanaian
10.623658180236816	9.671921730041504	4	Gladwell
-11.387693405151367	34.57835006713867	0	Caylee
2.8237545490264893	-19.62810707092285	10	Coopers
-39.13554000854492	-1.8285926580429077	6	EDWARDS
12.657086372375488	10.213531494140625	4	mandrel
9.355660438537598	21.39031410217285	4	Blakely
-13.564369201660156	44.391902923583984	0	DRE
-27.606475830078125	3.4261884689331055	6	michaels
17.848979949951172	-23.794626235961914	5	blackouts
-12.619681358337402	1.465282678604126	2	Morpheus
10.642717361450195	-21.837894439697266	5	enslave
10.277360916137695	-27.121858596801758	5	insurrection
-12.469708442687988	42.4491081237793	0	Ante
28.223237991333008	-7.542834758758545	8	vardenafil
9.985989570617676	6.049851894378662	4	Hezekiah
16.636089324951172	-17.849613189697266	5	walkable
-26.398340225219727	-7.365077495574951	8	montgomery
6.057417392730713	10.713696479797363	8	Emmaus
21.520244598388672	-25.36153793334961	5	loyalists
-6.828483581542969	-3.266244649887085	2	Joba
25.408859252929688	-31.83846664428711	10	workman
22.4824275970459	-44.72868728637695	3	Preachers
-14.60385513305664	38.821048736572266	0	Gabriele
-16.150493621826172	20.793838500976562	1	Effie
-0.18503281474113464	-9.803240776062012	2	sorghum
0.0014280361356213689	6.6030473709106445	4	Killian
-15.521566390991211	16.113033294677734	1	Sheba
-4.653706073760986	-3.305922746658325	2	Bossa
13.300314903259277	24.766742706298828	8	Redfield
15.110795021057129	18.055147171020508	8	Dreamland
9.227601051330566	-20.27021598815918	5	barricade
-6.749244213104248	35.192176818847656	0	Gagne
7.589826583862305	24.325817108154297	8	Greenleaf
23.11207389831543	-21.659040451049805	5	headliners
-10.984103202819824	37.73627471923828	0	Davide
-14.357924461364746	42.746707916259766	0	Amare
22.94589614868164	-25.695499420166016	10	peacekeepers
-9.631521224975586	36.86272430419922	0	Dupree
17.874032974243164	14.949653625488281	8	Woodbine
14.609838485717773	15.527365684509277	8	Ballantine
21.525405883789062	19.38258934020996	8	Summerfield
-8.687520980834961	-14.707751274108887	7	Carribean
-13.245773315429688	22.209169387817383	1	Marcella
17.7821102142334	11.581826210021973	4	Elam
13.432785034179688	13.694961547851562	8	Dalhousie
20.42893409729004	-26.50674819946289	5	inhabitant
-9.267585754394531	38.92670440673828	0	Baines
-13.263272285461426	34.65886688232422	0	Adeline
19.051136016845703	-16.83420753479004	5	inalienable
7.983241558074951	10.93542766571045	8	Bonaventure
5.8364033699035645	18.554244995117188	4	Spurrier
11.27144718170166	6.017048358917236	4	Thaddeus
-14.871744155883789	19.171314239501953	1	Solange
-17.661937713623047	21.532032012939453	1	Jolene
23.342628479003906	-24.698974609375	5	Millionaires
11.432743072509766	25.818138122558594	8	Roseland
-29.593807220458984	6.583218097686768	6	Auguste
24.68974494934082	-7.6833672523498535	4	Simmonds
25.763633728027344	-30.136058807373047	10	journeyman
6.051199436187744	-39.46024703979492	10	Dwarves
-5.4885406494140625	16.824810028076172	4	Dougie
1.9205619096755981	-1.1668598651885986	2	Wyclef
-14.228429794311523	40.75309753417969	0	Marquise
-8.001130104064941	-9.934905052185059	2	Pistorius
25.36241340637207	-30.38581085205078	10	Journeyman
-36.71672058105469	-8.551529884338379	6	dynamo
-16.96567726135254	18.64954948425293	1	Jemima
34.48345184326172	35.898834228515625	9	Morrisville
18.383831024169922	-14.678512573242188	8	minefield
23.77032470703125	23.541574478149414	8	Chambersburg
12.889575004577637	9.799564361572266	4	Cassell
0.39314696192741394	4.053314208984375	4	Mikel
25.295215606689453	-44.15719985961914	3	provost
-13.628791809082031	42.06377410888672	0	Munroe
5.1399102210998535	8.827468872070312	4	Garibaldi
-20.661340713500977	-20.839441299438477	7	Savanna
-7.560064315795898	31.83820343017578	0	Basie
6.7807230949401855	27.020524978637695	8	Motherwell
7.46984338760376	27.23917007446289	8	Marymount
11.213506698608398	6.971388816833496	4	Romulus
19.252422332763672	-0.028737444430589676	4	Vostro
-4.872069835662842	3.2219831943511963	8	Bacardi
31.03682518005371	34.00108337402344	9	Steubenville
-5.957013130187988	-15.705077171325684	6	Aquitaine
18.94414710998535	1.09455406665802	4	Callaghan
24.289405822753906	-4.142141819000244	4	Alessi
1.4389489889144897	11.658828735351562	4	Uriah
12.520977020263672	8.703556060791016	4	Morrell
-7.6286540031433105	22.348102569580078	1	Frieda
6.345280170440674	-19.095638275146484	4	cuffed
27.064834594726562	-10.947322845458984	4	Rapporteur
30.224964141845703	33.62179946899414	9	Abbeville
7.819973468780518	-35.86402130126953	10	warlock
32.211002349853516	38.03822708129883	9	Centreville
5.227207660675049	19.732070922851562	4	Ghostface
-16.040136337280273	-20.89158058166504	7	CAF
-9.9196138381958	33.40357971191406	0	Altamonte
9.59106159210205	12.710012435913086	4	Granderson
-14.514888763427734	22.834808349609375	1	Felice
29.833234786987305	-9.223793029785156	8	bioavailability
4.08182430267334	-1.7723437547683716	2	Fabregas
-11.462421417236328	-2.483079671859741	2	Copacabana
6.952308177947998	6.512812614440918	4	hemmed
10.903473854064941	1.3187460899353027	6	elastane
11.886979103088379	19.61875343322754	4	Dekalb
-16.0733642578125	-24.052936553955078	7	Liberian
8.114032745361328	-33.40067672729492	5	Mercenary
20.370285034179688	-3.462855339050293	4	Yasser
13.570441246032715	-9.452360153198242	0	grantee
-12.66981315612793	27.301471710205078	1	Ruthie
11.675630569458008	26.939098358154297	8	Gastonia
15.140277862548828	23.98645782470703	8	Dunwoody
-10.64181900024414	-18.886228561401367	7	Afrika
6.53120756149292	13.818446159362793	4	Suggs
16.398670196533203	-19.2664794921875	5	caffeinated
-7.193748950958252	-4.814694404602051	2	Tyga
10.558130264282227	26.389822006225586	8	Sugarland
2.2859160900115967	11.382088661193848	4	Umberto
7.12968111038208	-37.30961227416992	10	barista
8.61168098449707	17.29344940185547	4	Lowndes
2.483238458633423	-10.13869857788086	7	Kalahari
-9.60289192199707	-7.255887508392334	2	Usain
-13.896262168884277	18.833654403686523	1	bebe
4.6118388175964355	4.13832426071167	4	strident
-14.044269561767578	36.41022491455078	0	Christiane
2.876713275909424	-4.817081451416016	2	Hoffa
10.58887004852295	-28.203533172607422	5	enslavement
6.76525354385376	-38.643028259277344	10	Dwarfs
12.81657600402832	1.854583740234375	4	Alphonse
18.814905166625977	3.1818580627441406	4	Havelock
6.922746658325195	1.9689691066741943	2	McGrady
19.603662490844727	22.45722770690918	8	Kilmarnock
18.108802795410156	-17.270841598510742	5	Handsfree
-2.4422385692596436	-4.954626560211182	2	Mbeki
6.217248916625977	26.075077056884766	8	Copperfield
21.449113845825195	-41.768150329589844	3	Anglicans
1.7294095754623413	-11.397821426391602	7	Safariland
-0.39124366641044617	12.544126510620117	4	Garrard
11.143418312072754	1.4950275421142578	4	Seyfried
2.175964832305908	-28.246980667114258	5	Kaepernick
-3.5821926593780518	-2.974281072616577	2	Tema
16.31583023071289	16.128686904907227	8	Scarsdale
20.150766372680664	-42.0096435546875	3	Mayoral
23.16411781311035	15.861930847167969	8	Etobicoke
-1.907507300376892	17.671485900878906	4	Aristide
23.94099235534668	-32.094242095947266	10	coffeemaker
20.780616760253906	18.738866806030273	8	Ashfield
15.75568675994873	-16.29705238342285	5	unbound
9.816791534423828	19.375713348388672	4	Fournier
31.74229621887207	36.55650329589844	9	Collinsville
-39.83073806762695	0.15206237137317657	6	andre
20.604482650756836	22.026880264282227	8	Dunfermline
24.049970626831055	-25.815195083618164	10	Ramblers
13.824256896972656	-14.763639450073242	1	Bejeweled
-13.258949279785156	39.588172912597656	0	Forsythe
-13.639726638793945	26.767343521118164	1	Tracie
23.109899520874023	-4.202792644500732	4	ECAC
-2.552140712738037	2.8382627964019775	4	Robeson
3.125951051712036	-10.724443435668945	2	Limpopo
-10.258448600769043	-1.751905083656311	2	Rumba
23.207265853881836	20.604198455810547	8	Stroudsburg
16.442798614501953	-12.4912109375	4	livid
19.57505226135254	-25.883344650268555	5	accomplices
3.1204519271850586	5.374083995819092	4	Strider
20.125452041625977	3.8224570751190186	4	Scofield
23.436573028564453	-23.16472816467285	5	originators
-11.889189720153809	6.879848957061768	7	Guadeloupe
4.969161033630371	-2.8102986812591553	2	lotsa
-15.310873031616211	38.03128433227539	0	Cecile
19.17852783203125	18.998239517211914	8	Altamont
15.842665672302246	-16.27682113647461	5	Unbound
16.655078887939453	-28.215635299682617	5	fugitives
27.842220306396484	-6.810917377471924	4	Safco
22.976146697998047	-32.656166076660156	10	Baritone
-0.40590256452560425	4.3582258224487305	4	Issac
3.4921960830688477	-1.0086920261383057	2	Marsalis
11.742722511291504	-20.916465759277344	5	Forsaken
13.559820175170898	20.235740661621094	8	Tammany
22.27960205078125	-7.156727313995361	8	Snowmass
2.9099273681640625	-4.203404426574707	2	Barbosa
8.327339172363281	6.392201900482178	4	Cassius
-12.702825546264648	18.41180419921875	1	Bijou
1.7339009046554565	-30.07022476196289	5	Mules
14.946887016296387	0.9745797514915466	4	Oberon
19.90868377685547	-7.9277873039245605	2	Tsvangirai
15.376715660095215	-20.566688537597656	10	dwarfed
20.867109298706055	9.616903305053711	4	Raekwon
28.788524627685547	-16.92652702331543	10	snowmobiles
-14.434185028076172	-15.856399536132812	2	Kony
-6.616682052612305	38.93724060058594	0	recluse
34.54903793334961	36.88241958618164	9	Smithville
22.068201065063477	15.393791198730469	8	Alachua
15.043261528015137	13.634942054748535	4	Elkton
-10.830307960510254	-3.3268942832946777	2	Rabat
-2.8420791625976562	8.450897216796875	1	agoThe
-12.464219093322754	39.15730667114258	0	Smythe
21.505691528320312	13.785353660583496	8	Morecambe
-8.198074340820312	41.973567962646484	0	artistes
8.603303909301758	-26.240962982177734	5	Empowered
12.529449462890625	-20.263273239135742	5	Liberator
-8.472515106201172	36.8292350769043	0	Damme
-5.0155768394470215	-6.455853462219238	2	Killah
20.792421340942383	8.49378776550293	8	BamaOnLine
20.77849006652832	16.511411666870117	8	Pimlico
9.488015174865723	-33.07107162475586	5	Mercenaries
5.336940765380859	22.993213653564453	8	McCaffrey
-16.20985984802246	-25.23824691772461	7	Ethiopians
30.781076431274414	34.95808029174805	9	Titusville
-12.910848617553711	16.18581199645996	2	Freda
13.05420207977295	6.562357425689697	4	Darrel
13.084227561950684	17.109846115112305	8	Mineola
-6.619116306304932	32.90531921386719	0	Auberge
21.731502532958984	-4.5861639976501465	2	ELCA
25.557743072509766	-42.482608795166016	3	ministered
20.338502883911133	5.885880947113037	8	AMWell
-13.970355033874512	-17.886150360107422	7	Nubian
-31.520204544067383	-3.6310384273529053	4	frederick
-2.5788629055023193	-2.098422050476074	2	Mimosa
-6.518279552459717	-5.85490608215332	2	akon
-39.51080322265625	-5.30379581451416	6	IVORY
10.217288970947266	23.813430786132812	1	Emmylou
-37.395286560058594	5.251410007476807	6	Angelou
21.776561737060547	0.1885361522436142	8	EPHEDRINE
22.348735809326172	-46.7417106628418	3	Cleric
14.057225227355957	3.633992910385132	4	Diebold
1.1159307956695557	12.529342651367188	4	Garrick
16.366024017333984	13.177967071533203	8	Ambler
-33.678157806396484	-4.333415985107422	4	freeman
1.9424632787704468	3.2416791915893555	6	diam
24.198314666748047	-2.155198097229004	4	adenosine
-17.883689880371094	-18.710886001586914	7	Zaire
24.828739166259766	-17.917705535888672	10	Bathrobes
28.993045806884766	-16.382883071899414	10	motorhomes
22.724525451660156	10.672880172729492	2	Ipanema
16.246353149414062	3.5402371883392334	4	Keyhole
5.134368896484375	16.508277893066406	8	moonshine
10.904170989990234	11.215731620788574	4	Sealey
-5.5385894775390625	16.03890609741211	4	Deville
34.25870895385742	34.6273307800293	9	Edwardsville
7.12968111038208	-37.30961227416992	10	Barista
15.682977676391602	22.770721435546875	8	Oglethorpe
1.5343562364578247	2.071843385696411	2	Agape
5.501036643981934	7.953759670257568	4	Aldean
21.484281539916992	-4.317000389099121	4	Jamaal
-0.8750725388526917	17.890653610229492	4	Cayce
-9.120566368103027	-10.182330131530762	2	Kwanzaa
20.694828033447266	-42.71247482299805	3	Methodists
21.621984481811523	-26.28704261779785	5	Samaritans
-10.43306827545166	42.04279708862305	0	artiste
3.892165422439575	-2.157630443572998	2	EEA
-11.510217666625977	-14.621000289916992	7	Freetown
27.235004425048828	-6.858848571777344	8	Kinsella
-17.563196182250977	-8.626616477966309	6	elliptic
-16.355560302734375	19.860929489135742	1	Esmeralda
1.345820665359497	-1.6904789209365845	2	Negra
33.77456283569336	36.42916488647461	9	Springville
-10.458024024963379	35.48230743408203	0	LaRue
-7.66590690612793	25.55277442932129	1	Elissa
14.298100471496582	-24.300514221191406	5	Charismatic
8.65895938873291	-39.70722198486328	10	masons
22.149227142333984	-31.466215133666992	10	labours
29.050369262695312	-9.21497917175293	5	PodcastsDonate
-14.566818237304688	41.99100112915039	0	Haile
5.139405250549316	16.500423431396484	8	Moonshine
20.300453186035156	11.825095176696777	8	Cornbread
22.95083236694336	17.225126266479492	8	Kingsland
19.11194610595703	16.107650756835938	8	Fredonia
9.414100646972656	-0.7207397222518921	4	Kweli
3.024554967880249	-17.650184631347656	4	Deadman
-29.246143341064453	-2.0273537635803223	6	luther
26.442420959472656	-43.56992721557617	3	sociologists
10.641151428222656	11.566338539123535	4	Tyndale
-12.276912689208984	-22.615346908569336	7	Eritrean
19.815000534057617	9.44128704071045	8	Emerica
14.962142944335938	19.110517501831055	8	Ouachita
25.920408248901367	-16.860719680786133	10	borehole
-19.038148880004883	-10.010114669799805	6	Essences
-8.13402271270752	41.29753875732422	0	Presidente
29.00253677368164	-16.38349151611328	10	Motorhomes
2.352259635925293	13.473039627075195	4	Isiah
-19.964969635009766	21.742088317871094	1	Emmanuelle
18.193391799926758	-2.189657688140869	4	Absalom
17.471832275390625	1.8495051860809326	4	Waldman
26.312828063964844	-13.131364822387695	1	surrogates
21.505279541015625	-24.470972061157227	5	dissenters
12.797307014465332	17.753938674926758	8	Suwanee
24.1124267578125	-3.247714042663574	4	BBcode
24.35161018371582	-9.892365455627441	4	Acceller
-11.032792091369629	23.953266143798828	1	Rowena
19.077280044555664	-16.240009307861328	5	Absolution
33.18014144897461	35.30617904663086	9	Brooksville
11.619316101074219	20.933013916015625	4	Glebe
-12.29085922241211	14.66972827911377	2	jojoba
0.6113508939743042	-10.918161392211914	7	Kinshasa
7.358890533447266	16.712003707885742	4	Carters
-29.663599014282227	4.635063171386719	6	Edouard
22.1803035736084	1.854109764099121	4	Freebase
-3.4784770011901855	-7.61251974105835	2	Farrakhan
8.406892776489258	-37.89336395263672	10	Diabetics
14.71782112121582	-20.1212100982666	5	Jogger
5.654689311981201	-2.9204723834991455	2	Jadakiss
1.8431586027145386	14.444107055664062	4	Landrieu
-26.592742919921875	4.15323543548584	6	Donnell
-11.700746536254883	22.40079116821289	1	Charice
-6.916744232177734	16.675460815429688	1	Blackie
-12.499932289123535	25.245086669921875	1	Claudine
19.6893253326416	15.854808807373047	8	Flatbush
7.075760364532471	7.4256792068481445	4	Stedman
-16.041030883789062	-20.891019821166992	7	caf
-0.010864472016692162	13.589354515075684	4	Tyrell
-13.877715110778809	41.31657791137695	0	Snowe
32.1096076965332	37.24228286743164	9	Monroeville
22.63520050048828	-11.133829116821289	8	Tablature
-7.19577169418335	21.274002075195312	2	Keisha
4.701111316680908	21.585205078125	8	Creedence
17.17401885986328	17.672344207763672	8	Airdrie
-27.010549545288086	-4.403810024261475	4	carver
25.2176570892334	-21.973051071166992	10	dweller
23.151342391967773	-39.97480392456055	3	Midwife
1.9896243810653687	16.54804801940918	8	Redgrave
-12.292187690734863	14.669607162475586	2	Jojoba
32.414093017578125	36.136627197265625	9	Kingsville
23.41189193725586	-30.689041137695312	10	Labourer
-3.200857639312744	-6.255372524261475	2	Botha
-29.368236541748047	-3.698145866394043	6	dominican
33.40471267700195	37.58580017089844	9	farmville
15.741146087646484	-25.43728256225586	5	marginalised
8.73841667175293	8.070412635803223	4	Aramis
-7.759557247161865	-5.711180686950684	2	RZA
-6.4507222175598145	3.5321221351623535	2	goldmine
-21.571308135986328	-24.63799285888672	7	morocco
-9.492962837219238	-6.680519104003906	2	Outkast
-4.223952770233154	-4.33618688583374	2	cassava
4.089085578918457	-11.167472839355469	2	Mpumalanga
18.278480529785156	-6.051367282867432	8	Benelux
-15.635797500610352	16.54983901977539	1	Melba
-7.527538776397705	38.53425598144531	0	Molasses
-0.47847089171409607	6.213288307189941	4	Aldous
22.09648323059082	-28.516523361206055	10	unionists
-12.436088562011719	41.303192138671875	0	Rolfe
30.956815719604492	36.342220306396484	9	Cookeville
12.390342712402344	21.59148597717285	2	Vilma
-26.254741668701172	6.516365051269531	6	Ezio
14.313735008239746	15.172144889831543	8	Ballantyne
7.370251655578613	10.168421745300293	4	Boniface
23.038007736206055	-22.603694915771484	5	occupier
1.8166416883468628	3.8784127235412598	4	Feliciano
18.108793258666992	-17.271495819091797	5	handsfree
23.724517822265625	16.93366050720215	8	Lansdale
4.04042911529541	-4.911219596862793	2	Lomas
14.385455131530762	-6.356785297393799	5	absolve
24.226898193359375	24.498567581176758	9	Cartersville
-15.984922409057617	28.07557487487793	1	Joie
0.20409496128559113	-9.950835227966309	2	Soweto
-9.927653312683105	22.866973876953125	1	Audrina
21.417984008789062	-46.55144500732422	3	reverend
6.369917869567871	22.494281768798828	8	McEntire
14.457991600036621	12.270828247070312	4	Beardsley
12.702534675598145	-31.074800491333008	5	Elites
24.97810173034668	-9.31978988647461	4	NBER
18.007699966430664	-28.06405258178711	5	marchers
19.48087501525879	-7.831419944763184	7	SADC
-13.796476364135742	-5.080875396728516	2	Gambino
-10.872916221618652	-2.902778148651123	2	Oran
-20.747846603393555	-20.871692657470703	7	savanna
22.40382194519043	18.476459503173828	8	Beresford
-9.890836715698242	24.46213722229004	1	Lavinia
19.81755256652832	-3.247830390930176	4	Mansour
3.8805665969848633	-3.716527223587036	2	Shabazz
-10.892437934875488	39.306758880615234	0	Leake
3.5412869453430176	5.870818614959717	4	Abrahams
-15.147897720336914	-24.848331451416016	7	zebras
-32.791160583496094	-7.169491767883301	4	bowie
-11.97843074798584	34.8826789855957	0	AMLove
-11.968979835510254	24.4366512298584	1	Deidre
22.316570281982422	-23.071678161621094	5	enablers
-16.424888610839844	23.791004180908203	1	Angeline
19.67653465270996	-23.45648193359375	5	heartbeats
15.870772361755371	21.487741470336914	8	Latrobe
-32.438926696777344	4.253488540649414	6	Condé
12.243691444396973	14.571198463439941	8	Belvidere
-0.06363673508167267	0.14913463592529297	2	Evra
-13.244359016418457	17.42824363708496	1	Marlo