x	y	effect_size
17.68952751159668	-10.05480670928955	-1.5267901698368676
17.47927474975586	-11.120116233825684	-1.477373829936916
36.24280548095703	-17.441783905029297	1.5044036566686307
35.434207916259766	-16.94718360900879	1.637307437033539
18.39019775390625	-10.319144248962402	-1.4730733118921775
18.346508026123047	-7.628885269165039	-1.5743634423091388
26.822717666625977	26.146629333496094	-0.4780947871747523
31.19975471496582	11.974458694458008	0.2428506468487795
32.5347900390625	-17.77219581604004	1.534681852698552
34.31264877319336	-14.942291259765625	1.557035982853711
34.00819396972656	-25.30976676940918	-1.3398735379245224
35.647239685058594	-22.090288162231445	1.2647175762664689
-7.901820659637451	-42.07928466796875	-1.494112430443553
33.674468994140625	-15.562321662902832	1.6799295604397575
33.005916595458984	-22.795312881469727	-1.208342211234043
18.93610954284668	-7.956616401672363	-1.648958693248761
33.17805862426758	-22.25465202331543	1.2084310229622728
22.446422576904297	11.867815017700195	-0.9154303079564406
42.28483581542969	16.821298599243164	0.1916350127879349
29.09642219543457	39.79092788696289	-0.9698469153856628
35.714324951171875	26.176218032836914	-0.1676742823691547
37.92523193359375	20.27903175354004	-0.960379212425486
40.39529037475586	16.422069549560547	0.0925684664732581
42.24128723144531	15.985918998718262	0.4669785980789656
31.941204071044922	26.945877075195312	0.7709869204132406
36.898502349853516	-17.75130271911621	1.4089705689308984
33.02146911621094	20.30739402770996	-0.1838839650767439
33.019813537597656	24.779783248901367	0.1657673745475033
29.46454429626465	22.50189208984375	-0.3930613705320659
32.91946792602539	26.83473014831543	-0.1964549335917506
40.82148361206055	25.9716854095459	-0.785670969728524
43.62852096557617	17.25587272644043	-0.945728617583232
43.35806655883789	15.506817817687988	0.401516195973134
31.289119720458984	18.87274169921875	0.1604021646521612
43.895469665527344	25.67011833190918	-0.5382724993901058
42.39323425292969	18.33773422241211	-0.481659736371363
39.30989074707031	20.253841400146484	-0.7947001674233319
32.519893646240234	12.382467269897461	-0.3244049421835731
43.05410385131836	19.24692153930664	-0.9534846354371228
38.67669677734375	25.910484313964844	-1.1243023641282297
40.52961730957031	24.90389060974121	-1.153109610186543
42.8917236328125	25.583301544189453	-0.7679777990453682
36.984004974365234	26.1182861328125	-0.7359752171509328
41.66630935668945	25.00973892211914	-1.1713562082208524
40.019317626953125	26.292388916015625	-0.8689833378871795
41.287750244140625	27.214916229248047	-0.0481410026382271
0.5346167683601379	6.7310285568237305	-1.0631026472299916
3.5578012466430664	-9.747098922729492	-0.8441097629635338
5.507569789886475	1.69944429397583	-0.3457148507646849
-1.7869642972946167	-38.36309814453125	-1.4684099779229347
0.5146018266677856	5.395373344421387	-1.1606781113879152
-36.65079879760742	11.007550239562988	-1.376738358607439
8.881638526916504	-32.193050384521484	0.2591649519709554
-3.008082628250122	-2.602386951446533	0.3795004633005387
6.210692405700684	-12.328957557678223	-0.6901741837687079
-37.50429153442383	25.63985252380371	0.0307812221453069
13.984267234802246	-6.125711441040039	-0.5429476754682694
-25.132160186767578	17.06252670288086	-0.6818580691769327
17.494857788085938	-32.54677963256836	-0.1723353185405974
7.012866020202637	30.25458335876465	0.0364759320400716
-32.082698822021484	-19.966230392456055	-0.4619867839304695
20.430965423583984	-23.528200149536133	-1.216176364723869
19.987947463989258	4.594083786010742	-0.2280622887300867
-39.58400344848633	2.4068591594696045	-1.1877138947641184
1.28597092628479	-39.477027893066406	0.3119099812549728
1.5970816612243652	-15.339030265808105	0.7872300141543364
-4.343008995056152	0.010896050371229649	-0.7192786994200351
-6.485403537750244	11.814146041870117	-0.6881985042484621
-37.48575210571289	25.6555233001709	-0.2779971704616725
-26.750822067260742	-18.658924102783203	-0.1017051789878092
-20.740772247314453	-18.29773712158203	-0.6136837945057918
-8.967802047729492	-5.203907012939453	0.6290194726583961
25.633399963378906	-29.309988021850586	-0.8094231737028076
-21.953157424926758	-0.558232843875885	-1.442432926518959
-40.535614013671875	13.899768829345703	-1.307917714399164
-17.004531860351562	-2.2720754146575928	-0.8919525049120688
-19.219196319580078	13.591573715209961	-0.4766015061634193
1.357856273651123	4.283870220184326	-1.1042292708700567
8.337827682495117	-23.730533599853516	-0.3668833831525882
-41.47884750366211	14.250049591064453	-0.5078687817595372
-13.161542892456055	3.91949200630188	0.3079769951901331
8.890948295593262	-16.074716567993164	-0.9519871687474388
11.511880874633789	-26.11776351928711	0.6409786581792339
-34.36259078979492	-20.447072982788086	-0.815114998998815
-44.13515090942383	9.464475631713867	-0.9391653169247612
-19.997663497924805	20.39792823791504	-1.2919763472326915
-30.995309829711914	-16.874177932739258	0.4212567991594654
6.5112996101379395	29.42720603942871	0.028899378472708
23.477846145629883	6.082652568817139	0.0381927238440602
-7.616638660430908	2.5545263290405273	-1.3578826746886898
3.5339550971984863	-3.2067160606384277	-0.7494182486044355
3.589489221572876	-31.080448150634766	0.350844525122079
16.68259620666504	-17.03736686706543	-1.2911427738877874
2.3806166648864746	-14.543283462524414	0.4806355151504993
26.580142974853516	-22.622026443481445	0.0006161636976003
0.002894909819588065	21.246925354003906	-1.3085567152221511
-29.394067764282227	25.160892486572266	-0.6912435807394203
1.9278327226638794	5.72130823135376	-1.067628287067288
-11.355594635009766	19.614437103271484	-0.0608749500554635
1.8339343070983887	-20.264137268066406	-0.4065478068838162
-9.958514213562012	3.9172253608703613	-0.3330807879260773
-3.935469627380371	-46.905029296875	-1.1941888600492871
-1.6896132230758667	4.698596477508545	-1.0080065702116052
-24.211374282836914	-8.924277305603027	0.0921503031631796
-39.54823303222656	2.4300384521484375	-1.2745036917987569
-3.25766658782959	2.214458465576172	-0.7327382881488276
-22.0013370513916	-27.79339599609375	-0.6004985671495721
-11.611430168151855	15.352090835571289	-0.760697816985559
33.6102409362793	33.39575958251953	-0.9566510897412256
-36.49203109741211	-9.238303184509277	0.0690563861747242
20.3866024017334	1.3923600912094116	-0.0604203630253938
16.15948486328125	-32.28147506713867	-0.0299286901456249
10.173412322998047	-32.68761444091797	-0.2678485062932781
-13.020650863647461	-18.906578063964844	-0.9817234011304838
0.1490079015493393	4.723470211029053	-1.16780184598037
-18.08730697631836	6.788484573364258	-0.4964156492833561
-29.398605346679688	7.0520710945129395	-0.8001934360948294
-30.54720115661621	-18.327518463134766	-0.0745396948338081
-25.255359649658203	-10.508975982666016	0.1759671518442043
0.06770259886980057	21.203960418701172	-1.379570094494509
53.208892822265625	-13.203398704528809	-1.2600795949776216
4.812758445739746	12.177729606628418	-1.2349363682213377
39.96869659423828	-6.335261821746826	0.3844977712673461
3.728590250015259	11.187844276428223	-1.1078396008009916
-16.243446350097656	46.256324768066406	-0.6142871351519381
-0.8017277121543884	5.8628082275390625	-0.9662715688700272
2.156843423843384	-23.469058990478516	-0.1620769686389506
-27.446269989013672	-12.514947891235352	-1.245220397427768
1.0242491960525513	-14.883390426635742	0.4585036538127655
-6.31838846206665	18.781387329101562	-0.1922464663583498
-44.96078872680664	-11.27297306060791	-0.7405664039975731
40.28779983520508	8.333165168762207	0.1943605764026362
35.29288101196289	7.630983829498291	0.0341094509535464
-5.502909183502197	-4.258555889129639	-0.3344496584206656
6.312164783477783	19.176177978515625	-0.2730721681073449
2.7136733531951904	-3.512064218521118	-0.9168392839887116
-4.659407615661621	8.561322212219238	-0.2643796304318078
-2.8018202781677246	5.758665561676025	-1.1354595427997574
-43.385467529296875	10.151432037353516	-1.2068178891319508
-6.718883037567139	5.7516021728515625	-1.2838195289679435
-25.755863189697266	-11.39477252960205	0.1734403627602938
-2.0895819664001465	-5.597867012023926	-0.2981161999049461
-28.4327449798584	13.838357925415039	-0.7632057527525755
-3.6087098121643066	-27.238204956054688	0.8704593099807814
9.90168571472168	-21.27949333190918	0.5434377745060097
-33.55583190917969	22.023984909057617	-1.0319699961981037
-19.07021713256836	31.64295196533203	-0.7829192201192029
25.21012306213379	18.28384017944336	-0.6392062453392479
5.786221027374268	-16.172954559326172	-0.6308889344138414
-21.04505729675293	0.6455251574516296	-1.4133442371931468
6.2325825691223145	-12.337479591369629	-0.7043815649290373
-18.32766342163086	-37.438804626464844	-0.9619155985947022
-18.496824264526367	0.33420559763908386	-0.496875956385563
-5.246127605438232	-22.107271194458008	-0.093308362664639
-12.332902908325195	-3.5671567916870117	-0.3552656944280499
-5.365148544311523	-8.579697608947754	0.3132203615536089
1.200532078742981	-27.249807357788086	-0.5839284891967769
35.2434196472168	-16.64934539794922	1.6262604528839004
17.59302520751953	15.911310195922852	-1.2053390060123144
-28.334125518798828	26.800125122070312	-0.9362764764701328
35.15548324584961	-23.862272262573242	-0.2889769329022288
21.055126190185547	1.5362868309020996	-0.1567371575886478
4.6453142166137695	11.662297248840332	-1.2850021542097696
14.983368873596191	20.155305862426758	-1.0345655873361974
3.6501128673553467	-9.522516250610352	-1.099198854400741
41.17280960083008	-5.203521728515625	0.9543300335169874
4.62777853012085	-40.06765365600586	-1.685148082889972
-39.08762741088867	17.339693069458008	-1.2350094106004792
-52.63424301147461	6.810978412628174	-0.1702056920465924
51.771575927734375	-13.54511547088623	-0.861961609072057
-2.451799154281616	-27.985870361328125	-0.4603851261403515
43.180137634277344	-6.571773052215576	0.6548057891297895
25.918075561523438	2.3408658504486084	0.4709342710044562
-14.652031898498535	-20.909666061401367	-0.876700419774648
26.476274490356445	-12.44678020477295	-0.9490590832977428
-18.722078323364258	35.898902893066406	-0.585855574236469
-24.863842010498047	3.9757802486419678	-0.9637884976416086
18.282127380371094	21.590742111206055	0.2832997898382384
-3.7853004932403564	16.4710693359375	-0.5921296180894923
-27.024463653564453	-5.150421619415283	-0.1307556728791775
18.48103141784668	25.900489807128906	0.595281675213146
-1.2635396718978882	32.300418853759766	0.2112778362260878
-14.920839309692383	17.1656436920166	-1.315669298764677
-36.581321716308594	-8.846460342407227	0.2717431278652899
13.787025451660156	3.6018080711364746	0.4989423957749854
0.4420648217201233	-21.129243850708008	-0.9509717205158152
9.539398193359375	-14.850995063781738	-0.9670405537185628
-37.349578857421875	10.356168746948242	-1.2819431336057954
16.68170166015625	-32.53068161010742	-0.3966975920342254
-27.096595764160156	-36.45490646362305	-0.1234749150823937
-12.679768562316895	45.16265106201172	-0.0033032644369498
-19.054840087890625	19.653501510620117	0.0613326457411719
-13.990049362182617	-9.661943435668945	-1.197027863208754
-4.244694232940674	24.10590362548828	-0.0430313335478397
42.473594665527344	-32.07267379760742	-0.1030705233251014
17.877336502075195	-15.839438438415527	-1.0614987219960414
-6.2884907722473145	40.569000244140625	-1.0149908321788177
-2.0665228366851807	0.4581506550312042	-1.273137348966442
-27.15813446044922	-12.21220874786377	-0.6134355573603034
-40.67832946777344	24.309022903442383	-1.0363716237389835
-9.310267448425293	-3.877406597137451	0.4891047030847049
2.2826895713806152	-35.800010681152344	-0.3446721967347989
-7.872493267059326	-25.750133514404297	-0.0589421328078325
-9.339081764221191	-43.037715911865234	0.0456259294804736
-1.0290993452072144	17.237443923950195	-0.4595717239074707
-7.4133524894714355	27.956811904907227	-0.5282480562376463
-34.766700744628906	17.856021881103516	-1.3668981460424203
-6.594711780548096	1.5578303337097168	-1.5220131050098298
-26.74234390258789	19.88385009765625	-0.4475796223104976
28.847694396972656	39.676239013671875	-1.0240244268703114
-45.207374572753906	13.989080429077148	-0.8408450763064484
-4.292696475982666	-21.72579574584961	-0.0250133099008107
4.452815532684326	4.152287483215332	0.322458989558151
-13.129877090454102	28.94121551513672	-0.2477843148461423
-30.11595916748047	-36.87959289550781	-0.6409509793965161
35.582275390625	-37.244544982910156	-0.5450353893654745
6.330915927886963	30.409683227539062	-0.2774049044043923
8.925206184387207	-31.34491729736328	0.0710159273240346
-43.22455978393555	3.5572080612182617	-0.8290147921826635
-31.140155792236328	-5.280845642089844	-0.037487990326093
49.81150436401367	8.138429641723633	-0.9287564943085426
21.1264705657959	38.238494873046875	-0.5884622393918719
0.20705309510231018	-23.44487953186035	-0.2105088683909559
-29.528182983398438	-34.749053955078125	0.539843060869728
3.9506242275238037	15.433635711669922	0.7043153396944087
-40.68973159790039	-0.3570665121078491	-0.8917903144529101
6.116933345794678	42.086021423339844	-0.6118570271244441
-8.438078880310059	16.93716812133789	-0.6898769753587812
-23.25341033935547	-1.4527978897094727	-0.4467664906131519
1.9287078380584717	28.316234588623047	-0.8576998675940873
9.101373672485352	-52.945030212402344	-0.8015051454414092
-3.9329705238342285	-46.901519775390625	-1.1851268060345237
15.811341285705566	-5.117583274841309	-0.2897125401835856
-42.074764251708984	4.2777419090271	-0.8360544239879025
-1.584736704826355	-29.29928970336914	-0.1217917671543899
-9.745809555053711	12.790146827697754	0.1865330327434236
2.250480890274048	7.513488292694092	-1.0141204989853494
39.161354064941406	7.65006160736084	-0.718826174783436
-22.82143211364746	26.172840118408203	0.1264877869035828
-25.256410598754883	-27.78082275390625	-0.8303283721641878
11.181174278259277	-11.188461303710938	-0.1117598275349407
4.566635608673096	-49.302520751953125	0.3683344202465089
7.288463592529297	-20.749528884887695	-1.1200933935431656
-20.751014709472656	-18.004087448120117	-0.6959084310667949
-22.630868911743164	26.357101440429688	0.1222662957826944
-27.562610626220703	-22.393142700195312	0.8255211701512128
-14.057120323181152	-7.49246072769165	-0.1623607944441431
22.82554817199707	-18.500768661499023	-0.4688096657213482
7.079163074493408	30.8256893157959	-0.8236589959197266
26.236474990844727	-28.812393188476562	-0.7854133232332602
-18.632287979125977	18.966590881347656	0.184776654964281
20.714637756347656	-39.03873825073242	-0.13110091517957
27.41645050048828	42.77704620361328	-1.2291643093556843
-21.207067489624023	-4.993614673614502	0.0650062768095272
0.5201618671417236	18.446632385253906	-0.2096731256825425
9.11799144744873	-16.580467224121094	-0.3361231071120816
-1.4041701555252075	2.37976336479187	-0.8906225238134684
-2.698129892349243	-17.95304298400879	-1.057635413991711
10.564833641052246	-6.847925186157227	0.0073005295814738
-43.03276443481445	-1.4444777965545654	-1.6627322764377817
-10.780198097229004	-23.395736694335938	-0.0907443688084708
-44.40400314331055	0.7147079110145569	-0.9874863187266092
-0.8626441359519958	-11.123092651367188	0.1285570459381986
-19.065900802612305	-15.585076332092285	-1.1283604112760297
-9.49395751953125	3.0001564025878906	-1.5588993006251857
20.587064743041992	-38.970863342285156	-0.0344178560560375
-9.532585144042969	-27.532791137695312	-0.3011984125360861
-36.00824737548828	8.431615829467773	0.110119503850655
-33.21603775024414	17.72549057006836	0.3922792898540061
-13.39918327331543	-31.210012435913086	-0.7090240602388367
-46.73896408081055	18.8718204498291	-0.0211596982177959
-5.9176764488220215	-15.519603729248047	0.4761201773759743
9.663830757141113	23.067062377929688	-0.6992422757926695
-13.946096420288086	16.014419555664062	-1.5496899724773685
33.57642364501953	33.393211364746094	-0.990670534432618
3.2001941204071045	-19.74466896057129	0.0438989767633263
20.919580459594727	38.40692901611328	-0.7003179093125763
0.41093960404396057	7.344491481781006	-1.0490490262373062
-5.338052749633789	-9.434761047363281	0.8139454746452851
13.519855499267578	-52.79314422607422	-1.1633718580602468
0.5303096175193787	14.945844650268555	0.5642418475417326
24.245798110961914	-17.270421981811523	0.7077265588826357
5.92591667175293	9.597508430480957	0.2634591939693359
33.184661865234375	-14.231491088867188	1.5590074811714687
3.7115352153778076	-0.02112572267651558	0.0816662534117741
-11.45258617401123	19.269289016723633	0.0892239686051716
21.65872573852539	-3.7658212184906006	0.8793167925932069
19.6685791015625	39.77418899536133	-0.6665907846137404
1.6362913846969604	21.280214309692383	-0.9373624686922668
-4.581428050994873	9.910998344421387	0.0768677970802652
8.056586265563965	-24.215728759765625	0.1863286505421731
1.7757154703140259	9.023514747619629	-0.4220331687217872
-6.876590251922607	29.378572463989258	0.5183242464662182
4.6517815589904785	-4.249358654022217	-0.5670619308163006
-24.9822998046875	4.889439105987549	-0.831559454007755
-45.14394760131836	2.138063669204712	-0.2746800656935165
-6.949367046356201	5.348689556121826	-1.0102473856748055
-10.870429039001465	-6.890146255493164	-0.5139441717641485
-43.835792541503906	-11.18307113647461	-0.7196266191861646
-15.391448020935059	6.720175743103027	-1.2216739429418306
-4.31601619720459	5.291971683502197	-0.6923396291718098
15.158469200134277	-4.616512775421143	-0.6055538620721654
-10.548497200012207	34.78155517578125	-0.8627632816318904
-1.2759528160095215	4.4031147956848145	-0.9552973574321136
-4.583532333374023	-3.8852379322052	0.1193975678942842
-51.43429946899414	18.802478790283203	-0.5944163900684961
2.537221670150757	11.672492980957031	0.226978314065434
8.21286678314209	-4.536564826965332	-0.83921862907911
12.090237617492676	-15.855524063110352	-1.6869427809583455
44.908668518066406	-5.543270111083984	1.0137126327473371
13.91786003112793	-0.6243278980255127	-0.3503441538973074
-7.375950336456299	-30.949655532836914	-0.7771672839610482
31.736255645751953	33.150611877441406	-0.7677683034871555
-10.97180461883545	-12.546812057495117	0.8046187261699206
-54.006404876708984	17.214323043823242	-1.4433340882497985
47.38572311401367	0.9802832007408142	-1.381229807222644
22.61313247680664	6.053950309753418	-0.1106163078071204
5.302444934844971	35.84580612182617	0.8392542660727775
-50.10298538208008	18.464136123657227	-0.903797931628361
2.0272367000579834	-40.54657745361328	-0.2776429951127699
-15.857315063476562	-1.8015037775039673	-0.1498239667843661
26.819290161132812	26.149377822875977	-0.5971890833568186
-11.420900344848633	13.995429039001465	-0.4395935349231997
-29.920246124267578	-1.5360474586486816	-0.9937645081178342
-14.609856605529785	-25.028879165649414	-1.303922725950116
-7.427549362182617	27.89361000061035	-0.3489833317782578
-39.42328643798828	-23.105077743530273	-0.1162856121513535
24.10696029663086	-29.20265007019043	-0.232128630865517
-54.464359283447266	14.162640571594238	-0.4701613214286418
-32.50358963012695	-21.525083541870117	-0.7389734536034671
-38.11213684082031	-18.86332893371582	1.6319705923157488
3.0843145847320557	-19.675907135009766	-0.3489269275396421
-11.348817825317383	-23.452051162719727	0.0021387646690307
-47.47748947143555	19.257232666015625	-0.6532966692922023
19.016084671020508	4.3724799156188965	-0.0217849165352636
-44.2583122253418	9.298500061035156	-1.114890442981377
38.263404846191406	6.712777614593506	-1.347530124144606
3.6093666553497314	8.584402084350586	-0.6343591055605208
4.413682460784912	-30.34200096130371	0.2450696127091844
-27.787010192871094	33.39636993408203	0.0425450297189533
22.17786407470703	6.161687850952148	-0.4233255863985898
-6.451712131500244	-12.626039505004883	-0.2122178394231339
42.47080612182617	-32.08564376831055	0.4705197651148129
-28.1014404296875	-38.08209991455078	0.0106127095021698
-15.912729263305664	45.767765045166016	-0.6356727877367431
44.5767822265625	-27.14656639099121	-0.7261240583107872
52.563934326171875	-12.06192398071289	-0.8681001489860785
-27.413850784301758	20.141565322875977	-0.1012588717917665
-27.1439208984375	-36.48627471923828	-0.2854127331045488
-14.284025192260742	22.00066375732422	-0.9794923226591744
19.153236389160156	-31.400991439819336	-0.5899234446726223
-20.75328254699707	29.936614990234375	0.9091847798352908
-13.030920028686523	-18.853639602661133	-1.099138567948588
-40.63775634765625	24.271474838256836	-1.0611180949206445
42.944576263427734	-11.504827499389648	0.8922960992087275
24.826507568359375	32.9273681640625	0.238416872700062
0.16606053709983826	-3.2387497425079346	-0.4581045832988505
-16.789823532104492	-9.205690383911133	-1.0076858402611557
-44.5177001953125	-11.135746955871582	-0.8202805441162442
19.075206756591797	-2.393796682357788	0.3552400338869884
19.80648422241211	13.154667854309082	-0.1179789822997128
-13.517724990844727	-30.83909797668457	-0.9691931328936478
30.925283432006836	-4.629191875457764	0.345826221629916
24.418729782104492	-5.649435997009277	-0.1171799749200717
-34.843231201171875	9.032354354858398	0.5326148170881222
-14.792908668518066	20.652759552001953	-1.3320524091588832
13.418898582458496	-28.03380012512207	-0.280204980816341
33.03336715698242	38.04263687133789	-1.111540530515405
6.056971073150635	3.563685894012451	0.156629230351592
-25.940505981445312	-5.896036624908447	0.6265177064634628
4.849081993103027	-41.94704818725586	-1.1823824594717585
10.711201667785645	17.828632354736328	-1.0353515316127346
-48.045318603515625	16.56878089904785	-0.9885201039519246
-25.261207580566406	-9.403374671936035	0.9432124962587584
-34.19380187988281	-24.92952537536621	-0.8139828535413444
8.056380271911621	-44.28896713256836	1.190976824991155
25.759126663208008	2.450446605682373	0.2426879629283071
3.144120454788208	3.8892836570739746	0.0309624389882873
-16.27574348449707	0.20373345911502838	-0.8043677416168189
11.933667182922363	-7.6490302085876465	-0.3080312766460037
4.8178510665893555	-49.80970764160156	0.0925680685658917
25.022151947021484	18.394901275634766	-0.6902574470808329
-0.03184371814131737	-6.398277282714844	0.1789351646744108
-26.609994888305664	-48.30332946777344	0.728885830862713
13.506867408752441	-4.06121301651001	-0.2201961439452145
-19.112651824951172	-1.5960255861282349	-1.5508836057101472
29.22803497314453	-32.176979064941406	-0.6913983693128916
21.603681564331055	38.75959014892578	-0.9397989729016412
5.681364059448242	-34.78057861328125	0.6944628963640189
40.00672912597656	-6.088897705078125	0.652441807520472
-17.612977981567383	-40.20051193237305	-0.3465905894698311
25.136011123657227	-38.173709869384766	-0.9015303531582316
-18.4251708984375	-40.68925857543945	-0.12173599514487
19.4190673828125	-7.168410778045654	-1.5623958133667308
2.9065134525299072	-26.38226318359375	-0.5161083031759057
-7.9738616943359375	1.6769726276397705	-1.3509098927713952
-24.266435623168945	-9.854522705078125	-0.0580710254554176
4.618764877319336	-4.291908264160156	-0.5975454806948306
-17.170751571655273	-31.872983932495117	-0.3438988745650593
-29.36229133605957	25.19600486755371	-1.030130711470835
-38.2196044921875	-35.77751541137695	-0.212026981048621
-10.50352668762207	4.886852741241455	-0.3058774352996146
25.48522186279297	-36.88420104980469	-0.4636329078132545
1.6709704399108887	21.18457794189453	-1.1991029599813194
1.1478304862976074	12.235623359680176	-0.9164880955030748
20.459075927734375	-24.498661041259766	-1.0687163476528176
-28.289093017578125	18.239845275878906	-1.1944506449536434
-12.564743995666504	15.082573890686035	-1.455683779540011
3.1236138343811035	49.97758102416992	-0.6426724971643948
-36.78886795043945	18.97540283203125	-1.2765987981624085
-25.141477584838867	17.069337844848633	-0.7864420448392867
25.6953125	-12.19378662109375	-0.7037882499677598
-31.01042366027832	-16.883272171020508	0.1078116382824673
-31.219390869140625	13.469260215759277	-0.519598746999331
-12.005624771118164	9.561771392822266	-0.8911772745545986
27.486425399780273	-28.527822494506836	-1.0180887620140815
15.343796730041504	-39.26532745361328	-0.4978576204942421
7.8015007972717285	-8.947927474975586	0.18070783235225
20.045705795288086	4.661153793334961	-0.4755839552701371
6.638177871704102	23.441043853759766	-1.0949954205394363
-10.857433319091797	-43.88613510131836	-0.3836321739629139
10.638723373413086	-37.40335464477539	-0.4062733591084004
18.944412231445312	-31.595579147338867	-0.3488724802427233
-7.258979797363281	-30.835247039794922	-0.9209084420415704
-10.609275817871094	6.854207515716553	-0.7581266857910984
5.514862060546875	26.070188522338867	-1.2617013460197977
22.907304763793945	21.529695510864258	-0.7718359172327764
36.353397369384766	4.9618096351623535	-1.372403672960447
-2.326472520828247	3.17254638671875	-0.7858494883875605
10.959121704101562	-15.495182991027832	-1.015388405786055
41.06782150268555	3.356829881668091	-0.6916732683967307
-45.40474319458008	13.877472877502441	-0.5127189975608542
-34.329673767089844	-20.53191566467285	-0.8651484895690845
2.8799655437469482	5.648663520812988	-1.0251602289798591
-16.456756591796875	9.80031967163086	-0.2563146124867988
5.049856185913086	7.315993309020996	-0.5038611355224276
-51.1193962097168	-2.41348934173584	-1.0530352542279768
8.064699172973633	28.67633056640625	1.11561729481474
13.688538551330566	-0.8161367774009705	0.1560659018747574
-29.8239688873291	14.685355186462402	-1.2143949833176038
-25.219486236572266	6.152624607086182	0.4758517577640266
-16.222658157348633	23.304080963134766	-0.9245887171840866
4.165167331695557	-31.357481002807617	0.6829513528446837
7.5171589851379395	7.439465522766113	-0.6180719256029267
20.157991409301758	-0.9926124811172485	0.3771737290341979
5.444891452789307	-9.076108932495117	-0.5394382743836859
-3.346165418624878	-9.001594543457031	-0.0575578375085088
-36.558494567871094	11.142694473266602	-1.4226278012308569
-13.99443531036377	13.948895454406738	-0.3814419094377941
-37.73371505737305	-18.993106842041016	1.337727875817477
20.099233627319336	0.2983352541923523	0.2778000658390041
-6.892998695373535	12.714869499206543	-0.3656146523829138
53.07081985473633	-11.595526695251465	-0.757756265913664
-0.034080393612384796	1.1491221189498901	-0.0516701039490767
26.585546493530273	2.448336124420166	0.8890894626029048
17.937318801879883	18.523635864257812	-0.4862659195711132
28.018463134765625	39.538246154785156	-1.4095470620575274
-12.118851661682129	13.250810623168945	-0.3927050891172679
1.7042911052703857	46.43659591674805	-0.7903205314083803
-13.728007316589355	-32.16639709472656	-0.8579698997375405
16.826778411865234	1.4595659971237183	-0.8299735795738037
-6.112534523010254	-2.7921388149261475	0.1216907621149685
13.605347633361816	7.633626461029053	-1.2476468632545226
-8.42071533203125	19.90595245361328	0.1084876140790772
-36.80646514892578	-7.929203510284424	-0.2136971761331518
-7.33249568939209	40.649192810058594	-0.0243697005388113
-21.911972045898438	15.760421752929688	-0.8765162173919525
-21.3050479888916	-19.380224227905273	-0.6391681516239386
31.23012924194336	11.991006851196289	-0.0261039176281153
-8.302495002746582	22.932300567626953	-0.2223562318888464
-19.085681915283203	31.593477249145508	-0.981223427189678
10.491634368896484	-24.93678855895996	-0.2892536991799345
-27.782623291015625	-34.81842041015625	0.7114245271376375
-4.624309539794922	-21.31749725341797	-0.236480046194763
23.23149299621582	33.441932678222656	0.0538494543036726
-45.052669525146484	-10.401658058166504	-1.059540914139955
6.540764331817627	-43.40814971923828	-0.9578383766399852
1.9235451221466064	2.4431328773498535	1.325862287304524
29.03704833984375	-1.0434508323669434	0.5392335835049132
35.3254280090332	7.5723652839660645	-0.1136171922792195
13.595720291137695	-52.80015563964844	-1.315366249701643
-33.9222526550293	-15.716899871826172	1.5266046889660454
8.428901672363281	-32.10932922363281	-0.0406610058713862
-52.757442474365234	6.7907280921936035	0.0737324242789685
17.12688636779785	-10.975953102111816	-1.6514625817173043
22.92454719543457	21.50693130493164	-0.6212579612068991
-5.53926944732666	-21.710975646972656	-0.3095654064454013
-21.70998764038086	27.654855728149414	-0.6953825879432004
11.969599723815918	16.244375228881836	-0.8949637495502947
5.174333572387695	-30.753982543945312	0.8168273794748926
24.10481071472168	-17.25297737121582	0.4862634591531647
41.522762298583984	-12.50865364074707	0.2314990078855546
13.418559074401855	7.991878986358643	-1.3215690718527948
15.238016128540039	-16.46395492553711	-1.1064321460159214
-31.156522750854492	15.119279861450195	-0.970917751163154
-52.29652404785156	-2.4705138206481934	0.5845516200904146
-28.286142349243164	-5.668473243713379	0.3789205213443995
-9.288796424865723	-42.272056579589844	-0.014999980067351
33.168312072753906	30.334747314453125	-0.4581838664681508
-13.955145835876465	-20.832069396972656	-1.282764084205988
15.25818157196045	-39.07966613769531	-0.6112467138593801
21.558679580688477	9.861075401306152	-0.2421252179693575
-12.058148384094238	0.9012365341186523	-1.5031239807552133
-26.703662872314453	39.1991081237793	-0.7962088053306422
-12.45385456085205	-27.19388771057129	0.4824592246079081
-7.69255256652832	-1.3980302810668945	-1.0860454209444546
1.8962669372558594	22.586448669433594	0.2507744235093145
43.03123474121094	-10.89554214477539	1.1209468772890234
40.89279556274414	-4.899267196655273	0.6581208034804726
26.605621337890625	-22.593685150146484	-0.1443274118436443
13.428815841674805	44.054664611816406	0.5331087698010244
-0.7312271595001221	24.844526290893555	0.6013704314550093
-18.7218017578125	35.88681411743164	-0.7646851166226811
47.3911247253418	0.9809525012969971	-1.451757874760356
15.60165023803711	-52.808746337890625	-0.2686294135535651
-26.743968963623047	-18.651708602905273	-0.6344232235817632
20.75496482849121	-21.524585723876953	-0.5665845908874327
-33.87252426147461	-3.3364651203155518	-0.670142263313474
18.84544563293457	-21.705142974853516	-0.0053302551480771
27.448320388793945	-21.658504486083984	0.1718882354480281
11.054656982421875	16.498374938964844	-0.9904068030894004
-15.29812240600586	-15.083069801330566	-0.2943568590031047
-6.212145805358887	40.69822692871094	-1.0912740694114835
-9.354339599609375	-43.441402435302734	0.0107235047953099
38.203617095947266	6.711655616760254	-1.3689042261615032
-5.4105939865112305	33.12260055541992	-0.6735520016754835
0.6255598068237305	-7.974981307983398	-0.3492848195547389
6.453901290893555	6.067527770996094	-0.7025364721632867
21.892475128173828	4.117166996002197	-0.9002664745546727
-49.43571090698242	9.532760620117188	-1.1712350730925352
0.08762142807245255	-23.148265838623047	-0.7046344467745518
-5.772675037384033	-14.146357536315918	0.1383561334632277
13.731672286987305	12.955011367797852	0.5651961149773151
-23.970443725585938	2.252868413925171	-1.3724443102377253
15.5131196975708	-52.80905532836914	-0.4818596692800696
-2.9744467735290527	-2.471062183380127	-0.2349154088294327
-12.296198844909668	-13.41144847869873	-0.366552594668522
-2.4330735206604004	12.5954008102417	-0.6464075737173317
10.913403511047363	6.463662624359131	0.7161797489192886
-8.382950782775879	8.585707664489746	-0.0609831876698109
4.0195231437683105	24.049415588378906	-0.7358113104110583
16.46517562866211	-37.38975524902344	0.1467935890891013
-31.699851989746094	7.649681091308594	-0.9364951348910294
28.195852279663086	-11.421805381774902	-1.2114744955237515
-9.309700965881348	-6.819705486297607	0.1325393571221498
-14.593510627746582	-18.83155632019043	-0.8436659203844888
-40.745357513427734	10.506767272949219	-1.1483946389397668
10.263965606689453	2.830047845840454	0.2282846245712111
18.064149856567383	25.94849395751953	0.3746254772561199
-11.879512786865234	-44.45291519165039	-0.5661408876392431
12.637679100036621	31.252944946289062	-0.2016649634530268
-4.51151704788208	-0.17729122936725616	0.0914687844366228
-16.812335968017578	1.0224039554595947	-1.1851030439061012
-40.757896423339844	10.525689125061035	-1.149608389611363
-32.16106033325195	-20.1352596282959	-0.671570853248281
-4.8476057052612305	-8.887052536010742	0.1569785343122376
-4.718870162963867	-3.6282079219818115	-0.1135498884947475
-9.624439239501953	25.174985885620117	-0.6383168351289478
-12.989557266235352	9.334905624389648	-0.57590698661693
-19.9368953704834	7.0255126953125	-0.2039250840226982
31.167591094970703	0.09520576894283295	-0.4709249090702337
17.991056442260742	16.382610321044922	-1.2983577969469005
-4.604937553405762	18.922677993774414	-1.0354541073156085
19.12801170349121	10.60191822052002	0.3329457209801591
-36.743675231933594	17.085315704345703	-1.3158107056328323
-38.444393157958984	-22.81751251220703	-0.3459715939168198
12.197916030883789	26.442272186279297	-1.2216073710425923
4.33137321472168	38.03694534301758	0.0368404914661388
8.906625747680664	-23.466081619262695	-0.5680758066828409
15.263468742370605	-9.713736534118652	-1.7441812564926709
9.798128128051758	-31.582740783691406	-0.1910194676247041
17.29673957824707	10.768881797790527	-0.0714446616415421
15.788872718811035	16.271446228027344	-0.5923023990402994
21.908170700073242	17.0324649810791	-0.8430800994103774
-4.23317813873291	4.737775802612305	-1.0623518350918653
16.661209106445312	-5.00330114364624	-0.29940695593092
-5.966160297393799	-13.606640815734863	0.8427349452844738
-1.4440817832946777	31.145902633666992	-0.2106601758273227
-10.51612663269043	34.814308166503906	-0.5168097808390161
-8.364054679870605	-31.65605354309082	-0.6981715960050658
-23.936935424804688	-28.359695434570312	-0.9575779050521704
10.804449081420898	21.81461524963379	0.1297552641851047
28.88124656677246	22.50351333618164	0.6571031105077717
1.0735114812850952	-23.719301223754883	-0.5630398334510583
16.114707946777344	-37.8763427734375	-0.1558416166998707
9.77180290222168	0.113367959856987	-1.1173484290876936
-39.66669845581055	-23.21079444885254	0.1582553100021527
-16.96528434753418	-9.24775505065918	-0.8291324301906925
12.292691230773926	-11.380644798278809	-0.316896601188939
9.236129760742188	-22.015098571777344	0.4577592633201187
-1.3568038940429688	-25.067340850830078	-0.2018058432542401
-18.194469451904297	-3.991772413253784	-0.822127805201828
3.1237120628356934	49.973751068115234	-0.6927295065256331
9.946128845214844	16.53395652770996	-1.308166316821463
-1.7077839374542236	7.762441158294678	-1.3976381235098276
-1.9040234088897705	1.9218767881393433	-0.804333675194958
-12.925073623657227	45.39909362792969	-0.5502830513710388
-1.8926830291748047	11.357315063476562	-0.2525122510601604
-18.82143783569336	-40.6326904296875	-0.0441600082689729
-15.944336891174316	-29.781112670898438	-0.3446396670110143
-4.134029388427734	27.71309471130371	-0.6018363585249085
4.848482608795166	-5.976251125335693	-0.7532723627786373
42.14620590209961	-10.806137084960938	1.0227782094729807
17.927404403686523	5.218351364135742	-0.4166368893471097
27.284852981567383	-14.987011909484863	0.1379328389788449
-5.337491035461426	42.58314895629883	-0.3128126835752872
10.920125007629395	18.7790584564209	-1.3083685507972682
3.3209381103515625	-30.619680404663086	-0.1813505261859895
22.513517379760742	-42.46807861328125	-0.1533016406368743
-0.7266820669174194	24.864498138427734	0.3820479195117155
31.904544830322266	-5.7048139572143555	0.1642315564219245
-2.8478877544403076	6.697612762451172	-0.6175986686500192
-47.57262420654297	9.171642303466797	0.1275443396088983
7.0377278327941895	-19.605422973632812	-0.8960868063936461
4.225493907928467	12.876688003540039	-1.373981925461406
1.2769761085510254	-37.53534698486328	0.6798643665269407
-8.154067039489746	1.3058595657348633	-1.095447091384144
3.583134174346924	1.4227657318115234	-0.6142165767307061
-30.165721893310547	33.91372299194336	-0.3867463933236847
-48.13359832763672	9.554137229919434	-0.1223381727014389
-26.0959529876709	-48.124290466308594	0.5536952433446234
30.649381637573242	5.348732948303223	-0.3250341965734344
3.7497165203094482	-2.7511050701141357	-0.8384226485841322
14.7581148147583	36.615440368652344	-0.8511444124413758
-12.825153350830078	-0.743076503276825	-0.0867545019927684
-15.168471336364746	-3.7329936027526855	-1.397958651403198
8.587162971496582	-4.030537128448486	-0.4974264013913694
-49.973697662353516	-5.728298187255859	-1.1739940475199435
-18.269840240478516	5.991750240325928	0.120998270064609
20.604646682739258	-8.238656997680664	-1.6205452958649755
-18.091176986694336	14.446125030517578	-1.1055436875505793
7.447443962097168	7.569437026977539	-0.9358521676861006
-27.915904998779297	33.39167785644531	0.2329290015321081
-22.182723999023438	-1.0653600692749023	-0.4265574260946382
-10.610753059387207	-25.065217971801758	0.5866058777072627
-3.739224910736084	16.325035095214844	-0.5096852951388252
-19.651033401489258	-11.969124794006348	-0.125561715550689
-19.970569610595703	12.6399507522583	-0.0712737146880644
-5.945070266723633	21.693742752075195	-1.1313879123271422
14.42690658569336	-21.46764373779297	-0.2499108420820567
26.911954879760742	13.998289108276367	-0.0170332839135666
20.190099716186523	-8.644606590270996	-1.600822517740377
18.960281372070312	21.80009651184082	0.4349358756193379
-51.035099029541016	-2.38935923576355	-1.189309737684795
28.615440368652344	7.068808078765869	-0.4201767434341861
-29.370254516601562	7.079500198364258	-0.2990908201177963
-0.882952094078064	-1.1700490713119507	-0.6018365839358004
-15.330845832824707	17.450136184692383	0.193715517041723
-24.76638412475586	4.164977073669434	-1.046672529329216
5.612817287445068	13.908063888549805	0.2323565339747186
-25.3859920501709	-4.493001461029053	0.0448864279573425
-0.3133677840232849	36.235328674316406	-0.8982299260193634
-21.804576873779297	-4.357575416564941	0.5663620460125262
-12.797647476196289	-31.193912506103516	-0.5955137643492991
-21.302867889404297	20.11855697631836	-0.9675853963559649
-6.342620372772217	16.038768768310547	-1.1262101951618977
-32.19413757324219	1.7737452983856201	-0.503857202002355
23.30267333984375	-34.265872955322266	0.0618276225670579
-0.8616723418235779	28.236021041870117	0.0952957681870468
11.722869873046875	0.8933156728744507	-0.0529558701752455
17.89963722229004	9.661789894104004	-0.1224433886806528
12.900017738342285	8.76862621307373	-0.7838492321534166
10.21779727935791	-1.3562284708023071	-0.2126133637246422
-11.941428184509277	19.875469207763672	-0.1914115270357178
7.728123664855957	28.253768920898438	0.7543982488601829
6.350557804107666	-0.6581284999847412	0.5945772792337187
24.776851654052734	13.139300346374512	0.6254137743338622
-12.786380767822266	30.04624366760254	-1.4288422533995564
-38.124080657958984	35.113956451416016	-0.3965819297754136
-8.279651641845703	24.02186393737793	-0.1031945313909705
30.685401916503906	5.31108283996582	-0.0891084986454438
-17.90941047668457	7.012592315673828	-0.9379856534679092
16.586349487304688	26.562135696411133	0.5574700306827765
16.973373413085938	-16.702150344848633	-1.3477033485024892
-21.903425216674805	-27.793004989624023	-0.7518329285832279
-3.3692080974578857	-36.98553466796875	-0.4099018924224701
21.307851791381836	-13.180183410644531	-0.719267737860033
-0.6495751142501831	17.57612419128418	-0.2260449263770817
-6.642381191253662	17.2828369140625	-0.407057118907694
-9.639185905456543	-27.362117767333984	-0.4438693010787337
8.923130989074707	-8.057944297790527	-0.032565680756305
6.814761161804199	19.38128662109375	-0.4476578055531084
-36.39578628540039	18.669849395751953	-1.120287572631944
-44.60463333129883	8.091730117797852	-0.7760317636262697
16.668575286865234	12.664998054504395	1.025445255050524
4.472325801849365	2.532944679260254	-0.4539816079761654
27.8250789642334	-8.097264289855957	0.1872540119324155
27.494951248168945	40.05424499511719	-1.272153339930966
4.973472595214844	-40.79404067993164	-1.2014908528515729
9.263931274414062	23.669492721557617	0.1455860771878888
-17.801729202270508	-16.73959732055664	-0.6110835205783761
17.238706588745117	-27.762554168701172	0.227622289518252
-43.74123001098633	-0.17575980722904205	-0.983947953223302
36.372676849365234	5.018496036529541	-1.4455336405327277
36.16312026977539	-1.9757740497589111	-0.267450805709812
-2.0352041721343994	-12.919650077819824	-0.5818478337984115
17.226369857788086	-27.654281616210938	0.1543526270097447
7.714910984039307	3.6626603603363037	0.1491832231706408
0.10945692658424377	-16.26570701599121	-0.0610931836558967
5.7815399169921875	-16.121353149414062	-0.4783666639641648
15.591988563537598	23.742755889892578	0.6643055086226934
-19.999950408935547	21.582500457763672	0.8348715618721826
-14.078540802001953	-11.151046752929688	0.368193130896396
-14.184005737304688	-7.673122406005859	-0.4513880186246175
-26.945331573486328	-5.045350551605225	-0.2965453061630159
-44.479915618896484	14.948022842407227	0.6352656877140971
28.3731632232666	-9.589726448059082	0.2920209353455286
-12.913512229919434	-26.36642074584961	-0.4266210887602633
1.3335047960281372	-38.654541015625	0.1936427381302343
-12.190202713012695	-3.576957941055298	0.090029803142271
-29.80078125	-36.52580642700195	-0.3597269020274834
18.42354393005371	9.564967155456543	0.0187638605278986
8.447004318237305	-2.4104764461517334	-0.3502381089756867
-18.42091178894043	-39.64830017089844	0.2661994002112597
-12.466225624084473	-27.118276596069336	0.1024673516706948
26.35112762451172	39.36501693725586	-0.4854120277662641
3.7745869159698486	6.345278739929199	0.2538507371356462
-8.18970775604248	38.104942321777344	-0.9938386295084672
4.356804370880127	-42.35087585449219	-1.271152961818425
15.96396541595459	-31.608402252197266	-0.37613587032396
-47.792205810546875	7.680399417877197	-0.7378723586813233
40.462615966796875	8.392943382263184	0.2816383524413011
18.5637149810791	-3.089118003845215	1.0023821877629893
26.9693546295166	35.33286666870117	-1.276703465812851
36.370662689208984	-3.1217939853668213	0.2861002724877101
6.119107723236084	42.0942268371582	-0.8286883054406855
33.868629455566406	16.367431640625	-1.8078850415907224
27.400920867919922	35.38031005859375	-1.5906998782094723
10.13906478881836	4.007663249969482	-1.0483345944529432
7.319343566894531	-28.044401168823242	-0.0986128622565024
-3.322173595428467	32.4309196472168	-0.5362483328004457
-32.20930099487305	17.88437271118164	-0.4807580073215068
18.7319393157959	11.288601875305176	0.3828725410090292
-8.804429054260254	-20.600141525268555	-0.3627382259256638
14.799114227294922	2.9115750789642334	-0.5801330360644404
15.404267311096191	-20.932146072387695	-1.1162060201580863
-38.530723571777344	21.588430404663086	-1.0360717380989997
13.740681648254395	12.956110954284668	0.2326452689395365
-21.678956985473633	15.598980903625488	-1.2619263983114122
-24.934614181518555	7.486226558685303	0.3816507997237674
7.6851582527160645	-1.965554118156433	0.0044063696029991
-27.061243057250977	-47.472412109375	0.5939091266416606
36.95780944824219	-2.5696001052856445	-0.1338754471097261
-6.27028751373291	11.384340286254883	-0.2636633880658243
-39.182369232177734	22.76009178161621	-0.5861614592177588
25.499971389770508	10.65420150756836	0.0784699104388631
10.37752914428711	12.043838500976562	-0.1528411130871093
-7.5409955978393555	-1.6141016483306885	-1.1522951327036095
-13.437828063964844	48.21824264526367	-1.3180332709192448
-15.971755027770996	22.992271423339844	-0.5108698903635392
-10.927447319030762	25.59825897216797	-1.0600699002638618
16.994470596313477	5.792571067810059	-0.5307704676631786
-27.32997703552246	2.206815719604492	-0.7727628155781767
27.745880126953125	-7.878564357757568	-0.0249634520179483
-33.366485595703125	0.5487302541732788	-0.4190452760722662
10.179271697998047	-1.3607182502746582	-0.4557274371302742
-38.32905960083008	21.271848678588867	-0.575566813519571
-0.8793594241142273	32.826438903808594	0.19783997560113
-34.65248107910156	-24.934377670288086	-0.8160589325884409
-31.92966651916504	12.848468780517578	-1.2397188965547974
36.30921936035156	3.700502634048462	-1.5737575200926504
26.868825912475586	13.97983169555664	0.1753766344142191
-28.318328857421875	-36.1837272644043	-0.4894770599021453
27.137725830078125	-12.659626007080078	-1.1405040075431885
13.037497520446777	44.60505676269531	-0.3354458309745215
-6.18156623840332	-9.11832046508789	0.9784910992785674
21.63666343688965	-17.803478240966797	-0.2536082559012758
-34.345237731933594	-25.449932098388672	-0.9684949929996536
-1.4376486539840698	-5.946570873260498	0.450050788339821
15.37677001953125	-7.214504718780518	-1.504282528183691
21.8851375579834	-34.235198974609375	-0.555921997564506
36.58595275878906	-1.9024667739868164	-0.1875175729941867
-19.19742774963379	-15.533529281616211	-1.3120672849657498
-10.11949634552002	-41.173038482666016	0.5553377964381844
16.836711883544922	1.6038122177124023	-0.3502273276872318
11.227128028869629	-11.188697814941406	-0.4061337787608767
-13.401582717895508	48.07271194458008	-1.298361221975226
17.16579246520996	15.72691535949707	-1.1606247468125428
-18.113605499267578	8.298408508300781	-0.1877829601589603
-14.819538116455078	-20.723052978515625	-1.1953259316797868
18.681039810180664	11.703571319580078	0.2364826308491745
5.322793483734131	1.8376935720443726	-0.6905668378172757
10.851899147033691	-44.78647232055664	0.2869895856957076
26.41925048828125	-29.262222290039062	-0.8889343214904585
-35.52105712890625	-18.902801513671875	-0.2537991106893263
10.906054496765137	-45.04936599731445	0.130983662969234
2.3365745544433594	0.6621975302696228	-0.8070914437736071
-45.24761199951172	2.19140887260437	-0.5559472186000103
-55.30558776855469	13.786237716674805	-0.1239232701445305
-9.079641342163086	19.784639358520508	0.7057474083524173
23.65970230102539	13.826756477355957	-0.4232673741324282
12.762592315673828	-27.310333251953125	0.8039028682772066
-1.5993050336837769	-29.102283477783203	-0.7116562026131955
13.789851188659668	-6.110476493835449	-0.6265378042107846
10.022958755493164	34.48994445800781	-1.578040301915123
-38.999454498291016	17.283432006835938	-1.2994902702060984
39.98772048950195	16.32740592956543	-0.3964951563838972
-30.773454666137695	-21.683147430419922	-1.0301651776829226
44.57954025268555	-27.148988723754883	-0.6241444157858878
-0.8257097005844116	-33.27370834350586	0.1944275095589159
-34.19789123535156	12.04961109161377	-0.8329664159281733
-19.879928588867188	-38.97622299194336	-0.3198068255277443
3.4258170127868652	-42.87220001220703	-1.5358081836310358
-29.40529441833496	26.984466552734375	-0.8968344662775913
15.336535453796387	-3.434175491333008	-0.6819914831154947
15.564251899719238	-40.452518463134766	-0.080803701379234
-12.320634841918945	45.83917999267578	-0.4475976705996155
-9.106646537780762	-15.749665260314941	-1.2282152361274326
6.020193576812744	0.4984925389289856	0.0736797882293153
-17.107772827148438	-31.854114532470703	-1.1313381001327678
-14.351905822753906	-13.591049194335938	0.2266152260791259
-2.706444025039673	-17.97647476196289	-1.1027238081060815
-49.37759780883789	8.323659896850586	-0.7246228081723727
4.116474151611328	-24.069929122924805	-0.8588532658053444
-15.286126136779785	-15.073114395141602	-0.534075193724795
7.361032485961914	12.846092224121094	0.3552491886769735
12.230770111083984	26.42931365966797	0.038596556356899
25.727209091186523	31.14695167541504	0.4961419799288905
-6.77543306350708	17.78122329711914	-0.6095573853149577
1.2738953828811646	-6.647457599639893	0.2583563171962275
3.028451919555664	-10.4013032913208	-0.8801677591282803
-50.033138275146484	-5.578832626342773	-1.2541950604225205
-8.677301406860352	27.969932556152344	-1.0631975704987304
-26.004560470581055	-6.678978443145752	0.7325795819194293
6.91564416885376	-8.777244567871094	-0.2821999443689708
-48.69142150878906	7.289033889770508	-0.098790950455175
21.804500579833984	0.11606491357088089	0.4889095246926865
24.136457443237305	41.08723449707031	-0.9674135286481688
9.568178176879883	-14.775457382202148	-1.1086733851344817
32.253150939941406	-17.699214935302734	1.551865865569661
17.413896560668945	32.092689514160156	-0.5197962338763565
-49.04296875	7.138212203979492	-0.594136040234118
1.2532635927200317	-6.780539512634277	-0.3200745000041792
-19.881900787353516	31.164384841918945	-0.6031396304136002
12.629780769348145	31.246313095092773	-0.4641461130372905
-25.87038803100586	4.219480037689209	-0.9277491048658144
33.23421096801758	-14.095503807067871	1.5329109299564398
23.219961166381836	-16.71293830871582	-0.6396778529436761
8.559487342834473	9.139456748962402	-0.8688722068020972
-15.953354835510254	-7.320621490478516	-0.9182241979547858
-9.002731323242188	-5.574291706085205	-0.2429793437228647
7.284846305847168	-28.040611267089844	-0.2019937805618286
-13.975503921508789	-24.364505767822266	-1.2523359935829557
21.30860710144043	-13.16179370880127	-0.3908916231987945
9.746352195739746	6.5839338302612305	-0.0399816017477344
18.329402923583984	21.408023834228516	0.1149851273944212
4.4109416007995605	-49.9179801940918	0.2519018556674741
16.987001419067383	29.336814880371094	-0.6082754077505248
-46.88330078125	18.180234909057617	0.3408866972790992
2.3397719860076904	-27.24628257751465	-0.8410392630405285
5.0311665534973145	24.944311141967773	-0.7064414313319607
-0.9022626280784607	-11.269344329833984	0.6841024306341914
-6.026920795440674	-15.763540267944336	0.6508208404568092
33.03511428833008	20.31626319885254	-0.4264076894028698
-32.44853210449219	1.5029118061065674	0.1362846178020837
9.775679588317871	22.79441261291504	-0.7520898224347231
35.14668655395508	-23.870939254760742	-0.4564916740183711
-21.55759048461914	-18.321928024291992	-0.2104535235765593
-26.70009422302246	39.196956634521484	-0.8609215201911192
44.83858108520508	-5.577686786651611	0.8459035036883206
-12.21240520477295	-32.64221954345703	-0.3968626078260879
1.3308525085449219	-0.8665185570716858	-0.4982812594143124
1.7032511234283447	46.43173599243164	-0.7906689427240577
-11.077592849731445	25.662925720214844	-1.1128808264223171
11.135889053344727	-46.018821716308594	1.013412314115089
-26.54928970336914	-47.244041442871094	0.569536189641362
-17.542081832885742	-38.394832611083984	-0.6488415497040664
-23.540807723999023	5.069773197174072	-0.834416707356934
37.591514587402344	20.30203628540039	-1.135161010716238
10.529947280883789	-2.882512092590332	0.6370371621755182
-0.005101705901324749	3.3237903118133545	-0.0653635873034372
-28.399417877197266	13.795745849609375	-0.8377357945896116
0.45363500714302063	-42.40752410888672	-1.2081772307523255
-31.960485458374023	-5.866401195526123	-0.3997639632997476
25.58941078186035	-2.426553249359131	0.4854164685203248
-19.30828094482422	-12.358336448669434	-0.6158157284824858
-23.195995330810547	-27.68988037109375	-0.7401807051061718
18.369714736938477	25.24807357788086	0.8692728484051271
33.0494384765625	38.04707336425781	-1.039279958477625
29.26152992248535	-32.202369689941406	-0.4707043743864775
36.25967788696289	-24.662654876708984	-0.0402752045893134
8.67081356048584	9.293455123901367	-0.6412456675421896
5.420938491821289	15.44257926940918	0.6902859781169415
-12.368622779846191	-13.414633750915527	-0.6102199565962837
33.175933837890625	30.301557540893555	-0.3711062388513989
-5.51326847076416	9.50136661529541	0.3299959831495279
-16.8062801361084	6.347850322723389	-0.7911754080646514
-17.098241806030273	-2.487431526184082	-1.0890707274504383
-7.000539779663086	8.84542465209961	0.9212707219501964
15.961790084838867	20.53606605529785	-0.4267889820808986
21.615612030029297	-3.5375752449035645	1.1841039030714235
1.3470463752746582	-15.52432918548584	0.2472758548871524
-17.396135330200195	1.7436637878417969	-0.4546203010082348
-12.052802085876465	9.54469108581543	-0.8657763212822482
23.3295955657959	32.132686614990234	0.5828013432902999
1.1953527927398682	17.591018676757812	-0.4320811298847071
-38.49443817138672	3.556588649749756	-1.3433414826125274
-9.153010368347168	-26.75421905517578	0.3994282416342174
25.497554779052734	10.67622184753418	0.2465436062197803
35.296592712402344	-13.662251472473145	1.1879865189382868
41.076480865478516	3.377218723297119	-1.0095424228161634
23.870283126831055	20.433671951293945	0.0030535644048803
1.3405338525772095	-26.685714721679688	-0.9351477864440676
-34.026756286621094	-18.93687629699707	-0.4724320277073269
25.122896194458008	-38.18960952758789	-1.0486475618092022
19.963672637939453	-22.6491756439209	-1.4922414032382874
-16.128219604492188	-21.912601470947266	0.2867268439146421
5.1270365715026855	31.51729965209961	0.0093397512564955
14.40646743774414	-21.643051147460938	-0.7231926518836566
22.530824661254883	28.208898544311523	-0.6419336107232092
-9.00131893157959	-15.690447807312012	-0.6355251217297696
-38.21933364868164	-35.77587890625	-0.4496041035363515
27.446826934814453	-16.55328369140625	-0.7978465900141504
-7.052634239196777	24.524580001831055	0.9384541074950914
7.6597137451171875	-5.161962032318115	-1.0633612980489258
17.010997772216797	10.318425178527832	0.0730561702193325
-13.113000869750977	3.9242684841156006	-0.1439047564309267
6.532559871673584	18.875944137573242	-0.7476286565891145
-24.06855583190918	-6.857787609100342	-0.4125301206073761
-9.441701889038086	36.4708366394043	-0.8702284889729985
25.79278564453125	18.170183181762695	-0.6435224502184689
-27.08778953552246	19.58980941772461	-0.5928631800705361
1.068496823310852	-27.684537887573242	-0.2391699873021699
-21.56866455078125	27.810930252075195	-0.435900719685925
-13.92941951751709	-6.905339241027832	0.0948335586151658
20.61299705505371	2.1413354873657227	-0.2531405918219108
12.437910079956055	-1.6616272926330566	-0.171063978241818
22.504268646240234	-42.45921325683594	-0.1621466780098932
27.957874298095703	7.546160697937012	-0.472991009384122
11.77090835571289	9.832690238952637	-0.6339810051623328
-35.692718505859375	-19.890586853027344	-0.1466965540390241
-27.279747009277344	-6.878330230712891	1.02819636018667
25.16383934020996	33.19887161254883	0.0893334409497195
24.42828369140625	-5.5146965980529785	0.395346266462051
-0.19832336902618408	9.02626895904541	-0.5033340525744401
-37.6517219543457	12.710515975952148	-1.394236381527283
-1.7421950101852417	10.874221801757812	0.174600743633173
21.922393798828125	-34.180633544921875	-0.3944366919915029
20.79906463623047	-24.02950096130371	-1.2908095815955658
-41.97287368774414	4.363741874694824	-1.20552011029866
-5.64969539642334	20.813060760498047	0.5662638055819551
-15.9761962890625	46.473114013671875	-0.7754273053580292
-40.97336196899414	-0.5060802698135376	-1.35527730205266
-19.026071548461914	13.795210838317871	-0.5845295838582821
-7.379791736602783	-8.947714805603027	0.0970559604052374
42.06034469604492	-11.349006652832031	0.7776436589099036
-5.0880351066589355	39.94727325439453	-1.2320208794503913
49.819122314453125	8.157896995544434	-0.4234534759799856
9.164337158203125	-52.9307746887207	-0.435704500253132
-29.672964096069336	27.527992248535156	-0.2353730957099184
16.34952735900879	-17.427684783935547	-1.2610663965286777
-29.432392120361328	33.64915084838867	0.3269015910482757
30.984582901000977	-4.708429336547852	0.104802198907935
4.789326190948486	24.670854568481445	-0.4443866625167468
13.53520679473877	3.844804048538208	0.567159940853825
21.034818649291992	7.6846723556518555	0.2722952377797137
-4.4290266036987305	23.94005012512207	-0.1605157526172376
-28.330923080444336	-38.18660354614258	-0.0528655628940453
8.15952205657959	1.5139460563659668	0.5682580787712872
-38.12354278564453	35.131649017333984	0.4750377441859139
11.518362998962402	-26.10247230529785	0.4638112609268563
-11.266239166259766	-40.07283020019531	-0.1158986492065059
-51.713924407958984	18.966503143310547	-0.4977416986424464
-7.36279296875	39.274940490722656	0.3675422539340598
13.92995834350586	43.30677795410156	0.0947415618355477
-36.07052230834961	8.364145278930664	0.4191874625546453
7.6398115158081055	6.222484588623047	0.7551983802760881
-54.02061080932617	14.261659622192383	-0.7199263770369813
0.8185599446296692	-41.80449295043945	-1.4423634644927648
8.847456932067871	15.787467002868652	-0.180072512992495
17.40638542175293	32.06068420410156	-1.0081254811885487
32.059669494628906	0.32989487051963806	0.0173884416835649
13.094120979309082	-20.025150299072266	-0.9979381263739752
-8.783021926879883	-20.60093116760254	-0.391249200409251
-11.472043991088867	-23.167333602905273	-0.4766602798142401
8.103350639343262	15.321060180664062	0.1614414461651206
24.654666900634766	-3.57767653465271	0.1452740212129638
19.57725715637207	36.80853271484375	-1.1418665731977975
-25.17185401916504	-27.80175018310547	-0.871216646095457
10.73956298828125	38.06718444824219	-1.6393029630368356
41.87409210205078	-5.426046848297119	1.0510649147512
36.972267150878906	-23.987110137939453	0.9830464998413362
2.529906988143921	-35.6663932800293	-0.2802429745139281
-13.120438575744629	28.902437210083008	-0.3855064357083134
-49.3681755065918	16.88992691040039	-0.9179905423707352
-16.899267196655273	-37.972564697265625	-0.8775541444437354
51.6461181640625	-11.771880149841309	-0.7667974103428894
-41.53461456298828	14.269659042358398	-0.6167243121058393
21.903472900390625	17.033939361572266	-0.94132894841241
-12.602275848388672	-0.4266344904899597	-0.2107907255078927
-0.1527092009782791	26.688426971435547	0.7665028906663442
35.5801887512207	-37.24825668334961	-0.415343538144858
-33.53848648071289	22.022024154663086	-1.142296784279854
8.426950454711914	-21.97821044921875	-0.0618241267942803
-2.51462721824646	-37.80852508544922	-1.5967890740658572
6.401205062866211	-41.15794372558594	-0.2917553276612141
-0.803756594657898	-33.28728103637695	-0.1608976797221316
4.375046253204346	37.94017791748047	-0.1981640044524505
-54.146175384521484	17.1879940032959	-1.5143319424548427
10.636795997619629	-37.399105072021484	-0.9313304705693648