x	y	effect_size
9.051350593566895	-25.87450408935547	-0.8255513724795475
8.047701835632324	-25.524621963500977	-0.831154803497103
-10.826327323913574	-32.884220123291016	-0.6759705662314931
-11.078116416931152	-31.972158432006836	-0.4165100043357966
9.258401870727539	-25.257766723632812	-0.8884266918520796
11.45322322845459	-24.87778091430664	-0.2855496986236821
19.947423934936523	-18.461315155029297	-0.3525328810936148
16.717374801635742	-22.012746810913086	0.5704518424825906
-14.057456016540527	-32.555335998535156	-0.8718973463241082
-10.17932415008545	-29.98989486694336	0.1745549080448135
-17.87904167175293	-30.061803817749023	-1.2406059808450471
-16.068010330200195	-30.140670776367188	-1.2342311032875493
-19.050363540649414	-32.07566452026367	-1.135788480842295
-11.042947769165039	-29.95318603515625	-0.0790846783967009
-14.586651802062988	-27.737674713134766	-0.9453223838549438
11.656413078308105	-25.45404624938965	-0.3611982143508732
-14.245420455932617	-28.088600158691406	-0.828310007001489
11.155707359313965	-14.068772315979004	-0.5331615082616113
18.73737335205078	-35.6707649230957	-1.409421588285717
34.91367721557617	-29.311872482299805	0.4200902415682396
27.019451141357422	-29.250646591186523	0.9562973181137664
21.38037109375	-30.83782958984375	-0.8419636315746712
18.136024475097656	-33.90025329589844	-0.9453124053365712
17.91954231262207	-35.73935317993164	-1.024535705889791
25.771297454833984	-25.782764434814453	0.7332701827376643
-10.655960083007812	-33.56195068359375	-0.5017772694989325
24.394893646240234	-21.85984992980957	0.6599647645488523
24.277250289916992	-27.463464736938477	0.7020580402340343
24.052963256835938	-16.1451416015625	0.6263746829337905
26.237504959106445	-26.532276153564453	1.2189480953909124
27.487817764282227	-34.35763168334961	-0.1453074156910865
19.32539939880371	-36.9302864074707	-1.245744602850473
17.58102798461914	-36.87373352050781	-1.2592432014325892
22.294742584228516	-21.654136657714844	0.4910994130954882
26.643911361694336	-37.347137451171875	-0.1188147200471029
20.23859977722168	-35.58748245239258	-1.111627604764766
21.595544815063477	-32.2042350769043	-0.9985217476810514
16.57943344116211	-23.31638526916504	0.7778320179835219
21.17854881286621	-36.1590576171875	-1.1286488358688804
27.68680191040039	-32.20011520385742	-0.6295363814541307
26.51953125	-33.95732498168945	-0.9919652406792996
26.741207122802734	-36.377323150634766	-1.3147018764517493
27.37607765197754	-30.477214813232422	0.1078292541510655
26.474388122558594	-35.06535339355469	-1.081512677061221
27.927963256835938	-33.59113693237305	0.1114615999241065
28.603055953979492	-35.00308609008789	-0.1904523508154679
5.751617908477783	-3.860736131668091	-0.4518603851254562
-10.37031364440918	0.6180586218833923	0.2492189566053544
-2.109628438949585	-5.12339973449707	-0.3724691580658022
-13.109200477600098	9.464559555053711	-0.4790334867659462
4.746742248535156	-2.8895020484924316	-0.3010648310425476
-49.87826919555664	15.302410125732422	0.1948862933484437
-27.028656005859375	4.335947513580322	-1.045137522463035
-1.3877558708190918	2.956881284713745	-0.4748171637772853
-12.900160789489746	2.9140896797180176	-0.5225619394868967
18.530784606933594	9.798505783081055	-0.990310401244602
9.159720420837402	-10.220584869384766	-0.1734442202900236
-32.855690002441406	-38.1488037109375	-0.2388405501678054
-19.611404418945312	-6.534765720367432	-0.7015963613607125
-40.19725799560547	12.532896995544434	-1.0518234335489938
-25.486745834350586	31.95965003967285	-0.6842115844278127
-28.61500358581543	-31.38922691345215	-0.4685942932708578
-2.112746000289917	-20.182695388793945	-0.9579219926407992
43.19775390625	7.508031368255615	0.707505340147588
-28.873693466186523	14.45651912689209	-0.3293182207480999
-27.234960556030273	-1.6891250610351562	-1.3697716695616566
6.917703151702881	3.949340343475342	-0.1117295947240084
7.379539489746094	15.411737442016602	0.0557660729624064
18.50343132019043	9.793540954589844	-0.9509307008411146
5.204432487487793	12.299771308898926	0.0659104651535771
2.172532558441162	40.46125411987305	-0.6598555396229554
10.184807777404785	3.0296471118927	-0.5277837378771502
-44.691261291503906	-13.127387046813965	-0.973880743995505
3.213625431060791	25.780738830566406	-1.0393695389773714
-50.82646942138672	10.52221965789795	-0.0587709517118152
6.021195411682129	22.671308517456055	-0.3167855332502439
32.25566864013672	3.863452672958374	-1.0697795345021284
2.9275383949279785	-2.3975203037261963	-0.6924254708958959
-19.128114700317383	19.66537857055664	-1.3869093918243918
-50.56095886230469	9.555124282836914	-0.2324773779896898
-3.8907666206359863	11.442658424377441	0.2497239589475242
-41.7945442199707	-2.6815812587738037	-1.2688124895315815
-22.666404724121094	19.47076988220215	-1.2098816502070378
-27.877344131469727	32.89460754394531	-0.4512203059622973
38.526817321777344	19.609947204589844	0.0974453579142732
26.126487731933594	7.931393623352051	-0.5286145185357134
-21.782817840576172	31.138643264770508	-1.1742200965565224
-39.48794937133789	11.923727035522461	-0.3309055183525253
-0.13344226777553558	-23.627824783325195	-0.5407674627683675
6.946811676025391	7.686574935913086	-0.1526324268540244
-4.775743007659912	-11.751935005187988	-0.7107406913314593
-21.593704223632812	2.275083541870117	-0.8052670595883976
-13.50034236907959	-40.447811126708984	-0.2825757996060374
-26.10602378845215	-1.8646634817123413	-1.0429416673412215
-17.617523193359375	-14.341394424438477	-1.1508621666078007
17.344331741333008	-10.054574966430664	-0.7479013541976747
16.710588455200195	21.833587646484375	-1.5860120853621484
2.843330144882202	-4.281071186065674	-0.395991706338442
26.708511352539062	-0.616179347038269	-0.3403637015363964
-16.038557052612305	12.494073867797852	-0.3993787491660381
8.93281364440918	10.338458061218262	-0.3211722175770828
-23.065828323364258	14.348695755004883	-0.318643502500391
6.731678485870361	-1.9518550634384155	-0.4701216500192222
-2.19758939743042	16.367359161376953	-0.0952047686721858
43.220481872558594	7.522563934326172	0.8264164830464984
9.063998222351074	-0.818000853061676	-0.2288653597710982
-20.847124099731445	-23.674184799194336	-0.4052999920958599
18.898826599121094	0.6494094729423523	-0.0361234580020335
29.207677841186523	-21.278886795043945	0.2523508869321887
-4.116678714752197	50.01371383666992	-1.2286802970908672
1.0390843152999878	-19.899608612060547	-0.6983175097080072
-19.12565040588379	-5.312612533569336	-0.9700985608468788
-26.528127670288086	2.881635904312134	-0.6881123538390898
-7.661346912384033	33.64216232299805	-0.1588316923303324
4.158652305603027	-2.310920238494873	-0.9479691003129492
2.4166688919067383	17.278907775878906	-0.4315038713786948
9.606541633605957	28.871902465820312	-0.3688301567567426
-23.13062858581543	31.804800033569336	-1.246814083797764
-1.9334895610809326	14.567465782165527	0.2021289955356064
17.34385108947754	-10.03770637512207	-0.8608007683444847
-23.41791534423828	-38.579097747802734	-0.2654250031525414
1.2184141874313354	6.124175548553467	-0.8030563476316867
7.7378926277160645	-43.75230026245117	-0.6972472673025835
0.325359582901001	6.904813766479492	-0.5865935165850853
27.047643661499023	41.967899322509766	-0.843166652867268
4.443069934844971	-1.2335094213485718	-0.5142690090169614
-20.289505004882812	12.751083374023438	-1.0624496548426725
0.014372901059687138	12.251346588134766	-0.8506767300223816
-27.39243507385254	-2.3763911724090576	-0.9968704776418772
23.574190139770508	-6.047830104827881	0.1694363719516251
25.76544189453125	33.476600646972656	-0.3639717580693201
0.3759247362613678	-41.930198669433594	-0.8527377247024008
-4.01164436340332	-40.68094253540039	-0.8718163100635444
-2.422898530960083	5.042335510253906	-0.7371202236503396
-34.95637130737305	-9.06112003326416	-0.8083981551064189
-5.66696310043335	-11.973926544189453	-0.4759781909923649
-7.019378662109375	9.3850736618042	-0.4890415117244605
4.651969909667969	0.4963986277580261	-0.3480390456529391
38.41011428833008	20.643726348876953	0.2592219686553679
2.777841806411743	10.048238754272461	-0.5101423937910847
-1.56010901927948	13.684504508972168	-0.4130547505760975
-5.964125156402588	3.238865375518799	-1.0473023905270715
14.954564094543457	17.099451065063477	-1.1590455495643
-15.763744354248047	4.164690971374512	-1.1017007256302738
-19.240415573120117	22.74411964416504	-1.075923994401375
12.288979530334473	7.510191917419434	0.3366654330794027
25.65947151184082	26.054637908935547	-1.0618585825135336
-2.39840030670166	-28.814943313598633	-0.7682976574566414
-36.83271408081055	-1.557810664176941	-0.8495916274238429
4.215956211090088	24.80794334411621	-1.4608847015891524
-12.925483703613281	2.895639419555664	-0.7773421839894266
-7.994284152984619	19.715496063232422	-1.1745586337345164
8.296062469482422	24.5891170501709	-0.8696924262383728
-13.369694709777832	28.00164222717285	-0.8688868964092725
10.439218521118164	19.07084083557129	-0.2828843920463658
-8.549169540405273	14.178956031799316	-0.4536148180473978
-20.455781936645508	7.7865166664123535	-1.0861135311194217
-10.92427921295166	-31.669872283935547	-0.4109841913728123
-5.626433849334717	-22.182897567749023	-0.5460291594633115
14.779393196105957	21.88022232055664	-1.0453599161653442
-16.777847290039062	-28.446020126342773	-0.9244558482592828
0.7011263966560364	-20.288509368896484	-0.4060500204342696
1.1069053411483765	6.697769641876221	-0.5201711363429856
3.2039804458618164	-12.267208099365234	0.8043635428245299
-10.14640998840332	0.7005190253257751	0.1152376924585595
6.309516429901123	-44.41596984863281	-0.5763921747484341
-34.2196044921875	16.894081115722656	-0.7567322367394208
23.96811866760254	13.752199172973633	-0.5869787513878257
44.258155822753906	24.97879409790039	-0.7418037876769048
-22.283987045288086	-37.183937072753906	-0.18884808708459
-16.140106201171875	5.352604866027832	-1.0736759183926143
6.26310920715332	-46.658172607421875	-0.9816224368428844
2.0496726036071777	-26.607284545898438	-0.5873071995470246
-6.083019256591797	35.739723205566406	0.2390968821099395
-20.769916534423828	38.780853271484375	-0.9053664351731936
31.7451114654541	10.501373291015625	-1.1852615506194737
23.60539436340332	21.161638259887695	-0.9775662355250512
3.876103162765503	-29.666492462158203	-1.0060223174227385
23.555641174316406	-9.61120891571045	0.0799299103032602
-1.9708091020584106	20.404172897338867	-0.51490511824134
3.8061628341674805	-36.267669677734375	-0.9979520783251904
38.243560791015625	-5.34767484664917	-1.3734233710494153
23.327695846557617	3.132951259613037	0.0577997307572962
-4.494076251983643	49.90366744995117	-1.0173807870655565
-9.238286018371582	-14.100208282470703	-0.754410941927636
-17.428857803344727	12.420547485351562	-0.6938586243962783
-42.20121383666992	-4.024308681488037	-0.2714707398304082
-50.67739486694336	14.744409561157227	0.4290406326752469
-19.464147567749023	-5.757330894470215	-0.56224425718319
-34.19639205932617	-28.251998901367188	-0.2902034065543141
25.1861515045166	45.10763931274414	-0.1947077746823253
25.5152587890625	6.885387420654297	-0.5083322389113057
12.24267578125	35.413177490234375	-0.4678741872959287
32.8778076171875	-9.376273155212402	0.4719269738836685
30.7108211517334	23.24984359741211	0.1164968928304089
-12.200098037719727	-41.6021728515625	-0.089748806672892
-12.022662162780762	-20.716176986694336	-0.3626623907413739
8.745089530944824	-2.3878250122070312	-0.5675032990208928
-0.40158191323280334	12.636177062988281	-0.106901647652259
20.31125831604004	-25.719623565673828	-0.5822942253533212
10.587728500366211	4.421771049499512	-0.8164324635253971
-27.97599220275879	10.821598052978516	-0.3822176590874616
-16.494592666625977	35.64996337890625	-0.695922958126142
-20.73094367980957	-31.966684341430664	-0.506647072500787
16.149311065673828	-4.995059967041016	-0.3931955920767548
27.094707489013672	-12.455963134765625	-0.0983232664065888
19.30984878540039	13.84378433227539	-1.1895229273334116
5.296203136444092	8.184045791625977	-0.4084739135391119
-33.88628387451172	-41.424102783203125	-0.6565098611106498
34.93220138549805	-29.073143005371094	0.3489144412651196
40.23390579223633	24.782001495361328	0.4107974232674172
-13.757357597351074	27.065723419189453	-0.8552152922456543
0.14886605739593506	-3.3225979804992676	0.0246180545355786
32.27197265625	-2.918384075164795	0.1784267884083051
-37.08662033081055	-27.927745819091797	0.3367640590059212
55.916141510009766	15.202445983886719	0.0067558815985705
-40.40180969238281	12.975996971130371	-0.7216867455908357
-26.293930053710938	4.665220260620117	-0.9528755625193244
45.93283462524414	4.866355895996094	0.4943797029812217
0.1786343902349472	22.57122230529785	-1.1287953880666384
-50.23674774169922	-7.133864402770996	-0.1316638244221546
32.10504913330078	-16.31216049194336	-0.2568579931899059
-18.908151626586914	10.983694076538086	-0.5470154915306991
-36.23149108886719	-25.80465316772461	-0.4148739700926699
3.936640977859497	6.096904277801514	-0.7388733955202916
40.06886672973633	6.3475871086120605	0.1584391255257777
15.002976417541504	9.706334114074707	-1.255666214860903
21.60601043701172	-4.538916110992432	-0.690034109817141
1.8188114166259766	26.646337509155273	-0.7326919892121455
18.89487648010254	-15.994051933288574	-0.7412022793433272
-3.4040634632110596	29.321674346923828	-1.3104359120056812
-23.05787467956543	14.33171558380127	-0.2263950698483423
7.175050258636475	-11.139084815979004	-0.1626148870805825
46.703006744384766	5.944018840789795	0.4395855503014934
-16.000911712646484	6.691284656524658	-1.089430305364392
16.334789276123047	1.530700922012329	-0.5824915391990808
4.061601161956787	-3.978435754776001	-0.5482709798448611
-0.893886387348175	-42.30855941772461	-0.5891537444261156
-0.868026614189148	50.0517578125	-1.0290680562611745
-24.013338088989258	-23.151885986328125	-0.7454875976608678
28.714344024658203	15.682650566101074	-0.5651969313999564
-37.798309326171875	21.49268341064453	-0.8363792843371076
-16.632671356201172	21.44831085205078	-1.0190467411573392
2.4261891841888428	40.59254837036133	-0.5180424207195253
-0.722586452960968	49.83383560180664	-0.7302639829815739
-16.30165672302246	32.009403228759766	-0.4521911604729697
14.306633949279785	34.50357437133789	-0.6543711029914282
-15.213593482971191	-11.350683212280273	-0.8056688769747421
-39.56398391723633	12.986684799194336	-0.2952976423935648
-44.21883773803711	-13.760854721069336	-0.8190560360593031
25.176952362060547	6.288240432739258	-0.8943784442893905
9.936758995056152	48.73268508911133	-0.5917282929904077
32.47594451904297	-26.952381134033203	0.2666155867721266
-2.982607841491699	25.14812660217285	-0.5622152463002975
16.31632423400879	-7.042247772216797	-0.9423633451630512
-41.332366943359375	-2.4082860946655273	-0.4548863370113291
7.334315776824951	-0.7148773670196533	-0.0698902676797072
-36.446571350097656	-17.747669219970703	-0.9975548928539324
12.510455131530762	-8.581230163574219	0.7173522902367869
40.5797233581543	3.3554954528808594	0.3107300235675932
-13.169949531555176	33.56410217285156	-0.3371386714141129
43.01179885864258	3.2959253787994385	-0.1084193772517031
14.15260124206543	4.201053142547607	-0.9557919322486758
5.840651988983154	41.0223503112793	-0.6974972705041836
8.965577125549316	9.315507888793945	0.1196969365030344
9.87300968170166	48.630760192871094	-0.2877522435463343
-15.128473281860352	37.55604934692383	-0.7715302079755926
-50.54977798461914	17.806434631347656	0.2336599556141025
17.86056900024414	13.661938667297363	-0.4564285290913368
-17.526716232299805	41.70602798461914	-0.5399470736006695
38.94917297363281	8.81371021270752	1.0213659799283268
-39.942996978759766	4.484745502471924	-0.7587616628307668
0.04641342535614967	-15.352520942687988	-0.5168414965551104
21.620176315307617	2.710076093673706	-1.1606132395842643
29.220006942749023	-21.251489639282227	0.2751953445073356
-14.803411483764648	11.873247146606445	-0.572193872530183
31.811771392822266	-16.287574768066406	-0.1064688936436514
6.123283386230469	-4.202641487121582	-0.1602709936147985
-8.929129600524902	14.91445541381836	-1.0169444756104455
-0.9256471991539001	31.690473556518555	-0.3727680662540532
13.502099990844727	-6.82621431350708	-0.2356272959215598
-13.545446395874023	-12.319591522216797	-0.5677616640200388
0.553521990776062	-6.898351192474365	-1.1969461051403765
-10.342977523803711	-28.708005905151367	0.0228708946122688
-2.8003909587860107	-2.4343111515045166	0.4181075791191473
26.439420700073242	-0.5413442254066467	0.4564163092161252
5.963107109069824	-13.497976303100586	-0.308939411208528
31.082530975341797	-14.50814151763916	0.0641037633220317
18.64617919921875	-9.23676586151123	-0.7285286998532053
-8.423116683959961	10.414573669433594	-0.9404274065731556
-19.147293090820312	19.10774803161621	-1.3845125578713982
4.864779949188232	-7.327664375305176	-0.5992499008129247
26.223915100097656	-13.501882553100586	0.0065379327188957
-3.856625556945801	-13.051931381225586	-0.7370279846966553
24.3685245513916	20.585073471069336	-0.6681188937132974
44.67814636230469	2.8138427734375	0.0907997898094824
2.4926538467407227	10.368395805358887	-0.9566612487776008
11.393131256103516	1.4692078828811646	-0.6640257631951761
24.792585372924805	33.008384704589844	0.7808616917305671
3.011072874069214	14.611889839172363	-0.8899283100467134
4.636573314666748	2.050549268722534	-0.772732727312175
6.840643882751465	-10.476615905761719	-0.2219607922709778
16.089548110961914	-1.4968088865280151	-0.9111769378958507
6.133776664733887	-2.0967414379119873	-0.7140434262521936
-3.3432512283325195	4.582202434539795	-0.8614105277917499
40.87390899658203	13.394287109375	-0.3410257534118616
-0.5271443128585815	8.35427474975586	-0.4269015558914487
-13.635845184326172	-6.206390857696533	-0.7615829891861186
-39.76829528808594	-5.3870110511779785	-0.5844864966152266
5.4485979080200195	-48.30176544189453	-0.1596906894160383
-14.587733268737793	-2.0570101737976074	-0.7873033244490778
-12.30782699584961	41.57764434814453	-1.2958427890826911
30.08737564086914	-19.831283569335938	-0.0733299959830796
5.13486909866333	32.42622375488281	-1.0594142327085507
43.92564392089844	13.617310523986816	-0.4061465441068916
11.989728927612305	-31.386699676513672	-0.6765284199297305
-0.6271810531616211	-22.985218048095703	-1.0121718693294672
-29.489778518676758	3.2549655437469482	-1.1041664449001365
39.82604217529297	12.613107681274414	-0.6885555049632511
-29.682048797607422	15.369627952575684	-1.1629266643198586
7.065773963928223	22.005556106567383	-0.3214344453795248
19.94129180908203	-18.441930770874023	-0.2746223218856005
18.382158279418945	1.7580431699752808	0.158231903192964
-24.429075241088867	33.864219665527344	-0.9209029761024466
-10.027145385742188	36.26054382324219	-0.3000971426456237
27.153127670288086	-12.395819664001465	-0.1933938856915567
-30.43979835510254	36.815895080566406	-0.3817780700640495
-44.72035217285156	-11.623573303222656	-1.2112438451145633
46.904972076416016	13.02074909210205	-0.78994990209937
-26.788000106811523	29.91337013244629	-0.38042826289982
-30.126352310180664	29.1401309967041	-0.7200348722125908
-14.841669082641602	11.787835121154785	-0.5886586827432125
-13.720959663391113	33.4256477355957	-0.5107650492225136
39.369354248046875	9.565503120422363	0.5230959361662151
-2.250502824783325	-19.227487564086914	-0.703523666430042
38.52021026611328	19.384143829345703	0.1328084306216383
-2.030228614807129	-42.968467712402344	-0.2430727002230275
1.1659036874771118	-5.313147068023682	-0.2848487379619682
-21.52971649169922	1.176127314567566	-0.3742069714032549
15.381314277648926	27.289920806884766	-0.1972613189474068
-0.9031320810317993	-22.771587371826172	-0.9335061436624368
-37.65885925292969	2.4030280113220215	-0.1034667313180603
30.731351852416992	23.23709487915039	-0.1487651900057635
-35.54057693481445	-29.53862762451172	-0.6527630940084101
27.115249633789062	42.52849578857422	-0.6654672871523812
20.021862030029297	6.195426940917969	-0.1359127046737133
-22.559240341186523	-39.48577880859375	-0.0762109831465995
-33.56190872192383	-42.03108215332031	-0.4040960571481365
-34.2468376159668	-28.283084869384766	-0.2659886987816018
21.122787475585938	-1.8551428318023682	-0.3816943909161096
-19.450366973876953	-8.441367149353027	-0.8454005976167027
27.87409210205078	26.631303787231445	-0.7716526717693429
-7.638265132904053	33.60918426513672	-0.2076544480066524
20.30179214477539	-25.71759796142578	-0.6169330607020533
-23.131025314331055	-14.10258674621582	-0.4363002207053869
38.493072509765625	-20.864673614501953	0.0364674891494286
-26.902851104736328	27.823348999023438	-0.8399284536096073
14.308737754821777	37.65632629394531	-0.5375310371879474
25.30341911315918	33.431556701660156	0.0061971605393426
4.79068660736084	-21.3514404296875	-0.1110918459652745
9.690140724182129	-16.438434600830078	-0.7286264196731745
-17.4431095123291	42.01908493041992	-0.4721816000887098
-26.717227935791016	-18.04973030090332	-0.7478890604659104
15.73855972290039	-17.919979095458984	-1.106691947314054
-51.41206741333008	16.848108291625977	0.1142229198236846
20.52688217163086	-0.3700256049633026	0.0585016395147627
-25.394569396972656	19.52735710144043	-0.9991357475447532
33.92112350463867	-22.81293487548828	0.3140366763434807
-1.1564462184906006	-6.361263275146484	-0.2140366643763039
-2.3188726902008057	19.27850914001465	-0.2325159848262905
-32.40556335449219	17.130069732666016	-0.6786265711719054
-31.763992309570312	-6.3322649002075195	-0.7373231893684932
37.72987365722656	11.303701400756836	-0.1364414122818184
-2.726691484451294	15.303058624267578	-0.241905842767343
-33.415992736816406	32.45530319213867	-0.3687913238438727
-30.69112777709961	20.55924415588379	0.0260477520723451
1.9423338174819946	-26.537981033325195	-0.6450930337853799
1.3078112602233887	-3.278796672821045	0.1750918047088235
8.960535049438477	22.554113388061523	-0.4554304888441251
11.37369155883789	-9.409440040588379	-0.6436078594232989
-37.73725509643555	22.006397247314453	-0.8836752649327324
-2.231956958770752	-28.94969940185547	-0.7224336771863624
-5.429992198944092	1.6197823286056519	-1.43875506293054
-23.21967315673828	50.88489532470703	-0.4471703599954796
-1.5884649753570557	9.418231010437012	0.2909538227320962
6.52860164642334	25.634702682495117	-0.5674913314783574
-48.33488082885742	-14.81066608428955	-0.4448391784453907
32.15376663208008	-16.966554641723633	-0.0117974349816024
-27.880165100097656	7.787126541137695	-0.3034244765830737
7.520523548126221	-43.66804504394531	-0.6800283473953301
-10.608238220214844	19.489805221557617	-0.7411264992783853
-26.568634033203125	-11.300774574279785	-0.0958631568227089
-11.022793769836426	20.29157066345215	-1.1981326926173113
12.586651802062988	-25.292098999023438	-0.0374592192904424
-19.490982055664062	6.2189507484436035	-0.2565345595019099
6.633393287658691	8.525222778320312	0.1921501227445838
-1.8459948301315308	15.56140422821045	0.1317285344673737
-3.874769926071167	-13.071852684020996	-0.7604180614386413
-21.62624740600586	42.257320404052734	-1.0432588178061128
16.6612548828125	21.821619033813477	-1.6002731747758254
11.386073112487793	51.42057418823242	-0.9912652084038776
8.292004585266113	11.503667831420898	0.1274163922754969
-25.604915618896484	-10.457282066345215	0.6321352671631023
18.586978912353516	-9.192911148071289	-0.577895866723293
0.7796764969825745	9.662667274475098	-0.2543317632494006
-28.083044052124023	-32.177154541015625	0.0905071429799841
-31.957582473754883	-40.902496337890625	-0.4138775750419909
19.620323181152344	1.0265957117080688	-0.6882558204270876
-38.170249938964844	-12.660258293151855	-1.474508290856648
21.378650665283203	13.629125595092773	-0.5015452718686751
-32.8457145690918	-38.173553466796875	-0.2229793515336865
-20.311405181884766	39.06809997558594	-0.9116256404527046
-21.790414810180664	31.134170532226562	-1.1383193863940817
17.51875114440918	17.875185012817383	-1.5138790113305172
-31.083900451660156	-21.953474044799805	0.1545686468985385
-44.182655334472656	-15.061419486999512	-0.6035371821906702
-14.829394340515137	16.269575119018555	-0.5591196765354193
-6.8971848487854	-0.9652247428894043	-0.5026204486803051
-1.9989209175109863	-20.235668182373047	-0.8433902944627729
-31.793502807617188	-16.429065704345703	0.3708681511782091
-21.314517974853516	-33.86198425292969	-0.7555296525476333
-32.709869384765625	-14.414487838745117	-0.5987223401590103
-19.515302658081055	-8.202081680297852	-0.8129831899919447
-12.449953079223633	41.470191955566406	-1.2108427488900515
9.06485366821289	6.350453853607178	0.494678860688837
11.759583473205566	14.309410095214844	-0.4692355420982865
0.1925620138645172	-31.244070053100586	-0.9026139595554288
-4.769702434539795	-43.5233268737793	-0.2051656830605214
6.572579383850098	-0.19994084537029266	-0.1817707017741106
-40.73277282714844	-4.738346576690674	-0.1747496713816966
-2.040992021560669	-47.26576232910156	-1.0913694522728787
40.15892028808594	24.588970184326172	0.2704309710219726
-27.882539749145508	32.86262130737305	-0.4278185047902562
3.2009472846984863	-5.363378524780273	0.0627965919562196
-10.137478828430176	8.072248458862305	-0.7640428246326787
3.4076809883117676	-8.340802192687988	0.4575828014681367
34.5172119140625	29.086475372314453	-0.9099536412782866
-40.83208084106445	10.761624336242676	-0.867312962701846
-14.38048267364502	-2.301848888397217	-0.6920626309297909
16.335691452026367	16.59942054748535	-1.412241230812502
25.603126525878906	20.621822357177734	-0.7880256546873492
22.842838287353516	-0.22266602516174316	0.3849064350367998
-22.152565002441406	1.9515626430511475	-0.4660077345110129
-0.13567283749580383	-8.797182083129883	-0.4652240257938048
3.4238691329956055	-20.343870162963867	-0.0963770053676726
-8.720885276794434	0.13287454843521118	0.4270552427380371
-10.396573066711426	13.269074440002441	-0.2455913813749916
-49.74857711791992	15.329082489013672	0.127658012873314
17.50040626525879	3.8169116973876953	-1.137157356317854
-29.929340362548828	29.478214263916016	-0.2325452416624171
2.1673154830932617	-19.733617782592773	-0.2335235590557451
8.379925727844238	15.56564712524414	0.3350293556105339
-22.920278549194336	-40.05778503417969	0.4950344753445578
2.4226999282836914	1.0949546098709106	-1.0579904739187302
2.59968638420105	-26.993343353271484	-0.194228567425771
-6.901147842407227	-24.481342315673828	-0.4814371906684611
35.0759162902832	-28.244121551513672	0.2379806614088831
19.408306121826172	2.6371853351593018	0.5463682157512297
-12.237229347229004	-47.83014678955078	-0.8348506001398658
-18.365642547607422	41.2610969543457	-0.0902208910002366
-7.111425876617432	-17.11326026916504	-0.2772116947763982
-3.4165749549865723	6.3333306312561035	-0.8433029585238571
20.755144119262695	29.43326759338379	-0.5838160244197671
25.014713287353516	-3.5303523540496826	0.0286596184167657
-5.397063732147217	49.64591598510742	-0.57107220791174
-12.865815162658691	-21.30453109741211	-1.2504288716372054
28.412940979003906	3.829824686050415	-0.1711529965806276
0.9617725014686584	40.39517593383789	0.3788160649397347
16.72294044494629	-22.0372371673584	0.6306150390141948
28.48871421813965	-8.62549877166748	0.3439418752449948
25.703712463378906	26.037744522094727	-0.9726282011308756
-21.268856048583984	19.711301803588867	-0.8603568369806179
-34.43787384033203	-26.495588302612305	-0.1266504181947235
-13.25107479095459	27.03019905090332	-0.7199841099091883
37.77396011352539	-19.359180450439453	-1.0324274495833154
25.502443313598633	34.250213623046875	-0.0719214579938273
-31.44597053527832	18.986528396606445	-0.2917372887542753
1.0373300313949585	-1.2024232149124146	-0.8807079091368496
-10.152804374694824	-9.486187934875488	-0.7289950279665006
-4.009888172149658	-40.73048400878906	-0.8790785327853126
-0.8911060094833374	31.754959106445312	-0.4303194073748942
-22.930782318115234	27.975252151489258	-0.3350821931823232
-27.16485595703125	4.7640838623046875	-1.0733817519025115
44.233856201171875	25.12609100341797	-0.4031679029716353
7.966377258300781	-25.824392318725586	-0.8662485208552527
0.16526740789413452	-31.251176834106445	-0.917329445674784
-12.905599594116211	27.950475692749023	-0.6728250499046298
-0.14236435294151306	48.4476203918457	-0.7257020508908143
-30.953336715698242	-8.366525650024414	0.0165754925742669
-22.22927474975586	0.7328104376792908	-0.0945499425673641
-13.587658882141113	-12.183354377746582	-0.490899166926954
-23.068004608154297	-12.241094589233398	-0.6488899005112365
20.43687629699707	29.176605224609375	-0.4698100320048555
-14.056931495666504	-39.08000564575195	-0.5917615034349973
17.45630645751953	16.11658477783203	-1.2291148648622676
35.18473815917969	30.025772094726562	-0.8936909835201576
-1.4223345518112183	21.39940071105957	-0.3592434735732125
-20.25871467590332	-31.412132263183594	-0.6256730834277163
28.966604232788086	-24.325557708740234	0.6941808127818987
-5.530237197875977	35.31001663208008	0.9277138424224068
-14.918974876403809	16.509138107299805	-0.9957050864698856
3.73106050491333	-10.29023265838623	-1.1844323718971972
-8.048243522644043	6.221745491027832	-0.1776535456587895
14.400193214416504	-43.89616394042969	-0.3114306671583451
-12.071992874145508	38.177589416503906	-0.4494324499513742
-4.232839107513428	8.0966796875	-0.6681680840972991
19.98543930053711	-9.27701187133789	-0.1710158846682039
-22.686420440673828	-14.506117820739746	-0.5102146545980253
6.144975662231445	-44.04186248779297	-0.5034940634445236
-17.591794967651367	-14.364338874816895	-1.183992648052295
43.40726852416992	-11.898813247680664	-1.268792817204031
20.72527313232422	-12.550970077514648	-0.0456444596244865
31.741153717041016	10.497854232788086	-1.0987610825622285
11.984474182128906	-31.38397216796875	-0.615090441368433
0.03616916015744209	33.399723052978516	-0.1344936535405692
5.19883918762207	12.25931167602539	0.0940633119871428
-28.460996627807617	-29.291044235229492	-0.4846119076890591
-1.39223313331604	-0.33242106437683105	-0.401142888220959
-30.68381118774414	-29.244333267211914	-1.1333137871632564
-16.703771591186523	-15.19463062286377	-0.851530725377382
-30.76974105834961	-7.390072822570801	-0.7975037136925999
7.17779541015625	36.83024215698242	-0.3755993616221941
-12.046512603759766	-20.583343505859375	-0.069817876773034
-20.894840240478516	-32.343772888183594	-0.9103645337500592
-2.079730749130249	-42.93052673339844	-0.2114879593855961
-5.918944358825684	-8.126338005065918	-1.1462085965377962
-3.6656484603881836	1.3521156311035156	-0.4867372881943244
1.6521905660629272	-8.626104354858398	0.8570988771719628
-2.549286365509033	-21.81520652770996	-0.1797371538250718
43.46338653564453	18.796010971069336	-0.6738878602231428
-18.972562789916992	11.205092430114746	-0.3197412815706511
-38.86231231689453	3.5952341556549072	-0.3005630131555346
9.16765308380127	-20.466503143310547	0.0054238199781403
21.970632553100586	22.280437469482422	-0.5658258733913865
-0.0018553731497377157	33.332054138183594	-0.3060272194209756
-1.2858494520187378	2.8958115577697754	-0.3817216640309129
5.6006693840026855	33.82789993286133	-0.6152644482677789
13.162689208984375	-2.05849289894104	-0.2543565312266828
-0.5397674441337585	-12.219822883605957	-0.7996246524874848
-36.80353546142578	-24.01544952392578	-0.6567821523316921
18.80258560180664	-6.486297130584717	0.1972278913684037
-16.75342559814453	15.96853256225586	-0.7234473192978332
7.5439934730529785	27.62570571899414	0.6684784935609059
-33.280921936035156	8.633086204528809	0.0321960893643285
10.13062858581543	1.2935659885406494	-0.9909699876840232
-6.063908100128174	33.437381744384766	0.7556013704321712
36.31867599487305	24.009553909301758	-0.5715236171866085
-7.170552730560303	-3.8876407146453857	0.2740745679338755
4.186726093292236	-36.21623992919922	-0.8942248654892344
-21.906494140625	-35.51780319213867	0.2327208186955899
36.87290954589844	-11.629894256591797	-0.179566674655354
7.1017937660217285	4.108442783355713	-0.2051374018938759
9.566207885742188	23.2513427734375	-0.9228910204638302
36.331398010253906	23.999359130859375	-0.3953969343088384
-25.68570899963379	31.689598083496094	-0.6141550791451093
-9.079790115356445	14.123316764831543	-0.6733084695601058
-3.190582752227783	4.6736836433410645	-0.8830416334183024
28.959867477416992	-6.173967361450195	0.4363867385482052
-31.746797561645508	-22.808700561523438	-0.788306155314262
1.5974434614181519	18.922117233276367	-0.1728416323500022
-8.254530906677246	-9.618145942687988	-0.366192011868276
-5.7114949226379395	-22.79692840576172	-0.2163120986777397
24.650367736816406	-6.006678581237793	0.2142010265217606
7.688472747802734	-17.737430572509766	-0.238499499297807
21.786788940429688	14.991761207580566	-0.8347635726075191
-30.336929321289062	35.81651306152344	-0.4052962587565726
13.649945259094238	-11.609100341796875	-0.8076134553737226
-42.468441009521484	-34.35160446166992	-0.818128452853753
-19.459209442138672	20.186433792114258	-1.2000201027881905
8.289731979370117	-28.1131649017334	0.751598899817353
-26.087514877319336	3.819878339767456	-0.923351169394648
6.045421123504639	-16.76433563232422	-0.8439839318527304
-7.006110191345215	-21.04636573791504	0.125049668435999
-1.293737530708313	-34.870975494384766	0.2170691953123818
5.037035942077637	2.2846364974975586	-0.8826342891008778
7.6301116943359375	-11.79705810546875	-0.0960446984481551
-38.469635009765625	3.167987823486328	-0.0758868414585823
37.21324157714844	-5.187464714050293	-0.5237604992952368
16.148950576782227	-1.5224162340164185	-0.5372573920102607
-11.357697486877441	42.278316497802734	-0.963698221410644
-22.651016235351562	-22.78679084777832	-0.5060003010573394
1.5656954050064087	-15.273539543151855	0.5519368814504082
24.42588233947754	-15.561574935913086	0.3440674946627798
-19.854158401489258	11.329333305358887	-0.2066416277389288
-16.22812843322754	15.876697540283203	-0.7800392592433619
-9.137685775756836	-3.1673743724823	-0.6314322989365414
-30.497127532958984	37.05745315551758	-0.4229918584100582
14.364090919494629	37.809566497802734	-0.602015849514147
29.095876693725586	14.578251838684082	-0.8560092905298918
-19.026296615600586	21.74024772644043	-1.1165390025916753
-17.72850227355957	9.30953311920166	-0.9755806295785168
4.1610026359558105	21.680374145507812	-0.602836129280295
-38.16702651977539	-12.6574068069458	-1.464816841537355
-30.248668670654297	-6.3566179275512695	-0.5544156495450487
7.111889362335205	1.6654304265975952	0.6971891850884153
8.010515213012695	-0.3715941905975342	-0.3000919737171894
25.21803092956543	44.7834358215332	-0.1744528099808934
11.85082721710205	-2.079209089279175	-0.8024489995412611
-11.000101089477539	20.641183853149414	-1.1771236954080275
-19.255712509155273	44.01372528076172	-0.8791536351894473
4.883894443511963	-5.578940391540527	-0.9191124001547804
-4.377732276916504	-14.694921493530273	0.4319194030724484
-22.156347274780273	-13.828916549682617	-0.6034992188618865
-3.2304420471191406	-18.348054885864258	-0.3987711308264746
-33.1553840637207	11.669650077819824	0.0214560727971034
-12.936860084533691	-18.501989364624023	-0.782487237709351
-32.63881301879883	-5.830292701721191	-1.125960208934346
-21.07048225402832	2.2096107006073	-0.5061304569139676
14.511789321899414	46.81413650512695	-0.2210726184717691
20.68756866455078	-12.5360746383667	0.0820103055682065
-27.930471420288086	-18.84092903137207	-0.7387847131055016
5.12302827835083	-0.12946957349777222	0.1850602658895761
41.83206558227539	19.703754425048828	-0.5466746007805584
-15.576311111450195	22.08241081237793	-1.133214855737846
0.5524562001228333	5.550750255584717	-0.6774527715062965
-27.83677101135254	12.841197967529297	-0.6048869790763408
6.5499267578125	8.881688117980957	0.6349281160742317
-1.5499367713928223	-3.023327589035034	-0.3120658773038302
13.99667739868164	29.1877384185791	-0.2519848514344391
42.24029541015625	19.182994842529297	-0.5739243048368443
-22.71636962890625	50.75875473022461	-0.5678968019104028
-6.049252033233643	-36.713016510009766	-0.6742346222190035
-4.317065238952637	-11.423324584960938	-0.7051850302436228
7.824123382568359	-4.093531131744385	0.0341482905261317
-6.4058990478515625	5.546456336975098	-0.0954862986223954
7.007141590118408	20.54203987121582	-0.1852054592634115
-13.1091947555542	-5.887739658355713	-0.7373091109361938
32.10973358154297	31.642179489135742	-0.3570847464777822
1.644432783126831	17.03745460510254	-0.1778132718549319
12.468852043151855	-26.894559860229492	-1.046281053192563
31.336824417114258	2.812441349029541	-1.030400400592759
-0.2798599600791931	-8.714329719543457	-0.390238145415079
15.407496452331543	27.378694534301758	-0.5089981423232259
2.71881103515625	26.14702033996582	-0.9221512019033934
-13.609768867492676	35.224544525146484	0.2972697573506785
23.49191665649414	-9.71811580657959	0.2288584941039111
10.342109680175781	41.359336853027344	-0.3429204480976628
33.08346176147461	4.7368927001953125	-0.4622124244103312
26.36722755432129	-8.476200103759766	0.1463024170285785
-17.225555419921875	0.2954463064670563	-1.1291826128498352
12.631953239440918	-19.76990509033203	-0.4213223311338666
11.881139755249023	-26.83016586303711	-0.7302137069120163
4.146374702453613	-30.2218074798584	-0.7439721493682591
34.47862243652344	29.00499725341797	-0.6357431018642811
-5.4185075759887695	-34.06884002685547	-0.8139992063141241
9.666314125061035	28.93244743347168	-0.4822104424775063
0.516951858997345	1.3274569511413574	-0.6680104383937389
23.722888946533203	3.3579132556915283	-0.5396105653825938
23.718183517456055	20.959243774414062	-0.8887569989180297
2.424222707748413	5.355508804321289	-0.7391083958778325
-3.2669084072113037	21.64400291442871	-0.2503295767960136
-20.390342712402344	-42.709564208984375	-1.1174288046412746
-2.226121664047241	25.18562889099121	-0.6771656880745714
-17.152463912963867	41.242210388183594	-0.4013489955618831
25.68426513671875	9.114009857177734	-0.3758023903808035
21.57344627380371	-7.228611469268799	0.8695884524074337
-18.154943466186523	-19.5167179107666	-0.4993502614810895
-23.1633358001709	-8.849515914916992	-0.6079346838172305
17.259763717651367	-13.431570053100586	0.1642138431066023
-8.713382720947266	-6.349583148956299	0.2760820512523386
6.498840808868408	-17.88094711303711	-1.158506940387144
19.70791244506836	28.57208824157715	-0.2670401510485438
-10.112483024597168	-4.251373767852783	0.4577634053401127
27.064613342285156	-0.06159016862511635	0.0460953992187568
-40.40121078491211	10.510456085205078	-0.197082824951922
-4.493065357208252	-6.203171253204346	-0.7288174019637351
11.700301170349121	-17.97877311706543	-0.4397085095146378
31.384496688842773	-2.197330951690674	0.1216179019424981
-7.600760459899902	25.60228157043457	-0.5532970664778476
28.843650817871094	-7.401232719421387	0.2245547079062229
-6.063323974609375	-36.761043548583984	-0.7418623586420519
2.528503656387329	17.199636459350586	-0.5012047899180031
5.971066951751709	-36.90459442138672	-0.4148600627906917
-13.108325004577637	-40.641483306884766	-0.3189369627361305
-20.748014450073242	-23.682435989379883	-0.3732458751811066
-13.538982391357422	7.779223918914795	0.3175488889566588
38.228614807128906	-2.7463951110839844	-0.762611357023057
16.219545364379883	-5.472216606140137	-0.6975291252593366
22.065332412719727	-6.015926361083984	0.0981921498235919
-14.99652099609375	37.41754150390625	-0.7837697164010524
-5.755100727081299	-1.2440590858459473	-0.6681591631434889
-35.259151458740234	-8.639852523803711	-0.5751454833589422
20.9244327545166	13.66344165802002	-0.8063913118354199
38.02140426635742	18.258235931396484	-0.2190541559909895
3.8173465728759766	-16.442974090576172	0.025169265072126
-0.944034218788147	-4.253182411193848	-0.1328323922026667
-32.852256774902344	4.828313827514648	-0.853066822358327
34.68345260620117	-27.69586181640625	0.1275252983559113
-33.57094192504883	17.280113220214844	-1.023281823762451
-0.602877676486969	-15.274846076965332	-0.0050042913256316
5.149003505706787	39.6038932800293	0.6918716059084615
-13.384222030639648	-16.903074264526367	-1.2436978551601554
41.99313735961914	3.443544626235962	-0.4195935832464678
-4.731358051300049	-43.49460220336914	-0.1849438730687738
8.428092956542969	-37.67136001586914	-0.3629203115541262
15.379301071166992	5.774340629577637	-0.7058226818487673
-13.310399055480957	-17.1744384765625	-1.0532228120774183
-10.936307907104492	5.312100410461426	-0.6502374629022363
-29.04091453552246	-2.128796339035034	-0.9354838041147674
-36.80451583862305	-1.5844167470932007	-0.9663134936178036
5.171497344970703	-33.26445007324219	0.0074084291794238
27.303266525268555	8.148490905761719	-0.4684251605341114
10.748553276062012	35.75358581542969	0.142686068345292
14.28380012512207	34.72245407104492	-0.4448685538356183
-1.8505443334579468	20.332229614257812	-0.4715022575351286
40.409114837646484	26.08485984802246	0.4654644522840112
-33.060211181640625	6.575451374053955	-0.4261366393290549
-11.604280471801758	37.384517669677734	0.3194153849806656
-28.471858978271484	13.71335506439209	-0.2999650340259389
10.493101119995117	18.979352951049805	-0.8750754457383757
-36.721466064453125	-27.67758560180664	-0.2749461519890458
6.538633823394775	-18.453371047973633	-1.0492053521410794
-11.34902286529541	-6.21360969543457	-0.11230761010357
-10.010841369628906	20.290550231933594	-0.825215988605377
-12.069967269897461	38.09407043457031	-0.3701429314801731
35.52351760864258	-26.5457820892334	0.1072380537362677
2.9210541248321533	-6.433396339416504	-0.6240125884211906
-11.199954986572266	-23.130521774291992	-1.1266731861817627
-31.954294204711914	16.605833053588867	-0.7944828468893512
-18.470722198486328	-5.2547407150268555	-1.0986247167172989
42.59214401245117	21.05388832092285	-0.7530930522357548
0.513448178768158	-41.91068649291992	-0.3709533459790786
5.537499904632568	-21.687314987182617	-0.2341145212218708
38.43458557128906	-24.61237907409668	-0.0617971596185248
8.533231735229492	-38.852142333984375	-0.006004576230331
15.008960723876953	9.71863079071045	-1.0753288667632577
25.533510208129883	-19.033815383911133	0.7054375420374367
38.56128692626953	-25.031333923339844	-0.2583979856208467
-6.479953765869141	-4.864275932312012	-0.0202749462572845
-23.371217727661133	5.85930061340332	-1.098395246736042
13.784541130065918	1.3199129104614258	-0.8073499585012022
16.94239616394043	13.269390106201172	-0.6747177172870019
7.502640247344971	-16.844541549682617	-0.5524753413450592
-10.469955444335938	30.69285011291504	0.1546259242851187
-8.713861465454102	-15.234639167785645	-0.1766298893111734
-16.18974494934082	0.7713360786437988	-1.1927847908340312
21.596689224243164	11.155961036682129	-0.6329624436552056
9.172598838806152	-20.442325592041016	0.1499067820380243
28.228696823120117	3.8282501697540283	-0.6870168547582924
26.862323760986328	20.418500900268555	0.3195167867010328
-10.95691967010498	-6.898619174957275	-0.7255804761428285
-23.5920467376709	50.03349304199219	-0.1828066589191096
9.151997566223145	-38.38320541381836	-0.2419700751413395
7.005918979644775	15.36812973022461	-0.3591503289589671
21.560319900512695	10.051995277404785	-1.0498905083987462
14.121142387390137	-14.889244079589844	-0.2325650033580698
10.80481243133545	-6.710021018981934	-0.5092091688961072
-4.190042972564697	7.920105934143066	-0.8850093714925912
23.618797302246094	42.386104583740234	0.1565158674677665
22.623273849487305	-0.4994891583919525	-0.3940469797785567
29.194856643676758	-4.826990127563477	0.4388997221873243
-3.853189468383789	-17.549297332763672	-0.4180604453613522
27.66159439086914	17.227907180786133	-0.8341937946222981
-32.843894958496094	4.61248779296875	-0.837299530424123
-19.036182403564453	-21.091379165649414	-1.2022392789515943
-10.051497459411621	-4.243213176727295	0.344185662392494
21.576282501220703	11.443177223205566	-0.6602265249890988
38.763633728027344	-5.748015880584717	-1.2899544956236646
-33.006561279296875	32.36662292480469	-0.3951553593007839
18.066621780395508	18.57318115234375	-1.1784578734952678
-5.587582111358643	-44.51667404174805	-0.7213984008779051
12.606757164001465	-19.731863021850586	-0.6037085603163077
-35.15085220336914	-27.58012580871582	-0.0477955550047164
-33.177223205566406	10.113780975341797	-0.4703480079424008
43.94425964355469	-11.51628589630127	-1.1667060989450977
-7.958695888519287	14.811702728271484	-0.793602214597664
-14.912809371948242	-10.135788917541504	-0.774094193157686
-33.3895263671875	31.934980392456055	-0.5066490683967012
-6.480292320251465	2.577021360397339	-0.2911387632295253
9.73168659210205	-11.766003608703613	0.7103942136874164
-23.479080200195312	-7.379942893981934	-0.9661199598690492
8.881244659423828	-37.698116302490234	-0.5424556242677389
5.85368013381958	41.205101013183594	-0.3891656187988337
-21.15167999267578	-30.142452239990234	-0.4461929647256923
-7.11908483505249	-17.06151008605957	-0.2574353083599151
28.67732810974121	15.692156791687012	-0.5680131444713884
23.71026039123535	42.516807556152344	0.209797042067585
-5.672735691070557	-21.750925064086914	-0.6661187801497842
3.908595085144043	17.71367645263672	-0.5891307986010552
-6.3293352127075195	35.6834602355957	0.2386883758117441
7.830564975738525	-16.531888961791992	-0.4608599317368795
-1.8794790506362915	-5.010303974151611	-0.334110655593709
-29.693958282470703	22.906307220458984	0.2963470915261533
-44.65834426879883	-13.897269248962402	-0.80816307413374
-29.427257537841797	31.950124740600586	-0.2826509960518572
-29.4381160736084	22.867033004760742	0.2650190101459664
-1.4047985076904297	-1.3644601106643677	-0.4727802650047895
44.74419021606445	2.7471518516540527	-0.1403596248906655
47.73643112182617	13.364523887634277	-0.6516034420015153
25.69260597229004	-3.4085943698883057	0.5170254280616624
12.048307418823242	-16.769975662231445	0.0056182668907796
-24.370019912719727	19.557937622070312	-1.0525359441791848
-15.899377822875977	6.6245293617248535	-1.034039398991242
9.29197883605957	-10.054107666015625	-0.1864609941896934
6.883113861083984	-7.9063520431518555	0.663636208611857
23.90025520324707	13.75451946258545	-0.6269731897598312
17.992420196533203	-33.51182174682617	-0.7151571085585282
-25.343505859375	29.547344207763672	0.249498659779108
20.030956268310547	6.201374530792236	-0.2185150438765132
-25.129796981811523	10.568937301635742	-1.1008410609664927
11.198073387145996	10.115528106689453	-0.8495172307435245
-9.150003433227539	21.525970458984375	-1.3428442167741428
-32.08656692504883	15.345979690551758	-0.6682959540705081
15.164875984191895	22.825332641601562	-1.220403007832514
6.5638885498046875	-9.385519027709961	0.3589296518702604
-14.022953033447266	15.44991683959961	-0.3474659034937568
24.500959396362305	44.82651901245117	-0.2111028651903834
-43.89487838745117	4.198220252990723	-0.2537290560936991
-3.3526670932769775	-5.648658275604248	-0.9400227927983424
-21.54448699951172	42.22113037109375	-0.9734480808160988
7.473893165588379	35.006324768066406	-0.4608674978166213
-36.46584701538086	-17.75495719909668	-0.7432421644655762
43.95114517211914	19.85451889038086	-0.5041578213151806
-22.10379981994629	12.007220268249512	-0.7701134254893901
7.171487331390381	36.81158447265625	-0.2686977151280765
2.0420303344726562	3.474700927734375	-1.307342346231006
13.623771667480469	-11.67716121673584	-0.4026875357537137
40.545066833496094	-21.076650619506836	-0.1784345641352496
22.567373275756836	-5.909120082855225	-0.1344287592907063
-4.87339973449707	0.5225725769996643	-0.8165013355952989
-11.171669960021973	0.44657814502716064	0.4619312245420612
32.22029113769531	31.548404693603516	-0.5605345489268805
28.447553634643555	-12.21367359161377	0.5843439608536813
-3.0686309337615967	19.11557388305664	-0.0238464405206369
-7.679534435272217	-0.5235211253166199	0.2441261864754779
43.675575256347656	20.86335563659668	-1.0042982865359575
2.257809638977051	-21.28140640258789	-0.1685463517102068
-5.4688568115234375	-26.988672256469727	-0.1839963291212134
-42.20731735229492	-4.099084377288818	-0.126163249189862
-14.236218452453613	-32.66352844238281	-0.775885752285184
53.71351623535156	-1.27778959274292	-0.642178621122779
43.790496826171875	21.209638595581055	-0.4991066570747233
-4.791375637054443	0.5545195937156677	-0.5509114536554995
26.46824073791504	26.488988876342773	-1.1653605867811012
36.856571197509766	-11.61900520324707	-0.0161827861328455
24.275047302246094	21.858863830566406	-0.2709367653064966
-10.190034866333008	-28.663005828857422	-0.0763857610691614
-13.407380104064941	-11.21622371673584	-0.3836088157156143
-2.2883622646331787	-8.969400405883789	-0.3543087034459183
15.822318077087402	35.76959991455078	-0.4314375662972539
10.133260726928711	2.5721890926361084	-0.4839298446274256
-23.41731834411621	5.924046039581299	-1.1700907861290548
-10.123234748840332	35.401588439941406	-0.732539078025136
38.21598815917969	-2.9281041622161865	-1.2321257113185513
-0.2956134080886841	-11.12792682647705	-0.7408297044450286
3.90010142326355	-29.576900482177734	-0.9522690435596768
-38.11868667602539	22.021196365356445	-0.901355436935926
10.026782989501953	-4.357461929321289	-0.2333515376237915
38.281890869140625	9.193875312805176	0.3866793979179999
-20.271928787231445	6.7604804039001465	-0.6731781530355163
12.208075523376465	13.288056373596191	-0.1250793534645639
14.265027046203613	4.278992176055908	-1.2649161258860493
-40.194705963134766	4.60550594329834	-0.8122414319096013
24.46967887878418	-21.79387664794922	0.6237283200327725
-18.336734771728516	-19.822460174560547	-0.8803593141045033
0.3340218961238861	-15.320523262023926	-0.4928801682768963
-16.79043960571289	-28.399335861206055	-0.8859054279384162
1.7595890760421753	41.1064567565918	-0.0358603562752841
14.396394729614258	-43.892059326171875	-0.3405025419939446
5.475964069366455	-48.22909164428711	-0.1759224279743563
-16.367788314819336	42.929893493652344	-0.9000015705664026
-9.202800750732422	3.357544183731079	-0.5757018217252674
-12.2390718460083	-47.82707977294922	-0.7302949367497756
29.213207244873047	-4.675503253936768	0.5219016769849334
-28.453411102294922	22.765106201171875	-0.6059042831322224
-23.084943771362305	49.860015869140625	-0.2663240848573188
-9.034200668334961	19.12980842590332	-0.9881996118369624
23.61492156982422	19.46584701538086	0.0538535131350026
21.34577178955078	-30.503236770629883	-0.8247642750411758
-11.619688034057617	-4.10116720199585	-0.0065100894960622
3.1166751384735107	-0.769856870174408	-0.8093401600104095
14.915093421936035	17.11064910888672	-1.127416148549978
-28.141700744628906	16.93533706665039	-0.8972153683790445
0.9512215852737427	23.04524803161621	-0.831671253868379
12.541268348693848	-4.1486711502075195	-0.8045193543828698
9.885860443115234	41.228363037109375	-0.1332147999776081
-22.013877868652344	-23.521526336669922	-0.4187412776804264
3.8584678173065186	-35.58736801147461	-0.7848873489975238
33.91849136352539	-22.807266235351562	0.1408462135364818
-48.37605285644531	-14.824935913085938	-0.4410971812958547
-17.941083908081055	-27.91183853149414	-0.9591341671455944
-2.4483790397644043	-9.042741775512695	-0.3279048831178404
3.9145212173461914	4.786821365356445	-0.101204810393639
5.662115573883057	33.845664978027344	-0.5941618514095206
28.9500732421875	-24.349870681762695	0.6900223527580941
-7.855523586273193	9.88798713684082	-0.2604455542984291
2.9322781562805176	16.034761428833008	0.5796609858584074
5.793491840362549	22.529573440551758	-0.3195681263368047
-37.565711975097656	-22.396656036376953	-0.5568327595388276
2.454639196395874	-12.517210960388184	-0.7358323073456906
5.689812660217285	-13.659573554992676	-0.2515461846011781
-27.538116455078125	-1.6871695518493652	-1.2910652325678833
10.120877265930176	23.955442428588867	-0.6435972731151923
-31.119306564331055	-21.993860244750977	0.0675106125326255
39.05290603637695	-19.148590087890625	-0.3521657648822304
15.387904167175293	-7.167811393737793	-0.6656657351827926
44.698326110839844	7.837234020233154	-0.6771560415725771
-15.37242603302002	36.7534065246582	-0.3849717557292069
14.110068321228027	-14.910627365112305	-0.3786711242796048
-8.66234302520752	-29.85837173461914	-0.8040650253425738
-2.03525972366333	-47.2624397277832	-0.8653515955242542
-1.1342389583587646	-30.743520736694336	-0.2784998190501626
-19.924470901489258	7.8561201095581055	-0.8826905041114882
-27.431798934936523	31.68065643310547	-0.378933568457069
-26.570764541625977	-11.3114652633667	-0.1351564696528551
-29.219308853149414	-30.590225219726562	-0.3099128766104738
-6.831488609313965	37.234493255615234	-0.5669473391103509
-40.89237976074219	14.586018562316895	-0.3374698990906539
-17.284852981567383	0.3966623842716217	-1.1904178409479185
16.67725944519043	-27.116125106811523	-0.8775988857860378
-43.779441833496094	4.19965124130249	-0.4167081860256015
11.390780448913574	51.42247009277344	-0.8834202016990633
-32.653072357177734	13.936003684997559	-0.3870442243922965
30.485610961914062	-7.890629291534424	0.1843211293221159
-14.410238265991211	-6.523688316345215	-1.0453015666610328
5.661588191986084	-17.357181549072266	-0.6523411105495193
-3.8750386238098145	11.422971725463867	0.285477061882231
-34.68352127075195	-8.814506530761719	-0.6729684086217917
-3.4838619232177734	17.656936645507812	0.5565354498712328
17.38510513305664	-2.1686110496520996	-0.8163941129525415
-2.9659552574157715	-28.938209533691406	-0.4076327024420051
-33.4636344909668	-41.41588592529297	-0.5498209160276842
-20.88789176940918	8.089750289916992	-1.1279183922375624
0.0067170667462050915	48.27975845336914	-0.6007298697979366
14.573627471923828	33.957218170166016	-0.5478615756254237
0.27769842743873596	-19.596704483032227	-0.4326928659117541
-13.456377983093262	-3.3263862133026123	0.2340703302829714
14.491219520568848	46.8221549987793	-0.1294692290659986
-5.115394592285156	-33.352691650390625	-0.3530492850184928
18.160892486572266	27.365415573120117	-1.0796500902713164
-28.758642196655273	31.348285675048828	-0.1233956639121097
-3.57330060005188	20.127153396606445	-0.4421555658025415
38.30369186401367	-21.294496536254883	-0.494345025039373
15.698507308959961	-17.898727416992188	-0.976441152872557
6.89988899230957	-5.82158088684082	-0.1185705335989006
-47.975669860839844	14.720355987548828	0.1640118805178154
11.449355125427246	-1.676482915878296	-0.4881205159753861
-23.397031784057617	-7.441009521484375	-0.774830996052306
-28.651161193847656	-32.003997802734375	-0.3400717548528477
46.829124450683594	6.013548374176025	-0.0030389358158628
25.46904182434082	-8.27826976776123	-0.0218074917093448
26.738353729248047	41.95096969604492	-0.7207385747336775
40.23667526245117	5.920502185821533	-1.1276561619752907
32.07210159301758	3.6631340980529785	-1.0562735315760163
-6.712910175323486	14.397619247436523	-0.8425430887686035
-22.543542861938477	-13.464266777038574	-0.6690007406689089
-10.814518928527832	-20.307506561279297	-0.9568707476779864
-50.26877212524414	-7.106760025024414	-0.0349318590741446
-3.3706579208374023	29.372406005859375	-1.0897766224084855
14.745024681091309	23.276010513305664	-0.7278105272456398
-14.016876220703125	-40.36083221435547	-0.1415645194133972
14.364073753356934	28.554515838623047	-0.259061701761201
-26.79309844970703	-18.09749412536621	-0.8586274529930105
12.366207122802734	12.95319652557373	0.5558888406091496
-9.39998722076416	-13.790701866149902	-0.1789173804029326
-3.1169893741607666	-24.155302047729492	-1.3535444444382307
32.662513732910156	-9.32265567779541	0.6382953169552036
-35.74785614013672	-29.579898834228516	-0.6735518812985796
-4.637486457824707	-3.496062994003296	0.017356205184249
-7.61239767074585	25.63388442993164	-0.4496494635711936
-22.670955657958984	19.437883377075195	-1.1197046287482535
-21.794179916381836	-28.269390106201172	0.2846222918132383
41.08317947387695	13.576147079467773	-0.687731724358933
-11.908085823059082	-22.293865203857422	-0.9540711141890598
42.677486419677734	-12.401494026184082	-0.995661266307318
-50.54457473754883	17.895538330078125	0.2921109374329741
0.8617209792137146	-9.467742919921875	-0.2678462262985314
46.55562210083008	12.762514114379883	-0.8879746841929992
-28.59136390686035	16.464927673339844	-1.2017553098526326
-29.040733337402344	-5.690610408782959	-0.8167693977072836
53.70846939086914	-1.2757275104522705	-0.5188373609287784
-7.604883670806885	-10.047746658325195	-0.635131569519946
-18.00592613220215	-1.3796790838241577	-0.8973789743158915
-10.480053901672363	30.674800872802734	-0.0420721844150184
-13.764974594116211	33.14045333862305	-0.4054969838815942
-28.29388999938965	-5.311682224273682	-0.1704579637477216
8.707764625549316	-13.792776107788086	-0.7973082849159719
29.88132095336914	-16.682104110717773	-0.5846184093135075
-23.93356704711914	-23.142227172851562	-0.7304436076199635
8.679364204406738	-6.678279876708984	-0.6310475815529665
6.165825366973877	-45.121238708496094	-0.1798215933950138
-17.535858154296875	-27.03862762451172	-0.4051437290995194
-28.02764892578125	10.536314964294434	-0.3004245826832982
32.27241897583008	-2.9457695484161377	0.1651185798393998
38.042564392089844	12.435476303100586	-0.2251840163410518
-8.733513832092285	18.481069564819336	-0.8662042999779364
-21.653318405151367	-39.418426513671875	-0.1189286796568785
-50.537235260009766	9.496840476989746	-0.2870015013723759
-1.2924617528915405	-34.84603500366211	0.0897255310696822
-6.76912784576416	5.616029739379883	-0.3350257441468303
18.534387588500977	-12.838814735412598	-0.8185114083676859
55.91698455810547	15.204901695251465	0.3178315593127233
12.278107643127441	7.499647617340088	0.2383108915171554
-18.347869873046875	21.31707000732422	-1.2944926915516568
-13.140884399414062	8.777199745178223	-0.703714711109707
-33.801387786865234	18.630460739135742	-0.2756189965030572
-25.149402618408203	10.564884185791016	-0.706198250312216
-42.4658317565918	-34.34067916870117	-0.6741448237957857
44.03957748413086	13.609126091003418	-0.5813552817334188
-32.67190170288086	-14.486066818237305	-0.6290497985462024