x	y	effect_size
10.0929536819458	-29.227251052856445	1.1645224024179857
9.080881118774414	-29.0349178314209	1.191404885223432
17.065996170043945	6.57842493057251	1.4301297743079089
17.02981948852539	5.677293300628662	1.3041023817288928
9.90030574798584	-29.930980682373047	1.3618596072251758
12.454873085021973	-29.485506057739258	0.7925984411437798
35.32584762573242	-24.085344314575195	-0.6605613232040158
19.291994094848633	-13.305340766906738	0.8964420504983085
14.948046684265137	38.57624435424805	1.3818262850013203
15.927597999572754	3.951387405395508	0.8460668763307406
14.083009719848633	33.80596923828125	1.05380856618743
15.734198570251465	34.325050354003906	1.4963550904086205
12.727293968200684	35.844112396240234	1.0980326649975392
16.614587783813477	3.6602964401245117	1.101010518589038
17.82554817199707	32.672035217285156	0.875579340125784
12.497708320617676	-30.062593460083008	0.8563759928015178
18.039688110351562	32.93571472167969	1.4165240596776012
12.082993507385254	-7.267215251922607	0.4435096334764479
44.908817291259766	-12.584388732910156	1.4243427834237572
31.289236068725586	-26.631744384765625	0.4151859757032785
35.635887145996094	-11.567940711975098	-0.4953119647439383
41.33552551269531	-16.823078155517578	0.8276710078692642
43.06333923339844	-12.327742576599121	1.113108748611308
44.819156646728516	-11.739680290222168	1.1071151054747863
37.87151336669922	-9.853143692016602	0.7576127421913598
17.121471405029297	7.227591037750244	1.2001504331748472
33.25595474243164	-18.782238006591797	0.0113819688663377
35.69059753417969	-8.933511734008789	0.9558082446181548
31.91948127746582	-14.186083793640137	0.1930377432568174
37.04582595825195	-10.49531364440918	0.4504052019263878
39.60222244262695	-23.21872901916504	-1.5153352905419997
46.206871032714844	-12.970053672790527	1.2563614350095471
45.90159606933594	-11.28625774383545	1.2670947487518205
31.243640899658203	-18.8046932220459	1.0859643289092522
42.252532958984375	-21.51821517944336	-0.5573832408586765
45.0793342590332	-14.063652992248535	1.1105573653893352
42.68342208862305	-16.968433380126953	0.7636893935091561
20.576370239257812	-13.239259719848633	0.3681511877074121
45.64693069458008	-14.954068183898926	0.9817425372300242
38.421756744384766	-21.502988815307617	-0.9371664249068644
40.182960510253906	-24.0323543548584	-0.8813820278424839
41.473392486572266	-22.072248458862305	-0.7880449846800672
37.91740798950195	-20.10418128967285	-0.9935128501831352
40.8265495300293	-23.207298278808594	-1.0463820176238436
38.92472457885742	-22.77216339111328	-1.2828748482792025
38.78337097167969	-24.321382522583008	-1.130488124142078
4.37112283706665	-5.2580976486206055	1.0246548288246533
0.2506600022315979	13.60252857208252	0.7115351782439657
0.426638662815094	1.7106921672821045	0.872610781886492
-19.326234817504883	-16.812089920043945	0.9653314511764304
3.1598639488220215	-5.457884788513184	0.7796165130355875
-16.33719825744629	36.552894592285156	0.9215588875945068
-25.983646392822266	-13.617257118225098	1.02268381368977
-7.099942684173584	2.303614854812622	1.13403966858185
-11.156534194946289	-11.698173522949219	1.1403526475300385
-23.752723693847656	8.081878662109375	1.0442819450922185
10.636905670166016	-2.327277183532715	0.5920181434508679
3.504225969314575	15.471999168395996	1.47285021545076
-14.79148006439209	-18.987051010131836	1.0843207362173506
8.20963191986084	25.941238403320312	0.4492029059135736
-45.87434768676758	2.8464696407318115	0.5533796295114435
-4.27616024017334	38.032005310058594	0.768261991929115
18.811595916748047	-7.224974155426025	1.3678293106615091
-5.574860572814941	-21.585559844970703	1.259336124037722
-33.59638595581055	-16.373512268066406	0.7547902428154775
23.446657180786133	17.897127151489258	1.5882514837424564
-1.0593878030776978	-7.941010475158691	1.0522281769045287
-3.4536736011505127	-13.13784408569336	0.5701411656211325
-23.768604278564453	8.0969877243042	0.9965962485315693
2.154952049255371	-25.11568832397461	0.2310652712456054
-11.199087142944336	-6.924920558929443	0.9394386556958846
9.665803909301758	1.6901360750198364	1.1337138596041705
-36.80904769897461	-29.528409957885742	1.0182243551971788
-7.484099388122559	20.33692741394043	1.1978424234550344
-12.503626823425293	38.70896911621094	1.0043652048214493
-5.0971245765686035	15.637093544006348	0.890345879405885
13.810456275939941	-14.263327598571777	0.6021236887495747
1.9866750240325928	-4.983367919921875	1.0120220047918431
-24.1984806060791	-6.271690368652344	1.0102990251430914
-13.192608833312988	39.442081451416016	1.152505281605701
-28.481775283813477	-36.44348907470703	0.7562336629961887
-44.94071578979492	-12.857889175415039	1.1601249574518258
-27.30009651184082	-7.866887092590332	1.2641683615072103
-47.77372741699219	1.7675014734268188	0.6989748697115559
-20.951894760131836	40.992496490478516	0.5729015781178837
14.894914627075195	-23.940950393676758	0.8586169260625469
-46.149208068847656	6.315985679626465	0.7475713670968644
8.755037307739258	25.20488166809082	-0.0486073864588065
17.2072811126709	-10.095749855041504	1.218796930537322
-30.68740463256836	-30.454294204711914	1.196373988020732
-6.00883674621582	-2.0452957153320312	0.9685753973131748
-24.717817306518555	-18.78059196472168	0.8378430701741828
-12.321758270263672	25.93527603149414	0.9427708652886312
22.34627342224121	17.906295776367188	1.2968894259034394
3.1042089462280273	-19.116928100585938	1.2796059244149285
28.73090362548828	2.641225576400757	1.0756761270638275
-22.011823654174805	-42.607120513916016	1.7138626374805983
1.9710168838500977	-3.6321513652801514	1.2228012693046726
34.99840545654297	-3.778824806213379	1.2519880478876897
-15.858782768249512	-9.196568489074707	0.9796775181967842
-27.927135467529297	-32.04506301879883	1.478346820874069
-39.33850860595703	-4.678301811218262	0.0627616033586099
4.981550216674805	-6.6096086502075195	0.895352844037605
-12.94796371459961	15.483144760131836	0.8550529622100583
-5.521925449371338	-21.566492080688477	1.1629920420269868
8.420336723327637	-2.471083879470825	0.8636183375146722
22.030170440673828	28.370981216430664	0.9913992167048912
7.175587177276611	-13.204289436340332	1.005113305399873
35.85459518432617	-15.60299015045166	0.9197088331281748
20.823848724365234	40.73117446899414	1.400208267466032
16.111845016479492	-6.376646518707275	1.282312300825014
-14.07127571105957	-17.906583786010742	1.0174872946160105
-26.266050338745117	-15.088356018066406	1.1095776566404671
-25.65920066833496	14.11080551147461	0.5863620164811012
1.8332264423370361	-6.085907459259033	1.0189463842792903
2.7792277336120605	20.19024085998535	1.2289828334446655
-10.618610382080078	31.351661682128906	0.6429042686469493
-45.34578323364258	5.041399955749512	1.003444003637449
-13.713851928710938	14.027159690856934	1.111329232549613
28.62590217590332	2.611285924911499	1.221499432503624
8.05878734588623	42.994720458984375	1.1457062566721306
-2.3797922134399414	-3.8629322052001953	0.9458029505960526
-11.374178886413574	-28.242076873779297	0.6945838487925673
-1.580857276916504	-4.183600902557373	0.962687695799664
41.82570266723633	25.007726669311523	1.2192690907093169
3.1372761726379395	-6.355352401733398	1.26903150556802
-21.30992317199707	-8.2804536819458	1.064450403044492
-4.648529052734375	-33.40591049194336	0.8713632484741459
23.562213897705078	18.5428524017334	1.3475834941639973
26.121007919311523	-5.476698875427246	0.564416564123307
-37.80690383911133	28.23232650756836	-0.0927838739577019
38.18556213378906	12.118642807006836	0.5228018377112714
34.28783416748047	13.873510360717773	1.015076141060426
-5.486206531524658	3.584815740585327	1.3202480418212603
33.374481201171875	25.770410537719727	1.3134347709308254
-6.6610918045043945	-2.5823090076446533	0.7797167408387308
-2.728586196899414	-10.730143547058105	1.1717349956998928
1.8646084070205688	-7.612921714782715	1.179519399993722
-19.962078094482422	40.71369552612305	0.8662017949250991
-3.0364866256713867	-30.667356491088867	1.241790862198899
-13.748117446899414	13.00869369506836	0.8514304927261298
-4.566648006439209	6.80085563659668	1.3309450129523663
-28.220108032226562	5.921329975128174	1.4857073594235768
-13.615194320678711	-13.458836555480957	1.248982451710082
-24.66333770751953	-3.4347851276397705	1.5431251281131113
3.8143818378448486	8.76993465423584	1.2657145150407665
29.275814056396484	34.57688903808594	1.202223567874078
33.26018524169922	5.989830493927002	1.3666220777815925
-42.37538528442383	-17.88886833190918	1.276919503095839
-6.15067720413208	19.824825286865234	1.3116647038595626
-11.157742500305176	-11.719758987426758	1.1984979958847146
-17.214187622070312	11.377458572387695	1.3617379792381348
-3.7791829109191895	18.5033016204834	0.5544891919018246
-18.1785888671875	-3.967947483062744	0.6427010184894041
17.8078670501709	10.774065971374512	0.5310414047555833
-10.614885330200195	0.2196469008922577	0.908439793036256
-21.256372451782227	-11.680269241333008	0.5796096365831784
16.833574295043945	5.423128128051758	1.2970582140558886
27.922016143798828	9.436685562133789	1.2806878160777946
-20.38811492919922	-41.23105239868164	1.4143765256422456
15.486170768737793	32.47659683227539	1.2374820005754883
16.34945297241211	-6.712680339813232	1.1602838128513997
-2.431586742401123	-3.740159511566162	0.8114308607791194
4.864941120147705	5.823887348175049	0.1862922826108175
0.2715120315551758	13.36940860748291	0.8879708598038594
-10.167778015136719	-29.278560638427734	0.9764859752555652
-35.125587463378906	-22.418621063232422	1.0981176932577126
-24.945955276489258	3.4347758293151855	0.9058012912034232
-19.544391632080078	45.98708724975586	1.2193836608748478
8.204696655273438	41.257198333740234	0.949662458310956
-14.862285614013672	-13.833415985107422	1.462246312439108
-11.420709609985352	-31.225439071655273	0.9855207636098566
-14.553108215332031	2.66741681098938	0.5871000192334686
-26.15966796875	16.587493896484375	1.0391491587697832
-36.92189407348633	7.698505878448486	0.696840184913022
46.71484375	-1.556442379951477	1.382982696629988
-5.035444736480713	24.534292221069336	1.0022647373219231
-11.615460395812988	4.76846170425415	1.0743775925583496
30.271835327148438	-4.715702056884766	0.1677866581887216
-14.042011260986328	19.80328369140625	0.9667425705949478
14.790664672851562	12.980206489562988	0.4019532072821316
-14.443514823913574	-38.17683410644531	1.464905938867033
7.325756549835205	-17.33329963684082	0.7500432133098014
20.71646499633789	41.097755432128906	1.182729558880878
8.194249153137207	6.491238594055176	1.2445279049040645
-17.073801040649414	-8.20517349243164	1.1698778339273272
-46.31692886352539	-13.003734588623047	0.898633429700128
-16.82637596130371	35.8450927734375	0.6484696442303708
-14.458268165588379	-18.277603149414062	1.1368987485196924
3.0205860137939453	35.8471565246582	0.8303281435447362
45.16394805908203	23.4431095123291	0.7434738642108771
14.547801971435547	-22.778898239135742	1.0519632361713265
10.704251289367676	14.599543571472168	0.749210642381189
31.60283088684082	-8.432633399963379	0.3731952901905527
6.9113311767578125	-36.158363342285156	1.200189424977128
-11.07017707824707	27.069704055786133	0.9101006812199984
48.67307662963867	8.872994422912598	0.76231497068805
7.597916126251221	-4.205642223358154	0.9630319191592196
-4.801466464996338	-33.895973205566406	0.8471842914112632
-20.171974182128906	6.155672073364258	0.7385250839779799
9.570147514343262	3.0935046672821045	1.5645821965829396
-31.39625358581543	-13.431302070617676	0.4511680753019069
-33.530357360839844	21.370283126831055	1.0600435111896789
11.131745338439941	36.289913177490234	0.2504532172801632
24.063037872314453	6.204046726226807	0.816295274314146
28.80023956298828	-12.889250755310059	0.7584940528927271
-26.115068435668945	1.4852514266967773	1.3702629280401109
-32.647674560546875	-29.71956443786621	1.0516448955421411
-14.552623748779297	-44.78033447265625	1.334084398087109
31.088932037353516	-26.76201629638672	0.4841877876536481
-20.798446655273438	35.89286422729492	1.179039245271914
-17.226652145385742	-4.1455793380737305	0.3535278763897352
6.835880756378174	4.825321197509766	0.9980433764235782
24.510589599609375	-16.307085037231445	0.9568285860231884
3.370572805404663	33.23733139038086	0.5275325571779098
37.67875289916992	31.587739944458008	0.9475349596302668
7.854889392852783	26.195581436157227	0.476135768448684
-25.2354736328125	-13.683448791503906	1.0645418935736977
-3.2503836154937744	-24.402267456054688	0.8267391447323902
-24.341785430908203	-25.568777084350586	1.299723744256878
15.956703186035156	-41.635860443115234	0.3340339887473313
27.25135040283203	-22.50591468811035	1.040276190734737
-19.04429817199707	-8.435721397399902	0.4963002150780677
1.2710210084915161	33.26561737060547	1.2380287344707366
-0.45177578926086426	8.74445915222168	1.1013851157163188
-3.6467182636260986	-19.017169952392578	1.2133920792968746
-2.9381773471832275	-46.047088623046875	1.2644048570362612
27.819067001342773	-4.34785795211792	0.8793848405234985
-8.97497844696045	20.93871307373047	1.0648289121756644
20.421955108642578	2.2895381450653076	0.0956647152766883
4.010738849639893	-43.80912780761719	1.0639147702277252
-39.33565139770508	-4.681432247161865	0.1498337520972057
11.66483211517334	-3.672792911529541	1.004896463127691
-4.532995700836182	-24.641569137573242	1.0897166466799824
-16.212661743164062	-14.02145004272461	1.2633811320708572
4.591507434844971	-12.118439674377441	0.6554362402015435
3.3179268836975098	-4.079340934753418	1.160257920603997
37.5568733215332	13.292909622192383	0.7626401981538613
24.211925506591797	39.454429626464844	1.541642591792717
25.346805572509766	28.730669021606445	0.8027224371962742
19.280044555664062	-29.382583618164062	0.7971355776008344
-39.515682220458984	-25.07818031311035	1.23945533834262
-19.979909896850586	-0.7720742225646973	1.2587026456888049
-11.395776748657227	-6.8211894035339355	0.9737305284264816
24.399858474731445	39.297977447509766	1.2573119406980933
-42.88816833496094	7.733948707580566	0.5528492769209755
9.157366752624512	15.215259552001953	0.7467445067766736
1.3766334056854248	-30.60623550415039	0.5788372461188286
7.706892967224121	25.403440475463867	-0.31912819335541
-36.196651458740234	-30.104820251464844	1.134419828902575
14.415328025817871	-22.089183807373047	0.8999688419015411
-21.588712692260742	-29.77080726623535	0.4484691479728926
20.49803924560547	6.765939712524414	1.272145384014115
-9.163914680480957	17.09955596923828	1.3954218407454508
25.165128707885742	4.441509246826172	0.954127684669526
-44.50836944580078	-13.174402236938477	1.2965572439622643
6.292065620422363	-3.2099432945251465	0.7517753955205222
32.56193923950195	21.87835121154785	1.3989133114118533
6.827128887176514	11.422294616699219	0.7557188035620755
-1.1240394115447998	-19.778764724731445	0.724110838611215
-29.991195678710938	18.662397384643555	0.95052840595273
-1.0983495712280273	-22.054054260253906	1.4090017857453176
0.4470311999320984	-12.76197624206543	1.495709042332976
-12.663594245910645	-4.402218818664551	0.7585022473658974
-28.964000701904297	-31.28936004638672	1.2821537482859602
-21.643978118896484	-29.69414710998535	0.3014884165179736
-34.27315139770508	19.23582649230957	1.1553344648339416
-15.703643798828125	34.02878952026367	0.6101300149081907
-27.460729598999023	0.5655840635299683	1.3973825835844198
-36.10342788696289	12.17375373840332	0.7560914920917218
-5.289769172668457	-17.673446655273438	1.016555498507736
-35.18235397338867	-2.819021224975586	1.097178320821534
16.45147132873535	19.678607940673828	0.8754088252703193
7.33297872543335	-15.746999740600586	1.225102128949571
35.830322265625	-15.623520851135254	0.8525244401553144
-15.014473915100098	-10.406181335449219	0.9706286473943582
27.255104064941406	-22.285860061645508	1.0601537388103377
4.737380504608154	-4.969300746917725	0.8046062175571215
-11.423471450805664	0.2577765882015228	1.1837636836114855
7.808027267456055	-44.13252258300781	1.022336107714453
6.790689945220947	9.338488578796387	0.5770832117494816
3.012305736541748	-31.514190673828125	0.8823507960072052
-1.045005440711975	-2.309819459915161	1.0905551010502643
15.53107738494873	2.8725969791412354	0.7952560809953675
-2.006477117538452	0.4011419117450714	0.5379888935024429
34.77069091796875	-3.6909730434417725	0.9589046314301526
13.457262992858887	-0.2096124291419983	0.6172699013122078
27.911182403564453	-20.46556854248047	0.6977342256925732
28.988237380981445	1.107497215270996	1.169180336341345
-4.311566352844238	-10.3106689453125	1.2480785049460106
-24.072084426879883	-6.792411804199219	0.925063393609702
4.3709259033203125	-2.6162097454071045	1.3584782803101965
28.77085304260254	-14.340958595275879	-0.0166185945337209
-6.3054962158203125	-0.6011881232261658	1.1096485971790324
-4.610620021820068	25.27528190612793	0.6932180901724153
-1.2411985397338867	-23.66790008544922	1.2317174416204029
-3.359647750854492	-31.06329345703125	1.214302232306357
8.816842079162598	-0.0652434453368187	1.2769808341250533
-36.80706787109375	27.920265197753906	-0.1045771356552168
2.927088737487793	22.916793823242188	1.2422460413087453
1.0919151306152344	-9.324722290039062	1.4246648599795613
10.919248580932617	-4.030124664306641	1.031962515520274
49.162559509277344	-22.114309310913086	0.913600894762444
4.390995025634766	-6.9468841552734375	0.8283387149366058
-4.631815433502197	4.054693698883057	1.289878425144647
-27.696584701538086	36.13858413696289	0.7090264175963066
-4.242091655731201	-4.740332126617432	0.4285615573795722
-11.464232444763184	10.205613136291504	1.2915567394033869
-46.288238525390625	-15.785395622253418	1.523590376959188
-10.425177574157715	-32.78105926513672	0.9433662721456196
-14.843425750732422	7.182160377502441	0.3695335806719504
-37.610591888427734	16.68927764892578	0.6727196110473825
34.57122802734375	-16.553401947021484	1.1021318698266496
5.817459583282471	-25.420581817626953	1.524409515493808
-28.778446197509766	33.543575286865234	0.6825801137366224
13.766411781311035	-35.837947845458984	1.3827124354938176
17.51840591430664	-9.343999862670898	1.3854032560849887
-15.024026870727539	-6.458710193634033	1.072609926023978
-26.47083854675293	36.21670150756836	1.076990786302635
-34.28399658203125	-17.310413360595703	1.2287850831341756
-3.922790765762329	15.380017280578613	1.055867468643989
35.329341888427734	-24.082727432250977	-0.6809997624037939
5.986680507659912	-13.120096206665039	1.0902439570211402
8.918106079101562	-41.096168518066406	0.5819429053461115
-30.878074645996094	15.18950080871582	0.3567650423464216
28.825586318969727	-12.809794425964355	0.7466498216010925
-51.65160369873047	-2.3853213787078857	1.038422702198466
-37.13129806518555	-28.118112564086914	0.8758345576984933
-26.85292625427246	31.168014526367188	1.6037479392279128
-45.357322692871094	1.1883785724639893	0.3181576031850974
-51.845333099365234	2.0404975414276123	1.4065014971159653
-14.992188453674316	-10.338261604309082	1.132780292694005
-30.02988624572754	18.14340591430664	1.203481426063952
-5.998350620269775	-17.47454261779785	0.8147619395475376
19.473114013671875	-7.828488349914551	1.232161846161692
-21.15411949157715	41.00006866455078	0.6073836713582689
37.15635681152344	14.543701171875	0.6364489748503072
1.3046510219573975	-1.8744820356369019	0.4757286208055634
-24.658893585205078	-19.86880111694336	0.578980728965411
-22.659997940063477	24.274328231811523	0.3946682552897714
17.619586944580078	-9.040945053100586	1.3185135341241816
-34.033382415771484	-5.67372989654541	1.0184305135409049
6.904606819152832	-36.16733932495117	1.3051721378486638
4.6047468185424805	35.0703010559082	0.600477574351532
42.34804916381836	25.14825439453125	1.1020079094149282
41.75891876220703	-2.857375383377075	0.9738287275199002
6.872160911560059	43.12437438964844	0.7455351177271069
-13.915443420410156	-45.14996337890625	1.3682252013663967
3.063311815261841	35.78169250488281	0.8140340315430985
13.237876892089844	-17.56535530090332	0.9189992952849196
-14.083111763000488	-20.664091110229492	1.3010652021368034
27.658430099487305	36.43467330932617	1.0945889746084356
-25.605712890625	14.105819702148438	0.7117910198913553
-20.23285675048828	6.1505632400512695	0.6945753471031458
-15.70598030090332	-30.47903060913086	0.7387163271835286
26.143543243408203	-33.09819793701172	1.0282127159368866
-44.00838088989258	-0.1982206553220749	0.8058107875096063
8.571710586547852	17.88332176208496	0.7029949614262989
-37.460689544677734	27.977869033813477	-0.0302487585117184
14.490726470947266	-3.1761364936828613	0.7342924991071064
19.77298355102539	0.9197540283203125	1.029154044203986
-35.774044036865234	12.269893646240234	0.9335252667022438
-20.342947006225586	19.406435012817383	1.5236867435202135
13.70337963104248	-10.2692232131958	0.7650015630579692
-14.603032112121582	34.6793327331543	0.9954344356475852
9.281928062438965	-14.486379623413086	0.4871953920761377
-29.835559844970703	-8.667498588562012	0.7404219678161289
33.69900894165039	-30.70147132873535	0.7708772530382421
1.935101866722107	1.843757152557373	0.8065266284672337
-13.384493827819824	18.694669723510742	0.99634015106911
-34.905399322509766	-20.56362533569336	1.407349578073312
30.263702392578125	18.762737274169922	1.3020037082774345
-24.03093719482422	34.81947326660156	0.8678914363372183
-14.015535354614258	15.090869903564453	1.1265969384273826
-46.564414978027344	-2.5870907306671143	0.8020270521251478
-31.55744743347168	-23.641786575317383	1.0081853256928883
-14.356087684631348	2.637242555618286	0.8633124875054144
0.537062406539917	-3.6628355979919434	0.5678020653982099
-2.5387649536132812	16.905719757080078	0.7679801847976419
8.559176445007324	12.790597915649414	0.4905979196777912
-39.85969161987305	-24.74285316467285	1.3525975909153367
33.4177360534668	5.905153274536133	1.3392494622809905
-6.3263068199157715	7.05881404876709	1.2789200544346682
-46.102752685546875	19.76390266418457	1.0814097835681027
-5.284560203552246	-5.42458438873291	0.3050408983832348
-5.713206768035889	17.509777069091797	0.930908755490138
-40.677886962890625	-31.660282135009766	0.7542311410369132
27.919527053833008	-22.531641006469727	0.9582282735203648
-28.808101654052734	-12.92671012878418	0.3038596447419016
-11.182948112487793	-28.264440536499023	0.8184816208091159
-19.73004150390625	11.031671524047852	1.3607378308713145
-19.25849723815918	-27.423744201660156	0.6177420487588793
-20.196157455444336	11.782796859741211	1.5775181579136766
13.382678985595703	-30.294057846069336	0.3863367068507726
-19.765605926513672	-12.540735244750977	0.4585578100597801
-30.74936866760254	-29.56465721130371	1.0516245021643855
-13.048791885375977	14.697656631469727	0.8516716872035259
-6.142700672149658	-0.6260386109352112	1.1206016446740994
-33.598052978515625	9.17185115814209	0.9572178335243622
-21.975675582885742	-42.57325744628906	1.717691936468883
-21.049158096313477	-32.8950309753418	0.7725978263899415
-26.684358596801758	-32.37852096557617	1.3243283523841711
-18.13149070739746	-26.813364028930664	0.5817750581648704
28.909950256347656	1.1094985008239746	1.170162218975719
-5.123688220977783	-30.695947647094727	0.9386873207583412
-4.9252848625183105	38.69684600830078	0.675643508901385
-31.841773986816406	2.2677669525146484	1.1972309312031502
7.880884647369385	-13.663849830627441	1.061270588930827
33.75883483886719	42.98232650756836	1.5894726545248885
-24.092222213745117	1.0707759857177734	1.266513505375713
3.5081052780151367	15.45883846282959	1.4594226572767466
-36.96037673950195	8.528238296508789	0.6914585838268935
-46.15528106689453	6.301332950592041	0.7857061998137136
-30.190393447875977	4.38346004486084	1.543747838759448
-5.567724227905273	31.215551376342773	1.1069151948891005
-36.40947341918945	-31.442920684814453	0.8577464973418704
-19.998653411865234	-21.30531883239746	1.3274293385401637
3.7017364501953125	11.717789649963379	1.5451509258566145
18.69516372680664	-7.128804683685303	1.2968546735336786
14.908819198608398	22.957956314086914	0.752695496452164
10.21241283416748	38.0186882019043	0.863855017174287
16.428646087646484	24.823444366455078	0.7496639709781933
-14.256814002990723	-20.496549606323242	1.2317681488105356
-37.49639892578125	16.561798095703125	0.5893809716292802
-4.809773921966553	-7.887904167175293	1.2907876150828244
12.158719062805176	23.7627010345459	1.2859936493677877
35.64980697631836	3.297065496444702	1.50478964169142
35.2575569152832	16.562833786010742	0.9435917203057386
5.5447492599487305	-3.6788175106048584	0.7960356097183358
-46.269615173339844	-14.666481971740723	1.0400080744189366
41.669551849365234	14.277352333068848	1.183734705395361
-21.009729385375977	35.925025939941406	1.223194672764062
-47.72023391723633	1.7133256196975708	0.7114717866466684
2.733555316925049	-2.7541892528533936	1.022454140931944
6.033012390136719	20.941360473632812	1.1541920049950227
-2.452146291732788	2.484708547592163	0.7210683050041694
-11.93079948425293	45.822898864746094	0.8270153380525783
9.985135078430176	26.49016571044922	0.7410097029491015
-14.68381404876709	7.468514919281006	0.4758172454254801
-28.4787540435791	4.33015251159668	1.5219595933597432
-3.301105260848999	25.079757690429688	1.0307982635296773
12.530460357666016	-19.584653854370117	0.9382332024439204
-25.267627716064453	-19.07832908630371	0.549646999963392
4.051608562469482	1.108750581741333	1.2073072275982386
15.305439949035645	-4.303939342498779	0.7403661893495868
1.5292999744415283	12.22573471069336	0.8661062109849629
-10.219548225402832	1.9748716354370117	0.6051387232283658
-16.317584991455078	36.655975341796875	0.975703036185692
8.642692565917969	-12.580503463745117	1.5318860021078329
-51.47522735595703	2.0328209400177	0.6853741244797498
15.523885726928711	-5.4602251052856445	0.990421571693769
-3.4941859245300293	-14.122151374816895	0.7639033472024912
6.371506214141846	42.72209548950195	0.2577417956817966
-3.2116587162017822	-1.1867010593414307	1.1586148649726815
-14.670592308044434	3.3140289783477783	0.5482188567107004
2.223092555999756	6.234808444976807	1.2914359164908542
30.235265731811523	-26.668901443481445	0.2075362546096222
5.77569580078125	-14.278374671936035	0.3281832594479753
36.43748474121094	40.33474349975586	1.1584238489018606
-36.64130783081055	11.362370491027832	0.6679218544817307
2.687028646469116	-15.474564552307129	0.872989759986197
-28.73902702331543	-24.36016273498535	1.2450196476217807
-1.5722554922103882	-39.142818450927734	1.223479855813832
23.598546981811523	-5.958555698394775	0.8628393378398024
20.45037269592285	41.988487243652344	0.867861527658116
49.701656341552734	8.972334861755371	1.203030302227555
11.03492546081543	-16.30377960205078	1.2673694572667806
-10.44311809539795	-7.775166034698486	0.1780926861440533
19.319103240966797	-13.31368350982666	0.8797420727435564
26.629133224487305	-9.930646896362305	0.6256383513226349
29.242469787597656	34.595096588134766	1.1272728315537488
-26.125585556030273	-7.04818868637085	0.7747508745393502
1.4875812530517578	35.81415557861328	1.2074167828054132
-17.242904663085938	-3.695725679397583	0.5204873006187402
24.747631072998047	-32.23584747314453	1.2530452811279726
-38.135284423828125	27.47657012939453	0.5508923354510757
-32.7746696472168	-22.543685913085938	1.3397577635306697
6.858168601989746	-0.451803058385849	1.0007437798198997
1.2221179008483887	4.346884727478027	0.984280099159572
34.30739212036133	13.916831970214844	1.0416191235443335
7.850439071655273	-44.16867446899414	0.8729656497986447
-49.14183807373047	5.306081771850586	1.1771086091274992
-25.956283569335938	-13.212079048156738	1.0323270723600182
-19.397830963134766	45.999755859375	1.2527935357272475
9.172890663146973	-28.696189880371094	1.18492593541256
35.637420654296875	3.3116161823272705	1.5399914203961147
-18.18368148803711	-3.555288076400757	0.694783474585742
25.595645904541016	38.287208557128906	1.3115308383788582
30.966136932373047	16.615312576293945	1.0960932037009214
-25.402536392211914	-20.256202697753906	0.0220941872079336
2.9732892513275146	-31.37833023071289	0.9332414348935376
-15.798674583435059	-28.573606491088867	1.2168958308510347
-1.2013683319091797	-38.9855842590332	1.1151373557321718
-12.832131385803223	24.525367736816406	1.2211353978356472
-29.154722213745117	2.9492580890655518	1.6963329459972754
-12.254026412963867	46.914337158203125	0.8614730569699337
-15.243380546569824	19.569482803344727	1.3099309326243955
11.532747268676758	35.646854400634766	0.6072568766886204
37.68381118774414	-13.630615234375	0.9974128213117224
-26.561861038208008	16.05581283569336	0.6267085415611663
-20.0324649810791	-21.106700897216797	1.3274297245493836
11.652060508728027	4.467186450958252	1.2523865572201187
-2.1703786849975586	10.797698020935059	0.5815853455643952
-18.379650115966797	26.24970817565918	1.388694132956153
-33.57406997680664	16.44487762451172	0.4404266544873114
-30.542612075805664	-25.147361755371094	1.0705019809067855
30.121578216552734	0.30635374784469604	0.6888039586867118
-15.242535591125488	-30.804683685302734	0.7022459813469917
-9.938220977783203	-28.987625122070312	1.0980800945702094
3.1130762100219727	-19.14097785949707	1.2983883883487504
20.674314498901367	-22.615158081054688	1.173706240532608
25.037429809570312	1.2027965784072876	1.017964189992261
46.70915222167969	-1.555405855178833	1.283238175926155
13.757580757141113	-35.83867263793945	1.4634991536239164
8.747775077819824	-45.909549713134766	0.6750653073984862
2.1397292613983154	-25.075210571289062	0.4202225303083983
-3.923938751220703	36.03049087524414	1.2012741083239349
-8.78050708770752	-4.733485221862793	1.399033713708224
-1.7891967296600342	36.18391036987305	1.2048055215121354
3.3891210556030273	-20.285539627075195	1.1580444546630595
30.324453353881836	17.257490158081055	1.089599827523726
9.40046215057373	-21.93677520751953	1.0364116916761932
48.60015869140625	8.98882007598877	0.8752800930810523
11.003569602966309	36.6639289855957	0.5502297889842657
37.074100494384766	14.553993225097656	0.7393223885216886
-18.08806800842285	-41.34922409057617	1.652990903697615
-8.182324409484863	5.484301567077637	1.0227973638692935
4.521690845489502	-0.7134242057800293	1.1458329193486172
19.996185302734375	-6.04179573059082	1.2649608926283624
-25.50505256652832	44.898048400878906	0.6726045403479017
-19.025968551635742	-8.054642677307129	0.1602892409574607
-34.77054214477539	-4.132264614105225	1.1053623691358203
22.44354820251465	-1.9719587564468384	0.5301302944646052
-5.451542377471924	22.71792984008789	1.323434698452551
8.714858055114746	-45.842430114746094	0.4970483523860508
-7.049985885620117	2.240003824234009	1.1502555527501397
6.342618942260742	-24.053829193115234	0.4282091372246173
8.48287296295166	-10.17998218536377	0.7077718626072232
6.792355537414551	2.6013429164886475	1.0750729491659103
0.44055747985839844	31.64264488220215	1.2952310151233006
12.51803970336914	21.40660858154297	0.8699179168792188
-18.203571319580078	-20.49289321899414	0.9040894143303312
-12.621316909790039	32.51874923706055	0.3194240340872484
-38.20174789428711	6.327622413635254	0.5174098901680934
10.035100936889648	0.11085256189107895	1.27878923682372
-24.464221954345703	15.254678726196289	0.98301290665557
-16.57284927368164	41.15773391723633	1.4145198162113986
-2.781675100326538	7.161137104034424	1.2013097664305938
14.69904613494873	13.212162971496582	0.5516256723192017
9.002409934997559	39.75947570800781	0.5063304391174461
36.34735870361328	-35.96435546875	0.6824762727157335
-1.1577563285827637	-8.024856567382812	1.1591876011910682
-2.227919578552246	17.744972229003906	1.3072485601092227
-16.573747634887695	41.149940490722656	1.3610002184165306
-45.87318420410156	2.683210611343384	0.5996979505650932
-10.706496238708496	0.6442363858222961	0.7946918660890108
-4.729586601257324	3.899324655532837	1.3265247193336616
25.5499324798584	-11.962507247924805	0.7606416620422258
-4.571476936340332	31.636072158813477	1.4914071074711048
0.9329167008399963	21.070497512817383	0.8392236117971269
9.464369773864746	10.081476211547852	1.1308173380607145
28.36093521118164	9.147915840148926	1.254954171008501
26.216777801513672	-6.597412586212158	0.7070646818996978
19.465869903564453	-1.4247841835021973	1.1160313361458056
-23.005495071411133	1.7903395891189575	1.3414050498463768
-50.90441131591797	-1.7383558750152588	1.128672513575246
52.16363525390625	-5.450750827789307	0.740182986364902
-7.257092475891113	-43.5781364440918	0.9122373790324316
-24.623050689697266	-5.885928153991699	0.8456155169432256
10.240022659301758	-26.5947208404541	1.0082738744307609
-25.37033462524414	-14.504830360412598	0.8418144006031818
17.658004760742188	-2.1444690227508545	1.0571653803219982
26.866687774658203	10.857503890991211	0.6166229208229326
33.04030990600586	9.68663215637207	0.3623680538928315
0.9115257859230042	-8.871777534484863	1.2648515508414269
12.123887062072754	-2.9093217849731445	0.7651579899695975
-34.54951858520508	-4.671664714813232	0.9570514604717968
-14.001264572143555	-38.993770599365234	0.8890673284864149
49.17645263671875	-22.061477661132812	0.8559440974802383
-38.3104133605957	17.604646682739258	0.7289336045816145
23.988590240478516	29.053695678710938	0.9165444904458088
16.581998825073242	18.01805305480957	0.7362606312876588
31.31770133972168	-13.935441017150879	0.4907604727850579
-19.906776428222656	-8.170873641967773	0.5989979764217267
-18.733922958374023	-20.568410873413086	0.8938660606308354
-7.015450477600098	12.13364315032959	1.4398823285225255
-51.81476974487305	-2.559469223022461	0.9694077911301152
8.548791885375977	18.002227783203125	1.0568785824456337
19.85700798034668	-28.389028549194336	0.9502175238981936
-24.370820999145508	-4.309553623199463	1.358582206976043
-18.36817741394043	-10.362167358398438	0.322638088022067
-7.3019537925720215	14.536930084228516	1.3178476762359148
33.75957107543945	42.97998809814453	1.504165338806582
29.199254989624023	17.653738021850586	0.9777375159896712
2.9853410720825195	-10.51370620727539	0.2675452295674608
6.802372455596924	-2.6516146659851074	0.825636367889285
44.872886657714844	23.443002700805664	0.7742712989429182
8.73993968963623	-9.0026273727417	1.11202420909247
-20.20110511779785	12.103413581848145	1.5457291375570907
-33.54954147338867	11.647520065307617	1.1923290316432766
5.773286819458008	-9.982572555541992	1.107775194350136
27.649188995361328	22.64080047607422	1.317349382809923
-14.843847274780273	-30.06117820739746	0.9590849824759904
20.478076934814453	-8.7775239944458	1.2452299598397008
-36.135982513427734	5.015562534332275	0.9805850095266108
47.8019905090332	10.853418350219727	0.8681575291127738
30.50467872619629	19.710887908935547	1.1586771151826316
-24.2165470123291	-18.875751495361328	0.1498087118350919
-10.203638076782227	-19.365013122558594	0.6531755920748632
25.01374053955078	1.2376282215118408	1.019153280013369
-20.375883102416992	20.80057716369629	1.472172497196834
2.792124032974243	-7.892006874084473	0.9346366647983771
-24.356779098510742	43.428375244140625	1.0431724495225914
-18.81426429748535	-0.13336044549942017	0.7902363894423199
-2.5045363903045654	-4.905101776123047	1.0356517419789004
-32.724464416503906	-14.7391996383667	1.1965435693704247
-30.715293884277344	-29.184762954711914	0.7939572353154051
-0.7725417613983154	0.3606000542640686	1.2500807757567567
-25.076257705688477	24.209232330322266	0.2472296781942442
-24.931833267211914	43.7658805847168	0.5696940254334754
-45.61017608642578	19.78632164001465	1.161269768352606
41.538780212402344	6.2058610916137695	1.2316724443799392
-5.475222587585449	-1.9658756256103516	0.9697678056735022
6.269128322601318	-5.485342979431152	0.9355673609309562
-3.8459348678588867	11.062994956970215	0.9926915457753462
-3.2668726444244385	14.187284469604492	0.5353526753617542
-11.05748176574707	10.50609016418457	1.3005226527519584
-8.822595596313477	46.870052337646484	0.5871963024877157
2.2697818279266357	19.6704158782959	1.0712289320791153
12.678374290466309	-31.676193237304688	1.2306027038062213
12.532767295837402	-13.858674049377441	1.0940785876849226
3.90604829788208	1.1652402877807617	1.2387294106238664
-22.787887573242188	24.250873565673828	0.5342807592880184
-8.033452033996582	20.345117568969727	1.0670652238674334
-31.620275497436523	19.0393123626709	0.8628512063311616
30.35612678527832	-4.629322052001953	0.0363811778241552
22.378944396972656	9.855341911315918	0.937557675389642
14.886859893798828	-14.511815071105957	0.4931494198184468
28.332042694091797	-8.135579109191895	0.580228070777161
-7.80357551574707	-11.54382610321045	1.3803297004792368
20.497699737548828	-18.37278175354004	1.00406644738478
12.155747413635254	-31.41532325744629	1.2966115530560538
-12.218364715576172	4.827447414398193	1.0705797900919083
-11.923514366149902	45.740970611572266	0.6253987352709235
40.948116302490234	3.4652206897735596	1.2131966952550886
-10.575915336608887	31.33287239074707	0.876472343009645
-2.8949661254882812	-7.365396976470947	1.25926454935172
7.347970962524414	-17.770889282226562	1.2458484145696216
-4.939184665679932	24.664932250976562	0.9675791092944638
-0.0036004353314638138	7.366218090057373	1.0200915568718154
-12.348906517028809	19.67577362060547	1.0746740018645615
-0.07818793505430222	-0.9779325127601624	0.7702379247759855
-9.38183879852295	17.94505500793457	1.067617790440931
-36.41526412963867	12.641488075256348	0.2182719677527611
14.149632453918457	-25.005956649780273	0.992393272929583
26.771997451782227	-2.505129098892212	0.3413077573951855
21.41602897644043	23.739999771118164	0.7003627018588598
-15.763846397399902	-25.30834197998047	1.0357590459370585
22.375333786010742	3.1972622871398926	0.5929046744235896
-6.008848190307617	9.671625137329102	0.0210354900453338
18.79846954345703	-2.9797539710998535	1.2775627022537723
-0.35208550095558167	-38.56895446777344	0.1881434311101532
-7.675986289978027	10.440320014953613	0.960793235073185
35.55134582519531	-3.5547544956207275	0.6184863605085886
10.22234058380127	26.089017868041992	0.2981209663073437
-0.8994527459144592	3.9669463634490967	1.339762299821269
19.014427185058594	-16.989614486694336	0.716981031662901
25.36284828186035	-16.98719024658203	1.0438892533207142
-46.24873733520508	-20.91423797607422	1.4663446438321872
25.29479217529297	-10.415997505187988	0.8626823691305835
41.555206298828125	6.2519731521606445	1.295428627441266
2.9068102836608887	20.29018211364746	1.2798025559463853
14.967549324035645	14.789752006530762	0.8641604829730485
-11.96370792388916	26.145103454589844	1.000706725260992
21.936216354370117	28.319414138793945	0.9962584826163632
-17.738483428955078	-15.915313720703125	0.6446746674521234
-11.579780578613281	-38.04298782348633	0.5666070787078377
24.368087768554688	5.862240791320801	1.05500887290835
26.139028549194336	-3.8524396419525146	0.6091230783409088
-34.130592346191406	19.209890365600586	1.2854876362837508
5.14218807220459	11.945755004882812	1.2025303916297678
33.02507400512695	26.123714447021484	1.145495189225195
-24.501550674438477	1.366843819618225	1.2661882375485505
-22.368093490600586	41.02396774291992	0.6242125413833115
16.891618728637695	0.26940590143203735	0.988307627659302
0.7225589156150818	0.4010656476020813	1.2481066966594343
20.69234275817871	14.39126968383789	1.3491901132076456
29.889938354492188	-27.168973922729492	0.6240267959732393
-35.02544403076172	-21.803625106811523	1.3992437645779063
16.16765022277832	20.30122947692871	0.4830756116069108
-13.777631759643555	-3.3900668621063232	0.5912642389383647
-10.683328628540039	-16.077756881713867	1.0878350884430985
-1.2196223735809326	-21.072784423828125	1.3637785512365612
35.278297424316406	16.511016845703125	0.9066386760236838
-9.934410095214844	-23.931480407714844	0.927464149944118
-0.3429916203022003	-14.64243221282959	1.0380530936864574
-10.580066680908203	-15.985658645629883	0.5641133705311452
-3.9967563152313232	0.9371762275695801	0.5492246620002066
25.0489444732666	18.890626907348633	1.4451735431051411
-42.401527404785156	-17.904186248779297	1.2782650422440276
12.994138717651367	10.888652801513672	0.1180688218831483
15.968214988708496	-24.49810791015625	0.0515674670418107
6.323383808135986	-21.793132781982422	0.1927482771754821
9.40311050415039	15.188628196716309	0.686408817702561
-13.970013618469238	19.80839729309082	0.9779299603405346
-19.744102478027344	35.33567428588867	0.8939847845664047
19.34893798828125	14.661470413208008	1.1249528879688582
-32.69522476196289	16.216873168945312	0.5561203529415534
-33.123958587646484	-15.696000099182129	1.084549013183868
17.81972312927246	10.766766548156738	0.9208377127942404
3.0887887477874756	33.53128433227539	1.0221514804805103
19.374216079711914	-2.61100172996521	1.2575210954257017
-9.670295715332031	11.449331283569336	1.0391221790725085
-19.226512908935547	11.830999374389648	1.360122552834736
-33.50471878051758	16.45779800415039	0.5501803591557486
29.428466796875	-28.402191162109375	0.3099727277322727
3.0619828701019287	-1.8469351530075073	1.2976770575230256
50.09244155883789	6.501003742218018	0.8030654740886721
-34.49320983886719	-20.030357360839844	1.126975987913823
-14.054157257080078	-17.28199005126953	1.190652112824175
-23.06562614440918	44.282508850097656	1.0051665797519864
38.2980842590332	12.011795043945312	0.5553391893335696
14.382094383239746	-2.3756120204925537	0.4951194213130371
28.80030632019043	-31.77450942993164	0.3375905555542161
-10.743596076965332	-24.73293685913086	0.6468130837972103
-2.9357471466064453	-46.05179214477539	1.0855545624508602
-0.4195992648601532	-17.961410522460938	0.176273563636096
29.199432373046875	-31.70180892944336	-0.8299540061079055
-2.13126540184021	5.916930198669434	0.8020860280268017
-22.086957931518555	-15.287961959838867	0.7759084796337272
-15.808515548706055	-40.00776672363281	1.204749756838812
-28.191762924194336	-0.15061400830745697	1.171897480274997
18.742076873779297	-1.0038527250289917	1.2073678283410314
-28.31449317932129	12.013193130493164	0.613323367146897
8.956974029541016	5.684999942779541	1.31249241442925
-7.508552551269531	-10.455061912536621	1.228237512378032
-22.81659507751465	4.967763900756836	1.2712940693642512
22.426237106323242	-1.9757013320922852	0.5749089517619606
10.777883529663086	-16.301118850708008	1.442291778282269
-2.026456594467163	24.86798858642578	0.7388464449738429
-9.579410552978516	12.25107479095459	1.2821700310290816
-46.217830657958984	18.860055923461914	0.6805073343622068
-10.864092826843262	-24.02582359313965	0.9914607778415844
-3.4604482650756836	-12.691347122192383	0.752869282718183
-22.05876350402832	5.832519054412842	1.2131479647637753
17.026945114135742	-18.76302719116211	0.8298447542529214
13.67612075805664	7.9982500076293945	0.8927960390228743
-30.338743209838867	-25.031536102294922	1.4151436661691452
42.66050720214844	21.8037166595459	0.2634194688093076
12.805607795715332	-19.40760040283203	0.9216026517572096
24.94232940673828	-13.09776496887207	0.7732757508967896
21.122175216674805	-9.579764366149902	0.8338798741385354
18.74626350402832	-30.950759887695312	0.7763630551229123
20.926158905029297	14.365791320800781	1.0717406298752337
21.627954483032227	25.49538803100586	1.1037133209613703
-7.6214752197265625	10.386832237243652	1.035553650045542
-23.018775939941406	4.72899866104126	1.369494360601747
-14.761971473693848	-37.592689514160156	1.4983388949530012
-46.94602584838867	-2.639604091644287	0.7099827614376155
-30.998878479003906	4.553130149841309	1.2417944842508164
35.616329193115234	17.769502639770508	0.7260628081616278
20.466022491455078	-18.346887588500977	1.065067255052621
2.120558261871338	34.72389602661133	0.6914969223129543
-36.99216842651367	6.941747665405273	0.8002331182715449
20.46017837524414	-23.235490798950195	1.067283948777856
-11.038040161132812	-0.5618551969528198	1.1399948520868135
1.5987937450408936	-29.36184310913086	0.9370890270844549
-46.59210968017578	-3.0703399181365967	0.6723843067329273
-4.332503318786621	7.408134460449219	0.8165702733791452
12.294787406921387	-5.10324239730835	0.7343525434047242
-15.897506713867188	-23.936813354492188	1.416721736179969
-10.204487800598145	-23.737621307373047	0.97514933100927
-12.556463241577148	-4.486521244049072	0.170673245481295
10.919057846069336	34.409019470214844	0.9218739300730548
2.7332916259765625	-15.443016052246094	0.8650901800398885
19.283702850341797	-29.40731430053711	0.837030640054128
42.77729034423828	21.87403106689453	0.5387750078694913
27.585168838500977	9.690631866455078	1.247306728311856
4.082841873168945	19.376691818237305	0.2066927463871795
-25.949493408203125	16.617494583129883	1.0247076713609091
18.53629493713379	-0.7354417443275452	1.1265031267086778
0.5114597082138062	1.5206623077392578	0.9283945083145392
-38.593711853027344	-12.642498016357422	1.186521562089522
-36.71756362915039	-30.252212524414062	1.0924073747167442
-49.414764404296875	2.6868200302124023	0.6387236750743516
-38.47621154785156	-12.435033798217773	0.9815834314846856
-7.791008949279785	-4.678300380706787	1.215140920888111
-1.2141820192337036	-23.724334716796875	1.2904311310593577
-26.13138198852539	30.701379776000977	1.4702972068508515
24.361446380615234	-6.017400741577148	0.8413758743886828
17.93375587463379	-16.002225875854492	0.696354068665343
-28.91990089416504	-8.341509819030762	0.8792576055230952
-16.120140075683594	-13.970964431762695	1.272834705736158
10.311062812805176	-2.3595008850097656	0.6314562248995995
9.305537223815918	-6.178983688354492	0.2080272591803071
-24.897708892822266	3.388448476791382	1.0218091185532596
42.66836929321289	-12.27091121673584	0.9860125232834128
-43.87340545654297	1.988417387008667	0.7783290473752018
41.76483154296875	-2.8588500022888184	0.9785626728635386
-33.02052307128906	-11.019932746887207	1.1108389899665565
-19.495676040649414	2.600572347640991	1.4835298033154165
-18.616336822509766	13.167016983032227	1.3618536421416203
-33.57904815673828	-19.405460357666016	0.4077450848866776
-21.575180053710938	-40.924381256103516	1.6516024591313594
10.020519256591797	-4.868029594421387	1.0031231378015957
-20.186017990112305	-22.42722511291504	1.1253579411914545
44.99441146850586	22.747041702270508	0.7584562557267914
-31.335628509521484	-0.7232992649078369	0.8239470423683328
-0.2818545401096344	2.837592601776123	0.8992250044768527
-33.68077850341797	9.214909553527832	0.6345014341072143
8.2753267288208	-23.258028030395508	1.6646287098520305
32.582427978515625	21.883121490478516	1.1219165864520213
-24.4692325592041	45.51129150390625	0.5815029026513242
-20.604082107543945	-6.3195953369140625	0.8960195778483513
9.384909629821777	-21.936782836914062	1.0001467368376094
11.482587814331055	7.055556297302246	1.483364017730762
52.162017822265625	-5.428366184234619	0.5800793908304113
26.484262466430664	-35.13332748413086	1.0686699970257
26.398475646972656	-4.421570301055908	0.8055873098059432
-6.831876754760742	6.040840148925781	1.4282951755622235
-0.008444641716778278	14.373824119567871	0.2188246323570948
-8.956192016601562	46.8337287902832	0.5717954986541729
29.108675003051758	-11.644588470458984	0.5777737335248377
-13.744715690612793	18.036724090576172	1.0590730694253592
2.748262882232666	11.713961601257324	1.0655149186924522
-23.400468826293945	45.35516357421875	0.932556047707688
16.816896438598633	-4.97415018081665	0.95780532759745
27.310049057006836	-26.005523681640625	0.940208421992808
-46.37601089477539	-13.009383201599121	0.8836177994305138
14.904288291931152	38.68642044067383	1.1462759906655766
20.624910354614258	-37.96717071533203	1.1173760177921674
-23.093429565429688	45.48802947998047	0.8189750889619711
-6.936390399932861	6.067007064819336	1.265216067721084
28.713895797729492	35.30677032470703	1.2019405901313978
36.34210968017578	-35.95340347290039	0.7497886044737294
-5.8764519691467285	25.111682891845703	0.9764978857800354
15.405040740966797	2.8617923259735107	0.9009150801998288
3.190335512161255	-30.415796279907227	1.001811930316744
3.8730573654174805	3.0850765705108643	1.128899499818815
10.264886856079102	16.7537784576416	0.7604987677005229
9.671345710754395	1.2474558353424072	1.0654251675382356
-22.143848419189453	-15.209792137145996	0.5207823065016851
-30.12286949157715	15.490131378173828	1.0382914544466606
-11.756391525268555	-38.083961486816406	0.9941526305833824
5.919022083282471	1.851380467414856	0.7726251348376132
-11.5564546585083	4.720614433288574	1.096604759343272
-40.09226989746094	-24.98680305480957	1.3592597667737112
7.430723190307617	-6.69548225402832	0.3728128886885146
-4.990414619445801	-17.185752868652344	0.7976677882414611
-20.697948455810547	-12.472702980041504	0.5039435355226289
12.392719268798828	22.596485137939453	0.7826756701370029
0.4045602083206177	-12.912821769714355	1.5246164262746618
-35.140533447265625	-2.5806517601013184	1.0799180888531468
33.284637451171875	-18.70224380493164	0.1945792902795526
21.45794677734375	24.08552360534668	0.6601477179699361
16.447599411010742	19.41629981994629	0.9122758577587056
15.443568229675293	32.43001174926758	1.2121905087283336
-11.438679695129395	-7.624147891998291	0.621520133292815
-18.377559661865234	26.247465133666992	1.4119041907605083
-10.461479187011719	-32.72125244140625	0.870886062874332
-37.91518020629883	12.407150268554688	1.0640422782835224
-7.055706024169922	-7.213016986846924	1.2436621466313458
36.43747329711914	40.33109664916992	1.132002075299987
24.890501022338867	-13.220681190490723	0.7400102380105084
-38.03522491455078	-11.575045585632324	1.1608403910852434
-45.70941162109375	18.838659286499023	0.76826098428106
-18.1713809967041	10.725948333740234	1.514886310852107
-4.95965576171875	26.440692901611328	0.5615078151512519
41.01583480834961	-16.79581642150879	0.8696228199189082
-8.971999168395996	9.508391380310059	1.3359456510955914
0.4842638671398163	-5.855524063110352	1.2366559379801934
-28.230388641357422	5.948693752288818	1.5122412978355215
-36.31004333496094	-16.54526138305664	0.5385586695494377
-25.0966854095459	-26.043542861938477	1.419855409428413
10.787605285644531	-10.289814949035645	1.3768764533418234
22.175033569335938	10.249241828918457	0.7993065076526851
23.19852638244629	28.541236877441406	0.5852944313599738
14.294281005859375	12.656899452209473	0.2423933288374102
33.71357345581055	-30.710983276367188	0.8532191310752026
-40.715232849121094	-31.679174423217773	0.7096509004639739
14.502799034118652	31.681798934936523	1.370152055909352
3.8944945335388184	3.24251127243042	1.2151817070165525
0.858337938785553	8.180578231811523	0.2310206070099198
6.415024280548096	-24.0364933013916	0.5617352024974761
37.69136047363281	-13.602688789367676	1.0364395578357626
-3.7326579093933105	-10.943563461303711	0.9497370031648952
3.3161253929138184	21.35116958618164	0.5194299824615334
-5.2669878005981445	15.52307415008545	0.8212546855212153
0.07106465846300125	29.853015899658203	1.0810212982348766
4.088932991027832	5.771937847137451	1.003074415959351
13.658957481384277	-0.19946253299713135	0.1435389827347701
23.763893127441406	17.880456924438477	1.5143513399649473
-1.9977998733520508	18.598909378051758	0.9579172637838947
-5.508662700653076	31.234375	1.122078979146222
24.464414596557617	-33.52791213989258	0.5712460301922533
25.97620964050293	4.7970662117004395	0.8950791302811333
-4.079896450042725	-21.795225143432617	1.417853234373187
-33.71695327758789	19.82316780090332	1.1504531523724864
17.05595588684082	-18.754911422729492	0.8914041703484951
14.518135070800781	4.550634860992432	1.471686206019029
41.65871047973633	14.272958755493164	1.035104274086479
35.25565719604492	4.707805156707764	1.3120946275535512
-20.80293083190918	-11.33991527557373	0.276481842898068
-48.064453125	3.2701146602630615	0.7761379248341088
-19.26719093322754	-27.436899185180664	0.8022602880698472
-3.5903778076171875	37.32558822631836	0.6868854741989421
-25.9195613861084	18.21775245666504	1.2463502783340674
6.377197265625	26.952701568603516	1.1006667118124465
-7.890279769897461	-11.534344673156738	1.5441978662774754
1.9154505729675293	-0.15997618436813354	1.1693628588600198
-31.283090591430664	-0.6223313808441162	1.2608703385608258
-21.048669815063477	-32.902984619140625	0.8625890227403626
-32.35834503173828	-19.301382064819336	0.2829643380841156
24.45494842529297	-9.596129417419434	0.3673497215536714
-11.66451358795166	9.340666770935059	1.174116648351635
18.116140365600586	-2.265054225921631	0.9786194132736784
-28.47332763671875	-36.42045974731445	0.8957705463970447
33.10258865356445	25.560590744018555	1.2987018107863608
-12.328063011169434	17.061986923217773	0.6408860269418383
49.79160690307617	-20.673946380615234	0.483272271792832
32.83742141723633	6.343217849731445	1.2475899718952046
-14.359556198120117	-44.88890075683594	1.418756259083609
-21.736305236816406	-11.441795349121094	0.4057044316751403
25.763643264770508	38.14324188232422	1.2400618764455416
8.565301895141602	15.099695205688477	0.7298364067398091
15.888072967529297	-7.253962993621826	1.291137475099433
-13.869650840759277	8.686567306518555	0.7729794014495116
-10.179403305053711	-19.359872817993164	0.6726720691922375
40.55311965942383	2.8363802433013916	1.1806974779921744
1.102522850036621	-37.50417709350586	0.907113938146948
-49.21195983886719	1.7854083776474	0.6647503365207699
-14.91443157196045	18.321271896362305	1.4913052616854183
26.532394409179688	-32.93119812011719	0.9447129900771972
13.599998474121094	-10.208230018615723	0.6264638492072715
4.294783115386963	-8.803654670715332	1.045336410129576
-17.190332412719727	38.18101501464844	0.9035408186692062
9.038230895996094	-8.478833198547363	0.9757496852841212
-15.837904930114746	-23.987672805786133	1.2532852282772202
-4.357793807983398	38.63164138793945	0.8791499945426708
-4.622003078460693	-24.70503044128418	1.083219999488789
28.468994140625	-7.211416244506836	0.4551623383613877
41.829986572265625	24.73543930053711	1.201831662882059
-3.2766077518463135	-19.248701095581055	1.5163260459752257
13.569220542907715	-14.200630187988281	0.6067920021344952
-10.063275337219238	-1.4194658994674683	1.272654364691019
-15.253561019897461	-29.764869689941406	0.9640396053125928
47.490806579589844	8.303556442260742	1.2091561849217545
15.977518081665039	-41.648075103759766	0.680408598687157
4.062659740447998	-43.83294677734375	1.4713303416954508
-21.781740188598633	-40.35215377807617	1.62657650255436
-12.805277824401855	25.81523323059082	0.981859040830945
-24.34480094909668	24.15730094909668	0.1853832615593735
-20.34026336669922	19.495384216308594	1.542123981390931
12.360926628112793	22.24390983581543	0.2427332670363127
8.0479736328125	6.8295769691467285	0.7155910779275896
29.80874252319336	11.81058120727539	1.375672759659557
31.416982650756836	-8.380768775939941	0.3857010036490211
4.675563812255859	34.89237976074219	0.7103300544465838
12.455899238586426	1.910146951675415	0.982142278152718
-46.33633804321289	-20.994050979614258	1.3486669639113469
-27.28652000427246	-7.8977460861206055	1.1518376891419153
10.652562141418457	32.77113723754883	-0.2844605658392262
-28.004945755004883	36.1884651184082	0.8752010350199622
49.69386672973633	7.610620498657227	1.0005754550970312
20.936569213867188	-21.805078506469727	1.0586596542509668
-15.768235206604004	33.98097229003906	0.6285651570922861
4.733539581298828	0.274837464094162	1.2598925269182657
-27.333477020263672	31.21305274963379	1.602542693328785
-35.70207595825195	-16.77934455871582	0.9657762415802842
27.87375259399414	17.15150260925293	1.2812564041284065
20.62128257751465	-37.96060562133789	1.05483208206192
10.099318504333496	9.567261695861816	0.7586938884336155
-7.39489221572876	-13.320611953735352	1.127396519564258
-28.310277938842773	11.993420600891113	0.83118310221727
-29.822046279907227	17.955963134765625	1.2592091875579554
27.104433059692383	16.836593627929688	1.0401905815769752
12.062837600708008	-9.609508514404297	0.9286310077127812
25.25275993347168	-22.518033981323242	0.5333332152783173
25.271194458007812	28.73731803894043	0.9146507730327348
6.299010276794434	-8.064217567443848	0.6266391501559246
-10.38436508178711	-29.958202362060547	0.6009441037087082
14.957756996154785	30.865676879882812	0.9250291690050976
-31.134536743164062	-13.375594139099121	0.724337319539307
24.4971981048584	-16.273475646972656	1.0034752218546026
-25.046964645385742	35.44074630737305	0.5591748368532128
-17.854557037353516	10.07509708404541	1.4802295289289242
6.753853797912598	44.05757522583008	0.9257842701575348
-13.23793888092041	39.47480773925781	1.140848280364812
33.026214599609375	9.690489768981934	0.639094039446846
-3.552410840988159	10.915138244628906	0.9277875419907552
23.923006057739258	2.859123468399048	0.3553787995407245
37.678733825683594	31.5900821685791	0.5470135940152988
3.813764810562134	8.747125625610352	1.3018405110921458
-23.782203674316406	-4.601864337921143	1.2723179371729243
-18.654447555541992	-16.489055633544922	1.132599418642047
-36.44011306762695	-21.08375358581543	0.8948019896170777
-33.01313018798828	-11.024809837341309	0.6617661642848313
-7.2626495361328125	-43.56694793701172	0.7454520409005747
-28.878021240234375	33.427757263183594	0.692853338282637
16.37520408630371	24.767812728881836	0.7774025757445433