x	y	effect_size
-22.56212615966797	-3.217808723449707	0.4458409782405517
-23.196754455566406	-4.113636493682861	0.6065047733037559
-32.48448944091797	-10.715066909790039	1.1939903005987498
-32.84428024291992	-9.875357627868652	1.1869678779302828
-22.070602416992188	-3.5733389854431152	0.8061577736353349
-20.262840270996094	-1.7609707117080688	0.584574236316176
-44.326019287109375	6.011844158172607	-0.7696260189838607
-39.88465881347656	-5.523334980010986	0.8974941907736466
-35.714744567871094	-11.748909950256348	1.0813478150479443
-34.29533767700195	-8.484000205993652	1.044960741823864
-26.395450592041016	-6.123485565185547	-0.3167640152074722
-29.10798454284668	-7.336043834686279	1.0110443287654238
-25.29566764831543	-8.165281295776367	0.1072706100094269
-34.72548294067383	-9.313852310180664	1.1671643279841255
-30.676719665527344	-5.425063133239746	0.1867385828910225
-20.897830963134766	-1.5768812894821167	0.5207526322990174
-31.02655601501465	-5.823486804962158	1.0282189805360176
12.649626731872559	32.93132400512695	-0.1780247239300738
-47.70540237426758	-4.1296281814575195	0.1392516981240668
-36.89717483520508	12.254045486450195	0.6106454644906624
-46.87120056152344	10.814651489257812	0.7124038232444717
-44.257747650146484	0.7662954926490784	-0.1367292981230808
-45.894920349121094	-4.026991367340088	0.7735947915436746
-47.50498962402344	-4.954237461090088	0.5219341424804771
-44.94609832763672	14.764204025268555	0.9584887360528624
-32.292335510253906	-11.371322631835938	0.8945089927141275
-41.012516021728516	9.997000694274902	0.691678171531924
-7.198780536651611	-2.288163900375366	1.0130721945153591
-28.283388137817383	11.960489273071289	0.6724089424471754
-44.065677642822266	14.651192665100098	1.3096248328655031
-49.200138092041016	5.861120700836182	-1.560817321737551
-49.06120681762695	-3.9977946281433105	0.1567949625395248
-48.44072723388672	-5.674769878387451	0.1861924423095511
-39.51325607299805	8.408275604248047	0.8997187448433502
-51.42582321166992	3.430978298187256	-0.6085469765040775
-48.154659271240234	-2.6599061489105225	0.0034692914059541
-45.561946868896484	0.2634272277355194	-0.6172404990146473
-39.96919250488281	-4.170538425445557	0.9011048685136424
-48.976158142089844	-1.9171879291534424	-0.5013174520153807
-48.06071472167969	7.831151962280273	-1.083383540011188
-48.469398498535156	5.12982177734375	-1.2035239255798318
-50.68220520019531	4.056365966796875	-1.2138540578855257
-47.441184997558594	9.71976375579834	-0.8890637306201241
-49.6109619140625	4.7484893798828125	-1.3126587322545658
-48.61204528808594	6.5508503913879395	-1.1896741865277214
-50.28900909423828	6.53346586227417	-1.144097818544601
-4.031864166259766	2.92771315574646	0.932444941740639
-10.426011085510254	-1.55026113986969	1.0170934216844338
1.249922275543213	-1.4761418104171753	0.7150851878700661
29.87681770324707	-1.7703529596328735	0.4660228177951179
-2.7727978229522705	2.7114202976226807	0.7144251359219861
0.5759420394897461	39.406349182128906	1.4207840880321614
11.971137046813965	-31.309429168701172	0.1013419806262798
5.38749885559082	3.02349853515625	0.9141509204410574
4.1043171882629395	-8.979857444763184	0.8230850126332716
16.167877197265625	26.59048843383789	0.0528061060439431
-17.410314559936523	-0.184604212641716	0.5201596742530256
33.712127685546875	26.54393196105957	1.2913429092609334
3.7942190170288086	-33.49663543701172	0.7805782609344081
4.6434645652771	-19.386226654052734	-0.6808541896387083
35.120174407958984	-27.893518447875977	-0.1211506806424351
-33.86532211303711	-33.938785552978516	0.2942918138382241
-10.590510368347168	-14.525643348693848	0.9039305038194756
-9.790552139282227	51.30312728881836	1.5298411013371087
36.793521881103516	1.7387548685073853	0.3793933377529503
3.03383469581604	-24.84256362915039	0.6881136770432695
2.428579807281494	4.044920444488525	1.00903494744028
8.90758228302002	-8.736432075500488	0.6841731291438763
16.17545509338379	26.58778953552246	0.076132888943596
23.744752883911133	-0.1361699402332306	0.2428189723090393
7.380654335021973	-15.529278755187988	0.5898473549125469
-7.731527805328369	9.473376274108887	1.0064518611766056
38.51885986328125	-9.407899856567383	-0.0467684976270975
5.528289318084717	20.937435150146484	0.064391888227525
-2.632255792617798	38.254573822021484	0.9941170855568464
2.291048765182495	18.383331298828125	0.7331221839155954
-13.391460418701172	22.278318405151367	-0.0026562613821567
-1.8204567432403564	1.7407708168029785	0.5873205701404253
26.591344833374023	-12.244023323059082	-0.2785178016112944
-3.3014204502105713	39.04632568359375	1.0786366110729515
31.363740921020508	16.301267623901367	0.8949044116010518
47.6796875	3.9658374786376953	0.366026127457922
30.386842727661133	-13.013922691345215	-0.0622740373445683
37.46442413330078	-28.490571975708008	0.3108145613116637
-7.325706958770752	41.31243133544922	0.8346552529027133
18.420562744140625	32.565486907958984	0.3719610583280433
36.47194290161133	-24.19467544555664	-0.4030764941389465
3.8354833126068115	-19.868364334106445	-0.4083815619441637
-13.72065544128418	-16.748767852783203	1.1351132489148077
32.623470306396484	11.299464225769043	1.2600275765316356
-4.654516696929932	-12.655823707580566	0.5051340550966201
14.094842910766602	-6.903014659881592	-0.0154736018017643
-9.045082092285156	-35.10476303100586	0.865670845309014
4.112030029296875	-24.936534881591797	0.8303533548774779
24.2579345703125	-5.074917316436768	0.4517621297895111
-15.242819786071777	12.203386306762695	0.627038142637281
25.229108810424805	21.045991897583008	0.8337939274696675
-3.042539358139038	1.1269818544387817	1.1970119756981634
-18.671844482421875	30.9073429107666	1.270071615736926
20.51798439025879	-14.44680118560791	0.746083655023126
29.909212112426758	13.112855911254883	1.2102709961864555
39.067813873291016	15.606444358825684	-0.2106786182455329
-3.7729930877685547	5.12778902053833	0.7093325618774062
14.510176658630371	14.522027969360352	0.804452641266646
-9.825505256652832	51.31087875366211	1.5303194346711084
-6.794186115264893	6.911059856414795	0.8401208843779362
-27.780319213867188	-15.847673416137695	0.8001030949320642
-6.59650993347168	16.107929229736328	1.1010368004957924
-38.13612747192383	18.331459045410156	1.2344532600268745
23.24283790588379	40.662818908691406	0.6038419637743928
-13.442644119262695	-12.79476547241211	0.9673602584111188
3.746262311935425	-32.182891845703125	0.2049843296334216
13.13534164428711	-32.104801177978516	0.6429730468758794
10.8386812210083	-20.763221740722656	0.6243597619176727
-1.597232460975647	2.880711317062378	0.3480522358911576
14.097686767578125	7.319133758544922	1.0637769735794764
3.1631879806518555	30.757366180419922	0.268338936980998
35.348670959472656	-25.302242279052734	-0.2345845542025049
14.955791473388672	16.16948127746582	1.37275918374057
-15.206108093261719	12.178814888000488	0.8182098582107143
-22.096023559570312	-14.301351547241211	1.064368548317584
2.6322669982910156	8.727766036987305	0.4609424593550094
-1.0272642374038696	-48.27275848388672	-0.1173276289236617
3.0760693550109863	7.5575032234191895	0.7423383213450692
-26.701217651367188	2.146989345550537	0.64191591430535
-2.548070192337036	3.7602791786193848	1.0542854214379922
20.447757720947266	-11.056020736694336	0.1733814841197479
16.939104080200195	18.447050094604492	-0.0864680670200468
2.7904114723205566	-25.478843688964844	0.9691650702180632
-19.949811935424805	16.256759643554688	0.8072244124936188
-24.447734832763672	34.93698501586914	-0.4262136966518544
-18.310171127319336	-37.100677490234375	-0.3618079550315654
-13.935218811035156	-37.09064483642578	0.3048129546451553
6.243385314941406	5.450686931610107	0.9944016650436326
-4.0792741775512695	-22.54880714416504	0.804070186005211
-3.7791965007781982	-12.69593334197998	0.5771080813251185
7.5056867599487305	-10.34239387512207	1.006708545027291
-1.1361360549926758	4.525471210479736	1.2141371518260495
-6.277256488800049	41.291568756103516	1.1813012553480504
19.532142639160156	20.01409339904785	0.8343167244370309
15.06757640838623	17.13441276550293	0.4519485032665414
-0.03606485202908516	-8.641881942749023	0.9851508178253202
20.589977264404297	26.02859878540039	0.7434917365817753
16.819595336914062	-2.7922921180725098	0.3165958731387827
27.44904899597168	-9.132036209106445	0.5689930121880639
5.492304801940918	37.09358215332031	1.5711612187193142
-0.6399421095848083	28.9754695892334	0.2760696008398367
-16.61294174194336	-19.455276489257812	1.095947435574837
44.18510055541992	-1.659266710281372	0.6599871536132353
4.378398895263672	19.94837188720703	-0.0985902755958199
4.094779968261719	-8.99448299407959	0.4707749163828881
10.571968078613281	21.320045471191406	0.5980566343289738
0.4634588658809662	21.10778045654297	-0.1049573940530205
15.867724418640137	-17.322284698486328	0.012598425291511
-7.011135101318359	28.403703689575195	0.3616575535699536
9.410818099975586	1.0977511405944824	0.699850659217278
17.5889892578125	-8.700191497802734	-0.4085251377599801
-32.77145004272461	-9.535319328308105	1.2237522412369504
-8.59791088104248	-18.102441787719727	1.0791666067696328
26.94788360595703	19.69895362854004	0.9940583181252918
-28.308208465576172	-5.744445323944092	0.7093377068699854
-13.669547080993652	-13.370296478271484	1.0788667480884728
2.6122963428497314	8.22546672821045	0.5576378025378336
-9.044925689697266	-4.754045486450195	0.9644451595390884
-10.55154037475586	-1.6342289447784424	1.1095034649501798
-2.3996596336364746	-49.129093170166016	0.4911943818985922
33.64146423339844	-0.18532562255859375	0.4596605118489214
-8.754334449768066	38.121429443359375	0.5163870753728624
2.525909662246704	44.04935073852539	0.8585741697187022
-22.49358367919922	-12.656843185424805	0.9066799434067384
18.010173797607422	-2.9583771228790283	0.8283154501885474
-4.453418254852295	-48.135169982910156	0.1820223255041487
-12.21973705291748	-24.950687408447266	-0.0256223029718116
10.729756355285645	-23.10520362854004	1.3471678379897665
27.540699005126953	-21.63170623779297	-0.064121277713188
-30.773263931274414	31.938201904296875	0.4709087886734971
4.160383701324463	25.756595611572266	0.0603823261630457
-15.5857515335083	-25.629016876220703	0.4628740740121349
-23.036958694458008	17.80266571044922	0.2840043016226983
18.740095138549805	12.337239265441895	0.4195786857987399
-17.605871200561523	-31.638416290283203	-0.4366390283666754
19.388626098632812	1.6714558601379395	-0.2600101524000375
-9.44964599609375	17.76443099975586	0.8961468596495071
22.843395233154297	40.677284240722656	0.5584664592929373
6.058871269226074	-5.6018290519714355	0.6094686734571069
19.11417579650879	-13.788330078125	0.7810384277058491
48.830360412597656	3.1731085777282715	0.665296585041645
1.5161596536636353	39.29121398925781	1.2371702082331135
3.9803576469421387	-32.70829772949219	0.8277175766517867
-40.29948425292969	-20.094114303588867	0.7426177516121204
-29.886924743652344	1.0924946069717407	0.6693705794778927
17.513132095336914	31.880674362182617	0.7829993716272583
-18.255672454833984	5.400862216949463	0.4355669320064832
-23.398996353149414	22.278905868530273	0.7326335812654278
-4.163752555847168	24.948442459106445	1.4997660376909956
-8.247279167175293	-33.59199905395508	1.0246631487055309
-35.30588912963867	1.2301857471466064	0.5555046205831805
-7.514523506164551	5.412610054016113	0.3992932232817716
16.53343963623047	18.01943016052246	0.9065483588981424
-23.39385986328125	-26.21567153930664	0.1824475740957838
-7.041720867156982	10.763391494750977	1.4077658761852625
39.30705261230469	4.525391578674316	0.1532405154634792
18.626144409179688	-28.43490982055664	0.6108396748710704
-26.874229431152344	-9.246513366699219	-0.2044108533509187
-11.400898933410645	11.067241668701172	0.6254960733056782
-26.4448299407959	15.915672302246094	0.8631044413824218
25.437538146972656	26.145837783813477	0.471284422922161
33.639583587646484	9.587260246276855	0.8451924063431329
31.70648956298828	23.431903839111328	1.1379513708299025
-36.65701675415039	12.214272499084473	0.5788610901219177
-1.4311093091964722	45.908931732177734	1.5304239135775557
16.038408279418945	-16.368616104125977	-0.2971734701906677
4.15033483505249	-4.219466209411621	1.158169754130938
-22.9334774017334	27.305194854736328	1.252334718445144
-38.57659149169922	-22.492156982421875	0.7565046754113852
-39.855979919433594	27.06584930419922	1.0128112185746263
5.1204681396484375	-19.43366813659668	-0.2660627081896669
11.32018756866455	-31.84339141845703	0.4995242859747759
-9.748900413513184	47.768699645996094	1.304749401911181
23.309831619262695	15.97282886505127	0.3734534063513165
13.82977294921875	46.5879020690918	0.278954322537584
-32.11355209350586	17.465063095092773	0.7860965166282534
18.516572952270508	-11.681131362915039	0.1637169955006543
-40.66176223754883	-23.004743576049805	1.0664103061341796
1.7268575429916382	11.712632179260254	0.6799054920673682
-5.296355247497559	52.19383239746094	1.4062795675129467
47.08918380737305	-14.02515697479248	0.3937442562271575
-22.57950782775879	14.656299591064453	0.2534606938787549
7.157276153564453	20.931604385375977	0.3895607204617388
-6.2795023918151855	20.89406394958496	-0.3330486828040713
29.932968139648438	-6.731874942779541	0.1109549702734928
39.06930160522461	15.586792945861816	-0.0469645630482118
-15.670951843261719	-1.844955563545227	0.9128390524997034
-11.011336326599121	48.14495849609375	1.3516269786639474
19.34743881225586	-3.657609462738037	0.1535887969721298
-4.763852119445801	13.28493595123291	0.3490124112606629
-4.596226692199707	1.0662546157836914	0.9987411366856098
-17.185043334960938	-37.77950668334961	0.2887528377491078
26.421218872070312	38.40271759033203	0.5737234799279345
-30.697893142700195	-17.443340301513672	0.0793471379657084
9.02071762084961	29.856706619262695	0.4298011492789796
34.371253967285156	-7.0762939453125	0.6116747180992863
24.685422897338867	-10.190518379211426	0.4558914232932544
7.579117298126221	-15.501449584960938	0.753963897701482
26.262121200561523	38.209407806396484	0.5128141831499243
30.674896240234375	-26.129154205322266	0.3025373523993334
-19.98603057861328	6.21103048324585	0.2914014040029635
14.692953109741211	-13.09142780303955	-0.0931413940651103
4.839823246002197	-20.137126922607422	-0.6082285413518194
39.14160919189453	-8.928850173950195	0.3269204471228719
16.895137786865234	31.392297744750977	0.2966247733302313
8.350611686706543	-42.325008392333984	-0.041143139514851
-35.33189010620117	9.343902587890625	1.2770080629002096
18.271833419799805	7.342210292816162	1.4701498337996732
-12.238308906555176	12.961792945861816	0.1869616461414381
47.134857177734375	3.9459104537963867	1.1634636091612116
-5.19108247756958	5.819511890411377	0.847745540289819
-6.467068672180176	-26.131452560424805	0.4777119229947909
-18.3193302154541	2.4352617263793945	1.1998836202868497
-6.270428657531738	50.32978439331055	0.904983238260808
14.891619682312012	-26.010929107666016	0.7622241484060214
-6.1022539138793945	48.07843780517578	1.5778682436813047
-9.6815824508667	1.843824028968811	1.3974359214231893
10.005770683288574	-16.394210815429688	0.307260422414215
31.056625366210938	12.720649719238281	1.318502876958946
8.434165954589844	-42.16881561279297	0.1188807801607272
19.344850540161133	-26.34657096862793	0.6035956537235011
1.3076896667480469	36.69907760620117	0.9173376187301496
26.508359909057617	26.36104393005371	1.2319759169575522
23.543991088867188	-23.399688720703125	0.2697745684793179
-2.7438666820526123	52.28695297241211	1.5795014625126322
25.631690979003906	9.613832473754883	0.7856870219163121
0.22715969383716583	-15.412154197692871	0.5950312146882981
-7.822213649749756	17.60363006591797	0.2850943909068442
-38.10701370239258	18.313337326049805	1.228794208272398
21.871366500854492	-14.092059135437012	0.4443712113066334
-31.944974899291992	17.397640228271484	0.9765745197932406
-4.669783115386963	2.890949010848999	0.8393709131132113
10.174522399902344	1.4241063594818115	0.3877243483427506
27.785114288330078	-30.54628562927246	0.7640252993697341
-9.202340126037598	13.164457321166992	0.5419105721515133
12.879620552062988	-12.266927719116211	0.5519555858391709
-3.249840259552002	-3.7580859661102295	0.2552064295035743
-35.714454650878906	-8.398118019104004	0.8787643977422763
-2.3867712020874023	-1.5895053148269653	0.935650962943046
-19.003543853759766	30.823381423950195	1.4046233317821015
-16.334814071655273	-6.527249813079834	0.4196559843974126
-30.079830169677734	17.12135124206543	0.7909231480224885
-16.711044311523438	11.847005844116211	0.7499215995986596
8.169658660888672	-12.180746078491211	0.6341498659476895
26.461994171142578	-12.797691345214844	-0.494035210659837
-6.745513439178467	0.011190086603164673	1.257403461126162
-26.141010284423828	14.583925247192383	-0.0070746715985432
-5.463077545166016	-14.083642959594727	0.77376504033189
4.441585540771484	26.669588088989258	0.0967466574082737
-7.441821575164795	46.98663330078125	1.4883140775567874
19.128644943237305	19.7716121673584	0.6533311582528649
-9.746273040771484	8.388449668884277	1.0774886056451205
-23.910032272338867	33.974544525146484	0.6987526480447896
12.251890182495117	5.575809001922607	0.5937038160494739
0.21218594908714294	5.36060094833374	1.357201493234238
-15.139547348022461	-1.2684584856033325	0.9765992872579028
-15.942778587341309	27.873014450073242	0.0670418842721387
-3.4774563312530518	4.644577503204346	0.3078014299634761
5.253119468688965	5.489664077758789	1.087463734838055
1.99044930934906	53.370262145996094	0.5633585418174581
4.475568771362305	7.859472751617432	0.043524669088004
9.39745807647705	16.172962188720703	1.027314364159357
47.714195251464844	0.630963146686554	1.2918309187137262
-6.21518611907959	-49.086307525634766	0.9492642189858096
10.417415618896484	-4.573267936706543	-0.5275448293135677
19.834943771362305	-19.7756290435791	-0.9091069748058376
-36.55059814453125	17.185026168823242	1.022834748568061
-12.493557929992676	5.475879192352295	1.1239539459214392
4.758771896362305	52.27435302734375	0.406057690909918
10.728697776794434	-52.09805679321289	1.0823185643777111
-12.923473358154297	-16.541580200195312	1.039727540980304
13.334861755371094	1.0706026554107666	0.1594882944391365
0.7989118695259094	52.72356033325195	0.7217205714109702
36.75516128540039	0.6319324970245361	0.0420887631982549
1.1120389699935913	18.037824630737305	1.030836957942665
-44.329734802246094	6.0152435302734375	-0.778851950430393
-5.547832489013672	15.316034317016602	1.233601117844244
33.11626052856445	-27.506128311157227	-0.0867997629908236
15.699739456176758	-22.962360382080078	0.1236530218646283
-26.453845977783203	15.99638557434082	0.7850856368718663
35.10373306274414	-34.566612243652344	1.0078134350943164
37.09730911254883	-9.682263374328613	-0.267960578855771
5.274726867675781	49.27360534667969	1.2938798175052322
35.71937561035156	-29.766908645629883	-0.0214426717638312
38.59305191040039	-32.20384216308594	0.9140700041035952
21.676401138305664	-14.02180290222168	0.6739712765557493
14.770776748657227	-25.521196365356445	0.983261835735412
-2.0061216354370117	52.7899055480957	1.1235480320131703
-10.280620574951172	-13.601214408874512	1.0639492846597385
-7.514030456542969	41.387290954589844	0.9007087935217631
-16.330265045166016	-38.7774772644043	0.4210951901109286
-4.359443664550781	-1.826005220413208	0.2312042554720875
13.058401107788086	-7.257354259490967	0.3449052114258206
18.272403717041016	-34.93067169189453	0.2471627654220498
-12.547582626342773	-16.531230926513672	1.023739270585928
26.688749313354492	12.508905410766602	0.9018964379444048
-4.150089263916016	24.91682243347168	1.4737057323637983
-38.45332336425781	-20.11216926574707	0.0282115285948831
-26.97824478149414	1.6659302711486816	0.6830680447099019
-7.875923156738281	24.32835578918457	0.9993601916435794
-20.928146362304688	-14.101827621459961	0.737777725436247
32.30003356933594	23.746143341064453	1.4655597045849793
-40.22709274291992	-20.102909088134766	0.7778465839742913
-27.728424072265625	23.110275268554688	0.5067803791191646
2.0736005306243896	-34.39369583129883	0.8522765366468024
-2.7451272010803223	28.080984115600586	0.7056764239695292
10.79896068572998	-20.72281837463379	0.7506603969851927
-23.396543502807617	-26.22959327697754	0.0892324084535271
-1.7496036291122437	-43.778594970703125	0.3939619008302412
-29.423641204833984	-24.677907943725586	1.182103434570824
14.102965354919434	-3.7147951126098633	-0.1365315859130959
-21.907115936279297	4.468416213989258	0.0656100923515604
-24.14875030517578	34.59865188598633	-0.0276983475901275
-16.767362594604492	-9.946623802185059	0.5334197744291989
-5.000202655792236	20.40629768371582	0.5558937370260081
23.209308624267578	-23.642745971679688	0.6059275864621593
17.85650062561035	-44.26899337768555	1.1571100811687396
-19.174531936645508	-5.965211868286133	-0.3971148439738221
0.2602086365222931	37.273651123046875	1.250932622768849
-26.934938430786133	24.21811294555664	0.5364426766142028
33.136985778808594	-11.779969215393066	-0.3121867821989668
-32.234352111816406	8.889240264892578	0.8405166811947657
0.5633038878440857	-3.2793941497802734	0.7230483701010046
17.388492584228516	12.487222671508789	0.6880855785555037
35.08114242553711	-1.3041622638702393	1.026114303995598
-3.2527055740356445	-27.950944900512695	0.9332463493015796
-0.41250261664390564	50.188011169433594	0.959399230491641
15.3470458984375	15.176467895507812	1.0557636318935928
42.75533676147461	-28.892526626586914	0.4985389815831916
31.520601272583008	3.9768974781036377	1.0711625915096006
-12.298938751220703	-24.787153244018555	0.3400295342273171
2.730348825454712	-3.859874963760376	0.7524639524320396
-0.6445513367652893	19.49774742126465	0.5521489272818572
-19.15995216369629	8.255126953125	-0.0567658124305293
33.86382293701172	-7.281947135925293	0.9546634040625817
-16.68575668334961	-19.635841369628906	1.0858017996811202
0.5715372562408447	-7.227223873138428	-0.1139831373147984
-7.019132137298584	-42.81271743774414	0.9309556330743676
-13.215171813964844	0.09119594097137451	0.5673169770306679
2.278496265411377	21.04954719543457	0.3857531238693722
39.76443862915039	-13.384533882141113	0.3212307976198738
-32.604522705078125	17.0211124420166	0.7976348273076382
41.57595443725586	5.092128276824951	0.0809508166727346
-1.1106053590774536	-48.47373962402344	0.0554666569095102
12.86899471282959	22.749799728393555	0.904538776727698
4.388542175292969	-42.56406784057617	0.4909948534764976
12.746724128723145	23.64263153076172	0.7141790694527039
-20.419700622558594	-0.6347142457962036	0.3581337748054325
17.300689697265625	-6.853759288787842	0.3408984386212008
32.259220123291016	10.450410842895508	1.3113190364167422
14.245261192321777	15.288898468017578	0.9702905175435546
-5.383596420288086	-14.115865707397461	0.7460174095040805
24.961084365844727	-18.606956481933594	-0.2572441774733386
25.259492874145508	21.01626968383789	0.8060596978384634
8.064446449279785	-45.46628952026367	0.0700934653976902
28.23885726928711	13.036849021911621	1.262045906366603
3.518866539001465	-41.600608825683594	1.134060210512592
-16.682403564453125	11.763205528259277	0.871811724966156
17.383066177368164	20.514862060546875	0.6368166382400472
-33.62778854370117	-34.8640022277832	0.7243580713212461
30.669666290283203	25.24656105041504	1.2710687710715955
-7.064638137817383	15.587141036987305	0.7751984344545647
-24.06846809387207	-39.71029281616211	0.2885027030069822
-6.71597957611084	34.31785202026367	0.9662080138799308
33.67653274536133	26.523616790771484	1.385027624909086
26.950786590576172	-22.238107681274414	-0.0290756408245634
36.48459243774414	-24.188920974731445	-0.3325264487037701
22.82823371887207	25.072330474853516	0.795055294411207
-4.192751884460449	-33.69274139404297	1.1562427562561586
40.4651985168457	-9.028194427490234	0.2970841994771188
13.635323524475098	-38.74506759643555	1.2091287484920368
-14.011734008789062	-3.77445650100708	1.438940702492427
-10.572428703308105	-14.597086906433105	0.9643738563735462
-1.4622350931167603	-17.56731605529785	0.9530456804977492
-24.80103302001953	-10.409165382385254	0.047154321255295
36.24835205078125	-16.144855499267578	0.4034124277586022
2.3545587062835693	-34.40540313720703	0.913642515789064
19.802085876464844	-19.631128311157227	-0.9646295181416012
22.420608520507812	11.670096397399902	1.478244066829209
0.5479270815849304	-20.58254623413086	0.7298458028981212
-19.398433685302734	-21.455184936523438	1.3874159301910796
-13.916231155395508	-39.92523956298828	0.7617781234893946
-4.054821968078613	6.341434955596924	0.8145198048693874
48.113094329833984	1.6734318733215332	0.8514414685407632
-17.669307708740234	-42.7748908996582	0.21736061646207
-1.5958764553070068	46.12357711791992	1.662779545145193
37.40155792236328	-28.553377151489258	0.3382779308031273
-3.6136279106140137	0.025421271100640297	1.2164917048966193
14.391671180725098	3.8085644245147705	0.626757475502592
-13.310407638549805	-21.94536018371582	1.1891178175894848
-18.308713912963867	39.451904296875	0.2022026326278922
3.2278120517730713	-18.248464584350586	0.0046350941806771
10.563150405883789	-4.246882438659668	-0.1493411557048771
22.021543502807617	26.82051658630371	0.525880069829327
5.73831033706665	26.252119064331055	0.4769574228519628
-29.70742416381836	24.773601531982422	1.167354012212137
13.97314167022705	-7.520332336425781	0.1791824702342979
-4.651204586029053	-4.999076843261719	1.119012452239355
-15.396622657775879	-11.065303802490234	0.616034701318575
-12.119139671325684	-2.4847285747528076	1.0838478998522587
10.123857498168945	-0.7073695659637451	0.408521623008464
0.45510971546173096	39.46487808227539	1.424022587693075
-7.570175647735596	14.33413314819336	1.039169993642794
38.54880142211914	-31.816375732421875	0.4730822330689531
-14.213117599487305	-11.857725143432617	0.8984358472440671
9.183307647705078	-7.782711505889893	1.0385900071289884
-20.618629455566406	-14.722982406616211	0.6475377141310633
-5.870041370391846	4.488468647003174	0.1497534828413138
-12.582414627075195	-25.525524139404297	0.4741337799364705
-2.0583722591400146	12.10678482055664	1.1813740715672965
-35.8582763671875	12.620651245117188	0.3389968855265605
-4.920421600341797	16.3977108001709	0.7746126682481156
-24.869874954223633	-35.87652587890625	0.4210221157219275
24.524433135986328	-23.325096130371094	0.758444750521814
1.299087643623352	-11.475584030151367	0.684522705756538
29.376447677612305	6.8329644203186035	0.9197238615901364
46.12084197998047	12.481160163879395	0.8905653253162248
-17.056346893310547	18.218730926513672	1.1096684250189426
21.902360916137695	40.70814895629883	0.4453527121586448
-36.25406265258789	0.7865195870399475	0.357450570832921
-10.21209716796875	21.339908599853516	1.028152135586245
6.152353286743164	-15.435046195983887	0.44115972456544
-39.87993621826172	-5.481855869293213	0.9547768915504148
-20.448040008544922	21.38051414489746	0.9819067222846536
-0.6749046444892883	28.92662239074707	0.3831359578413459
28.848440170288086	-12.785896301269531	0.0764773854991878
-41.41216278076172	-21.39011001586914	1.2689771957373026
15.487918853759766	-16.399005889892578	0.0478054391283852
-30.124467849731445	-26.127153396606445	0.7780512625337577
-23.71585464477539	35.359413146972656	0.5629855493260776
32.81886291503906	2.128185272216797	1.1518262451368615
-7.575406074523926	3.192845582962036	0.4745127088144943
6.054269313812256	-0.2524219751358032	0.3670507845867262
-13.94119644165039	-37.14259338378906	0.3682989627136571
27.753475189208984	-30.594409942626953	0.4935064864209078
39.39659118652344	-25.77926254272461	0.569096864211339
11.699617385864258	-31.0075626373291	0.165595881751726
2.5159120559692383	44.05733871459961	1.1384576519202905
-23.367700576782227	-4.00472354888916	0.5805006533073972
-19.39152717590332	-21.447540283203125	1.460980282562886
15.392765998840332	-17.362953186035156	0.2444952708752702
25.028589248657227	37.30550003051758	0.7719629311060041
-2.997291088104248	-25.982149124145508	1.0435981638010643
12.991171836853027	-8.091854095458984	-0.0798723009318211
12.927131652832031	-12.39055347442627	0.6991292908380019
-0.12292875349521637	-42.619380950927734	0.7888249923809375
46.298744201660156	12.096284866333008	0.8646822820211905
-8.210694313049316	-36.362083435058594	0.8910392266835455
23.643701553344727	26.901674270629883	1.181917137570811
-18.032236099243164	38.335182189941406	-0.0825905113833588
19.682817459106445	13.350682258605957	1.0998579560077024
-26.279373168945312	-9.416439056396484	0.0981838520829516
-41.244815826416016	16.234216690063477	1.3669372656144467
10.031309127807617	-22.995546340942383	1.3220057077031369
13.544502258300781	-38.95859146118164	0.9461972660069452
-0.30341511964797974	0.6447367072105408	0.2577444514844786
-0.2936728000640869	14.54031753540039	0.3366932969456895
-23.084392547607422	-30.719345092773438	1.368025062070082
18.377946853637695	-23.51209831237793	-0.0374811660281464
31.287294387817383	6.015489101409912	0.7142895426841813
-17.31895637512207	13.065704345703125	0.5638380583644069
-2.325352668762207	-43.56401062011719	0.2866176033140733
-2.1599209308624268	-49.452537536621094	0.7334778896404961
24.227142333984375	-5.046996116638184	0.4259649094437618
23.54257583618164	5.1561808586120605	-0.0364665162480921
-14.135161399841309	16.00165367126465	1.052996982496251
-30.768800735473633	31.933170318603516	0.4639266142518528
10.732197761535645	-52.09833908081055	1.2562068606232617
26.434139251708984	-32.03950881958008	0.541005342690947
23.72947120666504	-0.12232041358947754	0.4447028786531916
-33.05949401855469	-32.02497100830078	0.9654868496074296
21.68549156188965	17.173572540283203	1.2560504620399495
-34.93048858642578	-31.294591903686523	0.2485785336644076
23.410579681396484	-4.147846698760986	0.6093741461824697
-2.5649170875549316	-26.857540130615234	0.619658126224354
-14.346368789672852	8.580924987792969	0.8346942131347321
-35.19758224487305	1.1315206289291382	0.8838192950584911
-27.14517593383789	-9.275952339172363	-0.2839862393707261
-16.260608673095703	-38.74147033691406	0.5858844891239489
28.870962142944336	20.03179359436035	1.2949748007413078
2.202672243118286	-6.230356216430664	0.8838559965876617
-5.8213019371032715	-3.4864988327026367	1.4662289959022603
-10.780719757080078	-16.184968948364258	1.448881290075465
-12.65855598449707	40.181522369384766	0.1350065784457757
18.219884872436523	-11.768259048461914	-0.0584573781013872
25.81769561767578	10.970367431640625	0.7696593852923214
-7.1373114585876465	-9.534041404724121	0.583234951728586
4.086788654327393	23.7270565032959	0.8681930678537022
26.490203857421875	-31.97926139831543	0.2072440782963895
5.241604804992676	3.003800392150879	1.0177734540169627
-13.982553482055664	5.400404930114746	-0.2139797591227627
-4.269628047943115	10.515328407287598	0.7239384273624396
-8.96131706237793	-29.950284957885742	0.5031202166389183
4.36807918548584	-12.418306350708008	0.9733828193747064
-1.4082189798355103	-19.525039672851562	0.9655485368515152
11.525771141052246	-38.876808166503906	0.4436977484427923
-0.04324459657073021	24.583093643188477	0.9270478226690416
27.878028869628906	-19.796106338500977	0.5520591789979662
-8.604531288146973	7.9214768409729	0.7989347999051915
8.943358421325684	-21.29745864868164	1.3911338150070487
-3.6186015605926514	42.19648742675781	1.5067486661657914
-2.016065835952759	-9.287992477416992	1.5195131229180612
-17.341020584106445	-31.347475051879883	-0.1742867379791943
-23.6193790435791	-11.592341423034668	0.7173799589762282
-11.869600296020508	27.76237678527832	0.6211894645575197
2.5954463481903076	4.168794631958008	0.972554021124724
-1.089241862297058	20.28282356262207	0.8497537204276591
-3.6164157390594482	42.19124221801758	1.4415641521928404
35.37076187133789	-28.072864532470703	0.016892888274865
9.77188491821289	0.7425801157951355	0.3295067693674489
5.339411735534668	5.223579406738281	1.1177452273180062
-19.60620880126953	23.361207962036133	1.1348982132218004
-4.5145063400268555	-32.723716735839844	1.2076811198667612
15.753080368041992	8.630992889404297	0.7700719435037532
4.870339870452881	-1.1850974559783936	0.8935674518854344
-9.037941932678223	-18.399127960205078	1.2043781902517536
-18.58492088317871	16.055675506591797	0.9435170776170276
-11.781827926635742	-8.375507354736328	1.0345441937232682
-6.872277736663818	36.01536560058594	0.8200520145555685
35.605690002441406	-33.693450927734375	0.9306508939155576
6.492258548736572	9.302078247070312	-0.120408996812146
11.849781036376953	10.978424072265625	0.4345045731913612
27.018508911132812	-11.789616584777832	-0.2324766824134559
-14.722719192504883	2.496066093444824	1.317270643585733
12.021231651306152	-32.3829345703125	0.0202685530271671
-10.07735824584961	-8.190814018249512	0.549299139775086
-6.910754680633545	-18.437129974365234	0.6917481589587089
-19.733253479003906	-25.402666091918945	0.4785769660805061
0.4600086212158203	5.000899314880371	1.0029651133658202
-16.57646942138672	-2.2056384086608887	0.8088870790576836
26.107744216918945	11.511246681213379	0.7386145335219206
18.781217575073242	2.4148364067077637	0.3628531768474576
-15.984102249145508	27.81387710571289	0.5575868813100167
19.98598289489746	-20.95574378967285	-0.2022140747813955
-29.739086151123047	-16.418657302856445	0.6718094500910945
-0.8414692878723145	-14.032464981079102	0.9933507469736752
-27.926916122436523	12.528861045837402	0.6237878937530416
18.999208450317383	-11.14920425415039	0.5330686958154179
12.098187446594238	-38.84832000732422	0.2769330963629897
6.081165790557861	15.112549781799316	1.1492430630636754
34.989227294921875	-34.78791809082031	0.9128847870481608
-22.034770965576172	4.418459415435791	0.3740790529331453
10.17577075958252	29.813337326049805	0.3539739408450044
27.05322265625	-10.119843482971191	0.6440277198395213
20.283662796020508	-7.505978584289551	-0.6108263614327942
5.508328914642334	17.230209350585938	0.8905049997907164
-24.069961547851562	-39.70758056640625	0.0906332001848642
-1.7266452312469482	-27.58983612060547	0.7012878690591171
-2.4011330604553223	6.946958065032959	0.9381857572376692
-5.495416641235352	6.564328193664551	0.7019707440676346
-29.643733978271484	1.2470202445983887	0.8138444727430955
-3.8388755321502686	9.294967651367188	0.7710279867523746
12.513983726501465	23.905624389648438	0.7172109237627503
23.51455307006836	-20.598772048950195	0.7774135177181163
-27.38711929321289	19.748249053955078	0.2362287265219213
-4.904615879058838	-15.947869300842285	1.6327147199423997
-1.963826060295105	-42.783992767333984	0.4864152951317383
-9.219148635864258	-13.241311073303223	1.1777602990950822
29.961198806762695	-20.509464263916016	0.9517887062383752
-34.277679443359375	-0.7368499636650085	0.2045078122097201
-4.105165004730225	-28.47304344177246	0.2669298245222293
13.811262130737305	-6.467578887939453	-0.4172928013815639
-0.18463021516799927	-37.50259780883789	0.4897777149334648
-14.111549377441406	15.952445983886719	1.119790377172872
18.238046646118164	-42.893795013427734	1.2162139788262636
-1.6681932210922241	5.392232894897461	1.2102307645905643
-10.856059074401855	40.37895965576172	0.8864295817367976
23.9739990234375	-9.143681526184082	-0.1610746409925342
3.36979603767395	9.350247383117676	0.6130304918931715
37.32583236694336	3.688641309738159	0.502190558935716
32.05830383300781	10.119196891784668	1.344009940606785
-0.8663164973258972	-1.3756003379821777	1.137114198203935
20.674842834472656	-34.737491607666016	-0.0113792104760692
-11.459214210510254	40.053951263427734	0.1302072460640848
-6.761717796325684	-43.24372863769531	0.9517224260799524
-16.560958862304688	-47.254451751708984	0.8456242241811437
-4.872015476226807	-12.251129150390625	0.548142421924849
-34.40321350097656	22.85003089904785	0.8955621779338904
1.6890348196029663	14.878524780273438	1.1038260253721894
0.1425963044166565	17.078947067260742	0.4865702531342593
8.989274024963379	15.705591201782227	0.9029268354625412
-21.52543067932129	39.778892517089844	0.2281747787256318
13.852087020874023	8.022904396057129	0.9762596796236452
-21.88729476928711	-0.21895334124565125	0.4613896979208366
-13.275235176086426	20.89190101623535	0.488933168365848
-4.628028869628906	-5.127232551574707	1.2065114967819155
18.393035888671875	-34.90297317504883	0.1161258693946163
6.09581184387207	21.005535125732422	0.3112367856822139
16.570072174072266	-26.252403259277344	1.1150312495627464
-23.143861770629883	17.78010368347168	0.2475797920604582
-21.615318298339844	11.167289733886719	0.74463616291999
-13.417216300964355	23.463899612426758	0.1307604011073347
-20.68511199951172	19.364059448242188	1.0076981858224667
27.59451675415039	-39.35771179199219	0.5595658006309735
11.816878318786621	39.04184341430664	0.956744753238974
-22.052656173706055	-0.7928638458251953	0.8199560271634309
-15.459875106811523	-26.254093170166016	0.6754890409411114
-18.31101417541504	39.52816390991211	0.1717942798436726
43.378623962402344	22.18543815612793	0.876581665223952
3.1773109436035156	30.866695404052734	0.4396844787512272
3.0860207080841064	2.182542562484741	0.7931700410368071
-9.850276947021484	17.814476013183594	1.0285007491917235
4.189421653747559	25.97748374938965	0.1645809460687258
1.6190605163574219	10.027569770812988	0.4827093725526996
17.74526596069336	11.11659049987793	0.7804005316194428
1.1565041542053223	1.0805822610855103	-0.2854475105108155
18.092857360839844	8.11783504486084	0.5817322701269547
23.371957778930664	-22.933792114257812	-0.2256060879584393
19.728050231933594	32.259281158447266	0.6034713800243551
-20.034019470214844	13.73302173614502	1.0644834522466056
-23.838247299194336	-19.13737678527832	0.3587029239366059
3.872771978378296	-38.5030403137207	0.3562777072643482
-0.5797110795974731	7.453604221343994	0.7505781518970136
4.473166465759277	13.164436340332031	0.3545475449982838
-10.713242530822754	-9.359508514404297	0.6641577816114786
46.62498474121094	11.320006370544434	-0.0680799793813605
6.38599967956543	13.31125259399414	1.2639323785394023
-18.713916778564453	31.545215606689453	0.7336301077780033
2.7922680377960205	-18.449878692626953	0.1800396555816226
36.7186164855957	-21.217098236083984	0.9004424933052234
12.039642333984375	36.889495849609375	0.3974689805063184
-21.817102432250977	27.64500617980957	1.3106793816745006
46.84910583496094	-5.375360012054443	0.9033648265613994
-19.174659729003906	21.86469841003418	1.1931251605691289
-16.569612503051758	-47.264705657958984	0.8310501919182134
13.99455451965332	7.084228992462158	1.123566616305161
-15.751471519470215	-30.64198875427246	0.6408473614378949
-8.868208885192871	-34.686790466308594	0.9127608648702678
-27.68453598022461	-15.75820541381836	0.8358809564200211
28.010547637939453	-2.551752805709839	0.8194478083439138
17.077865600585938	0.726235568523407	-0.3264434560026421
-11.664074897766113	11.448922157287598	0.6145282517961085
-20.762863159179688	14.817660331726074	0.8003341371837237
19.167001724243164	-26.304731369018555	0.8307129036426487
-13.040528297424316	-4.549478530883789	0.8518691873886727
-3.5481131076812744	-22.662002563476562	0.7213477548220895
-7.017478942871094	34.56697082519531	0.8162427475181303
-8.352898597717285	42.23307418823242	0.5618165500823713
-13.5714111328125	-7.925362586975098	1.0790570027440878
0.0749949961900711	-1.121360421180725	1.3650369150471882
6.999845027923584	-27.248046875	0.8121143606409488
-35.37366485595703	12.06843376159668	0.44525023363953
34.059593200683594	-0.6262968182563782	0.4460555843598499
0.7078287601470947	-15.919425010681152	0.5088041067938432
9.95945930480957	-17.807048797607422	0.9444343803703216
-9.029696464538574	-22.874082565307617	-0.1334400049070774
-6.110202312469482	49.112247467041016	1.1354816320470824
-13.945210456848145	-39.88316345214844	0.7262561399665849
-13.226999282836914	-30.177522659301758	0.8240507353040809
-11.421942710876465	2.6326682567596436	0.4944525786480072
-9.089841842651367	-22.85593605041504	-0.6545708724159454
-1.6169829368591309	-5.282395362854004	-0.0557631228658905
1.1781127452850342	-24.917673110961914	1.0192623925359856
44.205223083496094	-1.6651233434677124	0.7508258309113998
-20.39470672607422	-9.440752983093262	0.1051591844101296
18.382150650024414	33.732234954833984	-0.4176459384204474
-16.934839248657227	5.222504138946533	0.2829276371592377
-19.799278259277344	6.11486291885376	0.4427120516119636
18.70974349975586	12.284092903137207	0.5485965145007055
-0.6776153445243835	44.89749526977539	1.31903233558947
8.386083602905273	-27.737743377685547	0.9216320336304968
17.48305892944336	-23.430526733398438	0.9467034494704312
37.027740478515625	2.566682815551758	0.5813443271650386
-7.018740653991699	28.422426223754883	0.2186032840059462
-39.0192985534668	-22.41733169555664	0.7984706833983048
-11.232610702514648	-9.493365287780762	0.7696714088077066
8.802508354187012	13.852607727050781	1.021124288005385
11.924562454223633	23.041608810424805	0.9125510956829616
18.309938430786133	-23.566951751708984	0.1713415747874612
-34.13628387451172	11.772178649902344	0.3391400031037564
-4.96170711517334	-0.6428552269935608	1.296604502314987
-37.31285095214844	2.9962966442108154	-0.1043942340391773
35.73118591308594	-1.335271954536438	0.4288610215544474
3.9863109588623047	-31.583900451660156	0.5188078517332523
-10.785581588745117	41.82720947265625	0.6890256032233362
-18.465667724609375	-37.05950164794922	0.2592493973630088
-17.401208877563477	-9.36999797821045	0.2060537032468478
-31.846628189086914	-22.778167724609375	0.1837814434438709
-12.138853073120117	-29.84247589111328	0.753780918447208
47.09348678588867	-14.028624534606934	0.2907893685001572
-13.591184616088867	51.91222381591797	0.5649582641189319
-32.2052001953125	-22.502178192138672	-0.9567413574872524
-3.0322601795196533	-9.69707202911377	1.0046606370703868
8.098362922668457	-35.40345764160156	-0.1053728998692122
19.602075576782227	3.9443624019622803	0.6156274018829612
27.346202850341797	26.866836547851562	0.7877885998913551
-11.438538551330566	-7.6348090171813965	1.0517459852378648
14.027727127075195	-20.34524917602539	0.9269921355717624
5.336378574371338	-6.591102123260498	1.2082130959089703
28.529451370239258	-38.593013763427734	0.3829676712916198
-9.560806274414062	34.239654541015625	0.9635663811883376
-7.150413990020752	-9.518597602844238	0.7393233727259123
-10.039546966552734	21.149730682373047	1.0538958458320014
6.903652191162109	25.692106246948242	0.8027263675126358
9.451863288879395	13.516144752502441	0.8912110720539841
-6.302095890045166	-42.22210693359375	0.586355430051564
-12.352404594421387	-30.60736846923828	0.9203533238248552
8.73134708404541	-9.157176971435547	0.5284710097042548
-10.435647964477539	33.469703674316406	0.4664506367883693
9.716914176940918	34.67385482788086	0.8721773436152862
9.833311080932617	4.5416483879089355	0.5987484249224825
31.08296012878418	5.969116687774658	1.0716025697959355
-29.068241119384766	3.9863102436065674	0.3984417654209847
-29.39072608947754	24.56528663635254	0.6963466913237975
-19.60064125061035	24.6873836517334	1.2678302562373598
8.696829795837402	6.5993971824646	0.2886395186827438
7.2695183753967285	29.277381896972656	0.0453326503272093
6.80633544921875	-27.17278289794922	0.4831154289399745
-25.377836227416992	-18.132007598876953	0.2293556636042835
6.336285591125488	13.24248218536377	1.2886420876656783
-9.33749771118164	34.456607818603516	1.1756254160899338
19.9073486328125	1.2181339263916016	0.1354155438480259
42.34670639038086	-28.950166702270508	0.3463460940099282
23.063920974731445	24.31116485595703	0.6193318836765915
-13.452534675598145	-41.10586929321289	0.1697799859454622
11.82299518585205	38.99611282348633	0.881513383198447
-39.92711639404297	-21.35334014892578	0.7556060628714342
28.063827514648438	-21.093578338623047	0.5572392757428893
23.96868324279785	4.640373706817627	0.1549335658642927
9.387100219726562	1.9213610887527466	0.6291014958639594
14.593254089355469	-14.511737823486328	0.3516371606858349
42.554325103759766	-28.412446975708008	0.223073831171929
-0.6263033747673035	-8.53048324584961	0.6799298990822498
-16.124162673950195	1.1142408847808838	1.182710672490189
5.250102996826172	-37.93909454345703	0.2807886175878939
-13.045735359191895	-30.567974090576172	0.6520482749068096
10.064714431762695	-16.238210678100586	-0.0948419177951542
-26.889387130737305	-11.115968704223633	0.6085137076303552
1.27339506149292	-11.449324607849121	0.6748776935504255
8.995673179626465	29.81715202331543	0.4739166263557932
-29.140300750732422	3.8427958488464355	0.6216252932991905
-8.234404563903809	-17.907705307006836	0.9933199984488612
14.792903900146484	6.065777778625488	-0.2456449697765047
10.880688667297363	-23.02071762084961	1.3003564238797158
-11.422643661499023	-7.213881969451904	1.0414789448017538
1.1648210287094116	-1.2769615650177002	0.837815669222533
28.914751052856445	2.5201165676116943	1.345967671543522
39.2744140625	-9.38399600982666	0.3634078790677745
39.10863494873047	-29.185022354125977	0.4727765145039667
28.678007125854492	2.4652743339538574	1.1290008497155353
-1.503061294555664	-0.46034279465675354	1.2822977496932328
-7.491970062255859	46.9240608215332	1.397348753248309
6.103724956512451	48.84130859375	1.189997161863371
-17.756546020507812	18.312362670898438	1.38721781942757
13.297725677490234	36.22159957885742	0.7600484226514519
32.21345138549805	-12.342247009277344	-0.3358520643894751
19.22914695739746	-3.6305577754974365	0.4875133537518331
-17.40523910522461	0.07570625096559525	0.5742888953995362
32.897361755371094	34.337493896484375	0.865783484849229
-8.795010566711426	38.12040328979492	0.6742695402465695
-45.488319396972656	-4.009985446929932	0.9513602068392796
34.26441955566406	-29.98871612548828	0.8156237235636924
-7.871738910675049	24.339752197265625	0.9023092866854018
38.074092864990234	7.207428455352783	0.3374288444581227
28.61441993713379	29.799415588378906	0.9824449473451192
10.528022766113281	23.496809005737305	0.3735211106894781
36.7164306640625	-2.158155918121338	-0.3932230498576202
25.821794509887695	19.30527114868164	1.0420144294589482
-14.684402465820312	-0.4122747480869293	1.1893300797813056
14.545939445495605	-37.9881477355957	1.050119112209813
-30.144262313842773	1.7721284627914429	0.7092898178407123
24.974267959594727	29.61936378479004	0.7916200277273574
2.244227170944214	-1.7231051921844482	0.2317046279640349
24.990955352783203	-18.7145938873291	-0.476150659823565
-15.037381172180176	7.052000999450684	1.3972102760646123
-6.478773593902588	-26.12320899963379	0.3568729467191979
-12.536919593811035	41.405418395996094	0.2300794639162155
39.45199203491211	13.474145889282227	0.3279007991972396
-14.339010238647461	8.559152603149414	0.893452137343592
-0.31644564867019653	9.388408660888672	0.3925677971416895
6.6931328773498535	9.279131889343262	0.2445408338856981
-27.62444305419922	-23.97249412536621	0.932927265426114
-20.659793853759766	15.338314056396484	0.8785598627406657
0.7690908312797546	-6.043209075927734	1.3157875598580102
-9.771829605102539	-1.0957212448120117	0.6823359058792061
-21.372041702270508	39.78934860229492	0.1421560707292313
-26.979501724243164	17.07135772705078	1.1508017493731253
17.35968780517578	13.282946586608887	1.0762357635381026
-14.030024528503418	-2.7969672679901123	1.232847313650146
-11.798833847045898	42.2197380065918	0.1397375011033216
-15.393538475036621	-12.874908447265625	1.0275845686853848
-33.047637939453125	14.087477684020996	0.5917559548293841
48.879608154296875	3.125429153442383	0.8252132191111352
-35.978233337402344	-11.786909103393555	0.8318335422582441
-26.229433059692383	7.35267972946167	0.4602453676226076
-11.778238296508789	42.56139373779297	0.2985952031441242
0.9027525782585144	-6.045725345611572	1.1495033721143495
-1.5562264919281006	28.891864776611328	0.1694866952669262
-11.872211456298828	27.74773597717285	0.8006482734333011
3.2049365043640137	25.995853424072266	0.5907930756497137
-35.6483268737793	-8.240659713745117	0.9329296727470046
12.812402725219727	-13.367616653442383	0.9459619949332112
-4.617380619049072	-6.9998064041137695	1.102569310117546
-21.87013816833496	6.512604713439941	0.4679852147607207
-7.917518615722656	9.064103126525879	0.9570990807919404
8.178443908691406	-35.328128814697266	-0.5562892788479848
14.917959213256836	-23.02835464477539	0.6909355488784854
17.2667179107666	0.8198052644729614	-0.7017627103801515
-8.627141952514648	-28.857030868530273	0.2757681211133932
-15.55677318572998	-25.53936767578125	0.5947490454484459
33.78948211669922	-6.942080974578857	0.9647242777784828
-24.47029685974121	9.12174129486084	0.1851507222006449
-2.3051679134368896	51.65707778930664	1.17022493049388
17.169403076171875	-7.737161159515381	0.0279446926680647
-0.28113287687301636	-19.6563720703125	0.6403319029027114
-9.838648796081543	1.8800463676452637	0.8784670467852745
25.653156280517578	9.376005172729492	0.5037653365840866
-40.998069763183594	10.04317855834961	0.7330504681609442
-24.141429901123047	-18.95049285888672	-0.1759975347950808
0.0001754708937369287	-15.25273323059082	0.6632757631345774
-28.264314651489258	-5.693847179412842	0.73946541752027
6.927830219268799	-16.056961059570312	0.6396929490585671
-23.088600158691406	-30.710155487060547	1.3787386298684274
-6.152723789215088	-49.04942321777344	0.8465189778566894
23.94179344177246	-24.994430541992188	0.5311273955065864
2.7701938152313232	0.3819335103034973	0.8329376610967136
-24.870100021362305	-35.8748664855957	0.4671379400017647
-19.592952728271484	24.848888397216797	1.269363206759089
27.744979858398438	2.2462732791900635	0.919878251643432
-6.007737636566162	-42.647518157958984	0.6209617393354802
11.798871040344238	21.505290985107422	1.0662144168791228
3.523867607116699	27.51218032836914	0.5509074259086127
-43.94889450073242	0.8943228125572205	0.0881859323708965
7.665436744689941	12.360687255859375	1.3151971687166577
-0.1205657497048378	2.731353282928467	0.906420572776074
20.570392608642578	25.971956253051758	0.8358840710591624
38.9975700378418	-0.28388431668281555	-0.2786943226241836
24.30826187133789	15.92658519744873	1.2071696517763577
10.316573143005371	8.40627384185791	1.2659139578416496
-21.74943733215332	10.58348560333252	0.5949360856524227
-28.757850646972656	-16.551895141601562	0.273558477652052
-18.056873321533203	-31.19239616394043	-0.3017910028894203
-32.224178314208984	8.872994422912598	0.786489419959552
39.77323913574219	-13.432802200317383	0.2439359890700432
-27.74395751953125	-4.626471042633057	0.8051859204411306
-4.6717047691345215	-7.1550703048706055	1.1646520700753034
0.35463330149650574	11.35075855255127	0.1576095809601774
-13.998409271240234	5.468581676483154	-0.0129782844773003
-41.27581787109375	16.22481346130371	1.4047957896109189
7.555412769317627	-11.388944625854492	0.6983623375871317
12.76795482635498	6.946066856384277	0.8531640562457979
2.46763014793396	18.285724639892578	0.6515806485802252
6.035861968994141	-12.288174629211426	0.8926438784681489
-8.519335746765137	-5.34944486618042	0.49271459923262
-16.265634536743164	-6.879486083984375	-0.0513959419628105
2.710280179977417	-24.754600524902344	0.7647446092775919
-1.4018560647964478	21.13297462463379	0.3796533104698782
-4.209246635437012	-33.630069732666016	1.1576629267352774
-28.861572265625	-26.3653564453125	0.2558647821450115
-11.120847702026367	13.28891658782959	0.4721413904117915
-11.545832633972168	51.33207702636719	1.2785502909185429
18.769826889038086	-26.930328369140625	1.0198464160703649
9.735823631286621	34.68449783325195	0.7598527671697751
-34.360809326171875	-6.857500076293945	1.036116170179307
-17.674436569213867	-42.7591667175293	0.3549550215288627
-17.96648597717285	-21.403820037841797	1.3091878614925667
17.99312400817871	-8.399741172790527	-0.5347131152143668
38.253971099853516	-27.565305709838867	0.4638942137252292
4.4012770652771	-42.57489013671875	0.6279977218610246
-34.1202507019043	-32.9747428894043	0.3910439269890943
11.625494003295898	-24.44063377380371	1.0371280256022175
6.792996883392334	-20.657793045043945	0.6344974562287417
27.622325897216797	-39.402137756347656	0.5566271723371478
-1.2477189302444458	-3.138646125793457	0.6932672857517286
24.93623161315918	29.383804321289062	1.166277751388844
8.065169334411621	-45.47483825683594	0.2673649537645787
37.31658172607422	-3.2362935543060303	-0.142255773076972
-18.02007293701172	21.632781982421875	0.5811710886449685
10.014307022094727	16.72630500793457	0.587713030333256
-9.966531753540039	-8.735945701599121	0.627633653145623
31.345256805419922	16.276782989501953	1.0416298759793012
-4.04591178894043	-22.87236976623535	0.8718024931190802
-2.747194290161133	15.849488258361816	1.0275264070365029
-17.040058135986328	26.75800323486328	-0.1465948325127981
-16.73763656616211	-18.894397735595703	1.0794116934143911
31.7131404876709	23.881393432617188	1.4034879354199408
17.23159408569336	-9.04775619506836	-0.5667394544030802
24.905319213867188	37.13677978515625	0.7650049993335954
-20.08525848388672	6.791385650634766	0.3912582268019199
-12.93497085571289	-13.435955047607422	1.2182542895814787
11.21626091003418	-2.98874831199646	0.9301820941139044
-0.18673625588417053	-37.50392532348633	0.6026466855022504
42.77506637573242	22.046186447143555	1.1058714832865135
7.486873149871826	-2.9834420680999756	-0.006870708768792
38.25038528442383	-29.767614364624023	0.455588346326704
18.380626678466797	13.843358039855957	1.0763959921484498
-29.65182113647461	-24.31814956665039	0.4544451365897808
-19.06783103942871	-5.885016441345215	-0.3512894558189048
-6.279024124145508	1.8621516227722168	1.1374685138460254
-0.5227099657058716	40.95236587524414	1.2005872043560324
-3.3185033798217773	9.103986740112305	0.7822852040182616
5.190884113311768	-37.89572525024414	0.4691881613962806
-34.107765197753906	-34.5064811706543	0.7737338507867414
-11.184045791625977	48.15017318725586	1.116411734103968
-20.792076110839844	18.406814575195312	0.5969876138798783
-26.879756927490234	2.3449244499206543	0.7792291731198013
-5.619436740875244	52.07286071777344	1.3366608302324974
-13.390989303588867	22.010345458984375	0.0089535360279336
8.123090744018555	2.158501148223877	0.6073906947021492
-1.4461795091629028	-42.98542022705078	0.4706059865229737
-34.39693069458008	2.199730396270752	0.4501742625816474
13.782740592956543	46.59690856933594	0.6903780947670783
29.95450210571289	-6.763886451721191	0.7654582860513024
25.678869247436523	18.664566040039062	1.3617589654446292
-9.242875099182129	-35.581085205078125	0.9870140916989304
19.944604873657227	-34.74916076660156	-0.0069123769039301
17.875629425048828	-44.15805435180664	1.1723386251412826
-0.5093026757240295	-19.454580307006836	0.7263625517766161
6.368316650390625	-5.411280632019043	0.6420108184222894
-11.37105655670166	-18.89626121520996	0.6945872737361547
-23.270578384399414	22.113561630249023	1.2081115396681847
-38.2744140625	-20.251073837280273	0.1979590598544128
14.823199272155762	-1.4740873575210571	0.981676570109688
46.91962814331055	-5.48881721496582	0.8107722232575262
30.40355110168457	-13.126533508300781	-0.0248126298950938
-27.116418838500977	-12.956233978271484	-0.0304234675627189
2.21612286567688	53.589412689208984	0.5051637824751385
-36.6962776184082	2.038515090942383	0.3519526460888825
22.96200180053711	5.807175636291504	0.3835804771613936
1.3108477592468262	36.6370849609375	1.0770596913484496
-5.895707607269287	-4.6486687660217285	1.174705062843808
4.897124767303467	49.432647705078125	1.264614158671474
38.40732192993164	0.06027502939105034	-0.3721497183180565
-0.3632330298423767	-27.7198429107666	0.8642044475353964
-26.194931030273438	7.372936248779297	0.5313494309193982
4.328843593597412	-1.6792126893997192	0.0246969815190116
25.669687271118164	-39.98802947998047	0.4360416641948784
14.022992134094238	-20.33308219909668	1.0797722647367116
14.582243919372559	-25.301565170288086	1.155830792113312
0.45939794182777405	-27.767597198486328	1.0621609036722304
-17.63058090209961	-4.720611572265625	0.3894054582127488
-32.32212829589844	19.551868438720703	-0.0247995563364194
-30.63498878479004	-17.390268325805664	0.2800226292593689
-9.807805061340332	4.731245994567871	0.0903049710544239
-3.0772271156311035	-48.84885025024414	0.457248781186808
-28.51902961730957	-4.12298583984375	0.6713429890027748
39.593360900878906	4.567468166351318	0.6235702939224547
-22.939716339111328	27.280078887939453	1.2703926989163123
0.613580048084259	50.9512825012207	0.4927470957026179
11.993510246276855	20.80205726623535	1.107385640924649
-20.457263946533203	-13.338910102844238	0.941545057849628
-3.3333652019500732	39.095760345458984	1.058208502728489
-19.72364616394043	-25.38861083984375	0.6380905023419058
1.3809475898742676	14.724967956542969	0.7572325428209878
-13.220762252807617	14.349276542663574	-0.3301029713521185
-39.857521057128906	27.06765365600586	0.7920485119102465
5.508687496185303	37.08148193359375	1.5421264837716917
26.340133666992188	-10.48510456085205	0.2571686925757598
29.07732391357422	-2.0609562397003174	0.4245690895882267
34.175045013427734	-2.5655810832977295	0.7383576220871424
38.09130859375	7.193441867828369	0.1962709542655709
11.857617378234863	10.94935131072998	0.3817500575517081
4.896528720855713	52.2717170715332	0.271142059352715
36.235172271728516	-16.141464233398438	0.3808651848208173