x	y	cluster	word
-12.593376159667969	4.479173183441162	6	her
-3.647932767868042	4.730447292327881	6	she
-3.336292266845703	2.901066303253174	6	him
20.170494079589844	-1.1961342096328735	3	white
-15.00744915008545	6.824164390563965	6	girl
32.73303985595703	2.680279493331909	6	woman
-16.595605850219727	6.86152458190918	6	daughter
30.13372802734375	4.120813846588135	6	female
-3.0123796463012695	3.624687910079956	6	sister
24.735366821289062	1.6873557567596436	7	chinese
-5.573730945587158	9.43222427368164	2	german
-19.099206924438477	5.913909435272217	6	hers
-8.11052131652832	9.29487419128418	3	italian
-23.993392944335938	-1.7674827575683594	3	european
-10.07052993774414	-0.328317791223526	3	australian
-9.880970001220703	5.806486129760742	6	caucasian
55.668819427490234	-3.1512739658355713	3	The
7.609633922576904	-3.776440382003784	9	one
-3.0638420581817627	-24.02914047241211	5	time
37.066139221191406	-2.744621515274048	9	also
39.567195892333984	-3.224477767944336	9	You
-13.499385833740234	-17.944232940673828	5	first
12.989065170288086	3.5368106365203857	1	said
37.22100067138672	13.44622802734375	7	see
1.6769758462905884	-31.501073837280273	4	may
50.648956298828125	-3.5264859199523926	2	And
3.2323949337005615	1.8851213455200195	2	two
-4.0161004066467285	-25.27645492553711	5	years
-1.6727478504180908	-30.38316535949707	4	year
-20.892580032348633	-14.094830513000488	9	even
-3.8604516983032227	-32.05012893676758	4	day
-13.111199378967285	17.47030258178711	7	views
3.7291998863220215	-4.569982528686523	9	But
11.284889221191406	6.68480110168457	1	information
2.849118232727051	12.78640079498291	2	used
-15.090333938598633	-21.76046371459961	5	last
53.32211685180664	-2.950923442840576	2	What
5.042129039764404	-16.544668197631836	5	going
-0.5933101773262024	9.503166198730469	1	help
-19.136301040649414	-14.383150100708008	9	still
7.912319183349609	-5.326145648956299	9	All
2.1920642852783203	-31.702377319335938	4	May
49.07228469848633	-4.318572044372559	6	They
-4.283651351928711	2.0957295894622803	6	life
30.367868423461914	-7.292428493499756	3	around
-15.334793090820312	-4.158267974853516	3	world
35.09633255004883	14.352303504943848	7	look
12.35790729522705	-1.3378605842590332	2	part
-18.20928382873535	-10.85678768157959	9	every
29.70682144165039	-3.3440022468566895	3	Home
-14.734636306762695	-23.573373794555664	5	ago
48.18367385864258	-4.148805618286133	2	something
55.006614685058594	-3.484760284423828	2	With
6.8063507080078125	11.962078094482422	2	using
46.526947021484375	-8.689451217651367	3	place
37.40129470825195	-3.3568384647369385	9	another
-0.3437521755695343	14.92405891418457	2	system
39.76729202270508	-1.9917434453964233	2	How
52.77305221557617	-4.19681453704834	5	When
-4.24080753326416	-32.556373596191406	4	days
-14.702910423278809	-10.567378044128418	9	without
13.738937377929688	-2.4130539894104004	9	different
-12.095816612243652	-19.055097579956055	5	next
0.43499255180358887	-18.530731201171875	5	since
31.505870819091797	14.279696464538574	7	video
32.13188171386719	2.6292238235473633	6	She
30.0826358795166	13.466218948364258	7	show
-15.063483238220215	-20.94341278076172	5	end
34.29124069213867	14.308826446533203	7	looking
-7.3406524658203125	6.677519798278809	6	name
40.76807403564453	-4.082452297210693	9	One
-13.506206512451172	-30.256242752075195	4	week
3.640469551086426	-11.146162986755371	3	old
11.586856842041016	0.1371387243270874	2	put
20.497095108032227	28.666439056396484	0	company
-4.927816390991211	-17.38432502746582	5	away
-30.0483341217041	5.736295223236084	1	support
-2.8681554794311523	-26.10725975036621	5	times
12.027787208557129	3.9208171367645264	1	says
1.448684811592102	29.315336227416992	8	school
2.4541807174682617	-14.97467041015625	5	left
-6.715485095977783	-13.940810203552246	5	point
-30.33195686340332	12.150357246398926	1	data
-28.956344604492188	-12.123353004455566	9	ever
-11.820048332214355	-16.62917137145996	5	second
23.418025970458984	-7.856168746948242	3	City
0.09428786486387253	-6.075040817260742	9	though
-10.82203483581543	-18.89301109313965	5	start
-7.754500865936279	-32.523250579833984	4	months
13.657346725463867	-0.4402804672718048	1	experience
20.030221939086914	2.8921239376068115	2	car
-0.3227984607219696	29.456796646118164	8	University
-24.508434295654297	20.686519622802734	10	case
-7.742522716522217	-31.421131134033203	4	March
17.022445678710938	-6.095448017120361	3	state
-1.819629192352295	29.175533294677734	8	course
-5.384780406951904	-31.010772705078125	4	June
52.16120147705078	-7.470913887023926	6	person
-5.167672634124756	-31.886390686035156	4	April
51.11371994018555	-4.587860107421875	5	From
-5.477530479431152	10.932806015014648	2	working
5.423833847045898	-10.516610145568848	3	United
8.268561363220215	-0.6869353652000427	9	per
-24.22657012939453	-13.327286720275879	9	actually
54.04404067993164	-3.3386237621307373	2	These
18.42382049560547	0.23293437063694	3	public
4.329929351806641	-12.289441108703613	3	John
19.974609375	31.408288955688477	0	products
-3.8202764987945557	-31.218961715698242	4	January
40.76905822753906	-1.809799313545227	1	following
-16.176877975463867	-21.2381534576416	5	yet
-14.585413932800293	-26.126556396484375	5	hours
-17.946514129638672	-20.83677864074707	5	already
-5.902576923370361	-31.214702606201172	4	July
-4.522409915924072	-5.42891263961792	9	easy
-15.01415729522705	-4.098964691162109	3	World
34.901885986328125	-6.444617748260498	3	State
33.608306884765625	-5.322426795959473	3	THE
-35.80746078491211	-9.57983684539795	2	problem
29.291601181030273	3.939629316329956	6	women
1.1876996755599976	15.479074478149414	2	based
4.9484429359436035	-16.787303924560547	5	went
-25.206560134887695	17.80099105834961	10	County
19.797039031982422	0.2978559732437134	3	house
25.15952491760254	1.86642587184906	1	story
42.71799850463867	-0.5842412710189819	1	search
-8.101213455200195	-30.638153076171875	4	February
32.515506744384766	-0.6467401385307312	6	together
31.259069442749023	-9.387908935546875	5	After
52.371620178222656	-6.316934585571289	6	someone
39.44293975830078	-4.297214508056641	9	others
3.4273312091827393	-5.1874098777771	9	often
-0.4923480749130249	-3.6307971477508545	9	fact
-9.467304229736328	15.03866195678711	1	blog
20.98244857788086	-7.132440090179443	3	country
-4.791244983673096	15.930221557617188	2	control
-6.730353832244873	4.395770072937012	6	friends
32.67308807373047	14.248709678649902	7	view
35.03550720214844	-3.7355659008026123	9	several
42.526309967041016	-7.052903652191162	5	along
22.471853256225586	-7.498453617095947	3	city
-18.44671058654785	7.2346930503845215	6	fun
-8.918524742126465	-30.88294219970703	4	December
-8.852441787719727	4.651240348815918	6	pretty
21.463220596313477	29.914398193359375	0	product
-10.731983184814453	-30.36849594116211	4	August
37.135440826416016	12.863456726074219	7	seen
0.8378931879997253	-32.829017639160156	4	Day
38.20576095581055	13.07552433013916	7	View
0.149346724152565	-10.245857238769531	9	Just
-29.829326629638672	8.105510711669922	2	points
13.694144248962402	-8.934844017028809	3	Center
-4.27731466293335	-24.36450958251953	5	past
-9.092309951782227	-19.198108673095703	5	started
2.530751943588257	29.54543685913086	8	School
0.2561999261379242	8.018623352050781	1	tell
48.723567962646484	1.7008663415908813	0	Business
18.483625411987305	14.464804649353027	10	government
-14.388157844543457	16.28293228149414	7	check
-33.9317741394043	-14.678512573242188	5	minutes
-26.76045036315918	0.2953755259513855	10	National
0.6705642342567444	-6.172230243682861	9	probably
-36.30337142944336	0.6157187819480896	2	software
-6.5535569190979	-31.696725845336914	4	season
-17.371015548706055	-10.304309844970703	9	everything
-3.5280027389526367	-5.808774471282959	9	either
47.61286163330078	-2.436020612716675	2	example
-14.672945976257324	-13.068614959716797	9	trying
33.45351028442383	14.065215110778809	7	Video
-37.85554885864258	-2.1918115615844727	1	review
17.56114387512207	-6.610016822814941	3	States
-16.111591339111328	12.320843696594238	2	added
6.390685081481934	-6.427852630615234	9	However
-19.045167922973633	-10.234572410583496	9	everyone
46.66179656982422	-2.081825017929077	1	Search
-6.973276615142822	-20.494558334350586	5	Last
-20.02417755126953	-13.480915069580078	9	quite
-37.03718948364258	-10.876215934753418	1	email
23.24469566345215	-0.9142398834228516	3	House
-9.417744636535645	-21.143226623535156	5	early
41.712284088134766	-8.5546293258667	3	near
-2.8816628456115723	-27.80411720275879	4	current
2.62781023979187	-17.752361297607422	5	First
-14.259886741638184	-21.588462829589844	5	later
-2.3707661628723145	27.369548797607422	8	research
14.658345222473145	-1.0720136165618896	1	question
28.386899948120117	3.9188859462738037	6	personal
50.1285285949707	-8.100227355957031	7	See
-27.426315307617188	6.078045845031738	2	project
0.2565247714519501	8.07452392578125	1	told
29.30008316040039	-9.555538177490234	5	almost
-29.53351402282715	9.509432792663574	2	development
-14.817166328430176	17.594675064086914	7	movie
-21.632265090942383	11.959236145019531	2	Internet
52.318538665771484	-3.6907620429992676	9	Some
-0.0064014955423772335	-7.5582804679870605	9	true
-11.660150527954102	-31.817787170410156	4	month
53.37555694580078	-2.064690113067627	1	About
43.459896087646484	0.10257644206285477	1	article
-16.16251564025879	-2.8721976280212402	3	West
51.147064208984375	-2.5407779216766357	2	words
-15.891948699951172	-11.165576934814453	9	single
-0.9274933934211731	-24.25684928894043	5	Time
41.17763137817383	-6.551839351654053	5	close
31.878211975097656	12.242100715637207	7	looks
-32.440032958984375	5.952278137207031	2	via
-26.737388610839844	3.8304944038391113	2	series
-17.188047409057617	-3.1477060317993164	3	across
-26.622732162475586	12.924737930297852	2	cost
-1.722154974937439	-8.350584983825684	9	else
-3.9412577152252197	-6.509161472320557	9	Why
-8.49059009552002	-3.2345356941223145	3	visit
20.962692260742188	-3.4031150341033936	5	front
23.840473175048828	-2.231330633163452	3	White
-13.238085746765137	-4.238388538360596	3	Park
0.20608657598495483	28.856657028198242	8	class
-26.494384765625	22.302146911621094	10	law
-0.14867030084133148	-5.359376907348633	9	whether
-14.324752807617188	-29.962024688720703	4	weeks
-13.880496978759766	17.878482818603516	7	film
-30.806198120117188	0.548184871673584	2	low
-22.826961517333984	11.887996673583984	2	Windows
-0.5908488631248474	8.67777156829834	1	Reply
-20.970457077026367	-10.778017044067383	9	reason
12.010259628295898	4.552327632904053	1	details
-13.72329044342041	-22.447559356689453	5	soon
-2.926947593688965	-8.111115455627441	9	complete
-18.85004425048828	-1.2501232624053955	3	International
16.88434410095215	29.41346549987793	0	companies
0.6659455299377441	18.48006820678711	1	questions
-29.00819206237793	22.865276336669922	10	report
9.74317741394043	4.519852161407471	1	Post
21.545202255249023	0.10682787746191025	3	hotel
-6.6337971687316895	4.479709148406982	6	friend
-35.70490646362305	7.828472137451172	1	understand
-1.7379347085952759	-26.2983341217041	5	due
16.32343292236328	12.902024269104004	10	office
-8.807538032531738	9.730783462524414	2	Music
-32.832088470458984	-12.908931732177734	5	stop
9.071431159973145	-4.817135810852051	9	especially
52.080204010009766	-2.3282573223114014	2	English
29.754959106445312	14.008561134338379	7	watch
7.583358287811279	-4.237738132476807	9	simple
-6.050731182098389	19.052833557128906	9	major
40.40263366699219	-3.3687150478363037	9	Also
0.41992267966270447	26.638540267944336	8	training
28.805051803588867	-4.7040510177612305	3	building
-26.732559204101562	-5.84742546081543	5	miles
-4.562366008758545	4.289234638214111	6	couple
7.690723419189453	17.246417999267578	2	industry
-8.889710426330566	-31.96756362915039	4	Date
-16.274778366088867	-9.56052303314209	9	original
34.92353439331055	-2.733574390411377	2	AND
-14.678449630737305	-11.779730796813965	9	five
-12.241498947143555	-30.963403701782227	4	date
51.24333572387695	-3.65606427192688	9	Other
21.541690826416016	-6.309946537017822	3	Street
-1.3538975715637207	28.692611694335938	8	study
-11.59207820892334	-14.45539665222168	5	half
-5.8071112632751465	6.476637840270996	6	social
30.437292098999023	13.708551406860352	7	shows
-13.17770767211914	10.017864227294922	3	space
33.57391357421875	11.813864707946777	7	photos
32.78900146484375	-9.613714218139648	4	present
-6.335735321044922	3.563793897628784	6	happy
-20.800783157348633	0.5391844511032104	3	David
41.218379974365234	-7.133628845214844	5	Then
52.466732025146484	-7.044846534729004	6	human
21.275449752807617	3.5249550342559814	2	style
3.9581716060638428	-1.5919017791748047	9	main
-18.797332763671875	7.214433670043945	6	enjoy
10.606412887573242	-4.648437023162842	9	Most
32.39204406738281	-7.299224376678467	5	upon
-9.896881103515625	8.836188316345215	2	playing
43.3151741027832	-5.860717296600342	2	action
-31.062183380126953	7.309248447418213	1	rate
-28.63567352294922	14.71030330657959	10	Google
29.36772918701172	12.082420349121094	7	saw
-26.718704223632812	19.405670166015625	10	insurance
24.351587295532227	-1.260946273803711	3	Hotel
-2.083383560180664	20.77389907836914	2	test
42.22526168823242	-6.425861358642578	5	While
-8.473798751831055	-29.810230255126953	4	Sunday
6.4069623947143555	-6.595616340637207	9	however
49.42011642456055	-1.485765814781189	1	related
-24.20948600769043	12.908714294433594	1	Review
5.348528861999512	6.556477069854736	7	Click
-12.54525375366211	0.2364073395729065	3	California
36.29750442504883	-3.372910976409912	9	various
7.514996528625488	-5.416342258453369	9	usually
5.616218566894531	12.020413398742676	2	parts
48.605194091796875	-2.64402174949646	2	word
18.142642974853516	31.155925750732422	0	store
2.1667070388793945	4.450905799865723	2	position
-16.429710388183594	-0.223842591047287	3	field
6.311388969421387	-15.0010986328125	5	Red
-9.405384063720703	4.979197978973389	6	guy
-31.558273315429688	0.5692300200462341	2	hit
6.578030586242676	-4.246645450592041	9	Yes
-6.579303741455078	-17.83539390563965	5	leave
-21.49852752685547	-9.322957992553711	9	total
-29.984542846679688	-2.7366549968719482	3	address
-0.6029509902000427	-13.6033296585083	5	rest
35.853965759277344	-3.941333770751953	9	general
-34.97410583496094	-10.649051666259766	6	favorite
4.203042030334473	14.316201210021973	2	drive
-25.72743034362793	-12.139328956604004	9	clear
39.602622985839844	-9.433392524719238	3	outside
-25.8223819732666	3.919140577316284	7	click
43.4366569519043	-4.13255500793457	2	Part
41.826087951660156	1.0793118476867676	1	Information
28.79343032836914	1.6354188919067383	6	Life
-21.11347007751465	-9.545658111572266	9	shall
37.295318603515625	-8.710210800170898	3	located
17.445180892944336	31.496601104736328	0	Buy
-30.537702560424805	17.004297256469727	10	private
-2.5919861793518066	-27.769350051879883	4	currently
20.820453643798828	4.255314826965332	2	model
55.89185333251953	-3.759086847305298	1	similar
31.7590274810791	4.3381123542785645	6	user
-22.709518432617188	21.5405216217041	10	professional
-5.541711807250977	-29.73094367980957	4	Jan
38.769771575927734	1.2418674230575562	1	writing
-2.6840977668762207	16.892961502075195	2	application
2.8126111030578613	-6.997875213623047	9	certain
-11.7197847366333	-29.31807518005371	4	period
-20.84421730041504	13.216944694519043	1	account
17.00677490234375	32.5533561706543	0	sales
0.8124876022338867	29.165542602539062	8	College
32.446685791015625	12.88174057006836	7	pictures
4.934034824371338	-2.4821298122406006	9	common
-17.13469123840332	12.293500900268555	2	addition
53.737945556640625	-1.6686501502990723	2	subject
11.02939510345459	5.4272356033325195	1	written
14.105611801147461	6.018094062805176	1	source
-14.494747161865234	-19.581710815429688	5	ready
49.55382537841797	-6.969086647033691	7	photo
18.213111877441406	29.690704345703125	0	customers
0.5955644249916077	-2.9848475456237793	9	sense
0.47695502638816833	-29.548585891723633	4	recent
27.032522201538086	-1.149014949798584	2	Art
9.17868423461914	-11.782097816467285	5	forward
0.3385944366455078	3.7859678268432617	2	weight
-5.410246849060059	7.229573726654053	6	popular
9.654026985168457	4.96751594543457	1	wrote
29.95248031616211	-4.002711772918701	3	Green
-3.0447072982788086	-7.163570404052734	9	instead
21.094682693481445	-5.471078395843506	3	Road
49.32001876831055	-3.3756422996520996	9	General
1.1006457805633545	-29.462892532348633	4	recently
6.368468284606934	-14.95949935913086	5	red
0.6119425892829895	30.291746139526367	8	education
-21.998117446899414	0.39620259404182434	3	Paul
36.3248176574707	12.643117904663086	7	Show
21.47374725341797	28.64834213256836	0	Company
49.7636604309082	-6.984838962554932	7	Photo
52.770633697509766	-5.0315775871276855	6	Like
-32.04090118408203	4.228991985321045	9	choose
-33.311378479003906	-1.7097110748291016	9	choice
45.57791519165039	0.16678285598754883	1	according
-7.61797571182251	-30.41326141357422	4	Feb
21.33139991760254	-0.6932054162025452	6	Christmas
23.63513946533203	-6.345137119293213	3	travel
-10.272255897521973	11.578475952148438	7	Blue
-11.642326354980469	0.900603711605072	3	Michael
20.168447494506836	-2.434170722961426	3	China
-16.350067138671875	-8.940032958984375	9	fine
-16.701213836669922	0.383158802986145	3	center
-9.980278015136719	-18.624826431274414	5	wait
-19.568599700927734	-21.578149795532227	5	final
39.106483459472656	-6.31328010559082	6	Who
-2.3392257690429688	-2.4443726539611816	1	answer
-10.550745964050293	-17.15037727355957	5	fast
-23.15606689453125	23.217151641845703	10	Department
18.002473831176758	11.968894958496094	10	Office
-27.928478240966797	17.01654624938965	10	tax
38.29257583618164	-9.560739517211914	3	location
50.17562484741211	-2.669921398162842	9	specific
-23.583541870117188	-2.7310571670532227	3	town
-0.9642117619514465	-6.415750503540039	9	entire
32.54114532470703	0.1105729341506958	6	individual
-12.554851531982422	18.78734016418457	7	eyes
-2.7363264560699463	-4.9544196128845215	9	Real
-16.22686004638672	6.972708702087402	6	girls
49.8064079284668	-3.2864880561828613	9	particular
18.96724510192871	-2.96155047416687	2	Air
32.32597732543945	2.2983744144439697	6	Women
13.148112297058105	9.038365364074707	2	medical
43.4925537109375	-2.0608971118927	2	term
33.34175491333008	-2.887847900390625	2	Two
-14.724472999572754	-13.330734252929688	9	tried
-1.6728023290634155	-32.06196594238281	4	summer
7.696866989135742	5.360358238220215	1	follow
33.73479461669922	1.5292423963546753	6	Family
-25.206584930419922	25.034473419189453	10	Report
-9.424859046936035	15.158246994018555	1	Blog
2.350290060043335	-3.3549551963806152	9	agree
-10.43214225769043	-5.383712291717529	3	road
-37.870811462402344	-9.939532279968262	2	options
-2.62168025970459	12.747397422790527	2	additional
-34.030521392822266	-2.1468353271484375	2	standard
53.38570785522461	-3.957655429840088	9	Have
-1.5514417886734009	-17.45794105529785	5	Next
-2.9798367023468018	-9.161169052124023	9	decided
-7.597390651702881	-15.052840232849121	5	step
-28.624107360839844	-4.0965070724487305	10	national
10.98153305053711	10.641640663146973	6	parents
15.049858093261719	8.055967330932617	2	terms
-25.17652702331543	-1.4727352857589722	3	international
9.64573860168457	0.5149072408676147	2	piece
-32.61834716796875	9.368549346923828	2	practice
22.13337516784668	8.065342903137207	2	Use
-0.6696377396583557	26.997390747070312	8	Research
2.951266288757324	-31.079486846923828	4	Mar
16.777101516723633	31.58954620361328	0	purchase
29.66401481628418	-3.738629102706909	3	green
-12.997822761535645	5.1122331619262695	6	wife
-38.100833892822266	0.3630819022655487	7	DVD
-36.96104049682617	-1.3468210697174072	2	stock
-10.106060028076172	-17.910064697265625	5	quickly
-0.16324226558208466	-9.704710960388184	9	Even
7.618483066558838	11.503729820251465	2	System
9.511017799377441	-6.592723846435547	9	throughout
-15.54356575012207	19.289531707763672	7	videos
-2.1937711238861084	-18.243572235107422	5	starting
-15.992044448852539	0.6324295401573181	2	lower
30.491491317749023	12.602683067321777	7	looked
-29.435266494750977	-11.247393608093262	9	average
-24.414493560791016	3.7504756450653076	2	shot
-23.886241912841797	-13.008691787719727	9	completely
23.434667587280273	2.4805209636688232	7	dog
-1.7120500802993774	-24.172588348388672	5	moment
27.212726593017578	-2.4568328857421875	2	activities
-16.362565994262695	-12.90559196472168	1	knew
-2.5969789028167725	-29.62383270263672	4	Apr
3.655003070831299	5.003198623657227	2	Game
-0.6155549883842468	-30.557327270507812	4	Jun
-20.87666893005371	-11.851858139038086	9	difficult
-32.54583740234375	-15.147472381591797	5	finally
10.68305778503418	7.014537334442139	1	info
29.559432983398438	10.773143768310547	7	Check
-11.107987403869629	-3.503194570541382	3	Lake
0.2594921886920929	3.646756172180176	2	fit
-21.95038414001465	6.2912397384643555	2	clean
-15.015324592590332	-25.907533645629883	5	hour
47.90664291381836	-1.8023457527160645	2	language
-10.655474662780762	-28.660486221313477	4	Dec
3.893655300140381	12.687478065490723	2	device
19.282121658325195	28.63218116760254	0	customer
22.357282638549805	29.600984573364258	0	Product
3.8733625411987305	12.864079475402832	2	equipment
22.027915954589844	4.458190441131592	2	Car
-16.55201530456543	12.674525260925293	2	extra
-6.208160400390625	-18.638092041015625	5	former
0.18761111795902252	-30.900171279907227	4	Year
0.9829389452934265	0.20256756246089935	9	variety
-28.88051414489746	18.951087951660156	10	cases
10.052950859069824	-10.141887664794922	5	Since
-13.091611862182617	-10.65274715423584	9	guess
5.706691265106201	11.124968528747559	2	types
-29.942047119140625	4.257112503051758	1	response
4.039791107177734	-19.613588333129883	5	began
-7.738299369812012	-28.883190155029297	4	daily
-0.6679430603981018	-7.6233954429626465	9	exactly
-1.7152652740478516	-7.070826530456543	9	Only
38.79862976074219	-9.510953903198242	3	Where
-5.807929992675781	-15.147706985473633	5	speed
2.6141152381896973	14.619019508361816	2	base
-24.862464904785156	-3.8503997325897217	3	trip
-0.8198597431182861	-4.268124103546143	9	decision
-27.125913619995117	10.820670127868652	2	Software
1.4278349876403809	4.726408958435059	2	pain
-18.29724884033203	12.328346252441406	2	plus
24.813180923461914	-6.267321586608887	3	environment
38.36057662963867	-8.651490211486816	3	Public
-32.867591857910156	10.463732719421387	2	skills
-13.145408630371094	10.284306526184082	2	Series
16.502073287963867	14.998050689697266	10	court
-11.119088172912598	-2.0304529666900635	3	countries
31.08247947692871	3.0321993827819824	6	character
5.010982513427734	-11.16769790649414	2	War
-4.161963939666748	-7.618453502655029	9	although
-9.506031036376953	-30.0539493560791	4	Aug
42.31618881225586	0.1647905856370926	1	Association
-35.95025634765625	-0.9971944093704224	2	digital
-25.42630386352539	23.956817626953125	10	police
1.8633697032928467	30.28881072998047	8	Education
-9.245882034301758	-4.7631659507751465	3	walk
-33.261592864990234	-12.863268852233887	5	break
-1.6335746049880981	-6.077693462371826	9	directly
13.633041381835938	-1.734405517578125	9	difference
34.57203674316406	13.255623817443848	7	shown
-6.522214889526367	12.799759864807129	1	Press
-37.43916702270508	-9.592459678649902	2	option
31.80623435974121	-6.709682464599609	5	moving
36.88780212402344	-10.133148193359375	3	places
-29.685754776000977	-14.473221778869629	9	definitely
-23.850120544433594	11.18518352508545	2	Digital
21.834800720214844	2.7507195472717285	1	stories
-12.800349235534668	-3.0899574756622314	3	Europe
-27.597557067871094	-2.8837101459503174	3	George
2.8575286865234375	-20.118331909179688	5	previous
-14.330965995788574	20.17307472229004	7	display
28.912704467773438	1.5303423404693604	6	feeling
-25.38504981994629	22.93846321105957	10	Law
-25.91745948791504	21.84800148010254	10	legal
-20.46053695678711	1.653680443763733	2	modern
27.371654510498047	12.890578269958496	7	Star
-13.784089088439941	18.895469665527344	7	camera
32.01704406738281	13.452317237854004	7	Watch
-36.04926681518555	-4.991730690002441	1	guide
-2.6482536792755127	-6.28267240524292	9	yes
-26.782428741455078	11.990036010742188	2	Microsoft
1.9457658529281616	-32.28359603881836	4	Jul
-6.735633850097656	-14.33083438873291	5	pass
-25.36701774597168	10.09540843963623	2	engine
-25.983062744140625	-7.027682781219482	5	goal
-6.989421844482422	-16.274669647216797	5	gone
44.37797927856445	-0.8680114150047302	1	Source
32.52969741821289	-5.132283687591553	2	Sports
-23.283483505249023	-1.577202320098877	3	England
23.640213012695312	-5.1513285636901855	3	nature
1.352907657623291	1.794521689414978	2	List
-8.075441360473633	-16.521957397460938	5	spent
-11.003588676452637	6.201804161071777	6	Christian
-26.842126846313477	-13.675271034240723	9	certainly
26.47316551208496	1.8159270286560059	6	Name
15.678061485290527	-9.330052375793457	3	History
17.358503341674805	14.36063003540039	10	Court
-22.775096893310547	8.617257118225098	2	spend
-26.787946701049805	19.777090072631836	10	claim
28.05830955505371	4.466564655303955	6	relationship
1.6492892503738403	13.347945213317871	2	Games
-18.465375900268555	-12.904769897460938	9	alone
0.9898499846458435	17.72810173034668	2	approach
2.2295756340026855	26.899599075317383	8	Science
10.096090316772461	-7.373262882232666	9	Once
-9.078539848327637	-17.26926040649414	5	quick
46.22682571411133	-8.757676124572754	3	Location
16.113338470458984	31.173076629638672	0	brand
-27.373464584350586	10.609919548034668	2	applications
-0.9656738638877869	29.555282592773438	8	schools
3.8437278270721436	-19.278339385986328	5	beginning
10.134387969970703	1.6623868942260742	2	match
-20.292776107788086	10.276906967163086	3	homes
-4.008145809173584	19.024856567382812	2	unit
-28.75940704345703	16.739030838012695	10	economic
29.96499252319336	3.6635775566101074	6	Her
33.10477828979492	-6.500898361206055	5	Act
17.884727478027344	32.088661193847656	0	shop
-38.42701721191406	0.856224536895752	7	movies
19.773820877075195	-4.610326766967773	3	Old
-19.63650131225586	-8.056985855102539	9	regular
22.977840423583984	7.860366344451904	2	Technology
0.3369486629962921	16.837566375732422	2	Development
-31.953472137451172	-11.350568771362305	9	dont
41.91101837158203	-4.565898418426514	9	Another
21.114992141723633	30.58780860900879	0	Products
-22.880260467529297	-3.7496886253356934	3	Central
-32.46261215209961	12.709141731262207	1	Guide
2.4062654972076416	-0.037408046424388885	9	sort
-9.639881134033203	-1.373955249786377	3	Australia
-30.594846725463867	-11.514665603637695	9	normal
-20.7297420501709	7.181553363800049	6	fan
40.88556671142578	-4.3650593757629395	9	Each
-29.53768539428711	22.467529296875	10	reports
-25.688474655151367	16.433704376220703	10	Bill
-35.20695495605469	6.900601387023926	1	advice
28.397369384765625	-1.347926378250122	2	Medical
27.850603103637695	2.4875786304473877	6	Social
-28.884824752807617	-2.253671407699585	3	Estate
-1.4638932943344116	16.376956939697266	2	Project
17.48322105407715	29.952194213867188	0	bought
2.034943103790283	-0.7357422709465027	9	multiple
30.62481689453125	-8.093107223510742	5	Out
-2.437302589416504	-18.096338272094727	5	begin
-25.480030059814453	-1.3844023942947388	3	global
-15.616902351379395	12.244112014770508	2	pressure
42.17518615722656	-7.850204944610596	5	towards
17.343185424804688	-6.4511590003967285	3	states
-32.15862274169922	12.459309577941895	1	analysis
-26.378585815429688	8.50626277923584	2	gas
40.617679595947266	2.75709867477417	10	organization
-28.98418617248535	-4.939677715301514	10	Council
-12.209043502807617	-2.873723030090332	3	European
2.8422839641571045	11.263492584228516	2	cars
15.984384536743164	5.7813825607299805	1	articles
29.703323364257812	-9.823113441467285	5	nearly
-26.575952529907227	-2.2790768146514893	3	map
2.1599981784820557	-2.1825153827667236	9	direct
54.3535041809082	-2.54026460647583	2	Description
0.3177414834499359	-4.604658126831055	9	Although
-18.455129623413086	2.967498779296875	5	stage
-1.914527416229248	9.9779634475708	1	author
0.4675806164741516	16.777822494506836	2	developed
-36.740333557128906	-0.7521003484725952	2	channel
35.642333984375	-0.8766646385192871	2	Category
-12.701363563537598	18.649311065673828	7	eye
-25.741168975830078	-2.7619009017944336	3	Valley
51.51929473876953	-1.8637667894363403	1	Related
24.600542068481445	-6.872641563415527	3	Travel
2.2436091899871826	-12.071183204650879	2	ball
30.492368698120117	14.61949634552002	7	watching
-29.51199722290039	20.63916015625	10	official
-32.63398361206055	5.128480911254883	2	basic
-10.591553688049316	3.78367280960083	6	whose
2.8333048820495605	-29.755496978759766	5	Times
-30.871681213378906	-4.216158390045166	3	Smith
-32.151309967041016	-4.216010093688965	1	update
-32.08356475830078	2.8597030639648438	2	double
41.362552642822266	-4.806216716766357	9	Very
18.831022262573242	31.64606285095215	0	Shop
-5.264025688171387	12.930144309997559	2	military
-35.492794036865234	-11.1736421585083	6	gay
-0.3068743050098419	13.877546310424805	1	Data
15.396316528320312	31.8704776763916	0	commercial
-22.021230697631836	1.5925335884094238	3	Mike
29.75835609436035	-0.9426376223564148	2	physical
3.8104751110076904	7.62947940826416	7	window
28.01883316040039	-2.8701536655426025	2	activity
-8.391180038452148	6.851596355438232	6	names
-27.990768432617188	23.47086524963379	10	reported
-30.69832420349121	-3.42252516746521	3	met
-30.548967361450195	11.545404434204102	1	evidence
-13.961152076721191	17.230567932128906	7	star
21.90467071533203	4.940616130828857	2	vehicle
-2.4762988090515137	-14.33208179473877	5	effort
-34.169578552246094	0.3629814386367798	7	led
19.841466903686523	-1.9317816495895386	3	Water
28.62091636657715	12.546016693115234	7	Views
-28.157550811767578	-12.774219512939453	9	whatever
-9.163511276245117	-29.065303802490234	4	weather
36.177825927734375	14.188641548156738	7	seeing
-37.666316986083984	-2.98711895942688	1	recommend
1.8144257068634033	-15.19689655303955	5	Over
5.597014904022217	14.409321784973145	2	construction
-36.68629455566406	-10.213823318481445	1	Email
19.249462127685547	30.41240882873535	0	shopping
31.247379302978516	-1.7211259603500366	6	Mary
20.670618057250977	0.7167925238609314	3	hotels
32.40376663208008	-5.131834506988525	2	sports
-16.494089126586914	-20.466350555419922	5	finish
-0.8227673768997192	-18.621841430664062	5	waiting
-18.14139747619629	5.419455528259277	6	husband
-1.7286632061004639	27.75562286376953	8	degree
34.995487213134766	11.525636672973633	7	Photos
-0.004751314874738455	26.077709197998047	8	science
35.611087799072266	12.896979331970215	7	showing
39.62923049926758	-0.5548787117004395	1	Quote
-7.250317096710205	-21.20138931274414	5	earlier
-7.838226795196533	-27.02265739440918	4	cold
-21.157184600830078	3.7292568683624268	1	updated
-17.232919692993164	-21.700519561767578	5	seconds
11.840921401977539	0.0865936130285263	2	onto
19.476943969726562	29.334196090698242	0	businesses
48.6063346862793	0.8092738389968872	2	Item
14.241856575012207	4.758847713470459	1	associated
-9.237610816955566	11.737536430358887	2	glass
-30.15938949584961	-12.384713172912598	9	straight
-30.28887939453125	9.242301940917969	2	develop
-7.3509602546691895	11.242561340332031	2	Super
-4.358615875244141	18.888940811157227	2	basis
33.05547332763672	4.017240047454834	6	User
-19.10566520690918	-20.855497360229492	5	finished
24.352584838867188	4.947019577026367	2	wear
-27.863426208496094	13.256521224975586	2	teams
-25.252988815307617	-4.136003494262695	3	Hill
38.58402633666992	-0.3316454291343689	1	Help
0.22904732823371887	9.870718955993652	1	helpful
-25.293472290039062	-12.63812255859375	9	actual
-37.64690017700195	-11.62848949432373	10	budget
1.2442799806594849	-4.559762954711914	9	except
-22.557071685791016	12.79797649383545	2	models
20.206871032714844	29.36159324645996	0	Marketing
20.20887565612793	-6.378427028656006	3	street
-2.438462734222412	29.215890884399414	8	Institute
-7.497593402862549	16.919647216796875	1	opinion
-27.220483779907227	17.666282653808594	10	Director
-17.024494171142578	-1.585070252418518	3	traffic
8.10981559753418	-14.722837448120117	5	opening
40.17892074584961	0.21406637132167816	1	statement
18.493982315063477	-1.9360668659210205	2	driving
19.052629470825195	14.44986629486084	10	Government
-33.65971755981445	-8.380002975463867	2	button
11.205546379089355	-5.5195393562316895	9	overall
-23.008514404296875	21.4794921875	10	bank
-32.290069580078125	-14.698652267456055	5	immediately
15.79935359954834	12.708927154541016	10	Bank
32.354183197021484	0.26715633273124695	6	individuals
17.090959548950195	30.843151092529297	0	buying
45.92006301879883	0.17214176058769226	1	regarding
3.508385181427002	-11.179797172546387	3	older
-8.610932350158691	-28.855432510375977	4	holiday
11.269230842590332	-4.9919633865356445	9	generally
-35.69471740722656	7.996474266052246	1	understanding
11.669862747192383	11.259079933166504	6	client
1.1279131174087524	-17.980464935302734	5	Did
-21.341772079467773	-11.333383560180664	9	correct
30.284523010253906	11.408942222595215	7	appear
3.052050828933716	-1.8459936380386353	9	extremely
-24.64942169189453	-2.5579001903533936	3	France
-7.9503397941589355	14.519308090209961	1	letter
-13.211771965026855	-18.594459533691406	5	passed
-15.492517471313477	17.022266387939453	7	stars
35.80671310424805	-0.1658623218536377	2	Parts
-28.306331634521484	-13.427742958068848	9	totally
4.006627559661865	-5.961540222167969	9	Every
50.772850036621094	-1.781551480293274	1	topic
-9.35591983795166	14.54311466217041	1	Journal
-31.083831787109375	17.58588218688965	10	director
-20.125381469726562	6.276587963104248	6	mine
-9.572875022888184	10.264455795288086	2	Silver
-28.234289169311523	21.65451431274414	10	federal
-12.518105506896973	5.149825572967529	6	married
0.8853024840354919	22.996850967407227	1	Library
-36.10308837890625	1.5676993131637573	2	investment
-8.623753547668457	-19.567466735839844	5	ahead
-10.175395011901855	-29.512548446655273	4	annual
10.407430648803711	5.722569465637207	1	Published
4.0653395652771	-12.707982063293457	1	status
-33.976898193359375	-4.486445903778076	2	attack
19.021902084350586	31.040876388549805	0	Sales
15.023595809936523	5.953254222869873	1	reference
-0.15963585674762726	11.31173038482666	1	Support
0.1452513486146927	15.071328163146973	2	Systems
10.432448387145996	0.6440494060516357	2	Plus
27.8225040435791	13.252963066101074	7	Movie
18.759004592895508	6.769908428192139	2	structure
-19.957984924316406	-21.41136360168457	5	minute
-25.780906677246094	16.494483947753906	10	bill
-5.009571075439453	-20.58270835876465	5	prior
13.215439796447754	2.6419737339019775	1	followed
-29.23934555053711	4.564892768859863	1	helped
-16.26766014099121	11.415555953979492	2	drop
-11.279501914978027	1.4904029369354248	3	society
49.29905319213867	-2.1732826232910156	1	compared
-3.541818380355835	13.804788589477539	2	pieces
16.674457550048828	-5.282370090484619	3	Society
23.77830696105957	5.352124214172363	2	shoes
-35.53803634643555	-11.550715446472168	6	hate
-23.57192611694336	20.605127334594727	10	Insurance
23.036266326904297	5.702275276184082	2	Model
-16.471620559692383	-2.233261823654175	3	Western
-16.920490264892578	5.606390953063965	6	dating
-30.71585464477539	-4.459576606750488	3	Angeles
-1.3032160997390747	25.30735969543457	1	learned
25.111345291137695	5.388618469238281	6	fashion
5.5358147621154785	8.775056838989258	2	Control
-20.33062171936035	-0.21792136132717133	3	Grand
36.90193557739258	-0.46144425868988037	2	Type
-31.6204833984375	-8.093513488769531	3	century
32.83915328979492	-9.230792999267578	5	During
-4.808928966522217	1.7641892433166504	6	self
13.63219165802002	5.2531538009643555	1	Author
-2.3198163509368896	28.54537010192871	8	studies
-23.14933967590332	7.681150436401367	2	wine
-13.843171119689941	-4.315786838531494	3	park
-30.228530883789062	12.614601135253906	1	database
-30.6657657623291	7.9920454025268555	2	reduce
-29.62653923034668	4.35058069229126	1	reply
43.61631774902344	-0.9420832395553589	1	described
-27.967937469482422	-13.844223976135254	9	absolutely
-11.579326629638672	10.08482551574707	2	ride
-0.2609964609146118	11.863554954528809	1	sources
1.8567110300064087	26.823957443237305	8	Training
-23.186481475830078	9.46651840209961	2	Stock
22.32361602783203	2.0583393573760986	6	dress
-11.138428688049316	5.255728721618652	6	patient
-22.962970733642578	11.73653793334961	2	windows
-22.866147994995117	2.5703117847442627	3	Steve
-5.344191551208496	4.586948871612549	6	friendly
11.459941864013672	-10.209850311279297	5	distance
-8.110430717468262	-0.9287168979644775	3	station
23.038957595825195	-0.18930381536483765	3	Hotels
-2.8579258918762207	13.810381889343262	2	Version
-4.048060417175293	-10.826944351196289	9	existing
1.1829389333724976	18.313922882080078	1	established
13.587557792663574	-9.119363784790039	3	direction
-18.918231964111328	-6.904168605804443	9	seven
-14.685148239135742	-9.616294860839844	9	reality
27.170698165893555	-1.458960771560669	2	Arts
1.4383152723312378	-7.437402248382568	9	otherwise
-9.377811431884766	-0.49305734038352966	3	Golf
-10.294672012329102	-31.065597534179688	4	yesterday
51.351654052734375	-0.7191061973571777	1	According
-26.01789093017578	6.636180400848389	2	driver
3.971273899078369	4.337691783905029	2	German
-32.732112884521484	8.582368850708008	2	primary
-35.81459426879883	-0.7295545339584351	2	Rating
36.9146842956543	13.974323272705078	7	Look
-3.6343495845794678	-14.5008544921875	5	steps
-30.014930725097656	15.537843704223633	10	doctor
-34.411739349365234	-3.816887140274048	2	classic
1.0337550640106201	-31.46784782409668	4	Daily
-20.1973819732666	-12.6717529296875	9	therefore
36.768619537353516	11.869622230529785	7	appears
-11.81925106048584	-30.57326316833496	4	Week
0.7216617465019226	-17.77753257751465	5	seemed
14.472426414489746	8.718597412109375	2	category
-18.968643188476562	2.031827926635742	3	ice
10.528040885925293	-1.9059183597564697	2	exercise
-2.5496392250061035	3.2048420906066895	6	adult
-7.383284091949463	3.5226986408233643	6	Girl
-36.95671844482422	-8.654159545898438	2	standards
-4.966303825378418	-11.021480560302734	2	putting
-25.92842674255371	1.1009291410446167	10	Union
-19.168542861938477	-7.514284133911133	9	dry
22.126136779785156	-7.221106052398682	3	Country
-26.183349609375	-12.94580078125	9	clearly
9.726268768310547	-6.6710004806518555	9	thus
20.15372657775879	30.43227767944336	0	Store
12.664579391479492	5.260670185089111	1	communication
-14.607429504394531	6.819301605224609	6	Girls
-3.662818193435669	-18.766738891601562	5	End
-10.901347160339355	9.066033363342285	2	Play
-2.1709954738616943	9.578269004821777	1	helping
14.025490760803223	-0.884921133518219	1	experienced
-29.80318832397461	1.1892673969268799	2	Edition
-2.9008963108062744	-31.106016159057617	4	spring
-5.295928478240967	3.618664503097534	6	Happy
24.097402572631836	-4.972282409667969	3	Visit
1.1368261575698853	-30.764554977416992	4	Wed
47.82917404174805	-3.3889834880828857	2	Title
-8.667805671691895	-18.690895080566406	5	starts
41.24934387207031	-0.6357672810554504	1	Details
4.842751979827881	-19.536808013916016	5	Before
8.085331916809082	16.836423873901367	2	target
19.350980758666992	-2.512667179107666	3	Wall
42.250770568847656	-7.759397506713867	5	toward
-15.932753562927246	-19.55967140197754	5	completed
-33.26459884643555	-10.41865348815918	6	fuck
-2.1923646926879883	20.545854568481445	2	testing
-26.376482009887695	-11.74329948425293	9	doubt
-1.7730600833892822	29.71320915222168	8	classes
-27.07981300354004	-1.3541243076324463	3	Bush
16.5439395904541	12.914473533630371	10	Case
-8.77396297454834	-5.289392471313477	3	walking
46.495872497558594	-0.9699447751045227	1	Article
-29.930179595947266	-5.93569278717041	3	central
-23.355026245117188	0.16875790059566498	3	Martin
16.744531631469727	7.461709022521973	2	advanced
22.077857971191406	-5.261379241943359	3	Earth
-4.026693820953369	-29.720008850097656	4	winter
-8.674738883972168	-0.6524195671081543	3	Germany
1.8267579078674316	-5.794848918914795	9	mostly
16.51434326171875	32.292484283447266	0	stores
-5.074061393737793	11.657793998718262	2	Ford
-19.28356170654297	-1.2709859609603882	3	Global
22.192764282226562	8.155647277832031	2	Using
-32.880130767822266	5.216273784637451	2	alternative
-4.28676176071167	-17.95363998413086	5	leaving
-18.408172607421875	-21.437952041625977	5	ended
-19.30019760131836	-2.2462925910949707	3	Map
-29.48392105102539	-4.156405925750732	3	capital
-33.570587158203125	10.166646957397461	2	brain
-2.8296256065368652	16.794157028198242	2	technical
-30.09075355529785	19.360437393188477	10	claims
-4.083618640899658	4.173558235168457	6	mom
-1.4745187759399414	-5.22642707824707	9	separate
-33.11984634399414	-10.829933166503906	6	glad
8.289321899414062	-14.676640510559082	5	opened
-15.774726867675781	1.556523323059082	2	League
-1.3670668601989746	22.03829574584961	2	train
36.161190032958984	-2.812944173812866	9	Both
-7.78652811050415	5.132654190063477	6	enjoyed
-15.2290620803833	19.547096252441406	7	Videos
-36.78411865234375	-11.935218811035156	9	independent
20.955888748168945	6.875576019287109	2	Drive
0.13034600019454956	-5.062689781188965	9	decide
-24.58108901977539	-0.6810782551765442	3	Mexico
-22.847105026245117	8.899089813232422	2	spending
-14.091009140014648	-0.6221203804016113	3	foreign
-6.099644660949707	4.702025413513184	6	teen
-0.5413033366203308	27.93159294128418	8	teacher
-15.20487117767334	-19.23112678527832	5	slow
-32.098594665527344	13.693869590759277	2	coach
34.530242919921875	-4.516282081604004	9	Main
-0.6978498697280884	-32.29645538330078	4	Summer
-31.59259605407715	1.587881088256836	2	mode
-7.04692268371582	17.693981170654297	10	rule
-1.3152635097503662	-31.666006088256836	4	Spring
1.1557831764221191	-15.19998550415039	5	Off
-9.753271102905273	-2.853264331817627	3	Inn
-35.821800231933594	-5.819762229919434	2	strategy
-10.98431396484375	-4.107123374938965	3	earth
2.0867698192596436	-30.667774200439453	4	Thu
-4.141658782958984	15.199382781982422	2	operating
-34.17717361450195	-10.8622465133667	6	fucking
46.99650573730469	-8.578468322753906	3	Place
23.434022903442383	5.930702209472656	2	Auto
-23.559804916381836	5.25014066696167	2	super
28.654220581054688	13.748730659484863	7	television
30.08930778503418	-10.143838882446289	5	approximately
33.7655143737793	13.139847755432129	7	showed
-11.85174560546875	-14.345728874206543	5	attempt
-25.00571632385254	-13.976853370666504	9	anyway
7.831656455993652	-2.6663708686828613	9	determine
7.989423751831055	-0.24041952192783356	9	proper
-8.224042892456055	-2.9535019397735596	3	Garden
4.370697498321533	-3.8141000270843506	9	Single
2.1337554454803467	29.185806274414062	8	Class
-29.87791633605957	7.088038444519043	2	adding
36.354286193847656	13.624921798706055	7	Looking
-35.483768463134766	-3.238140106201172	10	dollars
-35.476402282714844	2.830819606781006	2	units
-31.47682762145996	-7.4590983390808105	3	GMT
11.784153938293457	10.589282035827637	6	partner
-14.59618091583252	18.51584243774414	7	Movies
-32.47840881347656	13.395267486572266	1	library
-23.23573875427246	20.02674102783203	10	corporate
15.077679634094238	1.8531129360198975	1	Follow
22.014055252075195	7.442983627319336	2	Used
44.72191619873047	-1.6684209108352661	2	description
-25.640796661376953	5.629161357879639	2	rent
-29.987834930419922	19.319625854492188	10	agency
-21.685367584228516	10.494391441345215	2	ship
-5.649627685546875	-8.111431121826172	9	realize
36.60893630981445	-9.193990707397461	3	Building
9.459942817687988	-9.9743013381958	5	slightly
-31.451074600219727	19.870140075683594	10	department
-33.734657287597656	-10.77408504486084	6	shit
48.43918228149414	-5.237081527709961	2	object
6.559929847717285	15.174532890319824	3	Homes
-35.319244384765625	-14.291990280151367	4	schedule
-10.092145919799805	-2.1742663383483887	3	visitors
1.4392733573913574	-16.051868438720703	5	Second
-24.477046966552734	-0.023247476667165756	3	Charles
-26.36791229248047	24.44583511352539	10	filed
-36.05732727050781	-12.607325553894043	5	failed
-23.50973129272461	7.702820777893066	2	plastic
-0.13228076696395874	-11.671167373657227	9	Still
-10.274951934814453	-4.255977630615234	3	Mountain
2.908571243286133	2.542233467102051	5	changing
-10.777745246887207	10.021946907043457	2	bike
-5.2767438888549805	-14.877633094787598	5	prepared
53.124263763427734	-6.482144832611084	6	Human
-30.852603912353516	5.410963535308838	1	suggest
22.74059295654297	2.7753400802612305	7	dogs
-32.99886703491211	-12.083983421325684	5	gonna
-23.072736740112305	11.044330596923828	2	repair
-2.316394567489624	18.45616340637207	2	developing
11.559706687927246	4.846063613891602	1	detail
19.02242088317871	-0.2690379321575165	3	Canadian
-36.409854888916016	-1.7295515537261963	2	rental
-17.60710906982422	-0.10823280364274979	3	Centre
-24.756563186645508	-2.7484865188598633	3	Paris
15.383578300476074	-9.848115921020508	3	senior
-31.848854064941406	7.522831439971924	9	count
39.613006591796875	-0.5097495317459106	1	quote
-13.357061386108398	-1.9985774755477905	3	Avenue
24.194332122802734	2.241839647293091	7	Dog
-26.142465591430664	23.138765335083008	10	Federal
-27.083267211914062	22.010770797729492	10	officials
-24.81549835205078	8.182748794555664	2	electronic
12.266083717346191	-2.3689444065093994	5	Originally
1.9292851686477661	-2.8652853965759277	9	agreement
-4.566777229309082	20.887863159179688	1	explain
-27.04525375366211	8.815812110900879	2	fuel
17.374616622924805	29.04840087890625	0	advertising
-6.748093128204346	7.779414176940918	6	audience
30.907217025756836	-10.380409240722656	5	Previous
-25.6783504486084	7.5752081871032715	2	guitar
-4.985807418823242	16.496746063232422	2	defense
-14.69079875946045	-2.862309455871582	3	Town
-32.79874038696289	0.061863888055086136	2	signal
33.38078308105469	1.0279359817504883	6	Personal
-23.474641799926758	-0.8895971775054932	3	bus
16.448776245117188	14.659262657165527	10	Police
11.570356369018555	2.502378225326538	1	connected
-31.739917755126953	-5.627758026123047	5	quarter
12.453901290893555	3.027350425720215	1	joined
9.9649076461792	2.7223174571990967	1	shared
31.91324234008789	-7.372569561004639	5	Was
15.49445629119873	10.215169906616211	10	Professional
49.55986404418945	-5.462637424468994	2	Action
6.923956394195557	15.562393188476562	3	Property
8.187413215637207	-0.39487627148628235	9	supposed
-29.125051498413086	7.929446697235107	2	output
-4.641648292541504	-7.677981853485107	9	despite
-17.94402503967285	13.058900833129883	2	Standard
16.482593536376953	7.559648036956787	2	applied
6.052392482757568	-0.9756417870521545	2	Which
-3.0644567012786865	29.653682708740234	8	courses
-13.214486122131348	0.5399643778800964	3	golf
-12.999011993408203	-17.79538917541504	5	reached
-21.277854919433594	1.7379575967788696	2	battle
-29.753555297851562	18.651792526245117	10	agent
-34.41350555419922	-12.928067207336426	5	episode
25.277435302734375	0.5961927771568298	2	Spanish
-27.436172485351562	8.733704566955566	2	installed
31.8458194732666	-3.659405469894409	1	Story
-10.50713062286377	6.7423624992370605	6	flowers
-26.78218650817871	5.60326623916626	2	waste
-4.257030963897705	-14.458771705627441	5	advance
9.08945369720459	6.155556678771973	1	detailed
-1.9362831115722656	13.414643287658691	2	Added
-5.091187000274658	-28.327899932861328	4	vacation
-35.07851028442383	-5.936964988708496	2	edition
21.37900733947754	-7.4980573654174805	3	cities
-19.801855087280273	2.5598785877227783	2	Sat