x	y	cluster	word
33.74835968017578	-4.466426849365234	10	he
31.754629135131836	-4.8517303466796875	10	his
26.261430740356445	-6.0526251792907715	10	him
30.612747192382812	-5.420013427734375	10	man
-8.608429908752441	-2.37528920173645	10	son
5.281838417053223	-2.7306742668151855	10	boy
24.69257354736328	-5.782641410827637	10	brother
28.723262786865234	-5.805517196655273	10	male
5.511823654174805	-10.889555931091309	8	brown
-0.42686712741851807	-31.261133193969727	6	american
5.30202579498291	-31.06519889831543	6	indian
-6.714938163757324	-6.734935283660889	10	thai
-10.980557441711426	-26.590486526489258	6	indonesian
-8.526798248291016	-26.783184051513672	6	jamaican
-10.715587615966797	-26.553110122680664	6	nigerian
-31.888065338134766	-5.330611705780029	6	kenyan
1.5534051656723022	-29.9184627532959	6	african-american
49.35393524169922	1.3045474290847778	8	The
17.425308227539062	7.2784342765808105	0	one
18.454565048217773	7.138189315795898	0	would
49.54616165161133	2.0374867916107178	8	This
16.023216247558594	-25.505687713623047	4	time
11.980480194091797	25.72884178161621	7	know
26.047157287597656	-15.702936172485352	4	may
30.583053588867188	11.295083045959473	3	much
18.129886627197266	-20.51967430114746	4	years
30.021024703979492	11.630874633789062	3	many
46.91927719116211	3.096433401107788	8	For
-16.084402084350586	6.487543106079102	0	really
16.71607780456543	-24.227205276489258	4	day
16.36751365661621	7.165157318115234	0	right
16.86444854736328	11.345969200134277	0	But
18.031389236450195	22.9121036529541	7	information
15.07797622680664	-7.826855659484863	8	home
47.654502868652344	2.2920448780059814	8	What
-32.29228210449219	5.75191068649292	5	free
48.500736236572266	0.942182183265686	8	There
26.66281509399414	-15.177000045776367	4	May
-2.2463738918304443	-18.89930534362793	1	world
41.59624099731445	8.751049041748047	2	business
46.203468322753906	3.435128688812256	0	That
29.51710319519043	-1.6171491146087646	8	Home
-20.625213623046875	-14.187341690063477	4	ago
39.92789840698242	2.0634918212890625	8	things
43.4507942199707	2.10255765914917	8	something
48.74946594238281	2.195770502090454	8	With
-37.63615417480469	0.9379509091377258	0	never
16.838211059570312	17.273223876953125	8	found
47.00429153442383	0.8225268721580505	0	When
17.357301712036133	-25.024065017700195	4	days
9.53719425201416	11.590048789978027	0	without
18.00636100769043	-16.813899993896484	4	since
27.361038208007812	13.98558235168457	3	lot
35.688743591308594	3.1805214881896973	0	More
15.410191535949707	-2.61270809173584	8	show
-18.27060890197754	-15.995463371276855	4	end
28.1054744720459	1.7412636280059814	8	thing
0.5344565510749817	2.466733932495117	10	name
38.97262191772461	0.7172517776489258	0	One
15.78366470336914	8.448311805725098	0	might
25.75695037841797	-17.074949264526367	4	today
8.8930025100708	-11.874929428100586	1	old
-11.90122127532959	36.2510871887207	2	company
-17.092369079589844	34.513221740722656	2	money
30.16207504272461	13.239147186279297	3	big
9.677351951599121	-13.574085235595703	1	away
-17.987060546875	15.542688369750977	5	support
-18.78982162475586	6.074961185455322	0	real
18.32131004333496	-19.852079391479492	4	times
-5.279790878295898	-5.425865650177002	10	team
-15.615954399108887	19.132156372070312	5	data
-3.730509042739868	-10.18165111541748	8	music
22.103290557861328	-3.796966314315796	8	Our
-8.00735092163086	14.50438117980957	5	News
25.355466842651367	-13.853224754333496	4	Now
16.33725357055664	12.287944793701172	0	though
2.3997247219085693	-31.558488845825195	6	American
-23.355195999145508	-16.563867568969727	4	months
14.578296661376953	-23.427492141723633	4	March
1.038398027420044	5.792407512664795	10	God
17.510896682739258	-22.76033592224121	4	June
4.652556896209717	-13.678142547607422	8	night
-25.297077178955078	5.750999450683594	5	Free
17.1083984375	-22.850027084350586	4	April
45.17535400390625	1.2020411491394043	8	From
-9.208908081054688	-14.132888793945312	8	live
17.140735626220703	21.328115463256836	7	important
13.817915916442871	1.950982689857483	8	makes
2.306908130645752	-28.322174072265625	6	United
48.21807098388672	1.6066997051239014	8	These
-13.328814506530762	16.86412811279297	5	program
7.199483871459961	0.25039011240005493	10	John
15.807608604431152	-23.36714744567871	4	January
-1.6724588871002197	4.054573059082031	10	job
-12.652863502502441	7.402681827545166	0	yet
20.763511657714844	0.4478949010372162	1	far
-1.3011480569839478	-19.27967071533203	1	World
33.901756286621094	0.6096133589744568	8	THE
-37.81156539916992	-5.3248114585876465	9	problem
14.073319435119629	-7.963846206665039	8	house
12.6122465133667	11.665303230285645	0	Not
-24.8930721282959	8.498802185058594	5	bit
6.7060227394104	-11.4979248046875	8	run
46.50033950805664	1.1989786624908447	8	Here
14.547189712524414	10.589746475219727	0	often
15.879399299621582	15.541975975036621	0	fact
-22.421457290649414	-13.863343238830566	4	November
3.7342031002044678	-0.09430046379566193	10	friends
-17.50284767150879	-18.293214797973633	4	September
-36.7884521484375	-7.134556293487549	9	bad
-21.45056915283203	32.00202560424805	2	market
26.069177627563477	-18.081295013427734	4	Day
-4.263049125671387	21.810379028320312	5	web
15.048128128051758	-22.78666877746582	4	past
-3.4729740619659424	-21.356924057006836	1	South
41.858604431152344	8.300884246826172	2	Business
-9.379545211791992	13.557394027709961	5	news
-11.685258865356445	-0.34777867794036865	10	members
-17.246356964111328	33.868385314941406	2	Price
-3.168781280517578	-19.586496353149414	1	North
-8.67090892791748	-29.684635162353516	6	National
14.475805282592773	11.089599609375	0	probably
-30.49247169494629	11.92924690246582	5	software
14.06921100616455	-23.332929611206055	4	season
2.2752792835235596	13.052045822143555	3	million
5.1045403480529785	-30.0275936126709	6	States
-32.57508087158203	8.84434700012207	5	contact
25.540903091430664	-5.183131217956543	10	men
17.790325164794922	11.797676086425781	0	However
15.125412940979004	-19.983272552490234	4	Last
16.768373489379883	-8.197446823120117	8	House
-35.26747131347656	1.5295209884643555	0	nothing
12.859620094299316	25.12335205078125	7	known
-19.423612594604492	-17.1572322845459	4	early
43.27475357055664	-0.9137814044952393	1	near
20.111478805541992	-17.865921020507812	4	current
-16.792604446411133	17.011621475219727	5	research
9.485870361328125	20.988101959228516	7	mind
-27.021121978759766	11.476820945739746	5	project
-25.62439727783203	30.687572479248047	2	offers
-14.220298767089844	21.383705139160156	5	development
-9.941405296325684	20.924591064453125	5	Internet
13.636677742004395	13.934911727905273	0	true
2.0400452613830566	12.100616455078125	3	Great
47.93265151977539	3.168835163116455	8	About
18.92704963684082	-24.18335723876953	4	event
19.548381805419922	-19.357131958007812	4	future
-0.515182614326477	-20.3090763092041	1	West
23.182830810546875	-20.428329467773438	4	Time
3.003056287765503	-31.39216423034668	6	America
-17.562978744506836	33.05472183227539	2	cost
20.323593139648438	12.365239143371582	0	seems
12.949458122253418	13.143733978271484	0	Why
18.92372703552246	-7.3260111808776855	8	front
30.80815315246582	8.827071189880371	3	High
20.325855255126953	-19.566171646118164	4	coming
14.709238052368164	12.483402252197266	0	whether
-38.97547912597656	-3.418940544128418	9	problems
33.57555389404297	-4.4535393714904785	10	His
-12.247944831848145	17.56416893005371	5	Windows
-15.777238845825195	7.991825103759766	0	reason
18.311769485473633	20.27118492126465	5	details
-23.96278953552246	-16.822105407714844	4	soon
-15.398475646972656	34.805118560791016	2	companies
-27.626781463623047	0.8794997930526733	1	range
16.238605499267578	10.935967445373535	0	rather
3.571659564971924	0.2602912187576294	10	friend
-8.466425895690918	21.95806884765625	5	computer
3.311722755432129	-10.180038452148438	8	Music
-1.0918371677398682	23.687274932861328	5	Web
14.190214157104492	-1.9481124877929688	8	watch
16.941720962524414	-21.619810104370117	4	Friday
28.60476303100586	13.562175750732422	3	major
-7.889351844787598	2.8211750984191895	3	miles
-23.27842903137207	29.255910873413086	2	credit
-14.69295883178711	32.85884475708008	2	industry
-24.50091552734375	-16.514488220214844	4	Date
-5.742090702056885	3.5627601146698	8	five
-26.6209774017334	-15.808703422546387	4	date
16.40515899658203	-2.829709053039551	8	shows
1.3356306552886963	-12.230958938598633	8	space
29.797245025634766	-13.085064888000488	4	present
-5.122369766235352	6.696529865264893	8	matter
-9.893754005432129	-3.4696314334869385	10	David
-10.330377578735352	18.576379776000977	5	media
39.487037658691406	-0.4865761995315552	0	Then
9.772890090942383	-11.046649932861328	8	living
11.892751693725586	-0.9609096050262451	8	main
-10.91661262512207	-0.7662193775177002	10	member
-2.1883976459503174	24.020566940307617	5	technology
38.20035171508789	1.2183324098587036	8	upon
-32.919918060302734	10.330153465270996	5	code
0.37769243121147156	6.801916599273682	8	key
13.769933700561523	0.3603726029396057	8	stuff
17.713220596313477	12.261014938354492	0	however
47.09241485595703	2.6235337257385254	8	Find
-3.6150197982788086	-28.791311264038086	6	California
30.87302017211914	3.0296547412872314	0	among
-21.919557571411133	-14.998594284057617	4	meet
-9.761178016662598	-5.460351943969727	10	guys
8.635488510131836	-9.44785213470459	8	behind
42.555030822753906	1.966279149055481	8	word
-1.4560562372207642	-18.463708877563477	1	field
4.98876428604126	1.8205457925796509	10	guy
19.081388473510742	-24.195903778076172	4	events
32.163822174072266	10.352538108825684	3	Big
10.394556999206543	24.62705421447754	7	remember
-39.115962982177734	-1.7857015132904053	9	wrong
-32.3201789855957	7.948638439178467	5	address
12.457237243652344	-6.84551477432251	8	drive
40.12074279785156	1.2713079452514648	8	Part
38.98936462402344	6.020672798156738	7	Information
20.521879196166992	-18.313953399658203	4	currently
3.3291635513305664	-31.719270706176758	6	USA
-13.627620697021484	7.985432147979736	0	maybe
15.446248054504395	-22.186410903930664	4	Jan
-13.930305480957031	19.18239974975586	5	internet
-2.2583420276641846	7.76760721206665	8	record
17.515235900878906	13.390185356140137	0	likely
-8.740898132324219	-27.588926315307617	6	President
-6.180397987365723	8.510839462280273	8	changes
-8.04145336151123	-4.175909996032715	10	James
-2.503605604171753	-29.660531997680664	6	Obama
0.07467367500066757	23.2982177734375	5	source
29.08533477783203	3.2890396118164062	5	interesting
24.155643463134766	-17.039445877075195	4	recent
25.703651428222656	-1.6892805099487305	8	forward
10.932684898376465	11.515159606933594	0	instead
-2.0294387340545654	-5.6405558586120605	9	players
17.131866455078125	-9.97162914276123	1	Road
-19.009132385253906	-16.310779571533203	4	late
-9.483664512634277	20.45013999938965	5	network
-15.49944019317627	35.79756546020508	2	financial
-1.097066044807434	5.995997905731201	10	Thank
-12.770980834960938	-7.918375015258789	10	Paul
-17.845897674560547	29.53925132751465	2	jobs
-2.1286017894744873	-5.46121883392334	9	player
35.2984504699707	0.012664231471717358	8	Show
41.34899139404297	9.238615989685059	2	Company
9.239742279052734	21.122577667236328	7	thinking
5.450957775115967	0.8126761317253113	10	Michael
30.210729598999023	-12.921028137207031	4	Today
-7.243901252746582	6.141837120056152	10	fine
12.093108177185059	12.380742073059082	0	chance
-27.5234432220459	-11.969428062438965	4	final
-4.598144054412842	4.721829414367676	8	fast
-14.968034744262695	30.77700424194336	2	worth
-14.095588684082031	17.09674072265625	5	programs
-26.252059936523438	9.53693675994873	5	release
-17.608491897583008	9.173940658569336	0	ones
-23.68633460998535	-15.471750259399414	4	meeting
-5.828721523284912	-19.97577667236328	1	town
2.7043864727020264	-30.186826705932617	6	Texas
11.29327392578125	13.173657417297363	0	Real
29.81622886657715	14.420955657958984	3	huge
38.55629348754883	2.9225401878356934	8	term
-9.481098175048828	-12.204354286193848	8	Club
-16.21110725402832	33.89969253540039	2	marketing
26.658414840698242	3.4240169525146484	8	gave
-8.90842342376709	14.478569984436035	5	Report
13.587474822998047	-11.631221771240234	1	road
29.00186538696289	13.488486289978027	3	wide
3.368583917617798	-28.04315948486328	6	India
-8.865674018859863	9.049757957458496	2	opportunity
-12.213202476501465	-27.76165199279785	6	national
33.52389907836914	9.586498260498047	3	Many
-6.274916172027588	21.288646697998047	5	Research
28.314481735229492	-10.099224090576172	4	Mar
-14.546754837036133	19.285043716430664	5	links
27.284778594970703	4.331494331359863	0	gives
-16.950162887573242	16.28594207763672	5	Contact
12.765618324279785	24.48248863220215	7	knowledge
12.99478816986084	10.715331077575684	0	sometimes
1.2312694787979126	-12.23522663116455	8	track
23.771533966064453	-20.19622039794922	4	moment
13.476466178894043	24.678319931030273	7	knew
20.910720825195312	-18.950281143188477	4	Apr
21.4267578125	-18.700124740600586	4	Jun
2.3407492637634277	-10.237951278686523	8	band
17.872751235961914	23.037460327148438	7	info
-7.305721282958984	8.992756843566895	0	potential
0.00632290355861187	-11.80086612701416	8	Board
10.394834518432617	20.6140193939209	7	attention
-3.841285467147827	-29.11520004272461	6	Florida
6.129622459411621	-11.866811752319336	8	Live
-22.840431213378906	-4.344931125640869	10	King
-16.82539939880371	-16.978595733642578	4	fall
-6.448297500610352	7.879987716674805	0	extra
-0.8062739968299866	24.4290771484375	5	Media
19.803617477416992	14.278983116149902	0	Since
31.800260543823242	-4.218541145324707	10	Will
-21.652618408203125	-13.644338607788086	4	Nov
-21.275911331176758	-17.168685913085938	4	plans
-20.574193954467773	32.06719207763672	2	costs
13.888978004455566	-19.235074996948242	4	happen
14.492009162902832	-1.0804531574249268	8	speed
-15.369026184082031	20.460580825805664	5	Software
30.69268798828125	-5.510463714599609	10	Man
-25.750835418701172	9.765807151794434	5	released
7.836917877197266	-11.635991096496582	8	court
-1.547354817390442	3.963658571243286	10	career
2.7922861576080322	-26.0771427154541	1	countries
11.89568042755127	11.17120361328125	0	although
-0.670992910861969	3.551457643508911	10	Mark
-17.330341339111328	-18.55472183227539	4	Aug
38.734779357910156	2.254840135574341	10	Association
31.073625564575195	0.5847981572151184	8	shown
-2.937714099884033	17.863924026489258	8	tools
-27.42157745361328	12.025318145751953	5	projects
31.576929092407227	-1.137820839881897	8	moving
44.77412796020508	0.7756494283676147	8	situation
-18.15756607055664	-6.241326808929443	10	George
18.978504180908203	-4.460219860076904	8	Watch
3.4444735050201416	1.7656292915344238	10	Jesus
26.769760131835938	-15.888850212097168	4	Jul
8.380558967590332	10.759275436401367	8	gone
39.0900764465332	3.4641835689544678	5	Source
37.360740661621094	-4.0142436027526855	9	Sports
28.297595977783203	12.8413724899292	3	lots
-20.967205047607422	-3.639864444732666	10	fans
-8.962178230285645	-3.5485594272613525	10	Christian
25.39328956604004	-7.265933990478516	10	Name
21.32944679260254	-8.787883758544922	1	History
21.283037185668945	-4.517134189605713	8	Court
-17.07818603515625	4.6015400886535645	0	alone
-16.24582862854004	31.32440948486328	2	charge
-16.06294822692871	-7.596076965332031	10	Robert
19.224388122558594	12.444597244262695	0	Once
-5.738410472869873	9.586054801940918	4	quick
22.70302963256836	-16.412668228149414	4	beginning
5.885181427001953	-10.896702766418457	8	Brown
27.789207458496094	-5.654872894287109	10	Men
-1.0058856010437012	-15.713064193725586	1	homes
-21.163259506225586	32.355804443359375	2	economic
37.097137451171875	2.681732654571533	8	FOR
-25.42374610900879	7.6569342613220215	5	movies
-6.122610569000244	19.601160049438477	5	Program
-25.531982421875	-7.857574939727783	8	bar
18.20747184753418	-8.053786277770996	1	Old
-11.276233673095703	-2.658337354660034	10	father
0.8012095093727112	24.938453674316406	5	Technology
-5.349260330200195	23.78836441040039	5	Development
-35.103111267089844	0.8621414303779602	0	dont
-5.351699352264404	-18.45977210998535	1	Central
7.7033371925354	-2.682694911956787	10	Team
-20.768054962158203	-3.8704817295074463	10	fan
-30.3283634185791	7.589151382446289	5	reports
3.6750645637512207	-30.373598098754883	6	Chicago
-9.560429573059082	-1.5825990438461304	10	Bill
-2.2414333820343018	1.4348119497299194	9	serious
-6.430961608886719	18.59037971496582	5	Project
-22.370086669921875	30.362398147583008	2	trade
32.630123138427734	-1.5728726387023926	8	Out
42.50459289550781	-0.20835094153881073	1	towards
4.998611927032471	-30.237201690673828	6	states
-36.20872497558594	-9.112338066101074	9	fight
14.093897819519043	24.77022361755371	7	knows
-9.387298583984375	-2.5902321338653564	10	William
-12.164778709411621	32.85875701904297	2	Jobs
-1.3199418783187866	23.16802978515625	5	Network
33.083984375	2.5622329711914062	1	nearly
-3.971498966217041	16.713848114013672	8	tool
-3.2633378505706787	20.79265594482422	5	direct
14.916304588317871	11.925779342651367	0	Although
-17.485675811767578	-13.882390975952148	8	stage
-14.19840145111084	-5.537903785705566	10	Chris
-7.837427616119385	5.54723596572876	10	join
-16.82762336730957	2.083219528198242	10	thank
-5.224802494049072	-17.99226188659668	1	Bay
-13.472508430480957	8.769033432006836	0	perhaps
-31.685253143310547	10.643970489501953	5	Code
23.96639060974121	-15.675369262695312	4	Times
-26.88776206970215	-4.926743030548096	10	Smith
-28.99833106994629	7.609189033508301	5	update
5.100581645965576	-11.754708290100098	8	moved
5.553606033325195	-4.5144147872924805	9	funny
34.323097229003906	9.223530769348145	3	Very
14.246877670288086	-3.2619194984436035	8	touch
-36.896907806396484	-0.956120491027832	10	gay
-3.909613847732544	22.63860321044922	5	Data
-21.49413299560547	31.14457893371582	2	commercial
-10.047269821166992	-4.909327983856201	10	Mike
27.7299861907959	11.256550788879395	3	significant
15.320490837097168	-12.922883033752441	1	region
-35.329776763916016	-6.530529975891113	9	poor
-9.368070602416992	-0.6246091723442078	10	names
-5.341156959533691	-16.13318634033203	1	middle
-24.831071853637695	-2.924076557159424	10	met
2.240074396133423	3.4219565391540527	10	Lord
30.971527099609375	8.68466854095459	3	Long
-20.493717193603516	6.905570983886719	0	whatever
-0.6914471387863159	7.83275842666626	5	impact
36.02606964111328	1.7355678081512451	0	Does
13.738822937011719	-7.1280694007873535	8	construction
-13.684910774230957	7.865019798278809	0	Maybe
37.31008529663086	-4.040090084075928	9	sports
16.018007278442383	-5.6879730224609375	8	Rock
-13.188732147216797	-6.317605972290039	10	Thomas
18.63772964477539	19.45601463317871	5	useful
-24.724573135375977	-5.183202266693115	10	husband
-28.325815200805664	5.545104026794434	4	announced
-16.106245040893555	1.5784904956817627	10	named
33.16922378540039	-0.014701828360557556	8	showing
4.506295680999756	-10.589695930480957	8	rock
-11.476353645324707	-7.318161487579346	10	Peter
-30.185062408447266	-6.859455585479736	6	president
20.895233154296875	0.2429497241973877	1	beyond
-10.798161506652832	13.538314819335938	5	updated
-12.579916954040527	35.75723648071289	2	businesses
-16.567378997802734	8.024295806884766	0	reasons
5.919690132141113	-31.253591537475586	6	Indian
-4.267889022827148	-5.294485569000244	9	teams
1.2373141050338745	22.13619613647461	5	connection
37.173404693603516	1.0072054862976074	0	particularly
-33.98605728149414	6.884303092956543	10	profile
19.48574447631836	-10.172213554382324	1	Local
-12.585395812988281	36.44913101196289	2	Marketing
0.44841334223747253	-17.93763542175293	1	District
-11.40266227722168	3.225651264190674	10	Director
17.54361343383789	-7.122531890869141	8	Under
12.494935989379883	-3.7712249755859375	8	opening
15.244306564331055	-6.05387544631958	8	driving
-20.733104705810547	6.931918621063232	0	truth
25.387605667114258	14.05272388458252	3	increased
-31.018949508666992	1.9487638473510742	4	Conference
43.07977294921875	3.6446189880371094	7	regarding
11.811384201049805	24.96150016784668	7	understanding
-25.285017013549805	10.774614334106445	5	File
7.041353225708008	-12.63041877746582	8	Night
16.186412811279297	3.163494348526001	10	Pro
11.557722091674805	23.61733627319336	7	notice
-10.61566162109375	-4.860345840454102	10	Joe
-9.964509963989258	-19.020721435546875	1	France
24.494831085205078	-5.087944984436035	10	Tom
12.928884506225586	-3.216285467147827	8	background
29.032133102416992	11.132772445678711	3	greater
-17.66554069519043	-0.0021884399466216564	7	wonder
-19.030376434326172	3.0120697021484375	8	records
18.82890510559082	-18.78309440612793	4	ahead
-22.501747131347656	-18.229999542236328	4	annual
-15.334486961364746	31.98889923095703	2	debt
-14.381714820861816	34.82650375366211	2	Sales
-32.691471099853516	5.709004878997803	5	FREE
-2.5766475200653076	20.7736873626709	5	Support
-3.1055288314819336	22.309900283813477	5	Systems
-7.892329216003418	-11.205121040344238	8	runs
-10.544970512390137	-2.352609634399414	10	Christ
21.345359802246094	-15.25222396850586	4	happens
26.915950775146484	-0.709693193435669	8	structure
-13.32163143157959	-2.0398778915405273	10	Johnson
-13.076318740844727	0.3754638731479645	10	bill
3.062908172607422	-27.180538177490234	1	Africa
2.5438907146453857	-1.5291985273361206	10	Richard
19.37575912475586	-18.641433715820312	4	prior
-3.408392906188965	-11.027511596679688	8	metal
43.24688720703125	0.860670804977417	8	Their
0.30467864871025085	-20.580978393554688	1	Western
6.5005927085876465	-5.495683193206787	9	football
32.301246643066406	1.711395502090454	0	Right
27.8030948638916	15.107425689697266	3	Grand
-12.5032320022583	34.4268798828125	2	firm
-14.27236270904541	33.22186279296875	2	Market
-15.675638198852539	18.173673629760742	5	database
14.602659225463867	3.9362857341766357	10	Join
-1.5219039916992188	-28.48192024230957	6	Israel
-29.64048957824707	-0.10578196495771408	3	billion
-7.628220558166504	20.533769607543945	5	sources
6.145681381225586	1.4359256029129028	10	Member
-21.312376022338867	28.73300552368164	2	opportunities
-11.194297790527344	-5.822146415710449	10	Steve
10.089202880859375	-1.210372805595398	10	friendly
21.054706573486328	0.022042308002710342	1	distance
16.538846969604492	22.354938507080078	7	Note
14.303633689880371	-10.587462425231934	1	direction
-38.93572998046875	0.8284064531326294	7	forget
8.556195259094238	12.031097412109375	0	reality
3.204385280609131	8.107749938964844	3	famous
25.320985794067383	6.4525346755981445	3	complex
3.2245938777923584	-28.50880241394043	6	nation
4.088924407958984	-4.502597808837891	10	Golf
44.865875244140625	2.8269946575164795	0	According
-20.538360595703125	-4.7511162757873535	10	driver
2.984840154647827	12.482562065124512	3	thousands
-11.27973461151123	-28.74331283569336	6	Boston
-29.200841903686523	-3.054780960083008	10	Lee
28.98603630065918	14.836947441101074	3	biggest
-18.565181732177734	17.675146102905273	5	advantage
-14.270743370056152	8.917999267578125	0	therefore
22.087583541870117	-4.202551364898682	8	Three
15.03868579864502	9.268522262573242	0	seemed
-19.538776397705078	29.00091552734375	2	rich
-14.561962127685547	-8.140159606933594	10	Scott
-9.574954986572266	-26.325077056884766	6	Union
5.9095306396484375	-29.292495727539062	1	Country
20.897869110107422	12.256584167480469	0	thus
15.466517448425293	-18.951351165771484	4	End
20.9991397857666	-17.080196380615234	4	presented
-23.89178466796875	2.4078309535980225	0	fair
19.347923278808594	-22.416831970214844	4	spring
26.199216842651367	-15.860706329345703	4	Wed
-7.116289138793945	-29.056241989135742	6	Michigan
-3.3901336193084717	-30.315927505493164	6	Ohio
13.314910888671875	-20.8002986907959	4	starts
38.763160705566406	4.757030010223389	5	Details
42.85782241821289	0.03785045072436333	1	toward
-11.482745170593262	15.179604530334473	5	format
-19.826377868652344	8.072216033935547	0	doubt
-9.726183891296387	-28.142837524414062	6	Bush
17.506349563598633	-16.317882537841797	0	continued
45.98426818847656	1.9500982761383057	8	Those
-25.917879104614258	13.659174919128418	5	net
1.6880470514297485	-31.26327896118164	6	Americans
16.65520668029785	2.6111412048339844	10	Job
-27.760156631469727	1.0652954578399658	1	central
-25.996545791625977	29.76382827758789	2	deals
-15.64061164855957	-7.80173397064209	10	Martin
36.19894027709961	5.468230247497559	5	advanced
14.532265663146973	-11.414413452148438	1	Earth
2.677152633666992	-15.569579124450684	1	winter
16.430683135986328	23.82944679260254	7	mention
10.519286155700684	-1.3672257661819458	8	Ford
-17.388587951660156	-0.782535970211029	10	brain
-9.041987419128418	21.246049880981445	5	technical
4.6234450340271	-3.5944643020629883	10	boys
11.511435508728027	-7.708230018615723	8	wood
8.808213233947754	11.337934494018555	0	separate
-30.576173782348633	-1.143436312675476	10	glad
4.697608947753906	-2.1873059272766113	10	Jack
-9.461254119873047	-7.320842742919922	10	Jones
-37.23311996459961	0.3351801335811615	0	independent
28.930532455444336	-1.7439602613449097	8	Drive
-23.11159896850586	6.417535305023193	10	Profile
16.560832977294922	-21.56053924560547	4	Fri
33.175472259521484	1.279362678527832	8	Main
3.5265650749206543	12.298739433288574	3	plenty
20.213768005371094	-20.929542541503906	4	Tue
-3.8796865940093994	-21.21213722229004	1	south
-8.862454414367676	-3.783372640609741	10	Jim
13.974525451660156	23.799428939819336	7	aware
20.85282325744629	-22.12725067138672	4	Spring
23.629192352294922	-11.257841110229492	4	Mon
31.281280517578125	2.1223397254943848	8	Way
26.50835418701172	-14.715892791748047	4	Thu
-11.27389144897461	16.92043113708496	5	Mac
-6.047613620758057	-29.346887588500977	6	Colorado
-4.134773254394531	-11.180792808532715	8	steel
30.5060977935791	0.7139707207679749	8	showed
-19.20361328125	7.411250114440918	0	anyway
-0.7447108030319214	23.131258010864258	5	Link
-2.1085081100463867	23.2078914642334	5	Computer
6.970176696777344	-5.727517604827881	9	Football
-4.222187519073486	4.117316246032715	8	Movies
-24.243988037109375	-1.0136255025863647	8	busy
-15.84371566772461	32.592891693115234	2	corporate
-29.02524757385254	-4.2435622215271	10	Bob
-5.209305286407471	-11.660983085632324	8	Bar
-38.31398010253906	-2.6020495891571045	9	crazy
-22.221820831298828	2.196474552154541	0	trial
-8.018356323242188	-14.947408676147461	8	edge
28.245317459106445	-15.396613121032715	4	Events
-25.566234588623047	-1.2914546728134155	4	excited
13.68886947631836	-8.830428123474121	1	Homes
-38.1535758972168	2.6876943111419678	4	schedule
15.864422798156738	5.995157718658447	0	willing
-4.458601951599121	-19.192699432373047	1	north
17.259435653686523	-16.348220825195312	0	continues
-14.426827430725098	-2.6005163192749023	10	Charles
-7.889935493469238	-6.830650806427002	10	Jackson
13.025431632995605	-12.208549499511719	1	Mountain
-15.089699745178223	17.82429313659668	5	URL
-11.38049602508545	19.579307556152344	5	websites
-5.879870891571045	23.33770179748535	5	developing
18.07674217224121	19.752025604248047	5	detail
-13.35765266418457	36.48924255371094	2	Financial
-36.386043548583984	-6.333565711975098	9	worse
23.399513244628906	-7.342136383056641	10	senior
12.5059232711792	-1.5059071779251099	8	raised
0.40809017419815063	-18.491315841674805	1	Avenue
-13.664482116699219	-0.34038329124450684	10	Santa
-37.79756164550781	-6.657652378082275	9	trouble
-25.649566650390625	12.136064529418945	5	electronic
-12.606313705444336	-6.743756294250488	10	Williams
2.158086061477661	4.055785179138184	10	Master
-15.379671096801758	34.02628707885742	2	advertising
-16.74704360961914	6.996365547180176	0	Yeah
-20.07830810546875	-0.25629931688308716	9	luck
-7.717482089996338	-0.2174789160490036	10	proud
-36.892913818359375	-2.8866941928863525	9	fix
17.897743225097656	-8.294771194458008	1	corner
-3.805720329284668	-20.512493133544922	1	Town
-5.468768119812012	10.823901176452637	4	progress
35.91788864135742	2.6381804943084717	8	brings
1.303435206413269	22.56659698486328	5	connected
24.56076431274414	1.7196130752563477	10	joined
36.2051887512207	1.3646374940872192	0	Would
-18.079980850219727	31.84649085998535	2	Credit
-24.199298858642578	11.754942893981934	5	output
-22.74390983581543	-5.866883754730225	10	Royal
13.669008255004883	11.809096336364746	0	despite
-31.652544021606445	-3.571082353591919	10	Francisco
-6.899241924285889	-16.76964569091797	1	wind
5.951817989349365	6.481044292449951	4	exciting
-29.309091567993164	7.6958208084106445	5	updates
1.2955485582351685	-4.376650333404541	10	golf
21.713163375854492	-4.724237442016602	8	ran
-21.53716468811035	-4.222536563873291	10	cock
-20.7409725189209	30.489322662353516	2	fee
-8.296160697937012	17.726037979125977	5	load
-25.02728843688965	-15.605475425720215	4	tomorrow
-6.486423015594482	-19.10431671142578	1	district
-3.9670066833496094	25.36922836303711	5	advance
16.834535598754883	18.897289276123047	5	detailed
-1.9588005542755127	-2.781383991241455	9	catch
-14.58340072631836	35.57283401489258	2	Money
29.208972930908203	12.519956588745117	3	numerous
-22.30911636352539	-2.4679348468780518	10	master
25.23639678955078	-0.23098336160182953	5	Updated
24.66594886779785	-4.37614107131958	10	folks
-2.274352550506592	-1.1836152076721191	9	worry
-3.0989885330200195	23.618257522583008	5	Tech
7.474554538726807	-10.477779388427734	8	Down
-23.048463821411133	28.512218475341797	2	mortgage
28.53411102294922	-2.5649757385253906	8	Entertainment
-18.65007781982422	5.616674900054932	0	yeah
21.590234756469727	-21.904672622680664	4	Season
-3.7237038612365723	-14.286017417907715	8	rise
-0.26207679510116577	-16.28050994873047	1	houses
18.39118766784668	15.936572074890137	0	relevant
17.54804039001465	-3.2006099224090576	8	entertainment
-23.594337463378906	31.375411987304688	2	markets
-8.581762313842773	6.9646196365356445	8	raise
-11.283976554870605	17.606237411499023	5	USB
-18.271392822265625	-15.389030456542969	4	tonight
8.398895263671875	-4.810574054718018	9	tough
16.39092445373535	22.17259407043457	7	noticed
-1.4667267799377441	-15.927583694458008	1	housing
-2.748277425765991	-3.944420337677002	9	injury
-32.16106414794922	-4.743954658508301	6	Iraq
-15.277996063232422	13.656152725219727	5	Address
-4.979372501373291	1.181384801864624	8	fixed
1.6750037670135498	12.35663890838623	3	greatest
-32.89561462402344	8.265759468078613	5	Directory
-5.805997371673584	-30.68471336364746	6	Illinois
-27.243995666503906	9.346687316894531	5	Flash
12.850805282592773	-0.5687089562416077	8	signs
22.65993881225586	-2.6389167308807373	8	Living
-31.94314956665039	10.45355224609375	5	interface
-29.735017776489258	-4.139016151428223	10	Matt
-25.17357635498047	30.070871353149414	2	fees
41.1616325378418	0.9713375568389893	8	manner
14.446903228759766	-3.905383825302124	8	Space
-7.346411228179932	-10.16030502319336	8	throw
15.559664726257324	-18.795822143554688	4	ends
-4.709691524505615	6.274030685424805	8	forces
-0.3809591233730316	7.32205867767334	8	Records
-34.756004333496094	7.864670753479004	5	directory
-20.820409774780273	-16.71225357055664	4	initial
-2.3239617347717285	-29.249797821044922	6	Houston
-10.423035621643066	13.711892127990723	5	Update
-37.23429489135742	-5.302829742431641	9	sad
2.209113359451294	-27.98969268798828	6	African
15.501529693603516	16.509315490722656	0	facts
-3.507676839828491	16.04694938659668	8	furniture
-16.49880027770996	32.42892074584961	2	charges
12.92110824584961	-5.884722709655762	8	Tools
-39.66353988647461	-1.288529634475708	9	stupid
-6.91325569152832	-4.482903957366943	10	Ryan
35.455326080322266	-1.2024178504943848	8	behavior
-1.9708950519561768	-16.10592269897461	1	communities
33.03520965576172	9.90273380279541	3	Large
-3.200343370437622	16.9290771484375	8	electric
38.96794891357422	6.0781779289245605	7	Info
10.670927047729492	-12.498385429382324	1	Middle
6.057260990142822	-5.068981170654297	9	Player
-12.580195426940918	1.1123842000961304	10	mark
-12.653560638427734	20.013582229614258	5	Links
-26.052885055541992	-5.04059362411499	10	Louis
15.111335754394531	-2.74942684173584	8	task
-18.542083740234375	14.393537521362305	5	Sony
27.113431930541992	2.168919086456299	8	Key
24.644657135009766	-6.672524452209473	10	Senior
-30.16093635559082	6.697478294372559	5	launch
23.322708129882812	-5.489557266235352	10	Friends
-14.465163230895996	-5.041609764099121	10	Brian
-24.43756103515625	4.325790882110596	0	causes
27.024028778076172	-0.22628536820411682	5	featuring
10.656460762023926	24.343082427978516	7	Remember
-25.900178909301758	12.837799072265625	5	wireless
-11.100898742675781	2.923811912536621	10	Executive
-11.462078094482422	-8.689946174621582	10	Marine
-2.740906238555908	-17.08989906311035	1	Fort
-13.925612449645996	-8.57702350616455	10	Andrew
26.848934173583984	-17.533897399902344	4	Days
-12.204547882080078	16.240800857543945	5	aid
-10.95539665222168	-27.79733657836914	6	Vegas
-0.3905004858970642	-10.166804313659668	8	truck
30.9637451171875	-2.048739194869995	8	Front
17.14246368408203	15.192597389221191	0	obvious
-11.028916358947754	4.291226387023926	10	professionals
37.5067138671875	-0.49773550033569336	0	THIS
-0.714495062828064	22.44487190246582	5	Engineering
-22.407886505126953	-18.997926712036133	4	Annual
46.75127029418945	2.149142026901245	8	Word
-17.011640548706055	31.50896644592285	2	promote
19.75034523010254	11.736603736877441	0	Whether
-4.212122917175293	-1.0438189506530762	9	wild
44.189208984375	1.8181287050247192	8	Things
31.114171981811523	-0.9501096606254578	8	Four
-1.3942325115203857	-0.5826998353004456	9	surprised
-25.01059913635254	-4.7222723960876465	10	Dave
24.54608726501465	-15.367406845092773	4	begins
-6.280538082122803	-3.3953256607055664	10	Ben
15.87971305847168	-5.278763771057129	8	Band
36.61528015136719	5.161867618560791	5	Advanced
-26.46887969970703	29.94055938720703	2	funding
31.904678344726562	0.38193023204803467	8	formed
-35.633094787597656	1.4442931413650513	0	false
37.21849822998047	0.5581929683685303	0	thats
-11.60141658782959	-7.046420097351074	10	Tim
-1.3547248840332031	-11.022193908691406	8	Steel
-5.973797798156738	3.420241355895996	8	bright
-4.28974723815918	2.0711541175842285	9	bet
11.230949401855469	-8.317561149597168	8	fishing
-6.640992164611816	-27.9335994720459	6	Miami
-35.640533447265625	2.066108226776123	0	anymore
-9.994587898254395	14.592812538146973	5	Release
-37.19385528564453	1.0904498100280762	0	Never
-19.064929962158203	16.01668930053711	5	experts
28.335899353027344	-10.811418533325195	4	Current
14.904086112976074	2.3760924339294434	8	charged
-13.025918006896973	-4.975483417510986	10	Daniel
-24.002185821533203	29.830957412719727	2	ads
18.10087776184082	10.758469581604004	0	Sometimes
-21.912769317626953	3.4300131797790527	8	replace
29.244680404663086	-13.618980407714844	4	Event
-6.69105339050293	-5.526994228363037	10	Taylor
0.2360205203294754	7.891482353210449	8	affect
24.226900100708008	-6.03986120223999	10	Henry
-31.973752975463867	-2.2059152126312256	10	drivers
-11.380197525024414	36.41067886352539	2	Corporation
3.90787410736084	7.516644477844238	3	Wow
13.468305587768555	25.41067886352539	7	knowing
-36.13850784301758	-9.604280471801758	9	fighting
-1.6642295122146606	-0.7388511300086975	9	mental
4.794043064117432	-9.284433364868164	8	hole
-29.943138122558594	4.370866298675537	4	presentation
-7.824510097503662	-19.51530647277832	1	Kingdom
15.61349105834961	23.447484970092773	7	noted
0.05764763802289963	0.1124342530965805	4	surprise
-16.204368591308594	-5.688175678253174	10	Frank
-7.661604881286621	-11.212326049804688	8	beer
-15.723199844360352	16.22779655456543	5	connect
-15.512152671813965	-5.124370574951172	10	Dan
-5.992927074432373	21.609134674072266	5	educational
15.30993366241455	-6.722641468048096	8	Wood
-14.26236629486084	-7.771746635437012	10	Harry
-7.621165752410889	19.590023040771484	5	invention
-35.36735534667969	-5.1753106117248535	9	shooting
22.302221298217773	-7.0848774909973145	10	Jewish
47.17973709106445	1.5574556589126587	8	WITH
-25.030508041381836	11.713823318481445	5	remote
-9.911134719848633	22.129528045654297	5	hardware
-22.7474365234375	-15.09176254272461	4	attend
34.567405700683594	-1.7462657690048218	7	familiar
18.37425422668457	14.65639877319336	0	depending
-27.099517822265625	8.529674530029297	5	flash
-19.325706481933594	32.15591812133789	2	Trade
13.689082145690918	-6.034582614898682	8	Electric
-26.843677520751953	12.592815399169922	5	Cable
12.105206489562988	-9.493062019348145	8	Mount
-13.035078048706055	-3.555880308151245	10	Joseph
4.702404499053955	-0.10230015963315964	10	Kevin
-26.474328994750977	-4.12623929977417	10	Jeff
-20.618797302246094	31.038076400756836	2	trading
-23.774497985839844	6.0358991622924805	10	executive
-19.593252182006836	0.2580470144748688	9	challenges
21.990257263183594	-1.1902391910552979	0	apart
10.037311553955078	11.482295036315918	0	Without
10.419142723083496	18.728515625	7	importance
8.565040588378906	-4.785430908203125	9	Hard
-27.272695541381836	11.345602989196777	5	hosting
6.071105480194092	-2.884230136871338	10	Boy
-6.180413246154785	-30.47270393371582	6	Kansas
-24.659221649169922	5.465452194213867	10	viagra
-15.998546600341797	9.35358715057373	0	reasonable
-12.922394752502441	8.270456314086914	0	Yet
-6.205472469329834	-18.09918212890625	1	fields
36.835880279541016	-1.9386539459228516	8	motion
42.72249221801758	1.1537699699401855	8	context
1.7172832489013672	-13.900249481201172	8	Square
24.55381965637207	-12.491979598999023	4	Quick
-17.157976150512695	-3.966252326965332	10	Adam
-10.990354537963867	-29.652555465698242	6	Minnesota
-1.0553377866744995	-20.511762619018555	1	Northern
12.065910339355469	10.330187797546387	0	Perhaps
-22.6986141204834	-3.026900053024292	10	Chief
0.44074195623397827	-30.21705436706543	6	Indiana
13.4846830368042	-11.568283081054688	1	Field
2.1161744594573975	2.4996399879455566	10	Sam
-31.730737686157227	1.569995641708374	4	till
16.505535125732422	10.313994407653809	0	Instead
-31.616918563842773	-1.896748423576355	10	chief
-27.171783447265625	-15.551789283752441	4	dates
30.049959182739258	14.708224296569824	3	massive
-37.15650939941406	-9.903729438781738	9	Bad
-29.975366592407227	-2.1691207885742188	10	lucky
-8.452568054199219	-5.302999496459961	10	Jason
6.248294353485107	0.1593162566423416	10	Father
-7.1026201248168945	-28.053646087646484	6	Atlanta
-7.068187713623047	-30.505271911621094	6	Pennsylvania
-24.715742111206055	28.27802276611328	2	CEO
-24.662734985351562	-3.0530436038970947	10	nine
-20.666563034057617	-2.4009933471679688	10	talent
-27.80657386779785	1.332661509513855	1	route
-8.273633003234863	-28.087331771850586	6	Republican
15.458476066589355	-1.8137304782867432	8	Speed
-7.5008864402771	-3.6387884616851807	10	Tony
16.763669967651367	-24.009719848632812	4	Meeting
7.349386215209961	-6.266602993011475	9	NFL
11.256852149963379	16.199872970581055	0	matters
-17.517778396606445	7.6001129150390625	0	prove
4.621209144592285	6.898336410522461	3	crowd
3.0387816429138184	13.119791984558105	3	millions
9.278189659118652	-12.499380111694336	1	Winter
-36.84077072143555	1.4755665063858032	0	forever
4.194629192352295	7.393967151641846	3	bunch
-24.644433975219727	30.586528778076172	2	Deals
-30.198694229125977	3.586066961288452	4	EDT
25.040002822875977	-17.400575637817383	4	happening
23.900310516357422	-7.338396072387695	10	Members
9.431639671325684	21.623538970947266	7	wondering
-22.70884132385254	29.648723602294922	2	fund
34.85749053955078	2.3528919219970703	0	relatively
-16.335594177246094	-17.06783103942871	4	Fall
-38.296112060546875	-4.243893146514893	9	Unfortunately
5.950928211212158	-13.555496215820312	8	Stage
-7.456638813018799	-27.459213256835938	6	Dallas
29.899702072143555	10.832109451293945	3	extensive
-2.31766676902771	-3.949657917022705	9	crisis
-18.465322494506836	-16.312944412231445	4	Final
-14.022476196289062	-3.845350503921509	10	Eric
21.752490997314453	-18.00274658203125	4	Years
-8.421813011169434	19.695539474487305	5	engineering
-7.885959625244141	2.886890172958374	3	Max
42.83163070678711	-1.1867436170578003	1	nearby
27.570539474487305	-1.117542028427124	8	Construction
-6.966238975524902	-15.731755256652832	1	Russia
-2.215654134750366	-10.719505310058594	8	Metal
-8.764909744262695	-18.635753631591797	1	farm
2.2180986404418945	1.3355838060379028	10	fellow
19.954444885253906	13.282230377197266	0	apparently
-25.130006790161133	13.623659133911133	5	supports
-2.420168876647949	20.82076072692871	5	supporting
-18.32187271118164	2.2082951068878174	10	pleased
18.97482681274414	12.420823097229004	0	somewhat
-29.793615341186523	-3.0003199577331543	10	Diego
-23.996660232543945	31.784212112426758	2	Prices
-26.74616050720215	-15.106740951538086	4	upcoming
-0.6782353520393372	-19.751005172729492	1	mountain
-21.492900848388672	-11.396289825439453	4	ages
12.813912391662598	-22.46404266357422	4	Planning
-2.7951018810272217	-29.45240592956543	6	Denver
4.579145431518555	-3.9068007469177246	10	Boys
-31.449804306030273	2.1169943809509277	4	PDT
-7.597789764404297	-29.88107681274414	6	Iowa
15.92421817779541	7.204339504241943	0	Too
-21.27210235595703	5.321659088134766	0	Nothing
-30.887487411499023	-2.449509859085083	10	king
-9.23459243774414	21.530851364135742	5	computers
-11.742115020751953	-2.7133190631866455	10	dad
-12.832748413085938	21.012805938720703	5	technologies
-15.183380126953125	6.935575485229492	0	Really
19.085567474365234	11.142416954040527	0	Though
-19.196741104125977	4.56238317489624	0	commitment
-31.003801345825195	-3.1406807899475098	10	Miller
-12.386799812316895	14.673232078552246	5	academic
-14.32296085357666	-5.754342555999756	10	Stephen
39.148414611816406	-0.32787418365478516	0	Thus
-24.952529907226562	31.360244750976562	2	revenue
-15.407089233398438	33.163673400878906	2	Commercial
-17.861282348632812	-4.493161201477051	10	Davis
-11.570565223693848	35.050254821777344	2	Industry
2.3353583812713623	-15.368372917175293	8	Springs
12.451942443847656	-6.1874823570251465	8	Furniture
-0.8357425928115845	-14.9927396774292	8	industrial
16.67988395690918	-0.5425218343734741	8	Five
11.727370262145996	14.794407844543457	0	frequently
-12.808748245239258	18.603748321533203	5	Wireless
-26.22854232788086	-15.20907211303711	4	scheduled
-9.746708869934082	-29.81770896911621	6	Massachusetts
-1.673170804977417	-28.910789489746094	6	Irish
-32.31113052368164	-5.307950019836426	6	Austin
-9.68101692199707	-19.255168914794922	1	Iran
10.990565299987793	-7.800990104675293	8	domestic
-27.17716407775879	-14.565970420837402	4	meetings
38.10944366455078	2.5177528858184814	5	Direct
8.903013229370117	-9.083683967590332	8	Run
-4.455947399139404	-0.009130512364208698	8	noise
28.886184692382812	-12.790111541748047	4	Recent
45.830692291259766	2.6503748893737793	0	Such
-19.866737365722656	5.652075290679932	0	constantly
14.711212158203125	-4.776846408843994	8	Stone
14.101967811584473	25.3743953704834	7	Know
20.802278518676758	11.743889808654785	0	True
-37.47636413574219	-6.145847320556641	9	afraid
-37.35004806518555	-8.482370376586914	9	strange
16.107879638671875	-1.536484718322754	8	Fast
3.7080111503601074	-1.9973335266113281	10	Ray
-8.422294616699219	-11.659341812133789	8	drinking
44.00362777709961	-0.24256853759288788	1	surrounding
-3.813305616378784	10.128766059875488	4	presents
29.105318069458008	9.562002182006836	3	outstanding
-3.839139938354492	-6.258180141448975	9	criminal
16.18231201171875	23.192550659179688	7	recognized
-14.902999877929688	-6.011375427246094	10	Nick
-31.20154571533203	11.066133499145508	5	programming
-36.27362823486328	-4.101670742034912	9	kick
8.344131469726562	-13.743980407714844	8	forth
-5.54256010055542	20.834897994995117	5	sending
19.361164093017578	-10.188438415527344	1	neighborhood
-24.928743362426758	10.16976261138916	5	Log
38.05601119995117	-0.15890678763389587	0	circumstances
24.160839080810547	-19.475675582885742	4	moments
-23.44598960876465	9.050069808959961	5	hidden
13.35707950592041	-10.51190185546875	1	bridge
-13.546515464782715	19.869640350341797	5	networks
-12.190414428710938	-0.479076623916626	10	Professor
-3.114365339279175	-20.403257369995117	1	regional
24.923511505126953	5.60158634185791	8	array
-22.336904525756836	-4.895765781402588	10	Wilson
-22.80462074279785	-6.723884105682373	8	row
-2.58610463142395	-3.2689483165740967	9	threat
-3.7952349185943604	17.01563835144043	8	electrical
-23.63786506652832	3.5798535346984863	0	lies
-5.347424507141113	5.609828472137451	8	replaced
16.418066024780273	13.50869369506836	0	Therefore
-14.278922080993652	36.22950744628906	2	Finance
-35.10944366455078	-4.471765995025635	9	poker
-16.76638412475586	8.106921195983887	0	admit
-7.2688069343566895	11.643370628356934	4	brief
-22.24698829650879	-13.377649307250977	4	Memorial
-37.87610626220703	-2.6264472007751465	9	damn
-23.418601989746094	29.815269470214844	2	adds
-36.736881256103516	-4.614993572235107	9	Stop
29.241220474243164	9.506945610046387	3	impressive
-1.6610260009765625	-30.155414581298828	6	Philadelphia
-20.799287796020508	-16.48360824584961	4	phase
-16.758150100708008	29.62150764465332	2	Gifts
-31.685728073120117	-0.09076129645109177	8	concert
-28.846317291259766	-0.9014953970909119	3	mile
-25.609949111938477	-7.849575996398926	8	bars
-4.767462730407715	25.998214721679688	5	institutions
-19.450977325439453	31.096744537353516	2	Fund
-21.903133392333984	2.8956148624420166	0	decent
17.265302658081055	-9.621136665344238	1	Bridge
-13.570119857788086	17.46529197692871	5	innovative
-26.51711082458496	8.33862018585205	5	draft
27.885534286499023	9.95945930480957	3	significantly
-0.35828492045402527	-3.3919124603271484	9	baseball
-21.241437911987305	29.68149757385254	2	afford
-10.8397855758667	-28.77889633178711	6	Tennessee
21.83469009399414	-20.47768211364746	4	Early
5.172361373901367	-6.766032695770264	9	Wild
-2.5042858123779297	-2.2445294857025146	9	basketball
-11.0446138381958	4.357001304626465	10	pro
-11.493439674377441	-1.3317369222640991	10	Don
-4.92110538482666	-30.032224655151367	6	Wisconsin
17.813764572143555	-4.652405738830566	8	Working
-17.45209503173828	-13.33268928527832	8	nights
-33.963111877441406	7.95406436920166	5	addresses
-15.414488792419434	9.14362621307373	0	depends
-1.001644492149353	-3.104755163192749	9	Basketball
10.028178215026855	21.479734420776367	7	unknown
-18.127105712890625	6.900087833404541	0	proof
17.0111083984375	18.61911964416504	5	revealed
-25.55232810974121	-3.9378645420074463	10	Howard
-11.864498138427734	18.079069137573242	5	wire
24.34082794189453	-15.92318344116211	4	Future
-6.91317081451416	-29.73244857788086	6	Kentucky
22.776975631713867	-3.445976972579956	8	spoke
-9.816399574279785	-28.53437614440918	6	Utah
-35.62125778198242	-5.031017303466797	9	crack
-27.229816436767578	-12.244341850280762	4	immediate
15.698751449584961	23.048879623413086	7	recognize
-3.5055503845214844	-10.46288013458252	8	bands
13.610167503356934	12.40871524810791	0	aside
-20.5150146484375	0.35602250695228577	9	split
-25.937509536743164	28.514490127563477	2	bonus
16.110376358032227	11.645147323608398	0	Despite
-22.680137634277344	1.8608901500701904	0	Fair
25.5408878326416	2.6545259952545166	8	organized
-7.008176803588867	-18.339195251464844	1	Farm
-16.504430770874023	35.35036087036133	2	finance
-18.060062408447266	-3.3997509479522705	10	Allen
29.51235580444336	1.0485600233078003	8	conduct
25.19307518005371	3.032468318939209	8	Record
-12.130141258239746	-5.52300500869751	10	Patrick
7.880985260009766	-0.05663420259952545	10	Guest
-30.174386978149414	-4.595024108886719	8	blow
-38.10126495361328	-3.2300620079040527	9	weird