x	y	cluster	word
26.71118927001953	16.973325729370117	0	he
25.54031753540039	17.252412796020508	0	his
10.129534721374512	20.529664993286133	0	him
-13.836833000183105	11.525644302368164	10	girl
-19.19156837463379	18.892650604248047	0	son
-20.867900848388672	18.608510971069336	0	daughter
-6.418951511383057	14.07622241973877	10	boy
8.653263092041016	19.951656341552734	0	brother
8.276183128356934	19.614307403564453	0	sister
22.832611083984375	12.19507122039795	10	asian
21.666828155517578	12.934820175170898	10	indian
21.272098541259766	11.50330638885498	10	chinese
22.33414649963379	12.671140670776367	10	japanese
-3.1826071739196777	13.476141929626465	10	thai
-13.070549011230469	10.056344032287598	10	korean
-6.969250202178955	16.203853607177734	10	filipino
-30.67633056640625	0.9592094421386719	10	pakistani
-13.013094902038574	8.98723316192627	10	indonesian
-29.320049285888672	1.0875040292739868	10	nigerian
-32.59715270996094	0.7629142999649048	10	ethiopian
-38.4891471862793	-3.41463565826416	10	kenyan
4.897449493408203	-15.946928977966309	5	get
13.463871955871582	-31.765153884887695	4	new
24.076169967651367	-18.779081344604492	9	make
35.28778076171875	6.995630741119385	2	see
26.894201278686523	-20.338363647460938	9	use
14.997214317321777	-32.389678955078125	4	New
-29.69984245300293	10.939178466796875	5	think
23.61133575439453	4.563864707946777	3	much
-9.19959545135498	16.041278839111328	10	back
30.08149528503418	-2.229234457015991	5	need
-26.67863655090332	9.441353797912598	5	really
24.679967880249023	-3.30159592628479	5	want
-29.33906364440918	-6.341158390045166	5	best
29.036706924438477	-3.652562379837036	5	take
25.924772262573242	-21.007801055908203	9	used
10.33250904083252	22.493087768554688	0	love
12.64642333984375	14.188990592956543	10	home
-24.200740814208984	28.99188232421875	7	last
-17.07289695739746	10.753992080688477	3	little
25.228374481201172	-1.9944995641708374	5	say
43.65419006347656	4.02313756942749	5	That
6.543756008148193	-20.02475357055664	5	better
25.183984756469727	12.290803909301758	10	Home
39.498104095458984	3.3985090255737305	10	things
1.0499293804168701	7.737926006317139	8	game
-12.382052421569824	-21.936338424682617	1	available
-42.655364990234375	11.23916244506836	7	never
33.80784606933594	-13.067835807800293	9	using
14.826903343200684	7.919835090637207	8	site
-10.915854454040527	-0.9231615662574768	8	online
10.568613052368164	5.667115688323975	8	system
23.477914810180664	9.751717567443848	10	different
0.2780229449272156	0.4802965819835663	2	next
29.47399139404297	-11.302021026611328	9	set
6.471668243408203	-5.733136177062988	5	must
13.528748512268066	-1.37095308303833	3	high
12.629036903381348	11.029582023620605	10	video
-28.444292068481445	8.149523735046387	5	sure
-9.932948112487793	-18.68065643310547	3	lot
38.80122756958008	1.4554736614227295	5	Your
18.144996643066406	-33.615779876708984	4	More
16.008773803710938	-1.2572343349456787	3	number
20.1304874420166	-15.970060348510742	9	service
25.972118377685547	-8.56156063079834	1	give
-24.608959197998047	30.53387451171875	7	end
26.017026901245117	17.786405563354492	0	family
6.898849964141846	-7.9619269371032715	5	might
-39.69120407104492	-0.5362904667854309	2	week
35.15573501586914	-4.1913299560546875	9	put
6.590161323547363	18.039539337158203	8	reblogged
-9.7886323928833	-19.92922592163086	1	money
-24.834688186645508	1.1674354076385498	10	top
12.340353965759277	-1.8859895467758179	3	big
16.222970962524414	6.477701663970947	8	book
13.557781219482422	7.12561559677124	8	page
29.003101348876953	-19.375181198120117	9	keep
-2.1109707355499268	6.077573776245117	3	small
18.654523849487305	21.120677947998047	6	feel
-1.571869134902954	-0.3103259205818176	2	second
7.744268417358398	0.3732476532459259	2	Now
20.100475311279297	-16.208003997802734	9	services
29.01258659362793	-2.427793025970459	5	getting
-23.089548110961914	27.985307693481445	7	done
-8.66635799407959	-2.0458719730377197	8	list
12.179987907409668	-32.68785858154297	4	change
3.574359893798828	-3.5678815841674805	3	enough
-8.6202392578125	15.605937957763672	10	night
-5.8640851974487305	24.38947296142578	6	hard
29.334054946899414	-4.115396976470947	5	let
-42.3588981628418	-3.4992332458496094	3	least
-29.32990264892578	3.211992025375366	10	live
-0.9132274985313416	-10.665163040161133	5	try
27.273996353149414	1.860310435295105	3	important
13.87384033203125	18.666305541992188	0	care
4.493275165557861	-9.011898040771484	5	thought
1.5542317628860474	10.772787094116211	10	side
-0.07685142010450363	11.198966979980469	10	room
-11.789024353027344	-0.8327054977416992	8	program
36.449188232421875	6.910441875457764	2	following
-14.825122833251953	-22.77442741394043	1	buy
9.239643096923828	-14.610498428344727	5	easy
4.717163562774658	4.108245849609375	3	far
23.638261795043945	-14.113466262817383	9	include
17.62175750732422	15.013166427612305	10	food
-13.613483428955078	-9.597302436828613	9	process
11.15649127960205	-17.19116973876953	5	needs
36.01478958129883	4.576862812042236	8	search
3.8784468173980713	3.632624626159668	3	Not
-30.67380142211914	-5.049298286437988	3	bit
33.728858947753906	9.552084922790527	2	After
4.583275318145752	6.597042560577393	2	run
37.499107360839844	2.07771635055542	3	others
3.218360662460327	-5.996207237243652	3	often
35.052364349365234	-1.9522769451141357	5	means
-11.640515327453613	-24.47362518310547	1	offer
25.15932273864746	-19.753250122070312	9	control
15.304887771606445	8.451560020446777	8	view
13.538464546203613	-15.195110321044922	5	become
7.545225143432617	-7.599096298217773	5	possible
-38.24260711669922	16.932485580444336	6	bad
-29.459102630615234	9.521037101745605	5	believe
-22.624738693237305	8.38620376586914	2	December
37.58896255493164	6.001479625701904	10	View
8.538931846618652	-9.948775291442871	5	tell
-22.900720596313477	0.9381610155105591	3	level
3.415651798248291	21.490615844726562	0	kind
-5.899982929229736	-0.7630736827850342	8	check
11.632003784179688	14.22623062133789	10	hand
-27.509824752807617	10.08633041381836	5	hope
2.5236597061157227	-9.05363655090332	5	trying
21.02378273010254	8.689468383789062	0	special
10.96436595916748	-35.21809005737305	4	added
7.769314765930176	-34.11783981323242	4	add
39.862857818603516	4.364977836608887	8	Search
14.308485984802246	-11.501065254211426	3	value
-23.305055618286133	30.120798110961914	7	Last
-12.458066940307617	5.633033752441406	10	phone
-38.10042953491211	-8.311182975769043	8	download
-16.85951042175293	-20.32680320739746	1	pay
-23.287090301513672	-8.168622016906738	5	Best
0.774462878704071	1.1874476671218872	2	later
41.91643524169922	4.842584609985352	2	See
4.535686016082764	15.485136032104492	10	young
8.380350112915039	-9.977747917175293	5	told
-16.522918701171875	-23.511789321899414	1	offers
-12.451536178588867	13.07496166229248	10	movie
-8.688027381896973	-0.18056298792362213	8	link
-12.067754745483398	-2.1981687545776367	8	version
-2.612673282623291	1.2263696193695068	2	event
-14.799871444702148	-10.625641822814941	9	create
5.449018955230713	0.7612163424491882	2	future
23.62502670288086	5.416271686553955	3	size
41.932334899902344	0.2776437997817993	7	close
37.12957763671875	3.9268269538879395	3	Tags
-33.47509002685547	-8.350747108459473	8	file
6.869975566864014	-3.0569872856140137	5	else
-14.546792030334473	9.940913200378418	10	song
23.714651107788086	6.538564205169678	3	High
29.628990173339844	-0.454372763633728	5	wanted
-20.199344635009766	-1.7886754274368286	8	law
22.014610290527344	14.080114364624023	10	sex
13.660691261291504	8.413989067077637	8	Online
35.77009963989258	-2.3498589992523193	5	Get
26.47750473022461	17.255016326904297	0	His
-10.868124008178711	13.91193675994873	10	film
0.17923232913017273	1.6563079357147217	2	soon
-35.08633041381836	6.123833656311035	10	party
10.666695594787598	-8.531662940979004	3	questions
-16.420255661010742	-19.503278732299805	1	card
10.945145606994629	22.246707916259766	0	Love
-2.718355417251587	17.661874771118164	10	hot
-4.88101053237915	8.11565113067627	10	Top
-23.464645385742188	-14.090418815612793	5	learn
4.324256420135498	23.290451049804688	0	heart
11.4473237991333	8.782768249511719	8	computer
-0.10511109977960587	15.689095497131348	10	kids
-27.384485244750977	25.979555130004883	7	stop
11.478781700134277	5.170212268829346	8	content
7.339231491088867	21.705352783203125	0	couple
28.1073055267334	8.55360221862793	8	Page
-4.329527854919434	-2.8583555221557617	3	five
43.154510498046875	4.920596599578857	3	Other
-21.234031677246094	-0.1178409531712532	3	study
32.883018493652344	8.32712173461914	2	present
-11.043438911437988	-7.507504940032959	9	matter
-25.85169219970703	7.420952320098877	5	turn
36.97311782836914	-0.48345133662223816	5	needed
9.309819221496582	-8.929305076599121	5	gets
40.31466293334961	6.341452121734619	10	image
41.31108856201172	0.7996750473976135	2	Then
-17.440746307373047	-21.657062530517578	1	deal
-20.74647331237793	-16.117475509643555	5	ask
-14.705092430114746	-8.64803695678711	9	energy
27.728532791137695	-2.1248414516448975	5	required
25.03968048095703	-9.164446830749512	1	bring
-37.14422607421875	-8.599906921386719	8	Download
41.01788330078125	3.3123245239257812	2	action
11.161288261413574	-35.897579193115234	4	Add
-26.43418312072754	-6.167653560638428	3	rate
-6.176145553588867	9.47245979309082	10	San
13.663227081298828	10.225661277770996	10	sound
-35.52560806274414	-8.414299964904785	8	code
-6.339980125427246	0.3811103105545044	8	test
10.191743850708008	3.103518486022949	8	key
-15.655613899230957	12.475065231323242	10	guys
4.920652866363525	9.871681213378906	10	behind
-1.2846099138259888	-23.402868270874023	3	amount
9.834637641906738	-11.691571235656738	3	interest
14.387276649475098	5.546853542327881	8	books
-33.42875671386719	15.987268447875977	6	hit
23.319746017456055	7.443445205688477	3	Big
24.981035232543945	-10.373712539672852	1	items
-27.944751739501953	7.398714542388916	5	remember
39.53561782836914	6.597679615020752	10	picture
-17.546802520751953	0.9123138785362244	8	click
29.3902530670166	-12.89896297454834	9	held
-10.460572242736816	-24.02387046813965	1	Buy
-1.4192575216293335	1.6147633790969849	2	currently
26.61882781982422	10.47951602935791	8	user
-1.669312596321106	-9.05932903289795	5	maybe
29.465373992919922	0.53195720911026	5	heard
6.591943740844727	-8.796289443969727	5	hear
24.496910095214844	-22.68514060974121	9	application
6.958695411682129	-5.0823822021484375	5	certain
-21.330244064331055	1.2654328346252441	3	third
19.336393356323242	14.599832534790039	10	pictures
9.973736763000488	-34.43904495239258	4	addition
-9.816057205200195	-0.6780470609664917	8	record
7.872817516326904	-6.39848518371582	5	likely
39.13294982910156	1.4015858173370361	5	saying
-21.796449661254883	8.826559066772461	2	Monday
11.417885780334473	-32.79463577270508	4	changes
22.108036041259766	-9.553544044494629	1	received
3.423647403717041	0.10164234042167664	2	continue
22.729984283447266	8.749106407165527	10	interesting
-24.27639389038086	9.634251594543457	2	latest
13.674966812133789	-15.654770851135254	5	instead
0.8086115121841431	-3.9914796352386475	3	strong
10.55213737487793	3.8324198722839355	8	users
-9.467534065246582	26.82927131652832	6	death
29.797460556030273	-12.044393539428711	9	save
-22.383697509765625	10.028806686401367	2	late
-5.196907043457031	11.216002464294434	10	cool
21.89366340637207	-13.851958274841309	3	included
21.39240074157715	5.706948280334473	9	treatment
18.180904388427734	-11.73968505859375	1	send
3.308015823364258	-10.209587097167969	5	thinking
-28.901615142822266	9.33914566040039	5	wish
42.84194564819336	2.8284413814544678	5	Let
-22.092294692993164	-12.686508178710938	5	allow
1.921552062034607	0.20625019073486328	2	wait
9.906253814697266	-36.985877990722656	4	increase
-25.200868606567383	28.88057518005371	7	final
11.872347831726074	19.475955963134766	0	likes
13.544449806213379	-11.477743148803711	3	worth
-15.616721153259277	-17.64794158935547	1	release
-6.0669050216674805	-20.737918853759766	1	box
42.927024841308594	4.5067033767700195	3	specific
-1.6915862560272217	2.176774263381958	2	Tuesday
-30.77597427368164	1.8506957292556763	10	girls
9.411761283874512	-31.25444984436035	4	higher
20.520912170410156	-10.603145599365234	1	receive
27.813203811645508	-18.109481811523438	9	hold
38.99910354614258	5.4563775062561035	8	text
26.134004592895508	9.333832740783691	8	Book
1.8311829566955566	-8.647954940795898	5	tried
30.36122703552246	7.454662799835205	2	follow
8.55835247039795	-14.697624206542969	5	easily
-7.535045146942139	26.233333587646484	6	loss
27.946622848510742	17.24239158630371	0	Family
-40.85788345336914	-11.62621021270752	1	cheap
11.879640579223633	-35.24028015136719	4	additional
2.2008097171783447	12.488966941833496	10	India
44.29600143432617	4.375082492828369	5	Have
6.700527667999268	0.27033206820487976	2	Next
4.680305004119873	-17.84378433227539	5	opportunity
5.112371921539307	-2.345257043838501	2	decided
-0.9143694639205933	-0.5997923016548157	2	step
-10.509000778198242	0.14463452994823456	8	pages
8.26848316192627	22.130502700805664	0	parents
35.07633590698242	-11.063165664672852	9	Use
-19.309097290039062	19.61711883544922	0	wife
-14.375158309936523	-1.9467265605926514	8	links
26.3651065826416	-8.548571586608887	1	gives
7.58573055267334	-9.053972244262695	5	interested
-5.709871768951416	21.09429168701172	6	war
-11.098333358764648	6.1616740226745605	10	Phone
2.8801658153533936	-5.985023021697998	3	sometimes
-6.733011245727539	1.7802175283432007	8	track
20.460935592651367	-9.77718734741211	1	giving
23.616300582885742	-18.803638458251953	9	effect
10.778486251831055	14.490470886230469	10	hands
21.96704864501953	-8.920561790466309	1	sent
4.489041805267334	8.191864967346191	2	Jun
5.142614841461182	9.946443557739258	10	Back
30.380762100219727	3.1293795108795166	3	involved
-6.780463218688965	10.479233741760254	10	band
-5.966745853424072	24.33320426940918	6	difficult
24.889986038208008	1.2713863849639893	8	Check
-14.752840995788574	1.8978351354599	8	screen
6.828288555145264	-11.156042098999023	5	wants
-34.20195007324219	-4.037623882293701	8	album
-5.011722564697266	16.869585037231445	10	fire
-22.822988510131836	8.176321029663086	2	Dec
8.005228042602539	-13.88636302947998	5	potential
25.63067626953125	-18.43951416015625	9	device
4.530763626098633	-6.370944023132324	3	attention
3.0989983081817627	14.871830940246582	10	feet
10.195211410522461	-32.08750534057617	4	extra
-9.645696640014648	8.771918296813965	10	bed
27.202396392822266	-4.903393745422363	5	necessary
5.721124172210693	20.5244197845459	0	leading
-11.784738540649414	-10.358841896057129	9	effects
26.89480209350586	-0.8431388735771179	5	consider
-5.424029350280762	-3.5472025871276855	3	levels
7.844367027282715	-16.079992294311523	5	learning
1.3341875076293945	-0.5967758297920227	2	happen
-19.59999656677246	-12.600377082824707	9	resources
35.39402389526367	-6.755819320678711	9	Make
-39.0864143371582	0.08822537958621979	2	weekend
-22.3121337890625	18.126407623291016	0	wedding
9.962667465209961	-33.15007400512695	4	growth
13.608193397521973	-6.290592193603516	3	note
-14.719182968139648	-22.14644432067871	1	sell
-6.50739049911499	27.439056396484375	6	pain
40.13058090209961	2.686323642730713	9	Set
-21.068174362182617	-3.733053684234619	3	notes
-35.21684265136719	6.894083499908447	10	Party
-41.51483154296875	-7.4094696044921875	3	rates
29.4946231842041	-18.149646759033203	9	effective
21.705488204956055	5.595440864562988	3	conditions
5.939878940582275	12.932740211486816	6	War
-7.384220600128174	-3.0213992595672607	3	Mark
-32.447227478027344	-6.163940906524658	8	digital
15.132105827331543	5.664649486541748	8	sign
-42.75898361206055	-6.382567405700684	5	option
26.2126407623291	-19.36799430847168	9	tools
-9.379987716674805	5.567561626434326	10	mobile
30.026033401489258	-16.65472412109375	9	function
4.595913887023926	8.233166694641113	2	Sep
15.570779800415039	-1.6968708038330078	3	numbers
-13.623343467712402	0.7319304347038269	8	Digital
6.249852180480957	1.3601281642913818	2	previous
28.98011016845703	13.69963264465332	6	feeling
-9.64380168914795	-25.61386489868164	1	gift
-8.471355438232422	-2.1113028526306152	8	Law
38.54696273803711	-2.9980359077453613	3	Size
2.3376171588897705	13.931129455566406	10	Star
-6.679594039916992	10.893399238586426	10	lyrics
7.148731231689453	6.103450775146484	8	pass
-2.711219072341919	-23.204967498779297	1	lots
-23.282136917114258	4.299111366271973	3	limited
-16.373369216918945	-19.480384826660156	1	cards
27.399639129638672	-0.0030359551310539246	5	considered
24.474123001098633	17.98670768737793	0	relationship
12.366199493408203	-19.128259658813477	5	benefits
-10.5523681640625	12.727137565612793	10	lol
14.476372718811035	-1.1159725189208984	3	highly
17.97429084777832	15.006850242614746	10	Food
12.515856742858887	-32.48069763183594	4	changed
-17.766801834106445	-12.083700180053711	9	uses
1.703251838684082	-18.573183059692383	9	ensure
38.5986442565918	0.3694530725479126	5	Take
22.561607360839844	4.030934810638428	3	Number
33.56580352783203	7.834277629852295	2	Act
10.693534851074219	6.800997257232666	8	Program
-35.04415512084961	-2.827803611755371	10	songs
-19.475305557250977	20.443758010864258	0	father
26.48297119140625	8.805295944213867	8	Forum
-33.095088958740234	9.918383598327637	5	dont
22.20438575744629	-12.777521133422852	3	sort
8.976329803466797	-34.9638557434082	4	improve
8.168303489685059	-7.230753421783447	5	expect
-1.8412083387374878	17.454242706298828	10	Hot
15.411548614501953	0.5415297746658325	3	deep
-19.376514434814453	21.475297927856445	0	loved
-5.091983318328857	24.797706604003906	6	serious
-40.18730926513672	17.187166213989258	6	died
-33.97117614746094	16.740859985351562	6	fight
-14.69863224029541	4.724262237548828	10	rooms
33.14409255981445	3.683928966522217	8	organization
25.20853614807129	-20.78757095336914	9	tool
30.239604949951172	3.0239627361297607	0	Care
26.02427864074707	-2.420715808868408	5	request
6.765740871429443	-13.60966682434082	5	join
-10.132698059082031	16.560405731201172	10	bottom
-12.970830917358398	2.257735252380371	8	server
11.725189208984375	6.706329345703125	8	copy
-21.810884475708008	-2.0371410846710205	8	rules
-33.09834671020508	-8.096753120422363	8	Code
5.8838582038879395	-33.6416015625	4	update
27.950544357299805	-15.846511840820312	9	force
1.2886382341384888	15.794631958007812	10	funny
37.445533752441406	2.832008123397827	3	Very
-12.343810081481934	8.117032051086426	10	drug
13.779870986938477	14.761119842529297	10	touch
-10.83743667602539	-20.568317413330078	1	sold
14.742609024047852	-5.983496189117432	3	significant
-21.50599479675293	-13.093427658081055	5	apply
19.21927261352539	-10.248212814331055	1	offered
13.426727294921875	-33.889156341552734	4	growing
11.277043342590332	11.491312980651855	10	iPhone
30.995418548583984	-2.5902769565582275	5	require
-38.465003967285156	14.276371002197266	6	poor
36.11003875732422	3.4368181228637695	0	Special
11.320619583129883	10.742108345031738	10	Mobile
13.908132553100586	-31.85883140563965	4	NEW
6.209095478057861	-4.443217754364014	5	reach
-9.150382041931152	11.834213256835938	10	star
27.166667938232422	-4.09886360168457	5	effort
-29.652244567871094	1.3746894598007202	10	led
-5.3718671798706055	17.52704429626465	10	heat
-1.875831127166748	-9.147871971130371	5	Maybe
-23.869367599487305	29.420867919921875	7	finish
-36.49638748168945	19.790374755859375	6	dead
33.96476745605469	-11.281851768493652	9	useful
-32.34469985961914	16.97585678100586	6	dark
-20.541200637817383	19.758052825927734	0	husband
-2.1995205879211426	6.130486965179443	3	Little
13.04948616027832	-18.788368225097656	5	benefit
28.978107452392578	-20.400747299194336	9	purpose
35.07452392578125	-5.119177341461182	9	Save
-20.912662506103516	-13.151965141296387	5	requirements
-33.72573471069336	-9.042547225952148	8	Copyright
-24.395814895629883	7.210661888122559	0	Peter
-40.799652099609375	-4.606610298156738	3	vote
-10.645771026611328	-18.728649139404297	1	loan
-31.720972061157227	17.094011306762695	10	cold
7.220001220703125	-2.5115604400634766	3	beyond
24.2330322265625	12.024773597717285	10	Chinese
-32.042606353759766	19.015182495117188	6	disease
-22.414108276367188	-13.518978118896484	5	tips
-1.6173515319824219	11.365275382995605	10	healthy
7.548740863800049	-31.64191246032715	4	develop
0.31796181201934814	12.298788070678711	10	Super
23.569494247436523	12.685522079467773	10	Indian
6.110867023468018	-19.681299209594727	5	easier
36.0943489074707	5.027986526489258	8	User
-7.487250804901123	24.779521942138672	6	lose
-1.2076059579849243	14.03803539276123	10	sweet
28.213531494140625	-13.79326343536377	9	helpful
18.985515594482422	-9.910188674926758	1	offering
21.70046615600586	-11.620298385620117	1	Marketing
29.30327606201172	-21.364713668823242	9	kept
-32.08089065551758	-2.1791250705718994	10	button
2.9633398056030273	13.163514137268066	10	Lyrics
0.581148624420166	-7.446054458618164	5	unless
10.357094764709473	13.874814987182617	10	kitchen
10.504366874694824	-36.819698333740234	4	increased
-19.376150131225586	16.115205764770508	0	respect
-14.526119232177734	0.9963818192481995	8	File
-5.472270488739014	-21.360130310058594	1	Box
-19.74612045288086	15.244857788085938	0	responsible
19.752893447875977	-14.28128433227539	1	Share
-8.863468170166016	-4.008312702178955	2	notice
-33.11077880859375	10.338199615478516	5	avoid
43.525230407714844	5.695587158203125	9	contains
-12.303582191467285	18.04197883605957	7	passed
-15.505130767822266	9.719423294067383	10	stars
25.456876754760742	-12.461830139160156	9	serve
11.234187126159668	12.663918495178223	10	Room
-5.354457855224609	-6.265987396240234	3	discussion
13.352293968200684	-34.17918395996094	4	greater
-17.79987907409668	19.061031341552734	0	Wedding
19.88169288635254	12.699931144714355	10	scene
16.860166549682617	6.501256942749023	8	forum
-14.426400184631348	-7.62856388092041	9	produce
-14.177050590515137	-23.729948043823242	1	package
-18.457754135131836	20.034929275512695	0	married
0.2511385381221771	-0.110734723508358	2	ahead
9.360309600830078	-32.41134262084961	4	grow
6.48231315612793	20.519287109375	0	Manager
5.395471096038818	4.3374810218811035	3	status
28.230745315551758	-16.981107711791992	9	protection
22.793018341064453	-10.928422927856445	1	bag
-31.466819763183594	-0.4427362084388733	10	battery
4.687788963317871	12.040763854980469	10	Movie
-38.55495071411133	14.890093803405762	6	miss
-33.02448654174805	13.713997840881348	6	lack
7.600788116455078	12.116360664367676	10	Japan
-30.339405059814453	-0.40275663137435913	10	beat
20.917661666870117	1.277372121810913	3	mentioned
31.530094146728516	7.755800247192383	2	followed
17.97383689880371	-32.95530319213867	4	larger
-6.541858673095703	-9.471096992492676	5	challenge
-42.11248016357422	16.262414932250977	6	hate
-29.886568069458008	-3.0376429557800293	3	Committee
-21.557424545288086	17.583295822143555	0	dating
7.711191654205322	-15.787064552307129	5	learned
31.181989669799805	-15.020459175109863	9	Control
27.474987030029297	-21.240922927856445	9	protect
-10.122196197509766	-23.430583953857422	1	selling
24.77779197692871	-1.3974804878234863	5	Join
4.851465702056885	-22.077272415161133	9	reduce
-40.989768981933594	-10.603042602539062	1	tickets
-1.72535240650177	14.555198669433594	10	cute
-42.954830169677734	15.719286918640137	6	sorry
1.4067237377166748	7.418239593505859	8	block
-12.064240455627441	-11.347043991088867	9	remove
-6.324642181396484	17.374170303344727	10	patient
-19.29625701904297	14.205926895141602	3	values
-22.34471893310547	-14.564485549926758	5	opportunities
22.317991256713867	1.7715332508087158	3	Note
-5.549314498901367	10.246800422668457	10	tree
-41.29225540161133	13.349089622497559	6	forget
19.645404815673828	2.632019519805908	3	Tagged
15.134658813476562	-0.26775062084198	3	complex
-30.26900863647461	9.652729988098145	5	listen
-27.075698852539062	-5.974376678466797	3	Rating
9.426251411437988	14.68105697631836	10	warm
-35.102195739746094	0.9484344124794006	6	Lee
-18.47320556640625	-1.769578456878662	3	biggest
4.292283535003662	-9.093038558959961	5	thoughts
23.17921257019043	-9.592666625976562	1	Send
19.61842918395996	-14.494527816772461	1	sharing
27.015775680541992	-4.260545253753662	5	efforts
-17.652738571166992	-10.729731559753418	9	handle
23.97821044921875	-20.815698623657227	9	Energy
31.18340301513672	-2.5651426315307617	5	requires
-16.414100646972656	-6.060019016265869	10	mix
13.795951843261719	0.7029531002044678	3	Small
21.084203720092773	13.079317092895508	10	Japanese
-40.290069580078125	16.50420379638672	6	killed
-18.665016174316406	18.178930282592773	0	leader
-7.383518218994141	14.08984088897705	10	Girl
-32.401981353759766	4.815335750579834	10	dinner
-17.688129425048828	17.026514053344727	0	manager
11.350096702575684	20.075578689575195	0	liked
-8.808605194091797	-21.926982879638672	1	Card
-13.025789260864258	11.847906112670898	10	Girls
-23.74964714050293	31.279478073120117	7	End
-2.768364667892456	10.089851379394531	10	plant
17.191082000732422	-18.64801025390625	9	helping
-4.909088134765625	14.20604419708252	10	foot
-37.47947692871094	19.067907333374023	6	die
-20.68452262878418	-16.469707489013672	5	accept
-13.923027038574219	-12.414278984069824	9	prevent
-23.54815101623535	1.9536981582641602	3	highest
40.55339813232422	5.263047218322754	8	Title
41.390663146972656	6.239843368530273	10	Image
38.25169372558594	3.9107353687286377	3	Details
30.646371841430664	-5.561295032501221	5	becomes
-38.567481994628906	15.726569175720215	6	fuck
-6.619107723236084	-0.20871728658676147	8	testing
-31.848590850830078	12.550154685974121	5	doubt
19.590396881103516	9.636677742004395	0	Job
-35.146305084228516	5.914762496948242	1	parties
-42.62946319580078	-10.63132095336914	1	deals
17.313196182250977	-33.985321044921875	4	advanced
29.593990325927734	-15.434307098388672	9	keeping
39.225826263427734	2.6073522567749023	5	meaning
21.94063949584961	14.382076263427734	10	Sex
13.689504623413086	-7.877830982208252	3	mention
35.199974060058594	-10.781829833984375	9	Using
30.145538330078125	-15.350859642028809	9	Keep
-31.60616111755371	-8.10605239868164	8	PDF
-25.399702072143555	29.34576416015625	7	ended
-32.12559127807617	2.288848400115967	10	sexy
-20.694629669189453	-5.882915019989014	10	menu
-9.043421745300293	13.654780387878418	10	boys
-19.419143676757812	17.584800720214844	0	leaders
10.527544975280762	-18.64459800720215	1	demand
2.4315779209136963	4.251858234405518	3	separate
5.8224196434021	-16.02171516418457	5	asking
-12.870267868041992	-9.389533996582031	9	operation
-12.299809455871582	7.98999547958374	10	drugs
1.3795523643493652	17.683534622192383	10	dream
-37.644535064697266	14.700456619262695	6	missing
7.39456033706665	-32.96194076538086	4	gain
-6.698646068572998	25.964303970336914	6	fear
-17.472455978393555	-6.601640224456787	10	recipe
-6.788261413574219	-0.18723256886005402	8	rule
11.972447395324707	5.792388916015625	8	document
-13.305906295776367	3.251093864440918	10	Mac
6.792332172393799	12.779876708984375	10	Fire
-13.781529426574707	6.3252058029174805	10	super
-38.656776428222656	-5.605386734008789	8	laws
-35.87565231323242	-0.6949912309646606	10	diet
-39.44916915893555	16.456212997436523	6	kill
3.687587022781372	15.040387153625488	10	Kids
-22.092512130737305	-7.329887866973877	1	ring
9.509469032287598	-35.15385437011719	4	adding
-7.373824119567871	-22.045190811157227	1	Order
9.221004486083984	-15.989180564880371	5	Learn
14.13417911529541	-0.1944439858198166	3	smaller
16.156190872192383	23.039779663085938	6	critical
16.36524772644043	7.525907516479492	8	Link
20.563274383544922	-12.310746192932129	1	Available
-6.5810418128967285	-7.058035373687744	3	discuss
12.127229690551758	8.991354942321777	8	Computer
-41.997867584228516	-10.427160263061523	1	discount
12.794931411743164	17.56301498413086	0	partner
34.57185745239258	7.380522727966309	2	Follow
-35.415164947509766	-2.3779404163360596	10	porn
32.71595764160156	-10.832844734191895	9	Used
5.846732139587402	-4.2112908363342285	5	realize
24.048969268798828	4.431758880615234	3	slightly
-34.239593505859375	4.790704250335693	10	excited
-39.260616302490234	15.475890159606934	6	shit
30.85350799560547	-5.527219295501709	5	becoming
8.902121543884277	22.116863250732422	0	marriage
27.813634872436523	-23.469337463378906	9	maintain
-10.239437103271484	-2.5584516525268555	8	signed
-40.915122985839844	-1.7536178827285767	2	schedule
10.07508659362793	-6.261496543884277	5	willing
-15.522150993347168	-20.800487518310547	1	transfer
6.308687210083008	1.4495890140533447	2	Second
4.565672874450684	-0.23513895273208618	2	continues
-3.54868745803833	13.377904891967773	10	leaves
21.536773681640625	-2.879169464111328	5	possibly
-16.182096481323242	-21.918237686157227	1	funds
32.53279113769531	-9.941934585571289	9	holding
13.5957612991333	-33.06262969970703	4	changing
0.7198274731636047	-15.137419700622559	2	prepared
5.876999378204346	-17.58785057067871	5	suggest
-20.85741424560547	14.840781211853027	0	dedicated
-5.909379005432129	-7.782620429992676	5	hearing
-37.47367858886719	16.632230758666992	6	worse
34.57670211791992	5.498276710510254	8	Sign
-23.409677505493164	-5.111601829528809	8	documents
-22.417985916137695	17.54563331604004	0	Santa
-6.884282112121582	15.397841453552246	10	temperature
-28.43391990661621	-11.248465538024902	9	install
27.42633819580078	-19.41960906982422	9	manage
-36.47624969482422	3.607893466949463	0	birthday
13.792586326599121	4.474491119384766	8	Forums
-13.17917537689209	-7.9669623374938965	9	fuel
-25.737873077392578	-6.473177433013916	3	volume
-27.856544494628906	8.870450019836426	5	luck
26.17995262145996	-23.25959014892578	9	secure
-28.425342559814453	-9.993717193603516	9	fix
2.0553078651428223	4.36327600479126	9	remains
-21.299121856689453	-2.504753351211548	8	signal
-18.62738037109375	-19.88534164428711	1	loans
20.28542137145996	9.317320823669434	0	joined
0.2701088786125183	16.117029190063477	10	kid
26.1618595123291	-16.560590744018555	9	mission
25.283302307128906	-23.50806999206543	9	Resources
5.323085308074951	-18.824419021606445	5	Tips
15.673911094665527	-3.4504871368408203	3	portion
10.196995735168457	10.509255409240723	10	Server
-38.664520263671875	-5.928997993469238	8	core
-1.464882254600525	10.417180061340332	10	plants
-30.848125457763672	2.689337730407715	10	cock
19.0821475982666	14.427663803100586	10	pics
5.367178440093994	22.959800720214844	0	Heart
22.73031997680664	-19.25417137145996	9	load
-23.37645149230957	11.24074935913086	2	tomorrow
-28.93629264831543	-3.728093385696411	3	district
-40.323116302490234	15.280049324035645	6	missed
11.940445899963379	-12.820943832397461	0	appreciate
-2.2185113430023193	12.978067398071289	10	flowers
-9.965185165405273	2.1706151962280273	8	Bible
13.048615455627441	-35.60763168334961	4	advance
-26.9962100982666	-7.951091766357422	3	factors
-9.850950241088867	7.223225116729736	10	bedroom
-3.338622570037842	-23.18332290649414	1	Money
-27.022205352783203	-1.1740654706954956	8	master
40.84177780151367	3.164975643157959	2	actions
4.0275444984436035	0.03240768611431122	2	Start
5.025676727294922	11.889022827148438	10	Film
-1.8573006391525269	-7.445619106292725	5	Hope
-28.978322982788086	10.766952514648438	5	imagine
-21.60700035095215	-14.272201538085938	5	recommended
5.3138108253479	21.28557014465332	0	religious
-7.831181049346924	-20.872140884399414	1	treat
-23.408275604248047	2.3868069648742676	3	maximum
20.45534896850586	1.5955075025558472	3	relevant
-27.70037269592285	24.109901428222656	7	limit
19.955150604248047	14.526368141174316	10	Pictures
8.943182945251465	-32.12068176269531	4	raise
-35.165687561035156	-6.8240838050842285	8	register
-22.581775665283203	9.157463073730469	2	tonight
16.53759002685547	22.137943267822266	6	tough
20.132080078125	0.9558687806129456	3	noticed
-37.714385986328125	-2.7037487030029297	10	Iraq
-32.174591064453125	12.773905754089355	6	seriously
25.31084632873535	-12.136332511901855	9	serving
38.17387008666992	8.351655006408691	10	Asian
-15.951385498046875	-9.281506538391113	9	processing
-2.5873241424560547	0.060968104749917984	2	Latest
-27.0666561126709	0.6051435470581055	10	switch
14.280142784118652	4.795231342315674	8	signs
-11.453364372253418	-22.86309242248535	1	deliver
28.82465171813965	13.613494873046875	6	feels
-40.74283981323242	-5.968428134918213	3	rating
17.685049057006836	22.433950424194336	6	concerned
-7.833394527435303	9.712996482849121	10	trees
-16.823270797729492	-5.01993989944458	10	sugar
-3.267563819885254	-1.8217978477478027	2	faster
-6.299695014953613	-18.810239791870117	1	throw
-23.434154510498047	31.026052474975586	7	ends
-24.2213134765625	-2.363835573196411	8	Chapter
-11.391247749328613	-8.269495964050293	9	forces
-10.244365692138672	5.216599941253662	10	draw
-38.76852035522461	-8.01393985748291	8	directory
7.096752166748047	-8.349379539489746	5	Should
-11.76031494140625	-13.766057968139648	4	edit
10.592011451721191	-33.17851257324219	4	Update
-39.03569412231445	17.83681869506836	6	sad
-13.438898086547852	-0.18596751987934113	8	app
-10.899152755737305	-21.914447784423828	1	pack
19.876203536987305	-8.919135093688965	1	Gift
4.867499828338623	-0.40911564230918884	2	Continue
20.933256149291992	3.8489484786987305	3	tags
37.873252868652344	-0.03805973008275032	5	Need
-35.68391799926758	-4.028692245483398	8	secret
-37.32127380371094	0.7291685938835144	10	lunch
-16.614086151123047	-11.837379455566406	9	purposes
-20.02071189880371	15.168785095214844	0	responsibility
-18.755014419555664	21.50292205810547	0	loves
-9.943504333496094	-1.74674654006958	8	posting
26.6564998626709	-22.66912078857422	9	functions
-13.088215827941895	-7.225723743438721	9	stick
-41.83671951293945	15.576187133789062	6	Sorry
6.414002895355225	-18.327308654785156	5	prefer
-5.250510215759277	22.589996337890625	6	forced
-19.447690963745117	-1.7789831161499023	3	mark
-13.676916122436523	-1.759022831916809	8	Links
25.119977951049805	0.539727509021759	5	task
-28.792875289916992	2.4581069946289062	10	Sony
5.011797904968262	-20.027851104736328	5	allowing
24.20473861694336	1.7953945398330688	8	Key
17.701948165893555	-32.74152374267578	4	bigger
8.199639320373535	6.096905708312988	8	Test
-41.43146896362305	15.511848449707031	6	worst
23.033802032470703	-3.7153050899505615	5	desire
36.6973991394043	4.234419345855713	10	topics
-2.963698625564575	-6.033410549163818	5	Remember
0.502882719039917	10.293600082397461	10	sides
-40.36516189575195	-12.277877807617188	1	Cheap
-41.561370849609375	-10.70500373840332	1	orders
-35.866363525390625	17.929672241210938	6	hurt
-1.7109894752502441	11.619617462158203	10	tea
-41.153411865234375	-5.004064559936523	3	votes
-14.531449317932129	7.297726631164551	10	chicken
4.603333473205566	-21.27747917175293	9	aid
24.375431060791016	16.53291130065918	0	leadership
25.01787757873535	17.965736389160156	0	relationships
-7.499990940093994	11.101644515991211	10	laptop
8.37585735321045	-35.67913055419922	4	increasing
1.210762858390808	-6.816592693328857	5	determined
20.95050811767578	6.109896659851074	3	treated
33.75873947143555	-10.588208198547363	9	contain
26.444713592529297	-18.09466552734375	9	command
15.489818572998047	-33.30833435058594	4	Change
-42.86085891723633	16.66686248779297	6	sick
27.83403205871582	-0.02271123416721821	5	considering
13.119568824768066	-20.180912017822266	1	promote
-30.325376510620117	17.925920486450195	6	surprised
28.612308502197266	-19.332103729248047	9	keeps
13.046517372131348	9.87109375	10	Android
17.80231285095215	-33.99354553222656	4	Advanced
-42.20232391357422	-9.395145416259766	1	funding
-26.841325759887695	-7.681930065155029	3	factor
-7.206803321838379	2.0187976360321045	8	recorded
-10.24211597442627	10.352195739746094	8	novel
36.211177825927734	2.0426955223083496	5	thats
-10.282831192016602	-25.769969940185547	1	gifts
-5.348107814788818	-7.8697004318237305	5	bet
21.1492977142334	12.193214416503906	10	Asia
24.255599975585938	-3.6186373233795166	5	seek
-28.546058654785156	24.61507797241211	7	anymore
28.527992248535156	-3.0597033500671387	5	tend
-6.242136001586914	-19.937973022460938	1	Release
30.238691329956055	-13.156638145446777	9	Force
11.491479873657227	-36.714683532714844	4	improved
-18.949737548828125	6.9040913581848145	0	committed
-6.319846153259277	12.290484428405762	10	Song
-42.53483200073242	11.148444175720215	7	Never
3.1959774494171143	23.50889778137207	0	soul
20.543399810791016	3.4717061519622803	3	tag
-12.36599349975586	1.1307799816131592	8	recording
21.045909881591797	6.615906238555908	10	tight
18.607458114624023	20.02732276916504	3	Sometimes
18.51472282409668	13.868789672851562	10	fruit
16.96905517578125	11.409398078918457	10	Side
-32.54528045654297	17.796648025512695	6	fighting
-30.11865234375	3.9945828914642334	10	Pacific
24.227327346801758	-4.707022190093994	5	Try
-18.110403060913086	10.205266952514648	3	rare
40.830081939697266	0.017646439373493195	3	closer
-5.914184093475342	-21.91413688659668	1	Pack
-31.158428192138672	-1.0370732545852661	10	Kingdom
14.340591430664062	-6.301634311676025	3	noted
-3.4674601554870605	15.075536727905273	10	surprise
5.368378162384033	-13.39484977722168	5	connect
-15.586579322814941	-10.769190788269043	9	instructions
-18.145532608032227	-2.4423491954803467	3	Rate
0.1638527363538742	-3.967371940612793	3	Study
-4.8475565910339355	23.977554321289062	6	concerns
-28.55291748046875	-0.026165559887886047	10	remote
-21.94321632385254	7.217136383056641	2	attend
-41.484535217285156	-4.275291919708252	3	Vote
-21.87447166442871	-9.857865333557129	8	submit
4.7170329093933105	21.406639099121094	0	religion
25.876569747924805	8.348752975463867	8	Permalink
25.542072296142578	-9.271547317504883	1	bringing
33.70302963256836	7.523983478546143	2	follows
-9.192575454711914	26.94399642944336	6	Death
-6.664774417877197	-9.57652473449707	5	challenges
21.168590545654297	-10.241569519042969	1	receiving
-4.877671241760254	-4.024444580078125	3	Vol
10.863600730895996	-11.915508270263672	3	importance
-12.827197074890137	11.119796752929688	10	leg
16.89815330505371	21.443906784057617	6	Hard
-29.711977005004883	8.335456848144531	5	hoping
5.9136881828308105	9.703238487243652	10	rear
-5.6246209144592285	14.409427642822266	10	Boy
-24.895532608032227	6.554379940032959	3	Kansas
11.789592742919922	0.7005496025085449	3	tagged
34.91951370239258	-9.270082473754883	9	Create
-7.763877868652344	25.810029983520508	6	losing
29.70369529724121	-17.239370346069336	9	efficient
12.43781852722168	6.188767433166504	8	Pages
-32.737300872802734	18.818893432617188	6	violence
18.06682777404785	22.120817184448242	6	concern
9.435596466064453	14.035087585449219	10	cooking
-16.816070556640625	3.835639715194702	10	foods
-9.042174339294434	-21.158714294433594	1	bags
-14.83016300201416	-9.461039543151855	9	processes
-7.19370174407959	9.338482856750488	10	plate
28.823781967163086	-5.2615065574646	5	Instead
-38.052669525146484	-4.858971118927002	0	chief
-35.554935455322266	18.82633399963379	6	Bad
-36.97229766845703	2.558716058731079	0	lucky
-34.58420181274414	-1.505075216293335	10	LED
-6.530766487121582	-22.42729377746582	1	ordered
7.858260631561279	23.397363662719727	0	Father
-16.488632202148438	-21.725719451904297	1	affordable
-34.760684967041016	-6.495100498199463	8	chapter
-33.5325813293457	-6.892719268798828	8	log
27.552820205688477	-18.350343704223633	9	holds
-29.91611099243164	-1.3901125192642212	3	league
-1.2748101949691772	16.649518966674805	10	meat
-12.637486457824707	-20.904396057128906	1	issued
10.970261573791504	-10.584785461425781	3	matters
3.94122314453125	-9.99137020111084	5	thinks
18.96027946472168	-12.756158828735352	5	obtain
-13.072627067565918	3.948789596557617	10	iPad
29.358577728271484	-1.0525420904159546	5	Want
-42.43507385253906	10.816936492919922	7	forever
-9.620391845703125	-19.52689552307129	1	bunch
-42.6196403503418	-11.30974292755127	1	Deals
-14.197368621826172	-0.807970404624939	8	Patch
-4.953496932983398	11.870623588562012	10	Bed
-30.377872467041016	11.802596092224121	5	wondering
-0.606634795665741	-9.301663398742676	5	lets
-21.711179733276367	0.3601323664188385	3	competitive
-15.908539772033691	-21.254684448242188	1	fund
-41.261356353759766	16.631671905517578	6	Unfortunately
-10.146230697631836	12.555039405822754	10	LOL
2.666541576385498	2.327244758605957	3	remaining
-33.22052764892578	18.210613250732422	6	dangerous
-33.149742126464844	17.370115280151367	6	Miss
34.81996536254883	-9.961393356323242	9	Application
-8.770750999450684	-2.4862170219421387	8	submitted
-15.791295051574707	-12.101085662841797	9	practical
-41.13378143310547	-3.88372540473938	3	voted
14.917732238769531	4.109809875488281	8	label
-24.43404769897461	29.836496353149414	7	Final
43.47323989868164	2.579698085784912	1	Give
-17.99406623840332	10.147505760192871	3	tiny
23.093599319458008	-1.0631937980651855	5	Learning
-24.308570861816406	1.3080304861068726	3	Max
0.5753092169761658	-15.108930587768555	2	prepare
14.634910583496094	-11.67126178741455	3	valuable
-41.292999267578125	13.302252769470215	6	impossible
-32.25510025024414	-0.24037326872348785	10	farm
-12.670296669006348	5.363420486450195	10	phones
-28.125722885131836	-11.409489631652832	9	enable
26.148834228515625	-1.4319686889648438	5	suggested
-18.538713455200195	-6.965521335601807	10	recipes
-4.651257038116455	4.022111415863037	3	Limited
22.679241180419922	-0.42574062943458557	3	Questions
-7.280229091644287	12.313569068908691	10	Stars
-5.821991920471191	13.23061466217041	10	Yellow
-32.65945053100586	3.4655063152313232	10	meal
13.492720603942871	-18.284910202026367	5	encourage
-24.362445831298828	11.84882926940918	2	upcoming
-14.244357109069824	5.555856704711914	10	drawing
-34.82609939575195	18.605051040649414	6	tired
-20.693452835083008	-2.508882999420166	8	lists
0.23289811611175537	-14.7535400390625	2	Planning
-9.29602336883545	13.691780090332031	10	Boys
-39.03229904174805	-1.8249119520187378	2	PDT
38.64401626586914	5.255646705627441	8	Content
13.992141723632812	9.469794273376465	10	Samsung
-13.840104103088379	1.6942685842514038	8	graphics
5.803099155426025	-15.650609970092773	5	Ask
9.352290153503418	23.002840042114258	0	LOVE
-16.681119918823242	-7.2731547355651855	9	ingredients
-21.916532516479492	-3.0909197330474854	8	Register
-37.618412017822266	-3.4764859676361084	10	king
-40.07035446166992	-3.7448036670684814	3	committee
-19.168624877929688	20.152299880981445	0	dad
-30.848411560058594	-7.697468280792236	8	logo
7.795082092285156	-13.101874351501465	5	participate
-0.47557929158210754	-7.302293300628662	5	Really
-19.06856918334961	6.7209978103637695	0	commitment
33.13933181762695	-11.143186569213867	9	containing
23.95502281188965	-10.658304214477539	1	Bag
-40.541622161865234	14.093507766723633	6	unable
25.5432071685791	-16.913936614990234	9	string
30.96103286743164	-16.627641677856445	9	procedure
-27.900123596191406	-0.15147848427295685	9	nuclear
5.696920871734619	3.9508321285247803	3	Five
-4.403520584106445	-5.131371974945068	3	frequently
-34.56805419921875	-8.318014144897461	8	password
-24.204984664916992	11.748061180114746	2	scheduled
7.776645183563232	22.40663719177246	0	parent
35.336612701416016	-6.932116985321045	9	Making
-6.426417827606201	5.968594551086426	0	duty
1.6766917705535889	-18.42784881591797	9	effectively
-37.60154342651367	-1.5225756168365479	6	acid
-11.363383293151855	1.9561007022857666	8	script
-14.215508460998535	-6.140816688537598	10	Mix
-32.54035949707031	-0.9242454767227173	10	Iran
-18.849485397338867	-3.9885101318359375	5	earned
10.129369735717773	-35.84894943237305	4	improvement
4.744905948638916	6.5587687492370605	2	Run
-36.19654083251953	16.879653930664062	6	afraid
-36.97837448120117	14.796819686889648	6	strange
41.59185791015625	6.349722862243652	10	Picture
2.3056435585021973	17.1243839263916	10	younger
16.84230613708496	1.1032068729400635	3	linked
-8.195326805114746	-25.69457244873047	1	presents
-32.84968566894531	2.073556423187256	10	delicious
35.9296760559082	-1.0993213653564453	5	Getting
-37.49720764160156	-8.60010814666748	8	downloads
-32.86711883544922	-7.301054000854492	8	programming
-37.12052917480469	-0.953427791595459	10	kick
7.8543901443481445	15.19656753540039	10	joint
-38.400062561035156	-7.0413312911987305	8	manual
-22.955913543701172	-13.381038665771484	5	tip
-9.554161071777344	-21.57706642150879	1	Cards
-18.607908248901367	0.7973851561546326	8	Log
13.122613906860352	-6.008444786071777	3	Notes
-28.55250358581543	-1.164717674255371	3	hidden
3.3079962730407715	21.91506004333496	0	spiritual
13.666814804077148	-16.684843063354492	5	Better
20.721988677978516	-13.268309593200684	1	savings
-14.5208158493042	4.250822067260742	10	protein
-4.6743597984313965	20.020191192626953	6	reaction
-1.0961228609085083	14.000467300415039	10	Sweet
-31.43828010559082	-5.58212947845459	8	contest
-5.683233737945557	-6.263088703155518	3	discussed
-23.98099136352539	30.2172908782959	7	ending
11.328386306762695	-31.3463077545166	4	modified
-32.81400680541992	-5.151260852813721	8	tape
-27.142860412597656	25.17376136779785	7	ultimate
-5.402848243713379	22.122600555419922	6	threat
-36.060176849365234	20.351381301879883	6	Dead
0.9696313142776489	12.45055866241455	10	Tree
-17.901107788085938	-8.652660369873047	9	weapons
-36.261009216308594	-3.278139114379883	10	poker
-35.84707260131836	4.394124507904053	0	Birthday
5.712577819824219	-7.853053092956543	5	believed
-28.2288875579834	1.379663348197937	10	cum
-19.52204132080078	6.248734474182129	2	promise
-22.770751953125	16.205408096313477	0	Secretary
6.737890720367432	-33.027610778808594	4	adds
-27.275615692138672	25.931377410888672	7	Stop
22.14761734008789	-14.66971492767334	3	Value
-9.117650985717773	-25.72748565673828	1	Gifts
-21.47451400756836	15.416035652160645	0	honor
-27.27367401123047	7.616576671600342	5	okay
-1.932917594909668	-9.92310619354248	5	possibility
23.385459899902344	10.672199249267578	10	opposite
12.292606353759766	-9.81413745880127	3	referred
-36.447994232177734	0.7029370069503784	10	laugh
-24.9545955657959	-13.247962951660156	5	earn
-12.566160202026367	-21.996095657348633	1	Fund
14.628097534179688	14.317578315734863	10	Hand
-24.93129539489746	5.7783403396606445	3	decent
-22.14039421081543	-14.790085792541504	5	suggestions
23.442060470581055	-8.225129127502441	1	dealing
30.478797912597656	-11.553285598754883	9	saving
9.215951919555664	-36.167808532714844	4	increases
24.756641387939453	4.1925578117370605	3	significantly
29.126115798950195	13.769547462463379	6	feelings
-29.31401252746582	2.561377763748169	10	plane
-34.31093215942383	0.06390956044197083	3	Tennessee
-3.8690991401672363	11.21890926361084	10	Cool
-18.323808670043945	-10.243290901184082	9	controls
-27.789989471435547	3.144306182861328	10	bowl
-31.901348114013672	-5.2176361083984375	8	SEO
7.128765106201172	-34.4152946472168	4	upgrade
23.997474670410156	12.775818824768066	10	pic
13.087091445922852	15.719980239868164	10	attractive
-15.967671394348145	-24.14120101928711	1	packages
3.3298158645629883	23.590255737304688	0	passion
-36.50535583496094	-5.688318729400635	8	membership
5.125732421875	-9.476717948913574	5	Think
10.050493240356445	-12.312616348266602	5	depends
-32.75645065307617	-3.85794734954834	8	trailer
-4.794984340667725	-1.986222743988037	3	checked
7.544114589691162	0.3966163396835327	2	Future
-4.762295246124268	15.20485782623291	10	scenes