x	y	cluster	word
31.883216857910156	3.468710422515869	4	her
36.59739685058594	1.1600395441055298	4	she
28.429582595825195	2.647087335586548	2	girl
41.333980560302734	-0.5823449492454529	1	woman
11.670367240905762	23.266550064086914	4	daughter
40.60760498046875	0.04496338963508606	2	female
34.42878341674805	0.5087203979492188	4	sister
17.62354278564453	15.749069213867188	4	hers
5.43182373046875	-18.448963165283203	6	set
39.469322204589844	-0.4632447063922882	4	She
10.058734893798828	1.9810370206832886	10	post
4.669515609741211	-2.888174295425415	10	quality
40.70870590209961	1.128629207611084	1	women
31.787513732910156	-2.257291316986084	2	body
-4.629732131958008	0.7869612574577332	4	blog
-3.398906946182251	-1.8545911312103271	10	become
29.307186126708984	-10.134441375732422	3	pretty
-23.961027145385742	9.202752113342285	10	level
1.2916483879089355	3.760237216949463	10	Comments
-3.340772867202759	-3.572636842727661	10	everything
-2.4473812580108643	-1.084047794342041	10	either
-8.778701782226562	-8.766338348388672	10	create
28.67428970336914	-11.164572715759277	3	beautiful
-10.031668663024902	2.79721736907959	8	reading
33.66515350341797	11.782289505004883	0	sex
-16.38460922241211	9.673995018005371	10	perfect
0.17359255254268646	10.89244556427002	10	taken
0.9817571640014648	3.8562817573547363	10	comments
-9.437278747558594	-8.258870124816895	10	simply
9.130955696105957	1.5868765115737915	10	comment
32.15934371948242	-3.524510145187378	2	model
-25.75163459777832	15.396934509277344	10	rights
30.472314834594727	-5.10654354095459	2	hair
-4.537938117980957	-1.9756056070327759	10	included
27.666078567504883	3.5586013793945312	2	girls
41.74767303466797	-0.038474295288324356	1	Women
-4.585196495056152	0.9095474481582642	4	Blog
-28.953453063964844	16.037015914916992	10	options
2.097548007965088	-16.53404998779297	6	pages
-29.13257598876953	0.4419018626213074	7	practice
24.162704467773438	-5.364497661590576	6	skin
37.27439498901367	9.231178283691406	1	wife
-33.503700256347656	-21.738540649414062	9	Beach
-18.18224334716797	9.655302047729492	10	completely
9.806392669677734	0.4404792785644531	10	posts
42.50700759887695	8.661017417907715	1	mother
9.755073547363281	1.0473378896713257	10	Posts
-28.52596664428711	15.723092079162598	10	option
-12.363568305969238	4.5406107902526855	8	camera
-11.278827667236328	-34.74312210083008	5	eat
6.021920204162598	-3.780607223510742	10	lyrics
37.991024017333984	0.11120619624853134	4	Her
-33.4998893737793	-19.583240509033203	9	Island
-29.84621810913086	2.0162954330444336	7	rules
35.81877136230469	-0.17169539630413055	4	Mary
-28.421674728393555	7.133807182312012	10	requirements
-30.969371795654297	2.062406539916992	7	tips
2.068502187728882	-38.477020263671875	5	healthy
21.96538734436035	-0.1868816316127777	2	models
8.219712257385254	-3.336385726928711	10	Lyrics
-31.50008201599121	-18.431432723999023	9	holiday
-34.365684509277344	-20.934438705444336	9	beach
-20.151744842529297	10.901187896728516	10	passed
-9.596248626708984	-9.482033729553223	10	grow
-13.63965892791748	21.80838966369629	4	miss
-18.934497833251953	17.803321838378906	0	hate
32.93162155151367	-3.8029394149780273	2	Model
34.134864807128906	-6.367205619812012	2	fashion
8.391494750976562	-0.44722872972488403	10	self
-2.3962490558624268	-4.1883392333984375	10	custom
33.547515869140625	-5.624443531036377	2	dress
10.701736450195312	1.9346204996109009	10	Tagged
21.974727630615234	-5.673874378204346	6	covered
-32.09511947631836	-1.9821561574935913	7	steps
29.5374698638916	-10.656438827514648	3	beauty
-27.194089889526367	9.413715362548828	10	goals
29.667598724365234	1.314016342163086	2	Girl
-28.470008850097656	8.145572662353516	10	standards
29.07619857788086	1.703222393989563	2	Girls
-30.475156784057617	0.08281238377094269	7	classes
33.467342376708984	11.374517440795898	0	Sex
-8.15095329284668	-36.5972900390625	5	eating
-1.0302146673202515	-6.698749542236328	10	theme
30.18364143371582	11.694891929626465	0	sexy
42.965694427490234	8.612939834594727	1	mom
-22.704381942749023	1.7782772779464722	8	session
-11.645033836364746	-39.072147369384766	5	recipe
-13.707419395446777	-33.500160217285156	5	diet
20.165103912353516	-16.576370239257812	3	lovely
-32.371402740478516	-17.791765213012695	9	ship
7.5459794998168945	-9.173240661621094	6	plastic
0.3527120351791382	-35.96632766723633	5	breakfast
-6.149696350097656	-2.572096109390259	10	achieve
-31.463111877441406	-0.025068139657378197	7	Tips
-3.982158660888672	-32.93772506713867	5	cream
12.741501808166504	-7.016272068023682	6	silver
22.902921676635742	-13.488375663757324	3	flowers
39.809226989746094	14.182648658752441	1	birth
-31.794679641723633	-20.38571548461914	9	vacation
-31.311359405517578	-20.158586502075195	9	Holiday
32.53752136230469	11.952868461608887	0	sexual
-32.22523498535156	-21.56604766845703	9	boat
2.055924654006958	-16.841955184936523	6	platform
-2.246872901916504	-3.0600955486297607	10	Amazon
-6.56787109375	-34.109092712402344	5	sugar
-17.54453468322754	-11.641178131103516	6	layer
-8.754704475402832	-3.7129642963409424	10	prescription
-7.219255447387695	-29.973735809326172	5	lunch
7.61936092376709	-4.076478004455566	10	purchased
-16.06895637512207	-11.685572624206543	6	covers
5.590590476989746	1.1552196741104126	10	desire
4.235269546508789	-4.144250869750977	10	spirit
34.68069839477539	-6.372776508331299	2	Fashion
-34.05988693237305	-18.11723518371582	9	island
-4.758930206298828	-17.452774047851562	6	roll
26.371137619018555	13.168008804321289	0	pussy
-34.53395080566406	-19.31917381286621	9	Coast
-2.5882480144500732	-2.9317421913146973	10	interests
-17.885889053344727	-7.647486686706543	6	studio
29.886062622070312	-4.017866134643555	2	Pink
19.299381256103516	4.8716020584106445	2	Queen
17.160030364990234	18.98387336730957	4	Sarah
23.463796615600586	-1.1944397687911987	2	legs
39.73078536987305	0.787350594997406	1	Lady
-32.416900634765625	1.0891797542572021	7	instructions
19.76020050048828	-11.358642578125	3	Rose
-17.019756317138672	9.922295570373535	10	perfectly
-19.39633560180664	0.2069416642189026	8	listening
29.10454559326172	-11.1370210647583	3	Beautiful
43.28913116455078	7.803945064544678	1	Mother
6.884598731994629	0.6899119019508362	10	equal
8.53664493560791	10.00403118133545	10	tagged
-16.79334259033203	-12.115510940551758	6	sheet
3.877298593521118	-17.82843589782715	6	Pages
29.60761070251465	-4.236294269561768	2	pink
-21.531923294067383	18.002174377441406	10	cant
1.4750767946243286	-35.85415267944336	5	cake
-22.482072830200195	11.622526168823242	10	entirely
38.311439514160156	2.1816751956939697	1	lady
30.388748168945312	-10.156549453735352	3	Beauty
9.620943069458008	24.66609001159668	4	Miss
27.635574340820312	-9.591914176940918	3	jewelry
6.910266399383545	-10.335821151733398	6	fabric
-15.373942375183105	-29.459136962890625	5	organic
34.52124786376953	-5.909972190856934	2	Dress
-12.319083213806152	-38.92746353149414	5	recipes
-3.9773201942443848	-9.167945861816406	2	Mini
-7.387728691101074	-6.297245025634766	10	lists
39.19799041748047	4.995848178863525	1	breast
-2.8490734100341797	-8.784013748168945	10	sizes
-11.804701805114746	-38.03020095825195	5	ingredients
-11.092194557189941	-12.103594779968262	10	pure
-12.296842575073242	25.089319229125977	4	Kelly
42.70796585083008	7.729776382446289	1	Mom
-17.668319702148438	-26.852113723754883	5	acid
11.720975875854492	18.148881912231445	4	Elizabeth
20.45121955871582	-17.25954818725586	3	gorgeous
-10.718777656555176	2.2983601093292236	8	exam
-2.64738392829895	20.644582748413086	4	Secretary
-19.28243637084961	9.77674674987793	10	successfully
17.82418441772461	22.03663444519043	4	Ann
-32.446407318115234	-12.241789817810059	9	Zealand
-0.6244746446609497	-2.795154333114624	10	Perfect
25.037233352661133	4.561324119567871	2	bodies
-33.13031005859375	-0.027510689571499825	7	lessons
-6.981930732727051	-5.508989334106445	6	column
-26.049497604370117	5.4146037101745605	10	controls
28.95934295654297	-8.962841033935547	3	Jewelry
15.516046524047852	9.711553573608398	2	blonde
35.59804916381836	5.864711284637451	1	ladies
42.005531311035156	-0.831487774848938	1	Woman
-16.005449295043945	25.592700958251953	4	Clinton
-17.22101593017578	0.15345528721809387	8	lens
-34.965579986572266	-18.323389053344727	9	coast
10.962617874145508	18.054367065429688	4	Victoria
20.084009170532227	20.828842163085938	4	Jane
-4.6987528800964355	-33.288448333740234	5	butter
22.967702865600586	-12.837715148925781	3	flower
-31.992267608642578	6.9033331871032715	7	principles
-23.13055992126465	1.8280636072158813	7	sessions
19.74383544921875	-11.313159942626953	3	rose
15.804529190063477	-13.68132209777832	3	Crystal
-32.718990325927734	-0.9221028685569763	7	lesson
-32.512237548828125	-17.393814086914062	9	ships
5.42955207824707	1.0644237995147705	10	desired
0.5438278913497925	18.417964935302734	4	Angel
-11.657103538513184	-2.835423231124878	10	expectations
38.8922233581543	7.871211528778076	1	pregnant
30.4641170501709	11.503291130065918	0	Sexy
-29.129545211791992	5.65781831741333	7	module
-1.7804042100906372	-35.92436981201172	5	eggs
-24.940792083740234	16.49111557006836	10	rated
13.709565162658691	22.13920783996582	4	Jennifer
-9.760313034057617	0.27208128571510315	8	reflect
-4.338719367980957	-9.021206855773926	2	mini
-4.555959224700928	-5.285708904266357	10	accessible
19.138412475585938	8.247130393981934	6	laid
-26.080684661865234	0.07394436001777649	10	criteria
6.304030418395996	11.893278121948242	4	Bell
41.40566635131836	-1.126853346824646	2	Female
-16.48681640625	0.8462631702423096	8	cameras
-3.034602403640747	-33.91455841064453	5	Cream
-5.169415473937988	-29.50449562072754	5	powder
39.42206954956055	7.825223445892334	1	pregnancy
20.348447799682617	-9.745377540588379	3	Spa
-17.048551559448242	-0.47882550954818726	8	Canon
24.731521606445312	-5.368129253387451	6	Skin
13.27484130859375	18.184123992919922	4	Kate
-32.00284957885742	5.717340469360352	7	guidelines
-2.0012590885162354	25.96832275390625	4	Lisa
-16.27911949157715	-0.806208610534668	8	laser
15.164591789245605	-6.181649208068848	6	mirror
13.147717475891113	24.287864685058594	4	Susan
41.7468147277832	13.97812557220459	1	nursing
-4.311767101287842	-36.26128387451172	5	consumption
33.99077606201172	-1.1201647520065308	10	Self
-11.257211685180664	-36.3331298828125	5	meals
23.387590408325195	-13.353822708129883	3	Flowers
-1.8564198017120361	-38.20639419555664	5	cookies
-26.80052375793457	0.46632394194602966	10	requirement
18.422359466552734	20.65563201904297	4	Amy
20.380796432495117	21.683792114257812	4	Anne
-12.080636978149414	-28.01540756225586	5	formula
-2.0220820903778076	-12.55667781829834	6	prints
-0.863516628742218	-36.13128662109375	5	oven
-16.29969596862793	8.787397384643555	10	equally
-10.405864715576172	-39.5440788269043	5	Recipe
29.838394165039062	-9.85843276977539	3	Pretty
15.266653060913086	22.033864974975586	4	Anna
10.405550956726074	-8.290194511413574	6	painted
-25.198062896728516	21.619356155395508	6	Empire
-12.916751861572266	27.409879684448242	4	Barbara
-3.7724976539611816	-17.924697875976562	6	Roll
3.9674935340881348	-19.66490936279297	6	slide
15.502466201782227	19.91606330871582	4	Laura
-11.59333324432373	5.257476806640625	8	photographer
38.109100341796875	3.045853614807129	1	Ladies
3.439826488494873	-16.4122257232666	10	contents
-6.913771152496338	-34.63730239868164	5	vegetables
-0.9696352481842041	-36.90595626831055	5	diabetes
3.607985734939575	11.005209922790527	4	Berlin
19.4833927154541	20.070138931274414	4	Maria
-32.97023391723633	-20.071443557739258	9	Islands
6.479170799255371	-1.998958945274353	10	embodiment
23.77066421508789	-12.653635025024414	3	Flower
-33.869869232177734	-1.2856299877166748	7	instruction
31.809049606323242	-4.949902057647705	2	dresses
-3.099151134490967	-22.409988403320312	5	stomach
-11.319063186645508	-39.27500534057617	5	Recipes
-7.104351997375488	-10.519493103027344	6	inventory
6.858284950256348	-6.028087139129639	10	Theme
0.5812653303146362	25.680551528930664	4	Michelle
8.490374565124512	13.036312103271484	4	Brooklyn
-34.10195541381836	-16.578258514404297	9	cruise
24.797990798950195	7.917246341705322	2	girlfriend
-4.000654697418213	-15.000733375549316	6	shell
9.185187339782715	18.365955352783203	4	Charlotte
14.23708724975586	9.453729629516602	2	Princess
34.5488395690918	-3.080674886703491	2	lips
-13.549132347106934	2.147474527359009	8	sensor
41.02445983886719	12.88341236114502	1	Labor
12.115800857543945	-16.62215232849121	3	crystal
-10.464869499206543	28.871801376342773	4	Nancy
-13.123184204101562	15.441728591918945	0	bitch
27.677812576293945	11.609021186828613	0	lesbian
17.393104553222656	-14.94558334350586	3	grace
-8.18713092803955	-7.851259231567383	10	themes
18.912105560302734	-13.29551887512207	3	precious
1.2508196830749512	19.69448471069336	4	Jean
-8.245412826538086	-5.498464584350586	6	controller
17.831796646118164	-14.53358268737793	3	Grace
31.974206924438477	10.680685043334961	0	tits
9.974895477294922	22.04689598083496	4	Jessica
-10.916830062866211	-2.8344125747680664	10	compliance
-16.25157356262207	-12.832840919494629	6	sheets
5.123785495758057	15.226690292358398	4	Pearl
-31.316556930541992	5.966250419616699	7	guides
-31.89460563659668	2.005859136581421	7	tutorial
-3.5669100284576416	26.942611694335938	4	Alice
-26.582807540893555	14.489118576049805	10	Constitution
-24.223976135253906	13.057774543762207	10	equity
8.819109916687012	-8.80405330657959	6	Plastic
-31.016218185424805	-0.9036923050880432	7	exercises
23.29220962524414	-5.867466449737549	6	colored
-9.152593612670898	-31.912519454956055	5	Organic
42.37093734741211	12.545609474182129	1	Nursing
21.687374114990234	19.637115478515625	4	Linda
-0.07753700017929077	22.56949806213379	4	Rachel
-9.602437019348145	4.152867794036865	8	lab
-0.08419803529977798	-37.24074172973633	5	baking
-32.91077423095703	-18.775054931640625	9	Cruise
17.46699333190918	20.287763595581055	4	Karen
7.524966239929199	10.764853477478027	6	pin
13.148055076599121	-6.951481342315674	6	brush
28.178871154785156	5.48062801361084	2	gender
-9.63727855682373	-37.63892364501953	5	Diet
-4.1573486328125	-30.955381393432617	5	salad
-26.84040069580078	11.338658332824707	10	operator
9.12140941619873	4.672085762023926	10	expecting
-14.537139892578125	3.086918592453003	8	scan
-9.154747009277344	2.240459680557251	8	Session
-4.17737340927124	8.222426414489746	10	Liberty
-12.883342742919922	-33.48424530029297	5	calories
19.772676467895508	-10.381464004516602	3	spa
-15.882399559020996	1.0281540155410767	8	inspection
-5.294013977050781	-20.77236557006836	6	pills
24.845420837402344	-0.8072542548179626	2	Models
-2.146195888519287	-33.84707260131836	5	candy
2.613767623901367	-38.506187438964844	5	Healthy
-4.476106643676758	-15.85885238647461	6	tablet
19.549285888671875	9.369296073913574	4	horror
-6.664988040924072	-10.941239356994629	6	collections
-14.436973571777344	-33.139949798583984	5	nutrition
-5.054752826690674	-2.5821621417999268	10	succeed
-6.580654621124268	-37.31698989868164	5	cooked
39.91746520996094	13.937155723571777	1	Birth
41.865997314453125	12.698285102844238	1	nurse
23.602737426757812	10.251997947692871	2	babe
-21.570655822753906	12.611992835998535	10	diversity
11.286767959594727	15.319581985473633	4	Eve
-9.180615425109863	-1.7656646966934204	10	specifications
28.620040893554688	-4.988000392913818	2	makeup
-2.2568306922912598	-17.881784439086914	6	plates
-9.65276050567627	-10.310155868530273	3	spell
39.35293197631836	1.9221304655075073	2	Womens
-16.89948272705078	-30.22544288635254	5	ate
-5.628834247589111	-34.79094696044922	5	Sugar
29.81513214111328	3.325712203979492	2	actress
21.70767593383789	-14.223088264465332	3	beautifully
-14.69344425201416	24.100990295410156	4	Ashley
11.70691967010498	-19.775192260742188	3	honey
18.59828758239746	-7.754973411560059	3	yoga
-10.677894592285156	-33.54533386230469	5	hungry
-6.99406099319458	-27.339502334594727	5	chemicals
-34.8738899230957	-17.037399291992188	9	beaches
-27.971755981445312	8.210737228393555	10	objectives
20.67038345336914	20.445592880249023	4	Margaret
10.31295108795166	18.21127700805664	4	Marie
34.64155960083008	0.2589320242404938	4	sisters
15.796730041503906	-6.1153564453125	6	Mirror
-16.40264892578125	13.807927131652832	10	consent
-10.942801475524902	-6.98509407043457	10	emissions
18.291709899902344	-10.282333374023438	3	Cherry
-8.890339851379395	4.414453506469727	8	radiation
-6.510153293609619	-2.695507049560547	10	accomplish
-32.18480682373047	-21.04694366455078	9	boats
-4.700238227844238	-17.954086303710938	6	rolled
-11.86426830291748	-36.68315124511719	5	Nutrition
-1.622030258178711	12.100951194763184	4	stolen
19.251506805419922	21.24720573425293	4	Emily
-1.694136381149292	-32.899391174316406	5	pie
-0.013758772984147072	-15.41525650024414	6	canvas
33.78597640991211	1.1256237030029297	4	Julie
1.4078443050384521	-36.65636444091797	5	lemon
-19.264301300048828	-13.402085304260254	6	paste
-4.196746349334717	-3.7312798500061035	10	collective
-30.105154037475586	6.161734580993652	7	workshops
-19.182727813720703	19.038394927978516	10	Virgin
-13.074169158935547	16.928741455078125	0	rape
37.89017868041992	8.795726776123047	1	Wife
-5.595156192779541	-5.101734161376953	10	Corps
2.573293447494507	-36.53129577636719	5	Cake
2.4927825927734375	-34.72780990600586	5	olive
-14.598505020141602	19.262216567993164	4	abortion
-13.197208404541016	-29.866687774658203	5	vitamin
21.050817489624023	0.06465888768434525	2	skirt
-1.2073019742965698	-11.415169715881348	6	vinyl
-1.5309234857559204	-37.824275970458984	5	cookie
0.3743903934955597	18.359418869018555	4	angel
10.666299819946289	1.5499663352966309	10	Verizon
1.8326101303100586	-16.84421157836914	6	platforms
-27.04801368713379	1.2098045349121094	10	Standards
8.015323638916016	22.73226547241211	4	Carol
32.474082946777344	-2.3109896183013916	2	shoulders
-26.95790672302246	11.367615699768066	10	operators
5.174508094787598	-14.891277313232422	10	conservation
-4.319186210632324	-18.872020721435547	6	rolls
43.646453857421875	9.552752494812012	1	mothers
-17.854907989501953	0.10999753326177597	8	lenses
-29.289430618286133	5.600590229034424	7	modules
24.018064498901367	2.074190616607666	2	flesh
1.1538358926773071	25.9359130859375	4	Heather
19.482789993286133	4.964579105377197	2	queen
-22.973705291748047	19.16826629638672	10	Euro
2.725005626678467	-12.894031524658203	6	Collections
-7.7526936531066895	29.152938842773438	4	blogger
18.507062911987305	17.016618728637695	4	daughters
-24.619966506958008	19.07312774658203	10	EUR
-0.37271884083747864	24.405696868896484	4	Amanda
9.020045280456543	13.47177791595459	4	Chelsea
5.5931243896484375	-4.6882195472717285	6	oxygen
-0.826286792755127	-33.82878494262695	5	Candy
-19.168312072753906	11.775036811828613	10	Parliament
-4.530221462249756	24.7794132232666	4	Lynn
9.951348304748535	20.868698120117188	4	Lauren
39.466461181640625	4.666322708129883	1	Breast
-4.884064674377441	-24.95185089111328	5	crop
-23.795061111450195	17.148143768310547	8	Census
-0.1730886995792389	23.875247955322266	4	Katie
-10.245187759399414	-4.555482864379883	10	preferably
12.085297584533691	-18.781063079833984	3	magical
6.178447723388672	-2.9289581775665283	10	customized
-14.837140083312988	-7.251519203186035	6	Kindle
-33.90218734741211	-18.509199142456055	9	islands
-10.5802583694458	3.6009185314178467	8	clinic
-0.5197742581367493	10.793655395507812	4	theft
4.826808452606201	-1.5473848581314087	10	vocals
15.36829662322998	20.091569900512695	4	Emma
-10.44449520111084	4.51716947555542	8	Clinic
24.895294189453125	13.499353408813477	0	fetish
-32.176124572753906	-14.685261726379395	9	hills
-6.728523254394531	24.279172897338867	4	Nicole
5.252085208892822	23.932228088378906	4	Helen
7.791207313537598	20.664066314697266	4	Palin
15.734504699707031	8.358296394348145	2	bride
-30.020000457763672	1.0873383283615112	7	commands
-15.720895767211914	17.821672439575195	0	hottest
-2.557197332382202	20.555700302124023	4	secretary
-6.745811939239502	-30.25433349609375	5	Lunch
24.3121337890625	6.326379299163818	2	belly
25.629182815551758	5.9846038818359375	2	chick
-8.668270111083984	-28.190509796142578	5	portions
2.799644947052002	-20.607547760009766	6	vessel
22.429485321044922	-10.609217643737793	3	decorated
10.841687202453613	21.96974754333496	4	Catherine
6.977337837219238	15.434579849243164	4	Ruby
-12.484516143798828	-7.309328079223633	8	infections
32.85072326660156	-5.497947692871094	2	Dresses
-7.809638023376465	-37.651187896728516	5	Eat
16.200702667236328	21.2420711517334	4	Julia
-4.938379764556885	-20.415851593017578	6	pill
-25.33087730407715	9.286532402038574	10	easiest
-1.5387451648712158	4.718589782714844	10	listened
-2.327392101287842	-15.577473640441895	6	Shell
-5.800254821777344	29.104894638061523	4	Sharon
12.58344554901123	-13.033720016479492	3	Salon
-21.435270309448242	8.203692436218262	4	Sierra
1.4211119413375854	-32.5934944152832	3	Honey
13.960978507995605	25.27426528930664	4	Martha
23.02464485168457	5.563651084899902	2	Blonde
-7.528891563415527	-27.144115447998047	5	chemistry
1.3370229005813599	24.277830123901367	4	Sue
39.70726013183594	3.8733370304107666	1	breasts
-31.095056533813477	3.804102897644043	7	basics
21.17958641052246	1.4785559177398682	2	heels
10.76045036315918	-10.636890411376953	3	silk
27.608457565307617	-9.149935722351074	3	necklace
28.014036178588867	-9.015913963317871	3	Necklace
4.3823323249816895	-18.30115509033203	6	Platform
14.229442596435547	-12.607723236083984	3	Earrings
1.9587153196334839	30.911149978637695	1	Labour
2.3105831146240234	-5.192755699157715	3	cleaned
-6.700252056121826	-25.892194747924805	6	oils
4.293363571166992	-11.151079177856445	6	gloves
-13.802576065063477	24.58917999267578	4	Rebecca
14.21287727355957	22.998430252075195	4	Melissa
-31.866724014282227	-15.279633522033691	9	hiking
39.734886169433594	2.476623058319092	2	females
4.791688919067383	11.731832504272461	4	bell
4.921680450439453	1.330754280090332	10	desires
-26.644197463989258	18.226680755615234	8	census
14.15298843383789	-15.538079261779785	3	beads
-27.407655715942383	0.6330989599227905	10	Requirements
39.18161392211914	3.0102999210357666	2	Gender
7.85254430770874	26.278947830200195	4	Betty
20.520633697509766	-5.884026527404785	6	coating
-33.7572135925293	-2.079547882080078	7	Lessons
-2.857020616531372	-12.224499702453613	6	lining
13.00242805480957	20.006946563720703	4	Sara
-27.217073440551758	19.49357032775879	10	toll
-21.20897674560547	10.302939414978027	10	EPA
0.06175700202584267	-32.1575927734375	5	Berry
-18.683734893798828	24.5815486907959	4	Kerry
3.2312986850738525	-9.896134376525879	6	sheer
24.25486183166504	2.839412212371826	2	lip
7.975448131561279	18.235637664794922	4	Holly
-7.882933616638184	26.655532836914062	4	Hillary
-6.154164791107178	-32.766517639160156	5	Vitamin
-13.4981050491333	-31.323665618896484	5	herbs
-15.329876899719238	-29.00826072692871	5	vanilla
20.274682998657227	-16.472644805908203	3	Lovely
-4.933794021606445	27.146677017211914	4	Ruth
-4.678472518920898	22.621475219726562	4	Blair
-5.804499626159668	27.917247772216797	4	Ellen
-10.266641616821289	-36.47665786743164	5	cuisine
40.958740234375	10.265718460083008	1	Mrs
24.886837005615234	-0.99410080909729	2	modeling
-19.275386810302734	23.660911560058594	4	Cruz
18.61158561706543	21.036731719970703	4	Joan
42.077857971191406	11.875521659851074	1	Nurse
-4.037148475646973	-34.59690475463867	5	pasta
-22.2155704498291	15.460758209228516	10	democratic
-11.5833101272583	27.057331085205078	4	Donna
-24.750064849853516	18.676895141601562	10	podcast
-9.194177627563477	-35.27607345581055	5	eaten
-7.6639084815979	24.072267532348633	4	Lucy
-18.899648666381836	10.731778144836426	10	legislative
-4.821766376495361	-14.787025451660156	6	vessels
11.57352066040039	-11.092549324035645	3	delicate
10.890915870666504	16.109365463256836	4	Amber
23.523574829101562	10.667898178100586	2	babes
-18.493602752685547	-10.282151222229004	6	pixels
-9.00369644165039	26.00382423400879	4	Hannah
-32.28153991699219	-2.5045933723449707	7	Steps
-10.155830383300781	1.971030831336975	8	exams
-11.344924926757812	15.105639457702637	0	slut
-21.813413619995117	9.49913501739502	10	Commons
32.53822708129883	9.37539005279541	0	boobs
13.514561653137207	-3.6179280281066895	6	Pin
1.9672545194625854	30.914947509765625	1	labour
-19.584300994873047	1.5118404626846313	8	audit
-9.033610343933105	-27.583608627319336	5	Formula
5.1106719970703125	-11.920503616333008	6	nails
29.018503189086914	-2.2858376502990723	2	doll
-15.984763145446777	-0.038663141429424286	8	Lens
41.50150680541992	14.66151237487793	1	nurses
7.413538455963135	21.43039321899414	4	Annie
2.9867029190063477	-19.12531280517578	6	Canvas
-10.19485855102539	-6.899807453155518	10	Treasury
7.744926929473877	13.969995498657227	4	Mercedes
-16.450416564941406	-1.9523394107818604	8	photographers
-15.105855941772461	25.74571418762207	4	Monica
39.887359619140625	12.818074226379395	1	grandmother
1.3134289979934692	21.81236457824707	4	Stephanie
-16.80470085144043	-27.157987594604492	5	acids
-24.52153778076172	14.82353687286377	10	inclusion
-17.884130477905273	-9.129815101623535	6	plasma
25.84940528869629	-3.5619242191314697	3	lace
16.15172004699707	-11.765341758728027	3	earrings
-13.724956512451172	-29.37876319885254	5	vitamins
-6.226210594177246	-6.148090839385986	10	Lists
24.505796432495117	-12.85372257232666	3	floral
-6.077204704284668	-4.253969192504883	10	ive
-20.79825210571289	13.178483963012695	10	liberty
27.426416397094727	-5.342597961425781	3	cosmetic
13.528607368469238	21.14308738708496	4	Janet
11.953763961791992	20.54339027404785	4	Andrea
-25.153141021728516	13.623587608337402	10	preferences
13.219832420349121	-5.7754807472229	6	sewing
-6.341153621673584	23.008649826049805	4	Beverly
1.1912188529968262	-39.40697479248047	5	dessert
6.380478382110596	-10.708878517150879	6	fabrics
-33.51065444946289	-20.541357040405273	9	coastal
-32.25740051269531	-15.958439826965332	9	Cottage
-1.3889975547790527	-34.443233489990234	5	cakes
4.067192077636719	24.880979537963867	4	Claire
-32.60248565673828	-15.335411071777344	9	cottage
-1.7276793718338013	27.61334991455078	4	Beth
-3.0533499717712402	-15.486381530761719	6	scroll
18.135828018188477	-10.245981216430664	3	cherry
-32.564292907714844	-13.500658988952637	9	hike
-31.42820930480957	-16.54291343688965	9	balcony
8.935967445373535	-14.435402870178223	3	crafts
-14.461457252502441	26.786151885986328	4	Diana
14.082752227783203	21.755922317504883	4	Jenny
7.572044849395752	-12.558548927307129	6	ceramic
29.751920700073242	5.80938720703125	2	lingerie
-4.217627048492432	-30.973644256591797	5	Salad
16.387920379638672	17.470247268676758	4	Dame
-24.90139389038086	12.948440551757812	10	purely
-31.907634735107422	4.7204718589782715	7	Guidelines
9.822076797485352	-5.856116771697998	6	ebony
28.573993682861328	12.097020149230957	0	Pussy
12.98951244354248	12.152511596679688	4	Bella
-3.369943380355835	-28.323667526245117	5	cocktail
25.241958618164062	13.501077651977539	0	dildo
9.499947547912598	-4.447945594787598	6	Period
36.92959213256836	-0.15313051640987396	4	Sister
11.373050689697266	19.70174217224121	4	Christina
-33.67173767089844	-2.49094557762146	7	Lesson
43.396453857421875	10.544273376464844	1	moms
29.001123428344727	10.672638893127441	0	Lesbian
-8.948379516601562	-0.8403008580207825	10	specification
-16.727737426757812	-10.702723503112793	6	roller
12.110097885131836	22.406612396240234	4	Angela
-17.907197952270508	11.919041633605957	10	activists
0.1356772631406784	26.187105178833008	4	Diane
-7.9962477684021	-9.274715423583984	10	selections
10.583290100097656	-10.61995792388916	3	Silk
-8.764615058898926	-32.13132095336914	5	herbal
-27.452842712402344	19.73005485534668	4	Essex
-33.736053466796875	-15.685791015625	9	Marina
-2.663201332092285	-11.463197708129883	6	cylinder
23.944746017456055	5.317700386047363	2	brunette
17.0274658203125	5.855006217956543	2	Queens
31.340139389038086	-5.965129852294922	2	Bridal
29.704572677612305	12.125048637390137	0	erotic
32.78346633911133	10.711509704589844	0	Tits
11.269536972045898	25.7484130859375	4	Kathy
16.464027404785156	19.08258056640625	4	Sally
-15.067400932312012	1.2863529920578003	8	sensors
-1.8012052774429321	-32.19923782348633	5	Powder
-9.320514678955078	-4.656432628631592	10	equation
9.661811828613281	-8.220230102539062	6	pillow
2.6461305618286133	-34.27334213256836	5	coconut
-28.24072265625	16.848405838012695	10	constitution
-12.901640892028809	-30.64430046081543	5	healthier
11.776007652282715	13.948559761047363	4	Tiffany
-3.138969659805298	26.356603622436523	4	Lindsay
-19.156694412231445	21.27591323852539	4	Megan
42.1921501159668	9.248180389404297	1	Mama
4.004462718963623	-19.632761001586914	6	Slide
-2.060485363006592	28.029129028320312	4	Liz
12.948685646057129	-18.839719772338867	3	Divine
18.196399688720703	6.884988784790039	2	Kitty
-12.989056587219238	25.688365936279297	4	Jackie
-15.739435195922852	-32.11795425415039	5	nutrients
-2.4958486557006836	28.950111389160156	4	Dana
21.347288131713867	-5.829107284545898	6	coated
-16.987661361694336	2.5648670196533203	8	scanning
13.971896171569824	9.54694938659668	2	princess
-5.666911602020264	26.837785720825195	4	Judy
-14.3038911819458	-8.461817741394043	6	pins
-32.03034591674805	3.619933605194092	7	tutorials
17.08692169189453	20.82430076599121	4	Sandra
26.961244583129883	4.918998718261719	2	bra
9.523747444152832	-14.529170989990234	3	candle
-0.20067407190799713	-11.49605941772461	6	quilt
0.7653304934501648	-16.306194305419922	6	slides
-12.522000312805176	-37.40138244628906	5	ingredient
4.017911434173584	-35.45866394042969	6	Olive
11.915365219116211	18.45589256286621	4	Wendy
6.203028202056885	-10.098057746887207	6	sleeves
29.695009231567383	-2.6537985801696777	2	Doll
42.53860092163086	10.722139358520508	1	mum
-25.532651901245117	21.506853103637695	6	empire
-15.398125648498535	-27.536300659179688	5	grams
33.2049560546875	11.99885082244873	0	Sexual
4.943183898925781	-15.462214469909668	10	sustainability
13.432705879211426	13.603711128234863	4	Lily
-28.213815689086914	3.4236764907836914	7	Module
-4.593830585479736	-36.143226623535156	5	consume
22.9221134185791	7.554660797119141	2	bikini
-7.047576427459717	26.254722595214844	4	Jill
-8.908653259277344	-2.3661093711853027	10	specs
31.663034439086914	-3.1757452487945557	2	purse
28.666051864624023	14.710790634155273	1	milf
26.619998931884766	-3.698638677597046	2	Lace
9.890454292297363	-0.7683449387550354	10	Yourself
-21.009838104248047	20.71472930908203	4	Suzuki
-12.577552795410156	-36.4407958984375	5	nutritional
-9.874795913696289	22.23944091796875	4	Britney
-17.331212997436523	-26.133167266845703	5	Acid
18.260934829711914	-8.12789535522461	3	Wellness
7.039456844329834	-1.4581577777862549	10	perfection
-19.56534767150879	18.774702072143555	10	virgin
2.0062408447265625	-11.15182876586914	6	bedding
18.07114028930664	-0.8253515958786011	9	luggage
-15.492298126220703	9.0530366897583	10	equality
-20.082958221435547	21.981748580932617	4	Lopez
-23.59623146057129	19.25983238220215	10	euro
17.66411590576172	-8.953892707824707	3	scent
-2.1413826942443848	12.370675086975098	4	stealing
-31.8900146484375	-11.043814659118652	4	Aurora
-33.52061462402344	-0.8573223352432251	7	Instructions
-5.353979587554932	-28.156784057617188	5	greens
8.032085418701172	-1.2460336685180664	10	complement
-3.8137121200561523	-36.822566986083984	5	consumed
0.7422413229942322	0.7670363187789917	3	salon
-8.79248046875	-7.405726432800293	10	customize
-12.38011646270752	23.390771865844727	4	Leslie
2.737091064453125	13.395374298095703	4	escort
3.9952151775360107	0.38189369440078735	10	reproduction
-6.030855178833008	29.713951110839844	4	Shannon
-33.5179328918457	-17.263057708740234	9	Isle
-6.011765480041504	26.01055145263672	4	Cindy
31.8997745513916	11.958003997802734	0	sexually
-0.9496051073074341	-38.36811447143555	5	Cookies
9.918347358703613	20.160934448242188	4	Caroline
-1.3218753337860107	25.94255256652832	4	Patricia
16.895177841186523	-8.812207221984863	3	handmade
19.627283096313477	-12.663869857788086	3	roses
-0.032484736293554306	4.141892433166504	10	commenting
27.151689529418945	5.770324230194092	2	panties
13.307670593261719	-15.399369239807129	3	gem
2.040524482727051	23.552810668945312	4	Blogger
-20.63960075378418	1.4806606769561768	8	readings
26.67511558532715	7.370492458343506	1	bust
21.248016357421875	3.1485090255737305	2	bridal
15.584283828735352	-16.37227439880371	3	fairy
1.5784224271774292	-2.2749884128570557	2	skinny
1.6670981645584106	-13.754593849182129	6	Inventory
-15.954329490661621	8.437358856201172	10	inclusive
-5.95255184173584	-30.739736557006836	5	bake
9.395059585571289	-14.57085132598877	3	candles
-4.988832473754883	-23.44172477722168	5	insulin
2.3510875701904297	17.38532257080078	4	Belle
-33.708560943603516	-13.162023544311523	9	picnic
-16.443103790283203	-29.08595085144043	5	vegetarian
-7.721443176269531	27.757112503051758	4	Erin
3.130791187286377	3.0402579307556152	10	demanded
18.486536026000977	17.300403594970703	4	Daughter
-10.544994354248047	24.980125427246094	4	Louise
-8.094599723815918	-35.30839538574219	5	appetite
-16.886518478393555	15.523185729980469	5	hormone
25.34259605407715	6.762474060058594	2	chicks
19.3646183013916	-0.44228386878967285	2	handbags
20.762643814086914	-17.063493728637695	3	Gorgeous
16.776477813720703	-12.27592658996582	3	glow
-20.96113395690918	22.160573959350586	4	Garcia
-1.1912906169891357	-31.81364631652832	5	pumpkin
-18.911911010742188	10.400856018066406	10	succeeded
-29.551904678344727	-21.21346092224121	9	Coral
-3.584294080734253	-27.858230590820312	5	shrimp
1.4324259757995605	-10.048727035522461	6	polyester
-19.45526885986328	-9.487710952758789	6	pixel
-33.297977447509766	-15.028421401977539	9	Brighton
16.70381736755371	-13.311698913574219	3	Butterfly
40.0465087890625	6.020015239715576	1	Pregnancy
24.053030014038086	-13.479851722717285	3	Floral
0.5623599886894226	12.260380744934082	6	slept
-0.1153574138879776	27.59801483154297	4	Molly
-16.58843231201172	12.116086959838867	10	cheer
42.95237350463867	9.523933410644531	1	Mommy
-1.6952253580093384	19.529613494873047	4	Penny
-10.924756050109863	23.4152774810791	4	Carrie
-2.471323013305664	-28.586143493652344	5	seafood
-10.43394947052002	20.980247497558594	4	Willow
-5.7750468254089355	-33.665164947509766	5	syrup
12.589473724365234	16.897306442260742	4	Tina
-1.5495156049728394	-12.622142791748047	6	Prints
23.95356559753418	-2.495213270187378	2	wardrobe
-14.207436561584473	21.562305450439453	4	misses
-15.74379825592041	-32.41428756713867	5	dietary
-3.5910468101501465	28.274181365966797	4	Paula
4.951871871948242	15.106266021728516	6	pearl
-29.998315811157227	-15.259645462036133	9	passport
-2.1464364528656006	19.4903564453125	4	penny
-19.50973129272461	22.50765609741211	4	Katrina
21.922958374023438	-11.401615142822266	3	fragrance
21.439889907836914	3.816012382507324	2	Bride
-7.118176460266113	24.982877731323242	4	Natalie
11.974686622619629	-8.495043754577637	6	Ceramic
-16.91719627380371	-9.129915237426758	6	stickers
-16.625408172607422	2.603808641433716	8	scanner
5.842688083648682	5.0469207763671875	4	therapist
-13.39103889465332	-10.33326244354248	6	acrylic
29.833322525024414	10.104931831359863	0	tit
25.241193771362305	4.761379718780518	2	hips
3.343477249145508	-5.2874627113342285	3	wellness
-10.791261672973633	-38.654083251953125	5	Ingredients
19.054691314697266	3.006491184234619	2	chic
5.835854530334473	21.769935607910156	4	Eva
8.455471992492676	25.726634979248047	4	Madonna
-11.100598335266113	-28.289344787597656	5	ounces
-17.62701416015625	18.997699737548828	4	Nazi
28.054054260253906	-4.594537258148193	2	Makeup
-17.937896728515625	-11.134903907775879	6	polymer
-12.280959129333496	27.381168365478516	4	Debbie
9.185417175292969	-5.869357109069824	6	coloring
-9.299210548400879	-0.27152711153030396	10	Specs
-28.804494857788086	3.510504961013794	7	textbooks
-16.131990432739258	-27.371206283569336	5	metabolism
-24.58415985107422	21.261505126953125	6	playlist
-2.3844082355499268	-30.581268310546875	5	ginger
36.120452880859375	0.2645587623119354	4	Sisters
-26.33524513244629	6.740032196044922	10	calculation
-24.05025863647461	18.19828224182129	8	UPC
20.906158447265625	-13.308290481567383	3	jewellery
4.332614898681641	25.211889266967773	4	Clare
22.33342742919922	-10.67229175567627	3	aesthetic
3.78997802734375	19.65833282470703	4	Rosa
-14.130839347839355	-29.216354370117188	5	glucose
-32.10268020629883	0.059613656252622604	7	Basics
-17.4527587890625	-28.040489196777344	5	vegan
6.54955530166626	23.85407257080078	4	Joyce
7.360824108123779	22.83207130432129	4	Maggie
-4.493615627288818	20.478984832763672	4	activist
-13.055700302124023	-5.041264057159424	10	LOS
4.271728038787842	-4.4843034744262695	4	Sage
-4.278552532196045	-33.073177337646484	5	creamy
-18.30276107788086	1.8104385137557983	8	detector
25.645362854003906	12.99177074432373	0	hentai
-2.015138864517212	23.944917678833008	4	Allison
-8.988755226135254	1.908371925354004	7	Sessions
16.302520751953125	-15.885114669799805	3	Fairy
-21.818262100219727	1.6347978115081787	8	clinics
-18.454242706298828	24.807283401489258	4	Abbey
11.447652816772461	-13.477170944213867	2	boutique
-16.11604118347168	-10.929945945739746	6	liner
7.5095343589782715	21.606306076049805	4	Jen
-11.746624946594238	16.141990661621094	0	shemale
-26.815105438232422	7.136083126068115	10	calculations
23.517234802246094	-1.645686388015747	2	curves
-17.348888397216797	-25.416784286499023	5	allergic
-12.15951919555664	23.842971801757812	4	Kristen
10.852677345275879	12.83570671081543	4	Spears
19.535198211669922	-1.8615386486053467	2	Boutique
13.403363227844238	19.136131286621094	4	Marilyn
-8.900408744812012	19.1627254486084	4	Rouge
0.3775061368942261	-34.78862380981445	5	cinnamon
37.734596252441406	3.3316338062286377	2	womens
-15.087793350219727	-8.312979698181152	6	sticker
16.896541595458984	-13.135757446289062	3	butterfly
-31.489625930786133	-0.935101330280304	7	Essentials
-32.906490325927734	-11.885659217834473	9	Sussex
14.197239875793457	-15.705124855041504	3	Beads
-9.879368782043457	-11.002280235290527	3	Sacred
15.524738311767578	13.299814224243164	4	Venus
-12.932714462280273	14.909058570861816	0	cunt
9.260663986206055	17.600919723510742	4	Clara
32.287193298339844	-5.176738262176514	2	outfits
33.064308166503906	-1.1315768957138062	10	Tumblr
-3.618563652038574	-5.809042453765869	10	indigenous
-5.673267364501953	-31.155038833618164	5	Bake
-4.123039722442627	-24.575706481933594	5	allergies
-33.063316345214844	-21.021326065063477	9	Coastal
5.424356460571289	-15.624274253845215	10	environmentally
-2.999972105026245	24.160579681396484	4	Katherine
-21.575031280517578	21.013290405273438	4	Alexandria
-22.249305725097656	8.991812705993652	10	vista
-8.67344856262207	-33.771610260009766	5	yogurt
-13.506786346435547	-33.16424560546875	5	diets
7.2931437492370605	13.572737693786621	4	Savannah
35.30097198486328	-4.099699020385742	2	feminine
0.35338106751441956	-37.94896697998047	5	Cookie
-17.509658813476562	11.915091514587402	10	chorus
-9.264567375183105	23.3610782623291	4	Katy
43.74018478393555	8.870067596435547	1	Moms
0.17313066124916077	-8.015535354614258	6	themed
17.79257583618164	23.139699935913086	4	Ana
26.127477645874023	3.1343538761138916	2	dolls
9.403077125549316	16.299959182739258	4	Daisy
17.758604049682617	6.43175745010376	2	Rihanna
33.32059860229492	8.355506896972656	1	Busty
26.817642211914062	10.148917198181152	0	licking
-16.38510513305664	23.66352653503418	4	Courtney
-25.68588638305664	8.36329460144043	10	literacy
-11.236006736755371	-2.9714443683624268	10	expectation
1.3048794269561768	-11.072443962097168	6	linen
5.0451459884643555	22.41432762145996	4	Shirley
-8.34830093383789	-36.20230484008789	5	eats
-19.461212158203125	-13.614112854003906	6	oxide
3.272536277770996	-12.137954711914062	6	curtain
-31.24192237854004	4.705696105957031	7	Principles
-9.830204010009766	27.506431579589844	4	Deborah
-18.466434478759766	-27.761066436767578	5	poison
8.239106178283691	-4.740814208984375	6	lyric
11.352581977844238	-16.933263778686523	3	crystals
1.8896862268447876	21.691776275634766	4	Brooke
18.569395065307617	4.032083511352539	2	dancer
-9.555272102355957	24.345359802246094	4	Nina
-11.064921379089355	18.45697593688965	2	Gaga
-23.713237762451172	17.92142105102539	8	PCI
13.985286712646484	-12.92564582824707	3	perfume
20.882949829101562	5.383303165435791	2	Barbie
-29.184133529663086	17.569774627685547	10	synthesis
13.636096000671387	-18.664794921875	3	lush
9.957921981811523	-8.125690460205078	6	Pillow
-33.824806213378906	-11.575008392333984	9	ferry
-5.7010416984558105	15.479674339294434	3	satin
-3.6893889904022217	-12.470903396606445	6	Sheets
28.227113723754883	14.222639083862305	1	busty
30.60736656188965	9.98198127746582	0	nipples
-16.614961624145508	18.097715377807617	4	zombie
-19.339693069458008	2.258359670639038	8	recorder
39.67251968383789	13.07263469696045	1	aunt
-16.831161499023438	15.478104591369629	10	hormones
17.749841690063477	18.178428649902344	4	Olivia
-13.670404434204102	26.586158752441406	4	Dorothy
-8.164810180664062	25.06769561767578	4	Vanessa
14.998995780944824	13.052308082580566	4	Ivy
-13.420859336853027	15.003744125366211	0	whore
-18.694028854370117	13.439099311828613	10	NHS
-6.617225646972656	-36.147159576416016	5	tasted
-4.07256555557251	-24.626100540161133	5	allergy
20.71795654296875	9.615384101867676	0	lick
-21.37509536743164	22.858739852905273	4	Tara
-6.660303592681885	15.946473121643066	2	Ballet
10.392621040344238	23.911832809448242	4	Samantha
-21.83298683166504	16.969972610473633	10	parliament
-6.167578220367432	-7.270709037780762	4	prep
31.02499008178711	2.310340642929077	2	Actress
-1.8417192697525024	-15.65552043914795	6	shells
-21.234628677368164	6.946094989776611	10	Embassy
-11.372747421264648	-12.456424713134766	3	spells
25.9124813079834	3.1302433013916016	2	stockings
-24.143659591674805	15.21785831451416	10	ERA
-9.147042274475098	-6.768657207489014	10	evenly
-5.064629554748535	24.445606231689453	4	Cheryl
-27.559192657470703	7.270140647888184	7	algorithms
-26.938209533691406	16.048593521118164	10	statutory
-3.691615104675293	-9.498076438903809	6	miniature
-16.56458854675293	-10.463788032531738	6	Roller
-8.194557189941406	15.92553424835205	2	ugg
9.40588665008545	-6.787979602813721	6	coloured
-16.295204162597656	-3.4410347938537598	8	photostream
13.72696590423584	-11.764105796813965	2	Vanity
-20.817153930664062	9.02206039428711	10	destiny
11.264505386352539	25.55848503112793	4	Kathleen
12.814966201782227	24.752473831176758	4	Pam
-9.519984245300293	22.538314819335938	4	Buffy
0.49551793932914734	-33.91010665893555	5	Ginger
-0.5263364315032959	-6.555822849273682	3	Emerald
-28.124248504638672	16.387901306152344	10	ideally
-13.312365531921387	16.091028213500977	0	bisexual
-16.15548324584961	2.199596881866455	8	scans
-1.1803994178771973	15.92077350616455	4	Witch
-7.586761474609375	-34.006858825683594	5	veggies
-23.63795280456543	9.969325065612793	10	Holocaust
28.16579246520996	11.198898315429688	0	lesbians
-8.10312557220459	-2.595663070678711	10	spec
-29.607542037963867	17.48391342163086	5	deficiency
-13.865715980529785	17.33053970336914	0	violated
-1.3525264263153076	22.40622329711914	4	Nikki
17.08597755432129	22.657888412475586	4	Angie
-12.199695587158203	17.815568923950195	0	trans
-8.242527961730957	20.711101531982422	4	witch
-8.53658676147461	22.202863693237305	4	gal
-29.550060272216797	-21.066944122314453	9	coral
40.75740051269531	8.967007637023926	1	Grandma
-0.44285231828689575	22.022565841674805	4	Sophie
12.942185401916504	21.203201293945312	4	Denise
18.545114517211914	-0.47593954205513	6	Tote
11.037262916564941	-0.8385193943977356	10	equals
-16.885700225830078	-0.9727652668952942	8	canon
32.43678283691406	8.794632911682129	0	boob
12.37822151184082	-3.1597111225128174	6	locker
-18.927387237548828	0.8350136876106262	8	Audit
26.587181091308594	2.6597204208374023	2	Dolls
-15.173027992248535	18.825233459472656	10	Communist
1.4228935241699219	11.358044624328613	6	subway
-7.450250148773193	-32.82606506347656	5	Herbal
-13.856781005859375	-27.92776870727539	5	USDA
-6.667082786560059	25.219154357910156	4	Carmen
-1.669044017791748	28.874893188476562	4	Teresa
11.625226974487305	-14.55404281616211	3	classy
-10.141670227050781	20.474781036376953	4	Jade
-6.598252773284912	28.282054901123047	4	Alison
-17.047107696533203	24.404096603393555	4	Frances
-10.106863975524902	18.73965835571289	2	Getty
-1.3200957775115967	3.6502017974853516	10	subjective
13.528508186340332	-6.822023391723633	6	embroidery
-11.455633163452148	15.363383293151855	0	sluts
-9.971287727355957	-29.206626892089844	5	tablespoons
8.584486961364746	-8.470932006835938	6	skins
-0.09541787952184677	-32.739742279052734	5	Strawberry
17.406944274902344	16.054235458374023	4	HER
3.2804079055786133	-8.532859802246094	6	dye
14.705602645874023	19.39259910583496	4	Gloria
5.53958797454834	20.06574821472168	4	Oprah
40.5654182434082	10.790650367736816	1	Aunt
29.32775115966797	-6.993199348449707	3	Cosmetic
-2.3458445072174072	24.21311378479004	4	Carolyn
3.5389349460601807	-38.66287612915039	5	aroma
13.612979888916016	-16.030019760131836	3	bead
-17.0921688079834	18.384014129638672	6	rash
14.110368728637695	-14.710113525390625	3	gems
3.0098958015441895	19.054893493652344	4	Laurel
1.255196452140808	17.353031158447266	2	Chanel
-16.84000587463379	-2.9364194869995117	8	patrol
22.899158477783203	7.337797164916992	2	Bikini
-6.8188090324401855	16.585002899169922	2	Gucci
-13.670196533203125	3.704608678817749	8	Scan
10.241220474243164	14.289002418518066	4	eve
-26.985877990722656	15.048651695251465	10	ideology
42.01001739501953	10.419514656066895	1	mama
10.047585487365723	18.989219665527344	4	Heidi
24.36578941345215	10.360153198242188	2	bbw
1.9963831901550293	11.080448150634766	4	volleyball
26.817150115966797	12.01435661315918	0	vagina
-1.8960425853729248	25.20534896850586	4	Alicia
3.106851100921631	-11.992940902709961	6	curtains
18.21565055847168	-3.2089226245880127	2	scarf
30.541093826293945	2.6522364616394043	2	Brunette
-3.608393430709839	-6.00406551361084	10	Eco
5.0099687576293945	12.108019828796387	4	bells
-7.000115394592285	16.03032684326172	2	ballet
23.572046279907227	10.668403625488281	2	Babes
-4.876447677612305	26.2332820892334	4	Michele
5.322512626647949	-10.611037254333496	6	pillows
25.492752075195312	10.910346984863281	0	interracial
37.865257263183594	8.82026481628418	1	MILF
23.848459243774414	-11.756619453430176	3	sparkling
-4.787161350250244	-34.36561584472656	5	cereal
-8.003483772277832	21.427488327026367	4	Angelina
4.0389485359191895	22.139150619506836	4	Rita
-23.29405975341797	16.546045303344727	10	commentLoad
20.888046264648438	0.2648453414440155	2	Skirt
-18.385547637939453	-11.922293663024902	6	peel
41.31654357910156	0.5397201776504517	1	WOMEN
-13.66435718536377	3.6741108894348145	8	scanned
3.9671084880828857	21.46485710144043	4	Lori
24.137733459472656	8.873863220214844	2	booty
-22.488628387451172	9.717784881591797	10	accessibility
-27.987403869628906	18.775901794433594	8	SSL
10.85336685180664	20.88860511779785	4	Laurie
-28.886375427246094	2.536616802215576	7	textbook
-15.23449993133545	23.738418579101562	4	Shelby
-8.256925582885742	-31.498918533325195	5	Vanilla
-4.337255477905273	25.066377639770508	4	Cathy
39.00706481933594	-0.1414114534854889	4	SHE
-1.0656532049179077	-31.46527671813965	5	Pumpkin
0.7327297329902649	27.73971939086914	4	Pamela
-17.853445053100586	23.5385799407959	4	Vera
36.05378341674805	1.7893033027648926	4	shes
-6.793800354003906	-24.99798583984375	6	serum
3.533827304840088	-8.793953895568848	6	silicone
15.75499439239502	8.27664566040039	2	brides
-33.65871047973633	-13.561395645141602	9	honeymoon