x	y	cluster	word
35.94624328613281	7.258164405822754	9	african
18.81903076171875	25.413644790649414	6	jamaican
30.02794647216797	-2.762268543243408	9	nigerian
27.972978591918945	-1.8371108770370483	9	ethiopian
22.487842559814453	20.77484130859375	6	haitian
30.922101974487305	-5.738935470581055	9	kenyan
21.565921783447266	-13.510202407836914	8	african-american
27.923614501953125	0.023096607998013496	9	congolese
15.21385383605957	-9.179544448852539	8	Obama
36.15236282348633	8.149975776672363	9	Africa
6.590487957000732	-7.435798168182373	2	Jackson
36.65016555786133	7.624706745147705	9	African
-9.90253734588623	-10.813077926635742	2	Columbia
-1.1734588146209717	30.56825828552246	0	Orleans
0.10988226532936096	29.238306045532227	0	Louisiana
-6.83203125	21.81381607055664	2	Jazz
-19.889196395874023	-14.652385711669922	1	winners
12.823692321777344	-8.462456703186035	2	Barack
-0.6412929892539978	18.27794075012207	7	Hamilton
0.7887590527534485	7.237462043762207	3	Nelson
20.884716033935547	25.8023624420166	6	Caribbean
36.142417907714844	-11.408103942871094	5	Nebraska
0.586828887462616	31.10200309753418	0	Montreal
-28.79478645324707	-10.22775936126709	3	notion
0.15007629990577698	13.738943099975586	7	Milwaukee
15.733028411865234	-15.552873611450195	8	slave
13.186254501342773	-31.499454498291016	4	Lion
12.800865173339844	-31.047990798950195	4	Lions
-21.33812713623047	9.513802528381348	7	Hampton
32.10675048828125	-5.414334774017334	9	Kenya
-3.478888511657715	11.027265548706055	7	Kingston
20.21217155456543	-11.993926048278809	8	ebony
21.90471076965332	21.757871627807617	6	Haiti
-24.965835571289062	-15.621780395507812	1	transfers
22.387706756591797	-3.122239112854004	9	Ubuntu
17.317562103271484	-30.266193389892578	4	Safari
30.16556167602539	-2.564769744873047	9	Nigeria
-5.073946952819824	11.523509979248047	7	Norfolk
-2.5840184688568115	-3.871434211730957	10	masses
-3.8378024101257324	-4.011991024017334	10	migration
-19.462875366210938	4.862611293792725	3	Henderson
9.591286659240723	-5.93900728225708	2	Blackberry
16.24460220336914	-16.215190887451172	8	slaves
0.9637819528579712	-14.44188404083252	1	Winners
19.372844696044922	24.930017471313477	6	Jamaica
1.882368564605713	2.5351686477661133	1	Rugby
11.917478561401367	-32.0216064453125	4	lion
-0.12883532047271729	25.725322723388672	2	Andre
16.435516357421875	-15.906210899353027	8	slavery
17.43695068359375	-13.59997844696045	8	blacks
19.828744888305664	2.5040886402130127	10	Libya
-0.5806983113288879	10.13113021850586	5	Omaha
-4.427882671356201	-2.4269134998321533	10	Romania
9.687533378601074	-30.476795196533203	4	Panthers
-7.382457256317139	-18.855857849121094	8	Ferguson
21.222665786743164	-12.719182014465332	8	Ebony
42.66924285888672	-10.668542861938477	5	Zimbabwe
9.98596477508545	-7.429457664489746	2	Oprah
1.859894037246704	2.474565029144287	1	rugby
-1.2513734102249146	-16.033294677734375	1	Cain
-3.8035123348236084	26.59534454345703	0	Belgian
27.244064331054688	-6.096811771392822	9	Uganda
9.20535945892334	-6.192987442016602	2	blackberry
33.827392578125	1.7892687320709229	9	Ghana
28.316965103149414	9.648310661315918	10	Morocco
15.16733455657959	-9.28866958618164	8	obama
6.686955451965332	-5.027778625488281	2	Beyonce
-2.741382122039795	16.885608673095703	7	Niagara
19.67327308654785	20.67261505126953	6	Dominican
-21.264780044555664	29.90628433227539	0	Jacques
32.014522552490234	1.825295329093933	9	Ethiopia
-11.097372055053711	29.281862258911133	0	Maurice
-23.171127319335938	-17.162763595581055	1	traps
24.73417091369629	-6.297798156738281	9	Congo
21.311376571655273	3.485994338989258	10	Nile
24.34218978881836	1.7955191135406494	9	Guinea
-1.1583172082901	14.563819885253906	7	Manitoba
-20.693069458007812	-13.46484375	1	fabrication
-5.290444850921631	16.333078384399414	7	Waterloo
2.0740976333618164	-15.362311363220215	1	weave
16.85688591003418	-31.180191040039062	4	safari
15.17350959777832	-7.121290683746338	2	Harlem
9.50877857208252	-30.349529266357422	4	Wildcats
30.042213439941406	-7.411969184875488	9	Tanzania
27.781949996948242	-3.860827922821045	9	Somalia
-5.708198547363281	32.88797378540039	10	Monaco
18.925884246826172	22.50949478149414	6	Bahamas
17.6772518157959	-15.267746925354004	8	Slave
-6.480801105499268	2.6065597534179688	3	Clemson
-8.76540470123291	6.438940525054932	3	Livingston
-22.864383697509766	-15.636959075927734	1	lesions
-14.544276237487793	-0.8262168765068054	3	Toni
15.68243408203125	-31.216848373413086	4	Zebra
19.22723388671875	22.059480667114258	6	Bermuda
12.611577033996582	-31.521648406982422	4	lions
18.97102928161621	-13.580001831054688	8	Blacks
-5.233007431030273	-4.505601406097412	10	Exodus
35.74867248535156	7.836883068084717	9	africa
40.90196228027344	-8.842144966125488	5	Johannesburg
-15.00563907623291	1.5925029516220093	3	Fannie
33.533599853515625	2.9942715167999268	9	Nigerian
-11.858328819274902	0.08895374089479446	2	Nets
21.384592056274414	4.174233436584473	10	malaria
17.371809005737305	19.167646408081055	6	Nassau
-17.773269653320312	9.79475212097168	7	Northampton
-11.631407737731934	2.374940872192383	3	Osborne
-18.379173278808594	25.986040115356445	0	une
-21.885679244995117	28.693279266357422	0	Georges
-6.235982894897461	-22.979536056518555	8	ghetto
26.42291259765625	9.840337753295898	10	Tunisia
35.67744445800781	6.968133449554443	9	Africans
20.75546646118164	-13.670994758605957	8	Negro
30.37415885925293	3.189767837524414	9	Rwanda
-4.532029628753662	13.8613862991333	7	Amherst
-20.441556930541992	1.0131192207336426	3	Malone
-26.535621643066406	-17.50762176513672	1	giveaways
-12.83612060546875	-3.6529204845428467	7	Freeport
28.270973205566406	4.3862128257751465	9	Mali
17.62886619567871	21.945720672607422	6	Barbados
20.414594650268555	18.462995529174805	6	Voodoo
18.379005432128906	19.22551155090332	6	Cayman
-16.896705627441406	-16.786813735961914	2	Booker
24.898651123046875	6.672896862030029	10	Sahara
24.084121704101562	7.489364147186279	10	Algeria
32.29241943359375	1.864871859550476	9	Ethiopian
23.54402732849121	10.337737083435059	10	Madagascar
-14.83264446258545	7.306184768676758	3	Emmanuel
19.193397521972656	2.503153085708618	10	Egyptians
-2.988266944885254	28.887012481689453	0	Henri
15.135092735290527	20.930604934692383	6	reggae
31.529287338256836	-6.029759407043457	9	Nairobi
12.38830280303955	-11.511445999145508	8	Guantanamo
27.702985763549805	9.477197647094727	10	Moroccan
-10.59221363067627	19.825868606567383	2	Favre
22.789358139038086	-2.552635669708252	9	ubuntu
41.58499526977539	-12.225754737854004	5	Zambia
19.146678924560547	25.8983154296875	6	Jamaican
-8.280454635620117	26.455333709716797	0	Olivier
-18.163671493530273	-2.26440691947937	2	Blackwell
-14.478652000427246	6.669020175933838	3	Emanuel
15.940150260925293	21.515214920043945	6	Reggae
22.141695022583008	22.758485794067383	6	Haitian
20.57288360595703	2.4850776195526123	10	Libyan
9.353033065795898	-7.185637474060059	2	Onyx
36.56127166748047	-16.475656509399414	5	Durban
15.779592514038086	-11.546079635620117	8	Ghetto
30.438907623291016	1.9535038471221924	9	Angola
14.845755577087402	2.9586639404296875	10	Samba
-15.159741401672363	27.462873458862305	0	Antoine
1.5721664428710938	14.021483421325684	7	wisconsin
-0.9362102150917053	28.04021644592285	0	Cajun
28.202468872070312	-3.109057664871216	9	Somali
-27.065324783325195	-0.02281245030462742	7	Galloway
25.13074493408203	-2.596266984939575	9	Darfur
15.629344940185547	-9.423035621643066	8	OBAMA
41.69821548461914	-12.721986770629883	5	Namibia
0.01198575273156166	-14.171906471252441	1	Carver
42.355342864990234	-12.829401016235352	5	Malawi
-11.25005054473877	20.677019119262695	0	Monique
22.510780334472656	18.594280242919922	6	Mauritius
-21.694921493530273	29.615991592407227	0	Francois
7.466756343841553	-31.612825393676758	4	Bobcats
-23.37084197998047	-15.561078071594238	1	sores
22.350187301635742	-2.0877280235290527	9	Lagos
41.85606002807617	-9.314870834350586	5	Botswana
43.209774017333984	-12.976862907409668	5	Mozambique
0.18435196578502655	28.232534408569336	0	Bayou
-8.191878318786621	34.475250244140625	0	Français
5.705073356628418	-7.154789447784424	2	JACKSON
14.526803016662598	-31.90015983581543	4	zebra
24.560211181640625	1.4636023044586182	9	guinea
-1.4132074117660522	-12.684428215026855	1	Raptors
31.241878509521484	-5.442842483520508	9	Kenyan
-9.285828590393066	7.421657085418701	3	Tyrone
29.443872451782227	-1.883366584777832	9	Liberia
28.846715927124023	2.503910779953003	9	Cameroon
16.545841217041016	-15.279248237609863	8	Slavery
-21.823217391967773	-16.61727523803711	1	snare
6.2568559646606445	-16.69230842590332	1	Canaan
12.274872779846191	-6.2897233963012695	2	Benghazi
-24.811813354492188	-14.454794883728027	1	breaches
32.337642669677734	7.0370330810546875	9	Senegal
-2.3918240070343018	13.697937965393066	7	Watertown
-20.492393493652344	2.7040929794311523	3	Fenton
3.9585518836975098	-8.568497657775879	2	Winfrey
29.488483428955078	3.082508087158203	9	Niger
4.195230960845947	-15.544795036315918	1	braided
33.91047668457031	-13.181275367736816	5	Mandela
-8.62597370147705	-8.118319511413574	2	saxophone
12.441595077514648	-29.564512252807617	4	feline
-11.36817455291748	3.1343185901641846	3	Heisman
-16.253488540649414	17.401979446411133	0	McGill
36.53079605102539	-17.26166534423828	5	Mugabe
-13.02086353302002	-16.480546951293945	2	Motown
14.735727310180664	-11.500384330749512	8	NAACP
-10.71240234375	20.83526611328125	0	Fayette
-24.747745513916016	25.180042266845703	2	Landry
-21.998048782348633	23.041519165039062	10	Casablanca
-10.451872825622559	-8.557543754577637	2	sculptor
-16.398502349853516	15.343271255493164	7	Portage
6.393570423126221	-15.254522323608398	1	Hannibal
-19.00156021118164	1.0819377899169922	3	Henson
18.201011657714844	-15.17920970916748	8	Slaves
-32.802555084228516	-13.569574356079102	2	manifesto
-4.9633402824401855	20.189931869506836	7	Melville
-2.630469799041748	-6.997340679168701	10	Gaddafi
38.24549865722656	-12.011747360229492	5	Pretoria
8.225139617919922	-9.521345138549805	8	lincoln
-20.49728012084961	-15.236971855163574	1	takers
-18.74317741394043	-5.960573196411133	2	Dunbar
19.734783172607422	4.278376579284668	10	Coptic
20.4624080657959	26.008390426635742	6	caribbean
-20.606761932373047	-11.571037292480469	1	Cantor
-15.560515403747559	-17.750350952148438	2	Foxx
23.16748046875	23.38039207458496	6	Creole
-5.066425800323486	-10.650485038757324	1	Cato
-13.118366241455078	-17.013233184814453	2	Hackney
1.930338740348816	-15.59533405303955	1	weaves
4.515749931335449	-16.473379135131836	1	Weave
5.243782997131348	-6.637073516845703	2	Jermaine
11.356490135192871	-28.05556869506836	4	Wolverines
26.999799728393555	-3.282514810562134	9	Sudanese
-20.013900756835938	9.637306213378906	7	Weymouth
-10.211702346801758	-14.781757354736328	2	Akon
-6.209647178649902	29.818899154663086	0	Breton
6.349686622619629	-7.533985137939453	2	Cosby
-21.74625015258789	4.227219581604004	3	Ennis
-3.2899513244628906	-3.0946319103240967	10	Tripoli
6.831913471221924	-4.98635196685791	2	Beyoncé
-11.949289321899414	3.83152174949646	3	Hebron
4.981439113616943	-16.115825653076172	1	Braided
-9.827731132507324	25.843564987182617	0	faire
-12.485262870788574	14.320225715637207	7	Carleton
23.419715881347656	5.190140247344971	10	Malaria
38.168861389160156	-14.176384925842285	5	Zuma
-3.6904547214508057	12.908637046813965	7	Kitchener
-0.32795006036758423	30.78703498840332	0	Montréal
15.209482192993164	-16.54520034790039	8	enslaved
-13.339365005493164	26.327970504760742	0	Gilles
25.64619255065918	8.615340232849121	10	Marrakech
16.696256637573242	18.67759132385254	6	Grenada
-12.551494598388672	6.123183250427246	2	Lamont
-31.48923110961914	-12.03811264038086	1	treatise
-2.2695889472961426	30.1997127532959	0	orleans
-9.473751068115234	4.165241718292236	3	Woodson
-15.780179023742676	-18.213308334350586	2	Barak
-22.909618377685547	30.616317749023438	0	François
-15.197257041931152	-25.486146926879883	8	nigger
17.992572784423828	7.94883394241333	10	Carthage
-12.674246788024902	2.7309608459472656	3	tonne
-19.778255462646484	-7.935698509216309	2	namesake
-14.282424926757812	13.283502578735352	7	Caledonia
-8.030579566955566	-8.08795166015625	2	Saxophone
-8.87136173248291	33.59784698486328	0	Frenchman
36.429935455322266	8.029119491577148	9	AFRICA
20.156513214111328	17.925865173339844	6	voodoo
40.99538803100586	-7.718386650085449	5	Zulu
-27.209857940673828	-14.214973449707031	10	exodus
-23.1301212310791	26.971942901611328	0	gratuit
-0.6667506694793701	15.397476196289062	7	Racine
16.773685455322266	6.86488151550293	10	Massa
-6.477817535400391	22.375431060791016	2	hermes
-13.04285717010498	-11.620892524719238	1	Redeemer
6.223786354064941	-17.269573211669922	1	Caine
-32.00272750854492	-14.339128494262695	2	gimme
-21.98870277404785	0.9586615562438965	3	Felton
31.395828247070312	-0.8323084115982056	9	Gambia
22.72821807861328	-3.5285613536834717	9	DRC
6.279768466949463	-5.05844259262085	2	beyonce
22.058862686157227	1.859671711921692	10	Dakar
-14.634634971618652	26.65945816040039	0	Emile
-27.031253814697266	-10.668208122253418	2	Carmelo
-25.442272186279297	3.700948715209961	3	Creighton
10.445416450500488	-28.25067710876465	4	Coon
18.36624526977539	22.2347412109375	6	Bahama
-3.061548948287964	2.622541904449463	5	Livingstone
24.258047103881836	-4.0419921875	9	Addis
19.430505752563477	12.500786781311035	6	Seychelles
-29.53777503967285	-10.969842910766602	2	geniuses
4.826805114746094	-17.376920700073242	1	canes
-24.50467872619629	-17.41196632385254	4	catwalk
38.43876647949219	-11.395828247070312	5	Gauteng
20.045021057128906	-11.387710571289062	8	Afro
19.374055862426758	-13.584793090820312	8	negro
-10.152843475341797	31.310409545898438	0	Loire
-4.95185661315918	-15.334493637084961	1	thefts
25.11825180053711	-4.620348930358887	9	Eritrea
3.9727752208709717	-15.930953025817871	1	Braid
-9.394365310668945	-17.00875473022461	2	Brixton
26.36007308959961	3.1133334636688232	9	Benin
-17.41301918029785	-0.6723531484603882	3	Childress
14.738306045532227	2.2268118858337402	10	samba
-0.8474469780921936	28.93473243713379	0	Calais
33.19333267211914	-0.8432214856147766	9	Zanzibar
-8.661076545715332	-10.837053298950195	2	Remus
18.26649284362793	12.992696762084961	6	Nevis
-16.913307189941406	-18.591453552246094	2	Kofi
3.504574775695801	-16.817230224609375	1	canoes
-14.403382301330566	15.290573120117188	7	Minot
4.537095069885254	-14.994098663330078	1	braids
11.51027774810791	15.263772964477539	10	Mambo
-13.0473051071167	-3.547543525695801	7	Rockaway
25.283214569091797	7.76629638671875	10	Algerian
-20.487760543823242	31.717931747436523	0	Etienne
-11.253323554992676	28.00545883178711	0	Rousseau
-14.568060874938965	-13.986844062805176	2	Coltrane
1.319512963294983	13.920875549316406	7	Waukesha
26.371082305908203	3.0102243423461914	9	Togo
-20.33352279663086	32.04484176635742	0	Fontaine
18.980682373046875	8.59935188293457	10	Caracas
25.52739906311035	0.1722273826599121	9	Burkina
-9.300622940063477	-20.05681610107422	8	blacksmith
16.17395782470703	21.788738250732422	6	Jah
-28.602487564086914	-5.123816013336182	10	Messina
12.496696472167969	17.449586868286133	6	Calypso
-19.100793838500977	-2.778583288192749	2	Langston
15.30705451965332	7.187970161437988	10	masse
36.82521057128906	-11.18494987487793	5	nebraska
-17.02802085876465	26.715473175048828	0	René
-16.633745193481445	-24.009597778320312	8	Freedman
-14.88739013671875	-24.67823600769043	8	niggaz
-9.973971366882324	-24.92909812927246	8	diaspora
16.181194305419922	5.716227054595947	10	Mtn
29.50554656982422	-8.964483261108398	9	Kilimanjaro
-7.999577045440674	-20.053306579589844	8	Jena
-13.69186019897461	-0.6635271310806274	2	Waterman
16.244007110595703	-32.077232360839844	4	Safaris
-20.777729034423828	-20.017608642578125	1	foraging
-21.565919876098633	-11.209012031555176	1	Cassel
22.964672088623047	0.7762332558631897	9	Faso
-12.960415840148926	31.615596771240234	0	Montpellier
-8.544428825378418	-5.413271427154541	2	NME
-18.11627197265625	23.684234619140625	0	Galerie
-13.545585632324219	29.702037811279297	10	Marius
6.471642971038818	-18.5150203704834	1	Canes
-11.022318840026855	-25.517234802246094	8	colonialism
26.15928077697754	-0.7013046145439148	9	Burundi
2.4484376907348633	-7.6240973472595215	2	Denzel
20.110515594482422	21.431795120239258	6	Dominica
29.703968048095703	-1.2507306337356567	9	Accra
18.74352264404297	21.409833908081055	6	Caicos
0.7065862417221069	26.821983337402344	0	Didier
-9.707499504089355	32.005306243896484	0	Seine
-6.263415336608887	-5.307339668273926	10	Osiris
-24.141582489013672	28.42915916442871	0	Franck
0.36619651317596436	-17.499771118164062	1	captives
-16.981531143188477	-23.762887954711914	8	felon
14.38988208770752	-33.789310455322266	4	safaris
-14.71036434173584	24.016746520996094	0	Brice
28.41932487487793	-5.475803852081299	9	Ugandan
-21.43496322631836	23.558530807495117	0	forma
4.66069221496582	-8.397477149963379	2	onyx
-6.552738666534424	-20.92207908630371	8	Dubois
20.504066467285156	4.083209991455078	10	Musa
26.55805778503418	9.71103286743164	10	Tunisian
11.865612983703613	-30.05856704711914	4	panther
-0.4095037877559662	18.631858825683594	7	hamilton
-13.88465690612793	1.9434833526611328	3	Amon
-22.94855308532715	31.013900756835938	0	nous
4.366941452026367	-3.554636240005493	2	Walcott
-5.616718769073486	4.578475475311279	3	Mandel
-8.822534561157227	29.023069381713867	0	musique
0.9957599639892578	-13.427454948425293	1	Canfield
-15.828927993774414	-7.744789123535156	3	Gilliam
-8.813776969909668	-24.12773895263672	8	emancipation
40.73202133178711	-11.943397521972656	5	Swaziland
-26.516862869262695	0.6557143330574036	7	VCU
-9.934595108032227	22.742473602294922	0	Havre
-5.413463592529297	32.84831619262695	10	Corsica
23.493370056152344	8.57178020477295	10	Tunis
-20.685243606567383	8.006695747375488	7	Hofstra
3.239739179611206	-6.428471565246582	2	Dwyane
-19.487598419189453	20.08664321899414	2	Landau
-11.47710132598877	-17.369531631469727	2	Garvey
6.337545871734619	-1.1500293016433716	2	Sade
-10.094195365905762	5.249166011810303	3	Dionne
10.03834342956543	-12.134805679321289	8	Ishmael
-27.218154907226562	-13.774102210998535	10	Transylvania
13.307894706726074	6.2640252113342285	10	Montego
-19.106874465942383	-4.18662166595459	3	McNair
-18.213533401489258	-11.190403938293457	2	laureate
-15.539794921875	-15.782401084899902	2	Bey
-22.32080078125	10.9163179397583	7	kingston
-2.772881507873535	15.465835571289062	7	Moncton
11.839959144592285	-8.473388671875	2	barack
14.289898872375488	-33.405296325683594	4	Serengeti
29.318130493164062	3.775974750518799	9	Gabon
1.3799844980239868	14.589900970458984	7	Wausau
-13.814485549926758	-22.6556339263916	8	transgressions
-16.141925811767578	0.16275182366371155	3	Hennessy
-20.843801498413086	6.807406902313232	7	McMaster
-16.96992301940918	-16.5396785736084	2	Songz
-21.592348098754883	-19.889461517333984	1	Cannibal
29.978832244873047	-2.5869405269622803	9	Nigerians
13.976027488708496	-9.179774284362793	8	Obamas
-13.447958946228027	-22.52525520324707	8	transgression
0.7962026000022888	15.997980117797852	7	Montpelier
7.892576217651367	-6.589203834533691	2	Ashanti
-21.323945999145508	9.671979904174805	7	hampton
-10.273868560791016	26.752185821533203	0	Bonaparte
21.782333374023438	-4.202217102050781	9	Bongo
25.076784133911133	-4.364883899688721	9	Khartoum
3.47599458694458	3.078127861022949	10	Catania
40.83537292480469	-12.92259693145752	5	Harare
-14.229635238647461	-13.837448120117188	2	Birdman
0.7916337847709656	7.243173599243164	3	nelson
-18.387405395507812	32.407623291015625	0	Nantes
-8.337361335754395	29.025842666625977	0	Musique
-8.641907691955566	-22.62373924255371	8	felonies
-5.192791938781738	-4.107998371124268	10	migrations
-17.318204879760742	-5.707642555236816	7	Berea
-11.78750991821289	2.9495534896850586	3	Heston
-13.088603973388672	-3.4619414806365967	7	Orkney
-4.152637481689453	-13.89078426361084	1	weaver
29.431760787963867	-5.324665546417236	9	Kampala
-7.4005961418151855	9.75391960144043	7	Moline
12.023670196533203	-35.224849700927734	4	gorillas
-18.221561431884766	31.094697952270508	0	Rhone
-18.652982711791992	-0.4221842885017395	3	Joyner
-2.9088659286499023	12.477460861206055	7	Sheboygan
5.464189529418945	-2.929157018661499	2	saxophonist
27.76264762878418	1.4088267087936401	9	Monrovia
-22.639968872070312	-11.766130447387695	1	Biennale
0.5215123891830444	30.058809280395508	0	ORLEANS
1.756696343421936	-18.61130142211914	1	vultures
-26.458322525024414	-0.4292139410972595	7	Blacksburg
-11.140141487121582	-7.307056427001953	2	FileMaker
-7.017904281616211	31.054433822631836	0	Côte
-4.864211559295654	-14.120620727539062	1	canopies
39.706844329833984	-14.204928398132324	5	ZAR
19.364513397216797	25.3019962310791	6	jamaica
-10.545441627502441	-25.148117065429688	8	Fairtrade
40.12430191040039	-12.799186706542969	5	Lesotho
-10.867164611816406	29.523759841918945	0	Metairie
-4.7146100997924805	5.057820796966553	10	MTN
16.532426834106445	19.171945571899414	6	Anguilla
-8.746394157409668	-19.719852447509766	8	Blacksmith
15.932106971740723	-6.5778093338012695	2	Kwame
36.362823486328125	7.294571399688721	9	AFRICAN
21.70018768310547	21.617660522460938	6	Haitians
-22.31981086730957	-9.591854095458984	0	winemaker
25.026201248168945	8.197663307189941	10	Algiers
-8.62414836883545	18.2380313873291	0	Noire
-29.646888732910156	-8.363232612609863	7	Colloquium
-14.314506530761719	-23.07721519470215	8	felons
20.603609085083008	20.44631004333496	6	Tahitian
27.507944107055664	-2.945455551147461	9	Mogadishu
-6.056480884552002	-1.8508038520812988	10	Mena
-19.272422790527344	30.674102783203125	0	Université
-19.214635848999023	29.66447639465332	0	Brasserie
16.050338745117188	-12.39360237121582	8	Blackman
11.263673782348633	-5.3594207763671875	2	Kareem
-7.383542537689209	-24.18988609313965	8	Emancipation
26.870391845703125	7.482806205749512	10	Mauritania
-12.941591262817383	14.6251802444458	7	Rosemont
-4.8247857093811035	-5.0582122802734375	10	couscous
19.174602508544922	-29.553720474243164	9	Masai
-13.667655944824219	28.50321388244629	0	Moreau
22.75017547607422	20.470842361450195	6	Martinique
14.916046142578125	-32.1226921081543	4	Simba
-21.395660400390625	8.523241996765137	7	HAMILTON
-9.501673698425293	21.700668334960938	7	Bayonne
-5.495889663696289	-13.361320495605469	1	WINNERS
-2.671549081802368	-6.945126056671143	10	Gadhafi
15.618867874145508	1.604028582572937	10	Equatorial
-6.197078704833984	23.808258056640625	0	facie
2.0685863494873047	26.330799102783203	0	Marais
30.932170867919922	3.4995551109313965	9	Rwandan
15.490194320678711	20.616973876953125	6	Riddim
-9.598645210266113	25.05998420715332	0	levee
0.8614378571510315	27.343542098999023	0	Groupe
-15.35205364227295	-25.55866050720215	8	niggers
-13.960921287536621	3.7135682106018066	3	Naylor
16.795841217041016	-9.854350090026855	8	afro
19.339862823486328	-1.3643999099731445	3	Nene
31.841997146606445	-5.553615570068359	9	kenya
0.13970237970352173	16.677297592163086	7	Fredericton
42.40604019165039	-10.121752738952637	5	Zimbabwean
-20.46523094177246	-13.095342636108398	1	sculptors
30.032012939453125	-6.136406898498535	9	Swahili
13.947654724121094	4.953540802001953	10	Nome
-16.02935028076172	-22.98667335510254	8	Tuskegee
20.13066864013672	-13.869132995605469	8	Negroes
-23.307527542114258	28.817720413208008	0	Renoir
32.0020637512207	3.605419158935547	9	Congolese
25.008220672607422	0.714428722858429	9	Djibouti
-8.709007263183594	5.064791679382324	3	NELSON
-4.3184428215026855	-7.397546768188477	2	Drogba
-16.05638313293457	-1.766234278678894	3	Toney
-3.529813289642334	-1.771947979927063	10	Malia
13.530290603637695	-31.040637969970703	4	LION
-29.06502914428711	-12.4387845993042	0	Mises
16.3001708984375	22.54315948486328	6	Rasta
-12.390175819396973	-23.948780059814453	8	reparations
25.57253646850586	-5.008677005767822	9	Somaliland
-23.516315460205078	-11.958012580871582	2	Barbican
39.3604621887207	-12.178702354431152	5	Afrikaans
32.40725326538086	-0.8338500261306763	9	Mombasa
-24.111616134643555	0.4380015432834625	3	MacMillan
-13.025200843811035	24.23570442199707	0	Bacchus
-11.620299339294434	5.807247638702393	3	Finlay
-12.915101051330566	1.5611598491668701	3	Haslam
-21.095369338989258	28.729835510253906	0	maison
-13.055397033691406	4.964842796325684	3	Nance
-2.785163640975952	29.45945930480957	0	Houma
-0.15912243723869324	18.83745002746582	7	Slidell
29.262887954711914	-3.3765342235565186	9	nigeria
-13.182188034057617	21.33431053161621	0	Lenoir
26.267641067504883	6.091513156890869	10	Berber
34.402854919433594	2.626549243927002	9	Ghanaian
-11.442383766174316	23.874826431274414	0	Commentaire
-8.317306518554688	-19.350631713867188	8	Zinn
-7.625176429748535	-20.68807029724121	8	DuBois
-20.406307220458984	-10.265214920043945	1	Cantrell
-0.4649641513824463	-17.17963409423828	1	captors
-22.630935668945312	11.059561729431152	7	Kingstown
-4.530357360839844	20.687313079833984	3	Mayes
-11.825315475463867	-11.646742820739746	3	Golding
-7.618692874908447	-25.31938362121582	8	enslave
12.330559730529785	-11.47696304321289	8	Guantánamo
1.6078118085861206	-18.6202392578125	1	vulture
-9.074189186096191	34.02372741699219	0	français
-8.238401412963867	-11.041963577270508	2	Calipari
-2.703890085220337	7.569913387298584	5	Stellenbosch
-22.57343292236328	29.810178756713867	0	Baptiste
-19.962337493896484	27.55247688293457	0	Musée
4.8251800537109375	-7.892507076263428	2	Jacksons
-16.216182708740234	17.617692947387695	7	Minden
-11.213723182678223	4.434458255767822	3	Farris
-12.006101608276367	-15.247339248657227	2	Badu
-15.146470069885254	25.61635398864746	0	Gagne
-30.572845458984375	-9.82364559173584	1	winemakers
-22.358348846435547	27.766685485839844	0	Gregoire
-10.338092803955078	-0.8063233494758606	2	Amare
-25.068693161010742	29.890779495239258	0	Gaul
-3.9676127433776855	-15.327890396118164	1	weavers
12.741433143615723	-5.485509395599365	2	Barrack
-16.69013786315918	22.977846145629883	0	Lagrange
6.3167829513549805	-1.4882181882858276	2	Solange
-16.035221099853516	13.704237937927246	7	LaGrange
-10.070954322814941	25.293657302856445	0	levees
-5.9096174240112305	-6.424270153045654	1	bookmakers
12.567851066589355	-12.073444366455078	8	melanin
-19.177961349487305	4.540643692016602	3	Hairston
-11.938011169433594	21.48862075805664	0	Galliano
8.305936813354492	-3.6928598880767822	2	Wyclef
-3.8561642169952393	29.751676559448242	0	Rennes
-7.905346393585205	26.453968048095703	0	bonne
-10.404576301574707	5.437901973724365	3	Clemons
-6.392422199249268	-21.447412490844727	8	Klux
10.766051292419434	4.224225997924805	10	roma
-32.06935501098633	-10.259367942810059	0	Pasteur
-22.11945343017578	-13.397990226745605	1	cantilever
-17.82253646850586	-6.057016372680664	2	Freeland
17.985828399658203	-30.286317825317383	4	Savanna
-13.950488090515137	-13.594497680664062	2	Basie
-18.886276245117188	9.290273666381836	7	Motherwell
-12.452496528625488	22.54395866394043	0	Gagnon
-32.6087760925293	-10.143656730651855	0	oeuvre
16.887910842895508	17.363216400146484	6	Montserrat
-4.612613677978516	11.489136695861816	7	norfolk
16.381526947021484	20.74466323852539	6	dancehall
-1.9498817920684814	26.302091598510742	0	Abbeville
-4.365253448486328	-11.297480583190918	1	Tonneau
13.387775421142578	18.193445205688477	6	Wailers
-24.40559196472168	29.735822677612305	0	Camus
-21.727630615234375	-1.5342731475830078	3	Blackmon
34.080841064453125	2.4158012866973877	9	Liberian
7.647566318511963	-12.878546714782715	1	Sickle
-19.8906307220459	1.1088154315948486	3	Hilson
-3.8670225143432617	-24.790664672851562	8	dreads
-5.173006534576416	14.394309997558594	7	Gastonia
-22.34524917602539	2.1444337368011475	3	Hynes
-28.31052017211914	-17.29498863220215	2	Kaka
28.785015106201172	-6.390182971954346	9	Kenyans
-27.223432540893555	-15.734042167663574	10	FARC
-26.78079605102539	0.8377869129180908	7	Kinross
32.21236038208008	4.213298797607422	9	Afrika
-12.944072723388672	8.281314849853516	3	Henne
39.273319244384766	-15.629664421081543	5	Kalahari
13.833711624145508	2.117797374725342	2	Usain
-3.941465377807617	-1.2836507558822632	10	Nicosia
-7.370302677154541	-25.714645385742188	8	enslavement
-22.451480865478516	-17.176361083984375	1	snares
17.083995819091797	21.74107551574707	6	Dancehall
-30.2244930267334	-11.999308586120605	2	Bacillus
-12.512227058410645	28.64940643310547	0	raison
-16.368816375732422	0.13264891505241394	3	Hennessey
-21.125015258789062	-6.430819988250732	3	Alphonse
35.742530822753906	-17.806318283081055	5	Mbeki
10.337591171264648	-31.393630981445312	4	Safariland
-28.4407901763916	2.9788362979888916	5	UNM
-2.3257243633270264	-13.496905326843262	1	raptors
-2.6956787109375	-6.982378005981445	10	Qaddafi
-21.760812759399414	4.858587265014648	3	Hendon
-22.565340042114258	-19.263111114501953	1	cannibalism
14.61227035522461	3.0601251125335693	10	Tema
-31.33753204345703	-11.125308990478516	0	mercies
14.235947608947754	-32.37797927856445	4	giraffes
-10.510079383850098	12.603394508361816	1	Caledonian
-20.270204544067383	25.669267654418945	0	fete
-3.2640297412872314	-10.77808952331543	1	Cannondale
12.005699157714844	15.008505821228027	6	Aristide
11.901939392089844	-32.735469818115234	4	leopards
-5.797604084014893	10.506209373474121	7	Strathclyde
-13.815093994140625	20.121503829956055	0	Laurier
-4.874639511108398	14.246007919311523	7	Oneonta
-14.874885559082031	27.35942268371582	0	Fournier
-1.4503567218780518	11.485548973083496	7	MISSOURI
-0.7510510683059692	24.76766014099121	2	andre
-5.409066200256348	29.93891716003418	0	Caen
-11.832844734191895	25.561384201049805	0	Gatineau
3.3686726093292236	-7.188344955444336	2	Erykah
-14.996105194091797	1.9803578853607178	3	Robeson
38.97259521484375	-13.843994140625	5	Limpopo
15.310315132141113	5.637545108795166	3	Manti
-22.25164794921875	10.395044326782227	7	KINGSTON
21.425764083862305	20.144306182861328	6	Guadeloupe
-4.322845935821533	14.601387977600098	7	Flemington
-2.4305226802825928	20.406356811523438	3	Mayne
-10.613901138305664	-4.829245090484619	2	Marsalis
-11.870994567871094	-7.335847854614258	2	MobileMe
17.413785934448242	22.678234100341797	6	Negril
-21.810123443603516	-1.1558032035827637	3	Colson
36.156620025634766	-16.808469772338867	5	Tsvangirai
9.986029624938965	4.880487442016602	10	romania
22.99869155883789	-6.418773651123047	9	Kony
-19.093963623046875	-4.047789096832275	3	Malcom
16.168859481811523	-13.3420991897583	8	Niggas
11.074896812438965	5.647860050201416	10	Rabat
-13.905213356018066	23.894044876098633	0	artistes
29.5532283782959	-9.013994216918945	9	Maasai
13.220294952392578	-5.530589580535889	2	Hakeem
1.8063534498214722	14.195043563842773	7	WISCONSIN
31.773414611816406	0.8961312174797058	9	Ethiopians
17.886558532714844	21.3563232421875	6	bahamas
-18.882999420166016	10.563347816467285	7	Tonawanda
-21.24579429626465	31.386810302734375	0	notre
-16.501663208007812	-5.780147552490234	7	floodplain
-21.74285888671875	-6.76140832901001	2	Mingus
-0.6190906763076782	1.3132404088974	2	Tanzanite
-15.386194229125977	-3.51788330078125	2	Portis
3.0863847732543945	25.398208618164062	0	Mons
-2.165739059448242	12.426783561706543	7	WMU
33.33264923095703	4.488615036010742	9	Nubian
-7.288328647613525	-4.6330108642578125	10	messianic
-15.170685768127441	-13.009232521057129	2	Angelou
-23.16783332824707	-18.74322509765625	1	cannibal
4.831769943237305	-15.56619644165039	1	braiding
35.50791931152344	-16.14105796813965	9	Arusha
30.924724578857422	4.381173610687256	9	Zaire
-4.104614734649658	21.671253204345703	3	Herne
-10.783036231994629	3.9550867080688477	3	Hamer
-7.603286266326904	30.127260208129883	0	cajun
-18.00945281982422	8.481941223144531	7	Gravesend
-17.411348342895508	15.504326820373535	7	portage
3.951632499694824	-19.3377685546875	1	Vultures
-19.3824405670166	-10.62106704711914	2	Cayce
-7.131536483764648	29.506105422973633	0	Toussaint
17.792877197265625	-8.37775707244873	2	Kwanzaa
-0.8955953121185303	-13.777945518493652	1	canvass
-17.277175903320312	32.12010955810547	0	Toulon
16.481338500976562	-8.54983901977539	9	Freetown
12.91762924194336	-32.32135009765625	4	Leopards
-11.27969741821289	-7.785261154174805	2	Laban
18.706254959106445	12.402775764465332	6	Guiana
18.539337158203125	-8.194106101989746	9	Yoruba
8.454671859741211	-6.891756057739258	2	Kweli
26.353635787963867	-2.9601898193359375	9	Eritrean
-27.099462509155273	1.7483676671981812	7	Augustana
-6.177816390991211	31.77585792541504	0	Biarritz
-8.640310287475586	4.401873588562012	3	Deon
-5.359997749328613	-5.071182727813721	10	Thebes
11.248392105102539	-28.927812576293945	4	panthers
-22.59819221496582	-10.39262866973877	1	tonneau
29.679765701293945	1.7609955072402954	9	Kinshasa
-16.712352752685547	2.968963623046875	3	Feeney
-15.987848281860352	-22.60167121887207	8	Farrakhan
-24.401487350463867	25.52406120300293	0	Landrieu
-32.03546905517578	-12.772035598754883	0	Spinoza
25.901092529296875	8.843462944030762	10	Marrakesh
-20.21662712097168	0.40911245346069336	3	Goodson
27.090526580810547	-4.485307693481445	9	Somalis
-2.1565630435943604	-4.287450790405273	1	bookmaker
-10.76370620727539	-17.45450782775879	2	Flatbush
9.98985767364502	-28.672651290893555	4	coon
-11.183710098266602	7.060207843780518	3	Winans
-1.3067013025283813	27.354944229125977	0	bayou
7.7989678382873535	-31.854162216186523	4	wildcat
-23.584043502807617	-12.692845344543457	1	trifecta
-21.778356552124023	30.885501861572266	0	Fabrice
39.26162338256836	-12.738669395446777	5	Knysna
-3.8665266036987305	-13.502148628234863	1	carver
-8.801261901855469	25.318645477294922	0	Liege
-14.969978332519531	2.394392251968384	3	Smithson
-20.781320571899414	-8.40290355682373	1	floodgates
-17.49645233154297	26.81964683532715	0	née
-29.709083557128906	1.5987719297409058	5	Botha
-22.436370849609375	24.540939331054688	0	Toure
28.240602493286133	9.486014366149902	10	morocco
30.086633682250977	-7.082293510437012	9	Tanzanian
-14.302412986755371	-15.308868408203125	2	Outkast
-3.326596736907959	-11.549905776977539	1	Canmore
19.44662857055664	24.342166900634766	6	Bahamian
39.33152389526367	-11.296062469482422	5	Mpumalanga
21.991609573364258	21.304363250732422	6	haiti
-18.02529525756836	26.210508346557617	0	nome
-9.964198112487793	-8.493290901184082	2	Sculptor
-14.648646354675293	-6.524593353271484	3	Esme
1.0608826875686646	30.327320098876953	0	Acadian
11.543405532836914	-4.700798511505127	2	Mamba
-12.210926055908203	28.01202964782715	0	Musee
-14.456795692443848	4.681516647338867	3	Scanlon
-16.335697174072266	-4.037871837615967	2	MacIntyre
-30.720233917236328	-15.18076229095459	2	Dilla
10.338645935058594	4.740410327911377	10	romanian
-27.769264221191406	-13.674123764038086	10	Maus
-21.435596466064453	10.419093132019043	7	Henrico
-11.887081146240234	20.04354476928711	3	Renée
-23.6218318939209	-19.02839469909668	1	kidnappings
-5.167243957519531	-12.698555946350098	1	canvassing
40.20594024658203	-9.850075721740723	5	Soweto
13.163591384887695	17.062252044677734	6	HURRICANE
40.42183303833008	-11.180395126342773	5	SADC
-19.159669876098633	2.616809844970703	3	Nemours
-32.83466339111328	-13.36711597442627	1	treatises
-6.907350063323975	-12.70798397064209	1	Canaries
-20.720340728759766	30.595394134521484	0	Nous
-23.277482986450195	2.316250801086426	3	Heinemann
16.9992733001709	-30.48050880432129	4	savanna
-7.463602066040039	-2.2501726150512695	10	Mansour
3.0306477546691895	-6.89443302154541	2	Shabazz
-8.98276138305664	-23.24044418334961	8	reparation
41.2542610168457	-11.357298851013184	5	Windhoek
15.315030097961426	-31.29304313659668	4	zebras
-21.864004135131836	2.6270015239715576	3	Hellman
-20.339754104614258	-14.220887184143066	1	canker
-14.414841651916504	-9.450239181518555	2	Condé
12.754974365234375	-29.3774356842041	4	felines
24.422849655151367	8.525375366210938	10	Tangier
-14.474416732788086	-24.67116355895996	8	NIGGA
-12.453075408935547	-23.30809211730957	8	abolitionist
37.43974685668945	-16.368288040161133	5	Rhodesia
-29.4990234375	-8.524231910705566	3	neurosurgeon
-17.246706008911133	-1.3438161611557007	3	Weems
20.68246078491211	3.28105092048645	10	nile
41.974609375	-11.073434829711914	5	Zambian
-23.804800033569336	27.699209213256836	0	nombre
-13.999822616577148	6.7159504890441895	3	Fannin
18.06496810913086	-13.936981201171875	8	negroes
41.07675552368164	-10.912489891052246	5	Lusaka
-27.245908737182617	-10.271649360656738	2	Connick
-21.432613372802734	-12.857223510742188	1	fabrications
22.606788635253906	3.5280921459198	10	Timbuktu
-29.460729598999023	-12.84090805053711	0	Luxemburg
-17.76030731201172	10.282326698303223	7	Lanark
-28.528118133544922	-4.828018665313721	10	Heraklion
-5.779582977294922	28.399246215820312	0	Florissant
-3.7176742553710938	26.785564422607422	0	belgian
-9.767115592956543	22.03811264038086	0	Laconia
-32.54734802246094	-9.59312915802002	0	Gainsbourg
-1.942712664604187	10.738975524902344	7	Nuneaton
-9.646735191345215	30.472396850585938	0	Marne
8.623473167419434	-12.643693923950195	1	Ismael
14.21297836303711	18.4510498046875	6	Bridgetown
29.043670654296875	0.5956861972808838	9	Kigali
-3.807142496109009	-24.826852798461914	8	dreadlocks
19.23946762084961	2.1510682106018066	10	Libyans
-3.96815824508667	22.583053588867188	0	Ronde
20.770017623901367	25.16506004333496	6	CARIBBEAN
6.84252405166626	-20.09650421142578	1	Pelicans
-23.088436126708984	-16.880483627319336	1	recaptured
-3.813131809234619	11.929732322692871	7	Kinston
-18.71230697631836	0.25076591968536377	3	Colston
39.41818618774414	-14.845537185668945	5	Zambezi
-24.418781280517578	-0.3768547773361206	3	MacKinnon
36.25017547607422	-15.252220153808594	5	Shona
-8.125012397766113	-23.615095138549805	8	ghettos
-12.437769889831543	-13.808304786682129	2	Obie
-21.10932731628418	1.9401754140853882	3	Emmons
-1.5950700044631958	16.378643035888672	7	niagara
-19.147764205932617	-10.177366256713867	2	Camby
6.716207027435303	-20.060935974121094	1	pelicans
-17.490680694580078	23.62260627746582	0	Beaux
-29.85060691833496	-10.593355178833008	2	Klimt
-8.320059776306152	-5.143072128295898	10	Nikos
15.587285041809082	-30.242671966552734	4	Rhinos
18.772546768188477	11.757864952087402	10	Comoros
-28.659399032592773	-11.030869483947754	2	genious
-11.476930618286133	6.190508842468262	2	Lattimore
-13.906367301940918	14.526039123535156	7	Rosemount
-21.680334091186523	5.197085380554199	3	Mendon
1.4971734285354614	1.6859214305877686	1	Hematite
36.521060943603516	-12.692842483520508	5	Sandton
-8.68918514251709	2.1824193000793457	3	nem
18.520130157470703	-1.070046067237854	3	Solomons
8.007927894592285	-30.759119033813477	4	menagerie
-10.403266906738281	1.0059924125671387	3	Bitoni
-9.60912036895752	-6.1435723304748535	2	Dionysus
23.409765243530273	-5.936643600463867	9	Ebola
-5.063162326812744	12.68721866607666	7	Madisonville
17.55478286743164	6.674282550811768	10	Moussa
16.891244888305664	-28.609336853027344	4	JUNGLE
42.695579528808594	-13.957743644714355	5	Maputo
-0.20930252969264984	8.699274063110352	5	UNL
13.808382987976074	2.5327560901641846	5	Nando
-0.9629343152046204	1.128170371055603	5	Shaka
11.546452522277832	-7.875431537628174	2	Fela
-19.046274185180664	32.021915435791016	0	Rhône
10.697725296020508	-11.700241088867188	2	Barbary
15.047122955322266	-32.52287673950195	4	ZEBRA
-6.621576309204102	9.510876655578613	7	Gisborne
-17.979930877685547	28.7962703704834	0	Briere
21.07891082763672	-1.508204698562622	9	Asante
-11.680185317993164	21.727243423461914	0	Belanger
-5.531575679779053	12.679250717163086	7	Mendota
-14.376672744750977	-15.648324012756348	2	Weezy
-3.385816812515259	25.594839096069336	0	Levee
-28.36559295654297	-16.145160675048828	2	Neymar
21.315542221069336	-13.1183500289917	8	EBONY
-15.488130569458008	22.39804458618164	0	Lefebvre
14.30229663848877	-27.011661529541016	4	Camels
14.60022258758545	0.37942102551460266	10	falciparum
-15.289999961853027	-0.5173646807670593	3	Heaney
-5.7172441482543945	15.944207191467285	7	Lambeau
-11.921330451965332	-13.602094650268555	2	Jamar
9.759695053100586	-12.133574485778809	8	Antigone
-15.583319664001465	16.63018035888672	7	Fitzmaurice
-28.616931915283203	-16.866750717163086	2	Adebayor
-16.332752227783203	23.250999450683594	0	Chapelle
-29.595870971679688	-7.441591739654541	7	Molyneux
-4.171553611755371	-4.930374622344971	10	Couscous
-4.257683277130127	26.239274978637695	0	Belgians
-21.80694007873535	-13.873570442199707	1	fabricators
4.428990840911865	-19.62656593322754	1	Ospreys
12.220186233520508	-6.0817646980285645	2	Adama
-11.033625602722168	-9.937950134277344	1	Trifecta
5.414543151855469	-17.148412704467773	1	canny
-19.116785049438477	-9.2828950881958	1	Venter
13.64625358581543	-30.51386070251465	4	LIONS
-2.562403678894043	15.409055709838867	7	UVM
-5.657238006591797	-24.774818420410156	8	pygmy
-27.936845779418945	-9.638422012329102	2	Yanni
-2.307751417160034	-12.575666427612305	1	Cabell
-9.228782653808594	32.9770393371582	0	Frenchmen
37.21442794799805	-12.550156593322754	5	Bloemfontein
-3.9874372482299805	17.85396385192871	7	Bethune
-15.019210815429688	23.39524269104004	0	Breaux
-17.9401912689209	-22.43352699279785	8	looters
42.64181900024414	-11.70849323272705	5	Zimbabweans
-5.8053388595581055	6.138484477996826	3	Masson
5.265592098236084	-15.283015251159668	1	Braids
9.394133567810059	-31.34527587890625	4	gazelle
-21.132389068603516	26.85039520263672	0	gratuitement
0.8964141607284546	-19.95929527282715	1	Canin
-15.357833862304688	21.10839080810547	0	Winemaker
-20.17496109008789	28.786724090576172	0	Fontainebleau
-4.926248550415039	28.14457893371582	0	lafayette
-24.26287841796875	-1.0825927257537842	3	Mandelson
28.60178565979004	4.75546932220459	9	Malian
13.884958267211914	-3.6385462284088135	3	solomon
12.169623374938965	-35.160743713378906	4	Gorillas
-15.373053550720215	-18.97611427307129	2	Okafor
-16.668792724609375	24.645061492919922	0	Deleuze
-20.47227668762207	25.632762908935547	0	terroir
25.876384735107422	9.74814224243164	10	Maroc
-15.91098403930664	18.8311710357666	0	Mouton
32.501426696777344	6.990990161895752	9	Senegalese
24.985292434692383	0.35733944177627563	9	Bamako
-11.765933990478516	12.136348724365234	7	Catonsville
-12.208385467529297	-9.021258354187012	2	Cakewalk
20.08090591430664	20.469552993774414	6	Dominicans
-3.213282346725464	-14.39079761505127	1	Fabricators
-19.24005699157715	21.111547470092773	0	Sagem
-22.28390884399414	3.032658815383911	3	McNamee
16.508705139160156	-26.7598934173584	4	baboon
2.324019432067871	28.628963470458984	6	Zydeco
-21.62209129333496	-13.429675102233887	1	fabricator
14.978288650512695	-29.33498764038086	4	hyena
7.341576099395752	-13.07981014251709	1	tribesmen
26.171552658081055	-5.99451208114624	9	Juba
29.058433532714844	0.19910183548927307	9	Kenyatta
-16.27802276611328	-17.426599502563477	2	Dreamgirls
-10.327431678771973	-6.006306171417236	2	Festus
10.78254222869873	-27.88099479675293	4	Coons
11.235154151916504	15.287672996520996	10	mambo
-28.40973472595215	3.1055445671081543	5	NMSU
39.74672317504883	-14.808611869812012	5	Karoo
41.97138214111328	-11.793280601501465	5	Namibian
30.015520095825195	5.0155253410339355	9	Sahel
18.0277099609375	-30.663253784179688	4	SAFARI
12.020050048828125	16.317628860473633	6	plantain
27.63094711303711	3.8858566284179688	9	Abidjan
-15.552682876586914	4.309043884277344	3	Clemmons
22.803443908691406	23.020896911621094	6	creole
-7.6893310546875	27.892112731933594	0	Chanson
-2.28839373588562	-1.6530556678771973	10	Potosi
-16.229000091552734	21.997873306274414	0	Breuer
-6.633217811584473	-14.518288612365723	1	Gleaner
-13.634851455688477	28.14946937561035	0	Megane
-11.121993064880371	-5.395628452301025	2	Thelonious
-8.084383010864258	-24.53916358947754	8	Amistad
1.546331763267517	31.30203628540039	0	Francophone
-6.249168395996094	11.701878547668457	7	Caithness
-13.404950141906738	4.080550193786621	3	Holme
14.62876033782959	4.137371063232422	10	mtn
-14.154950141906738	-17.701486587524414	2	Baraka
-29.11004638671875	1.2326523065567017	5	NDSU
-11.243195533752441	12.724370002746582	7	Canisius
-26.885438919067383	-10.804597854614258	2	Bargnani
22.76695442199707	1.8997631072998047	10	Agadir
-16.366172790527344	23.825132369995117	0	Damier
36.694908142089844	-13.858695030212402	5	Thabo
-15.589462280273438	32.19052505493164	10	monaco
-5.484014511108398	-23.3031005859375	8	Blackest
4.373034477233887	-7.8846516609191895	2	BARACK
-20.174297332763672	8.951944351196289	7	Mechanicsville
-10.7167387008667	-15.709842681884766	2	Belafonte
-6.185708045959473	13.979927062988281	7	Oakton
-4.707472324371338	-2.7746074199676514	10	Romanians
-9.175625801086426	8.636724472045898	7	Fuqua
2.4710066318511963	-5.893560409545898	2	DeAndre
5.6982951164245605	-1.117287516593933	2	BME
-22.013097763061523	-19.649415969848633	1	cannibals
-14.081475257873535	19.560680389404297	0	Frontenac
6.142442226409912	-20.757282257080078	1	Savana
30.634729385375977	-1.2428663969039917	9	ghana
16.513347625732422	-26.915037155151367	4	baboons
-17.307405471801758	-4.063864707946777	3	toni
-24.13492774963379	-11.537951469421387	2	Kartel
-33.35304260253906	-14.066874504089355	2	Balaam
-1.1262449026107788	2.753697395324707	5	Dube
-13.213434219360352	-24.049522399902344	8	Tubman
-3.517150402069092	11.729753494262695	7	NORFOLK
-16.26780128479004	-15.390665054321289	2	Weeknd
-20.076013565063477	-15.618722915649414	1	beadwork
-24.1218318939209	19.355426788330078	0	Freire
-0.7443545460700989	13.226218223571777	7	Wauwatosa
-15.587947845458984	-11.56905460357666	2	Battier
-14.696599006652832	30.24921989440918	0	Gallic
-22.53563690185547	0.2149551957845688	3	Eggleston
-16.136877059936523	4.6419453620910645	3	Fenner
15.861554145812988	-15.356314659118652	8	SLAVE
33.07362365722656	3.214327096939087	9	NIGERIA
13.792840003967285	6.300206184387207	10	massa
-2.69234561920166	-15.910910606384277	1	cain
-15.423925399780273	-14.789115905761719	2	Fenty
-0.597663164138794	3.8027334213256836	5	Coetzee
-10.579216957092285	-13.010822296142578	2	Jamba
12.329777717590332	1.1204010248184204	3	Mele
-18.30573844909668	28.902254104614258	0	Beauvoir
18.617231369018555	24.870521545410156	6	Jamaicans
-9.128108978271484	7.881840229034424	7	Lithonia
30.543001174926758	2.526569128036499	9	Angolan
-17.89848518371582	2.9639437198638916	3	Wasson
0.440042108297348	26.96006965637207	0	Sacre
-8.293968200683594	24.245119094848633	0	Fosse
-6.529252052307129	23.629846572875977	1	masque
-14.949196815490723	15.336356163024902	7	waterloo
20.59633445739746	25.457332611083984	6	carribean
10.647063255310059	-25.876516342163086	3	Bisons
-11.479195594787598	1.550632119178772	3	Cornel
-27.629966735839844	1.079943299293518	7	Hexham
-31.196292877197266	-12.326269149780273	2	Fromm
17.556602478027344	20.46161460876465	6	Soca
-19.41761016845703	29.706924438476562	0	brasserie
-8.479358673095703	34.28997039794922	0	Française
-3.0218942165374756	-12.705090522766113	1	Caprica
-23.978652954101562	-15.538308143615723	1	healings
-8.502891540527344	31.619516372680664	0	Belgique
-5.191159725189209	-23.066007614135742	8	Mumia
-28.456031799316406	-13.206336975097656	10	Nosferatu
11.333280563354492	17.06028938293457	6	plantains
8.54841136932373	-32.76206970214844	4	lioness
-17.46438217163086	-9.898907661437988	1	playmakers
-1.9842498302459717	14.596256256103516	7	Orono
-5.117653846740723	5.322760105133057	3	Fasano
8.214052200317383	-4.8225884437561035	2	BEYONCE
-22.716951370239258	32.402130126953125	0	Latour
-14.118125915527344	7.759533882141113	3	Sonne
15.786236763000488	-16.091796875	8	Enslaved
-3.445169448852539	9.32927417755127	7	Wanganui
14.454931259155273	18.46845054626465	6	Abaco
11.066478729248047	17.448379516601562	6	riddim
15.64012336730957	-29.275482177734375	4	hyenas
-16.454784393310547	2.334199905395508	3	Naismith
3.214487075805664	2.2557833194732666	1	CARNIVAL
-28.304237365722656	1.2676416635513306	7	Monckton
-4.6868133544921875	-22.896625518798828	2	Madea
21.234636306762695	-4.900261402130127	9	bongo
-19.741783142089844	27.22379493713379	0	magnifique
6.331772804260254	-16.17743492126465	1	Canaanites
-28.391389846801758	-15.740690231323242	2	Batum
-4.367058277130127	22.592222213745117	0	Rives
24.900325775146484	8.976880073547363	10	CAIRO
37.08121871948242	-10.83619499206543	5	NEBRASKA
-3.78714919090271	9.029726028442383	7	Algoma
14.962088584899902	-28.883529663085938	4	Timon
9.313253402709961	-32.65615463256836	4	Lioness
-21.790390014648438	28.02869987487793	0	nuit