x	y	cluster	word
13.078858375549316	11.106417655944824	2	black
34.78135681152344	-5.525425434112549	9	african
25.047731399536133	1.9324018955230713	6	jamaican
35.101924896240234	-11.07190227508545	9	nigerian
33.29442596435547	-11.832188606262207	9	ethiopian
11.873411178588867	-2.0858685970306396	6	haitian
38.002010345458984	-13.836546897888184	9	kenyan
30.189851760864258	0.7033165693283081	2	african-american
39.17344665527344	-18.43891716003418	9	congolese
-28.13159942626953	20.229734420776367	5	offer
13.680524826049805	11.08910083770752	2	Black
-31.119680404663086	17.15744400024414	5	offers
25.344440460205078	-17.453548431396484	4	Obama
-11.136968612670898	22.00388526916504	5	Forum
-22.589786529541016	25.082185745239258	5	offering
-10.67542839050293	21.7454891204834	5	forum
35.35434341430664	-5.120061874389648	9	Africa
-26.39862823486328	12.694903373718262	5	transfer
-9.924622535705566	21.590673446655273	5	Forums
34.793331146240234	-4.8886895179748535	9	African
-21.46138572692871	22.64885711669922	5	bet
-2.197338342666626	13.1460599899292	10	holds
-8.494794845581055	-14.592981338500977	3	Columbia
-31.282794952392578	13.320246696472168	5	earn
4.45546817779541	-16.480255126953125	3	Missouri
-2.6639506816864014	39.83388900756836	1	prison
3.365236759185791	-14.480507850646973	3	Lincoln
-20.11638641357422	21.666452407836914	5	forums
22.36643409729004	2.1854794025421143	6	Hawaii
20.76743507385254	8.876989364624023	10	Palm
-9.124345779418945	-16.350177764892578	3	Mississippi
-21.05150604248047	10.182404518127441	8	deserve
-23.822566986083984	24.467578887939453	5	prize
-14.476253509521484	-26.05747413635254	2	Remix
-24.597789764404297	16.28905487060547	5	transaction
-8.169577598571777	-28.385835647583008	2	Brooklyn
22.929208755493164	-19.07943344116211	4	Barack
21.430377960205078	-27.194555282592773	4	Islam
25.104061126708984	-25.334970474243164	4	Islamic
-25.812166213989258	22.422653198242188	5	Offer
-5.460762023925781	3.191926956176758	10	roots
-4.153873920440674	38.83035659790039	1	poverty
23.5022029876709	2.8646345138549805	6	Caribbean
-1.5871872901916504	-9.764735221862793	2	aka
-25.050975799560547	15.717348098754883	5	transactions
17.95952033996582	9.78896713256836	10	fruits
9.781639099121094	7.468282699584961	2	BlackBerry
-28.200258255004883	17.889116287231445	5	grants
1.8378621339797974	-17.277467727661133	3	Nebraska
12.940584182739258	11.392473220825195	2	BLACK
-22.497371673583984	25.035263061523438	5	reward
-8.234042167663574	31.679611206054688	1	steal
-22.37340545654297	22.09612464904785	5	betting
-21.68180274963379	9.982236862182617	8	deserves
20.596412658691406	4.116124629974365	6	tropical
-22.83196258544922	-14.253274917602539	2	ringtones
-15.35377311706543	9.708695411682129	8	tribute
-18.000591278076172	9.383041381835938	8	prayers
5.091739654541016	-15.988486289978027	3	Milwaukee
-12.461965560913086	16.593544006347656	8	sacrifice
-6.2401275634765625	36.45511245727539	1	theft
-5.287419319152832	-22.644214630126953	3	Memphis
-2.490997552871704	41.860389709472656	1	slave
18.83696746826172	27.172557830810547	7	Lion
19.0465145111084	25.90949058532715	7	Tigers
18.543838500976562	19.589962005615234	7	exotic
-24.95275115966797	19.466466903686523	5	offerings
-30.096336364746094	16.056705474853516	5	Bids
4.349499225616455	2.9534502029418945	10	palm
-26.984140396118164	23.304746627807617	5	prizes
17.127668380737305	28.504108428955078	7	Lions
-16.836034774780273	9.933513641357422	8	blessing
-25.865686416625977	19.501083374023438	5	rewards
-29.253053665161133	11.833511352539062	5	stake
-24.842077255249023	1.7812647819519043	8	dedication
37.57288360595703	-12.322006225585938	9	Kenya
-3.133906126022339	32.808189392089844	1	trap
-19.75077247619629	20.09469223022461	5	holders
0.2819885015487671	-19.009891510009766	3	Kingston
-30.085763931274414	17.440685272216797	5	giveaway
14.567699432373047	11.205721855163574	2	ebony
18.484914779663086	-1.7213300466537476	6	Haiti
-26.708486557006836	12.500266075134277	5	transfers
22.7095890045166	24.84901237487793	7	Safari
20.5465030670166	6.707639694213867	10	coconut
35.37834167480469	-11.514183044433594	9	Nigeria
-2.30784010887146	39.14554214477539	1	prisoners
-4.116390228271484	-16.220857620239258	3	Norfolk
-31.06467628479004	15.952986717224121	5	incentive
-32.31159591674805	14.350248336791992	5	incentives
21.927963256835938	22.610992431640625	7	Monkey
-1.989457607269287	31.826215744018555	1	cage
-19.846593856811523	11.049973487854004	8	deserved
11.014397621154785	8.24624252319336	2	Blackberry
-15.91950511932373	-3.54727840423584	10	fork
20.327043533325195	8.973206520080566	10	banana
20.983150482177734	-7.242671489715576	0	Lanka
22.30750274658203	3.9058337211608887	6	Tropical
20.4864559173584	23.9986515045166	7	monkey
-2.5466229915618896	40.90068817138672	1	slaves
22.059309005737305	2.7248964309692383	6	Hawaiian
-31.894975662231445	11.796181678771973	5	lottery
1.7626959085464478	-16.05099105834961	3	Lexington
24.77205467224121	1.9466335773468018	6	Jamaica
-27.554901123046875	11.356881141662598	5	specials
16.461467742919922	28.5987548828125	7	lion
18.4135684967041	20.618715286254883	7	tribe
-26.79515266418457	22.33323097229004	5	Giveaway
-24.766630172729492	17.531028747558594	5	scholarships
-2.9264869689941406	40.629005432128906	1	slavery
12.509940147399902	12.45620346069336	2	blacks
-19.08456039428711	24.290739059448242	5	recipients
-28.9495906829834	19.791112899780273	5	contests
18.12494659423828	20.662906646728516	7	tribal
14.63477897644043	-10.370155334472656	0	Colombia
-7.074672222137451	18.556884765625	8	Solomon
28.028839111328125	-21.130796432495117	4	Libya
-7.03389310836792	12.377989768981934	8	Beads
19.602815628051758	23.93000030517578	7	jungle
-16.48105812072754	20.014720916748047	10	yields
-22.44668960571289	23.077777862548828	5	bets
-7.380220890045166	-18.427000045776367	3	Newark
16.196495056152344	-11.976667404174805	0	Nepal
10.872232437133789	5.676012992858887	2	Rihanna
18.872623443603516	-27.80047607421875	4	Muhammad
20.45560073852539	-10.874391555786133	0	Bangladesh
-10.991464614868164	-6.547771453857422	0	png
-11.29378890991211	21.271617889404297	8	constitutes
14.587926864624023	29.13886070251465	7	Panthers
-18.603849411010742	9.467788696289062	8	blessings
22.133413314819336	21.76723289489746	7	Jungle
29.03730010986328	-22.384450912475586	4	Sudan
-5.827455043792725	-20.01211166381836	3	Ferguson
16.548267364501953	21.342823028564453	7	tribes
-14.710001945495605	0.5373019576072693	8	notesLoading
0.3396221697330475	11.792741775512695	10	Root
3.202482223510742	3.2674951553344727	10	bamboo
29.684301376342773	0.8750446438789368	2	Ebony
4.396207332611084	-2.8726489543914795	6	funky
27.286014556884766	-17.242626190185547	4	Cairo
-28.21822738647461	18.990097045898438	5	bidding
37.496360778808594	-18.846057891845703	9	Zimbabwe
-1.0632902383804321	33.217254638671875	1	Cage
19.6617488861084	7.937366485595703	10	Banana
-2.1338882446289062	40.09547805786133	1	prisoner
-11.791717529296875	-27.628660202026367	2	Kobe
9.096632957458496	9.534612655639648	2	Oprah
-7.095877647399902	11.873330116271973	8	bead
-3.7409651279449463	9.339556694030762	10	potent
19.657928466796875	1.0872524976730347	6	Honolulu
-22.94605827331543	12.243865966796875	8	token
-24.24051284790039	14.442305564880371	5	Specials
-16.159442901611328	-4.451744079589844	10	spinach
-14.051335334777832	-0.8585563898086548	10	wraps
-29.387187957763672	19.153059005737305	5	Promotions
10.858521461486816	-1.069419264793396	6	Maui
36.24811935424805	-17.055389404296875	9	Uganda
10.23391342163086	7.910831928253174	2	blackberry
-5.41003942489624	38.4067268371582	1	robbery
36.695526123046875	-11.518594741821289	9	Ghana
-19.764328002929688	12.160043716430664	8	deeds
-29.34303092956543	12.652099609375	5	stakes
3.1868832111358643	3.345593214035034	10	Bamboo
15.9708833694458	28.4125919342041	7	Leopard
-7.89469575881958	-27.368318557739258	2	Bronx
31.878135681152344	-8.935405731201172	4	Morocco
20.547346115112305	6.568076133728027	10	Coconut
-21.629337310791016	15.573652267456055	5	beg
0.3552232086658478	12.045116424560547	10	Roots
25.290199279785156	-17.623390197753906	4	obama
-12.518851280212402	-31.23736000061035	2	Beyonce
14.991035461425781	-14.513426780700684	0	Cambodia
18.338497161865234	0.8103711009025574	6	Dominican
-4.514843463897705	37.339691162109375	1	trafficking
-32.602725982666016	12.527731895446777	5	fundraiser
-14.386098861694336	14.490950584411621	8	redemption
33.5983772277832	-10.280128479003906	9	Ethiopia
0.34857985377311707	4.721315383911133	10	cocoa
14.115255355834961	24.1651554107666	7	Cobra
-31.43320083618164	11.621306419372559	5	Lottery
-8.984281539916992	28.933019638061523	1	traps
-20.561187744140625	-24.59603500366211	2	nigga
39.37954330444336	-20.720190048217773	9	Congo
20.03843116760254	24.54823875427246	7	monkeys
28.288320541381836	-19.129640579223633	9	Nile
19.135848999023438	20.107158660888672	7	Tribal
-8.427816390991211	32.33356475830078	1	steals
0.8446609973907471	-16.1295223236084	3	Leicester
-28.451688766479492	9.370654106140137	5	flyer
19.632431030273438	-26.024253845214844	4	Ahmed
-1.365203619003296	12.579606056213379	10	handing
19.674480438232422	-27.017892837524414	4	Mohammed
23.18437385559082	-20.902597427368164	4	Omar
38.80650329589844	-19.80091667175293	9	Guinea
19.613191604614258	20.065366744995117	7	Tribe
-5.102923393249512	39.644100189208984	1	thief
-23.33696746826172	25.068674087524414	5	Rewards
-13.579726219177246	-22.867206573486328	2	Knicks
-4.082904815673828	39.954280853271484	1	Poverty
12.975052833557129	-16.981678009033203	0	Lima
-23.970500946044922	17.926860809326172	5	lucrative
-11.43459415435791	-24.422149658203125	2	Tyson
16.81491470336914	-27.946552276611328	4	Osama
20.488300323486328	9.527090072631836	10	bananas
-2.4549624919891357	9.470754623413086	10	weave
-26.464445114135742	0.6268600225448608	8	sermon
-5.903619289398193	37.51569747924805	1	thieves
-12.731728553771973	16.51423454284668	8	sacrifices
21.116029739379883	7.902862071990967	10	pineapple
22.541933059692383	25.477876663208008	7	safari
11.52721118927002	10.290358543395996	2	Harlem
14.14077377319336	29.07070541381836	7	Wildcats
-21.18897247314453	19.13945770263672	5	bargaining
20.674072265625	19.206701278686523	7	Exotic
38.86130142211914	-17.536283493041992	9	Tanzania
30.30527687072754	-17.35758399963379	9	Somalia
-21.362625122070312	21.960718154907227	5	gamble
21.377269744873047	-7.8402886390686035	0	Burma
-26.202730178833008	-6.741437911987305	1	coup
1.3297094106674194	3.19276762008667	10	potassium
8.643078804016113	-4.6030073165893555	6	Boca
21.45171356201172	0.4674871563911438	6	Bahamas
-1.8983385562896729	43.1961555480957	1	Slave
-20.835817337036133	-4.632065773010254	10	nutrient
-7.146960735321045	-15.892027854919434	3	Clemson
-25.933818817138672	15.859926223754883	5	earns
-11.298198699951172	-16.610862731933594	3	Livingston
-31.1021785736084	12.253416061401367	5	classifieds
-10.329090118408203	-26.606565475463867	2	LeBron
-17.75204849243164	-25.702239990234375	2	Nicki
-19.383708953857422	0.2461421936750412	1	lesions
20.281991958618164	26.904701232910156	7	Zebra
12.81936264038086	26.476531982421875	7	kittens
20.008991241455078	-0.1062236949801445	6	Bermuda
16.9871826171875	28.7630558013916	7	lions
10.597901344299316	23.76780891418457	7	ninja
19.14366912841797	-7.843948841094971	0	Bengal
-21.388418197631836	20.566007614135742	5	Scholarships
13.403200149536133	12.381246566772461	2	Blacks
19.85906982421875	-22.412118911743164	4	Bahrain
10.527139663696289	-8.545379638671875	8	Krishna
12.35479736328125	-3.4620654582977295	6	Fiji
18.185470581054688	8.045722961425781	10	Plantation
-3.4728198051452637	6.077347278594971	10	kinky
17.398265838623047	-10.606230735778809	0	Myanmar
15.077471733093262	29.401582717895508	7	Panther
-3.8136048316955566	34.380584716796875	1	prisons
-21.01815414428711	10.20954704284668	8	deserving
0.3081394135951996	-8.020437240600586	6	Santana
19.860261917114258	-23.072755813598633	4	Yemen
-15.64457893371582	-18.395326614379883	3	Lamar
4.109923362731934	11.733978271484375	10	Cocoa
-12.824914932250977	-17.194089889526367	3	UNC
19.427507400512695	0.08953724056482315	6	Trinidad
35.2735595703125	-5.6105194091796875	9	africa
34.91756057739258	-12.670019149780273	9	Johannesburg
-19.177099227905273	4.680207252502441	8	reap
18.786745071411133	-5.57704496383667	0	Belize
34.85374450683594	-9.246874809265137	9	Nigerian
-10.130507469177246	-23.98473358154297	2	Nets
-3.458737850189209	33.875244140625	1	kidnapped
17.99696922302246	9.396596908569336	10	Fruits
-21.86393928527832	20.200170516967773	5	beneficiaries
15.821985244750977	-10.32611083984375	0	Jakarta
-18.22022819519043	23.59221839904785	5	Holders
-23.67326545715332	1.5356234312057495	8	mantra
4.310130596160889	-2.839686632156372	6	Funky
-14.194043159484863	3.269136667251587	8	karma
31.270793914794922	-13.072497367858887	10	malaria
2.6921839714050293	1.9888887405395508	10	palms
12.528423309326172	-1.5517325401306152	6	Nassau
-11.41096305847168	-15.196948051452637	3	Northampton
18.028409957885742	-8.149593353271484	0	Bengals
3.4764974117279053	2.320223093032837	10	mango
-10.093377113342285	-5.453470230102539	0	Bolivia
13.691083908081055	-14.367051124572754	0	Kolkata
1.8101106882095337	37.29841232299805	1	ghetto
18.35439109802246	-5.641375541687012	0	Honduras
28.428831100463867	-15.96010971069336	4	Tunisia
-6.851517200469971	2.6384971141815186	10	marrow
2.069071054458618	17.344017028808594	1	villagers
-8.857613563537598	3.696648120880127	10	nutritious
34.981040954589844	-6.159055709838867	9	Africans
29.967138290405273	1.208077073097229	2	Negro
-19.54342269897461	24.326770782470703	5	beneficiary
36.867427825927734	-12.953319549560547	9	Rwanda
3.2313709259033203	13.562586784362793	10	plantation
15.57388973236084	29.065807342529297	7	leopard
-3.00496506690979	2.8636341094970703	10	tofu
-7.21875524520874	12.153404235839844	8	beaded
-13.109253883361816	15.625054359436035	8	Redemption
-12.606616973876953	-14.454468727111816	3	Malone
-30.842891693115234	17.7623348236084	5	giveaways
-0.7807551622390747	5.093257427215576	10	Acai
-21.16639518737793	-11.865110397338867	2	nightclub
-7.468724727630615	14.702744483947754	8	Beaded
-11.378397941589355	17.652616500854492	8	sacrificed
-5.244144439697266	-8.676004409790039	3	Freeport
37.3067626953125	-14.98166561126709	9	Mali
15.4571533203125	-1.1734530925750732	6	Barbados
22.326059341430664	1.8003196716308594	6	hawaii
-24.323890686035156	24.651607513427734	5	Prizes
16.229217529296875	6.970977306365967	10	Voodoo
-26.9694881439209	-5.574028491973877	1	poorest
19.507665634155273	-25.923660278320312	4	Mohamed
17.541732788085938	0.10727550089359283	6	Cayman
-19.613187789916992	-13.79542064666748	2	Booker
15.361164093017578	1.0433582067489624	6	Aloha
28.630571365356445	-21.207157135009766	4	Algeria
4.095698833465576	2.7537996768951416	10	Palms
-0.9898452162742615	4.670281410217285	10	acai
33.713069915771484	-10.152265548706055	9	Ethiopian
-19.39476203918457	22.71483039855957	5	Gamble
12.329151153564453	-15.4951171875	0	Lumpur
-17.72101593017578	-5.752279758453369	10	coli
24.419330596923828	24.044347763061523	7	Madagascar
-3.0930373668670654	34.59737014770508	1	kidnapping
-27.004718780517578	-5.231834888458252	1	shortages
-18.025672912597656	-24.932069778442383	2	Minaj
-10.081436157226562	-5.476029396057129	0	Nicaragua
16.900951385498047	24.6070499420166	7	rainforest
15.25687313079834	-27.377429962158203	4	Hassan
17.321659088134766	7.9035539627075195	10	Mahogany
14.069694519042969	1.8533753156661987	6	reggae
37.79423522949219	-13.452959060668945	9	Nairobi
0.10069281607866287	38.15861892700195	1	Guantanamo
15.491777420043945	-26.047338485717773	4	Malik
31.728130340576172	-8.911067008972168	4	Moroccan
-25.048307418823242	11.252830505371094	5	tokens
-2.3822436332702637	31.555898666381836	1	cages
-24.960796356201172	21.127681732177734	5	wagering
-29.58718490600586	17.841840744018555	5	raffle
-5.469414234161377	-19.071603775024414	3	Macon
21.510622024536133	22.572965621948242	7	Monkeys
32.08676528930664	-13.99005126953125	9	ubuntu
-4.76113224029541	5.81497859954834	10	Wraps
38.06397247314453	-18.303565979003906	9	Zambia
18.539762496948242	-27.51567840576172	4	Mohammad
-16.58794593811035	-2.263093948364258	10	constraint
25.426198959350586	2.3273768424987793	6	Jamaican
-24.009960174560547	-2.9608311653137207	8	darkest
20.802410125732422	7.585023403167725	10	Pineapple
-23.777713775634766	-16.915180206298828	2	mixtape
-2.390584945678711	36.58017349243164	1	detainees
-19.082927703857422	19.00756072998047	5	loot
14.553953170776367	2.5424609184265137	6	Reggae
17.13417625427246	7.971027851104736	10	mahogany
19.14311981201172	-0.9075990319252014	6	Haitian
17.893272399902344	-0.6226584911346436	6	Janeiro
-25.793132781982422	13.28336238861084	5	Transfers
-4.248631954193115	-6.046543598175049	4	Mao
28.120386123657227	-20.252573013305664	4	Libyan
4.030729293823242	-17.257802963256836	3	Lincolnshire
7.805306911468506	9.127015113830566	2	Onyx
-3.1698014736175537	10.230754852294922	10	fruitful
2.6777281761169434	-23.690900802612305	9	Durban
-13.08145809173584	9.891839981079102	8	chant
23.124637603759766	-24.892301559448242	4	Mosque
-19.605850219726562	9.398369789123535	8	treasured
-19.16683006286621	-9.723912239074707	8	magician
-17.115156173706055	15.595858573913574	8	prized
-21.839969635009766	15.616861343383789	5	begs
-5.52036190032959	30.881948471069336	1	slain
-9.439133644104004	12.399153709411621	8	chanting
-23.361356735229492	-16.83238410949707	2	Mixtape
-7.164402484893799	31.726806640625	1	unjust
12.13325023651123	13.20333480834961	1	Ghetto
-14.159789085388184	12.530259132385254	8	Prayers
-24.901334762573242	21.843183517456055	5	Bidding
-23.326152801513672	13.978035926818848	5	enticing
-15.80717658996582	-2.7085015773773193	10	fisting
14.31606674194336	-9.950569152832031	0	Colombian
37.87979507446289	-15.101210594177246	9	Angola
-25.485570907592773	-1.7529617547988892	8	repentance
22.061376571655273	-22.40381622314453	4	Mubarak
-5.461892604827881	29.132646560668945	1	famine
-5.084928035736084	-3.9438812732696533	1	tuberculosis
22.90338134765625	-14.398014068603516	4	Lahore
-11.276985168457031	-26.719743728637695	2	BET
29.410633087158203	-16.508220672607422	4	Somali
15.201908111572266	-17.32701873779297	0	Mongolia
15.321636199951172	25.74410057067871	7	parrot
-9.949783325195312	-27.4226131439209	2	Kendrick
-24.228618621826172	-0.050598856061697006	8	condolences
9.859224319458008	-1.4169127941131592	6	Kona
-20.63511848449707	-24.20680046081543	2	niggas
-25.996740341186523	21.97818946838379	5	OFFER
-17.12546730041504	-4.34804105758667	10	Cobalt
-5.216723442077637	-11.85815143585205	3	fraternity
29.739681243896484	-19.470779418945312	4	Darfur
21.760791778564453	-26.4418888092041	4	Ramadan
18.467947006225586	-21.74050521850586	4	Kabul
-22.507963180541992	-5.919021129608154	10	anemia
25.509708404541016	-17.328628540039062	4	OBAMA
0.22090129554271698	8.750077247619629	10	Kinky
37.35464859008789	-21.00802993774414	9	Namibia
21.94559669494629	-26.515567779541016	4	Imam
3.245647668838501	9.944982528686523	10	watermelon
-4.224609851837158	-18.043657302856445	3	missouri
13.542525291442871	0.39607131481170654	6	Rican
-18.23769760131836	-26.407724380493164	2	rappers
37.78845977783203	-16.70112419128418	9	Malawi
16.51666259765625	-2.7824411392211914	6	Mauritius
-16.0914249420166	-22.450511932373047	2	Nelly
20.847904205322266	1.367409348487854	6	Oahu
18.512197494506836	26.398273468017578	7	tigers
18.120773315429688	-2.80851149559021	6	Maldives
-27.415761947631836	22.563369750976562	5	Giveaways
15.910735130310059	24.516508102416992	7	Parrot
-7.657318115234375	-14.595040321350098	3	Bobcats
-16.943988800048828	-16.50446319580078	3	Frazier
17.190685272216797	-27.424863815307617	4	Ibrahim
-27.382736206054688	10.730132102966309	5	holdem
-2.1257317066192627	10.302050590515137	10	weld
-19.376296997070312	-0.08112816512584686	1	sores
-32.044925689697266	12.8224458694458	5	freebies
-17.079736709594727	5.181273937225342	8	livelihood
14.234070777893066	-1.731920838356018	6	Samoa
-26.679296493530273	14.822698593139648	5	Fundraiser
34.236663818359375	-13.863527297973633	9	Lagos
-6.761974334716797	29.79020881652832	1	orphans
37.124454498291016	-14.273886680603027	9	Botswana
-16.56918716430664	15.911840438842773	8	bestowed
19.981914520263672	2.639084815979004	6	Tiki
-2.8866686820983887	-17.06052589416504	3	Topeka
39.03679656982422	-16.45075225830078	9	Mozambique
18.872926712036133	28.836421966552734	7	Gorilla
-10.80209732055664	-18.820701599121094	3	Leroy
22.214447021484375	-25.09775733947754	4	Mecca
19.554407119750977	27.459102630615234	7	zebra
38.46945571899414	-19.457117080688477	9	guinea
13.768433570861816	-13.593464851379395	0	Colombo
-25.34921646118164	-2.7712438106536865	1	unheard
-7.954793453216553	13.717423439025879	8	soulful
38.234989166259766	-14.02441120147705	9	Kenyan
17.02623748779297	-13.980865478515625	0	Papua
36.79550552368164	-15.026811599731445	9	Liberia
5.185259819030762	10.078032493591309	10	momma
37.669986724853516	-18.17717170715332	9	Cameroon
-3.040987253189087	41.27693176269531	1	Slavery
-3.73431134223938	-13.91258716583252	3	NYU
-10.995244026184082	13.540901184082031	8	healer
-18.941099166870117	-23.43055534362793	2	Diddy
9.812292098999023	12.140464782714844	2	gangster
-11.74975872039795	20.446819305419922	5	partake
-8.76002311706543	29.209510803222656	1	snare
-5.636948108673096	-12.574542999267578	3	Vols
-17.627641677856445	7.635761260986328	8	mattered
-20.01615333557129	3.481891632080078	10	potency
17.063953399658203	21.00470542907715	7	Tribes
23.255863189697266	-20.292102813720703	4	Benghazi
6.111179828643799	-10.169150352478027	3	Seminole
7.955408096313477	7.100085258483887	2	KFC
-1.8853070735931396	-3.526577949523926	8	synagogue
-26.598756790161133	21.329130172729492	5	winnings
-7.281315803527832	-15.48359203338623	3	Aiken
-16.583492279052734	10.979960441589355	8	rites
36.05455017089844	-9.572125434875488	9	Senegal
-4.935373783111572	35.22294616699219	1	impoverished
-22.440940856933594	2.2934842109680176	8	Dharma
39.12025833129883	-14.07084846496582	9	Niger
13.107388496398926	-1.9576536417007446	6	Tobago
2.768228769302368	11.161784172058105	10	braided
10.26591682434082	-8.897177696228027	4	Rama
4.951094150543213	-11.795058250427246	3	Yakima
-29.090810775756836	16.38941764831543	5	solicit
34.633480072021484	-23.194381713867188	9	Mandela
21.57462501525879	-22.927207946777344	4	Mahmoud
18.020828247070312	-28.850574493408203	4	Koran
-14.269545555114746	-25.191526412963867	2	saxophone
-2.9118545055389404	32.35929870605469	1	trapping
-16.340749740600586	-14.952305793762207	3	Englewood
2.5086028575897217	14.10305118560791	10	plantations
-21.577590942382812	18.911588668823242	5	Raises
-11.382485389709473	18.328399658203125	8	Sacrifice
9.885087013244629	-10.697028160095215	4	Mas
-3.8040168285369873	2.6963789463043213	10	forearm
13.045913696289062	-16.519296646118164	0	Penang
-4.003045082092285	-12.298460006713867	3	Heisman
-7.893728733062744	18.089950561523438	8	caste
20.993709564208984	-7.288504123687744	0	Lankan
3.530038595199585	-25.098068237304688	9	Mugabe
-15.888788223266602	-21.168426513671875	2	Motown
10.182389259338379	10.018836975097656	3	NAACP
-10.197230339050293	-26.73591423034668	2	Lebron
-8.17797565460205	33.763797760009766	1	scarcity
19.51226806640625	22.772296905517578	7	Rainforest
18.45766258239746	29.46135902404785	7	gorilla
-6.14906120300293	29.390884399414062	1	orphanage
17.160001754760742	-10.193808555603027	0	Calcutta
-23.697481155395508	10.388225555419922	8	endowment
-16.013092041015625	-5.640252113342285	10	teak
-17.766633987426758	-3.4198009967803955	10	netting
-27.662418365478516	18.786270141601562	5	Incentives
-30.06052589416504	11.109732627868652	5	handouts
-9.215824127197266	-13.173645973205566	3	Palmetto
-4.380843639373779	40.062477111816406	1	Trafficking
-16.1300048828125	-13.064857482910156	3	Henson
12.718789100646973	-17.86322784423828	0	Lao
-16.725980758666992	3.1076266765594482	8	forging
-6.310318470001221	33.995296478271484	1	STEAL
16.4548397064209	-26.2679386138916	4	Jamal
-29.486745834350586	15.787548065185547	5	bidders
-9.781277656555176	-14.507137298583984	3	columbia
20.225387573242188	25.132173538208008	7	ape
-6.02841329574585	17.104883193969727	8	Macbeth
-31.97882080078125	10.767813682556152	5	Lotto
3.7393887042999268	8.416097640991211	10	Coca
-1.6791797876358032	0.8397475481033325	10	Mana
-1.8915995359420776	43.1947135925293	1	Slaves
-10.359915733337402	-29.511266708374023	2	BLM
-32.243438720703125	10.614590644836426	5	lotto
13.563847541809082	-25.132678985595703	4	Gaddafi
-7.534592628479004	5.685844898223877	10	nectar
-22.797536849975586	-14.575716972351074	2	Remixes
0.4310932755470276	35.77793502807617	1	apartheid
-8.174546241760254	-18.150819778442383	3	Binghamton
-20.074901580810547	19.43988037109375	5	redistribution
15.223200798034668	-26.727516174316406	4	Rahman
35.739463806152344	-22.9559268951416	9	Pretoria
-20.509191513061523	3.9478235244750977	10	nourish
3.3766186237335205	-14.582010269165039	3	lincoln
-33.35563278198242	12.652633666992188	5	fundraisers
4.786715984344482	-10.542933464050293	3	nee
-0.693863570690155	11.238203048706055	10	molasses
2.1650989055633545	14.6945161819458	10	Claw
1.9583854675292969	-4.773397922515869	10	Tong
17.161672592163086	-4.335676193237305	0	Guyana
20.578813552856445	19.033559799194336	7	Primitive
-25.281766891479492	-3.9067482948303223	1	unthinkable
18.15374183654785	-4.558515548706055	0	Timor
-22.820327758789062	15.988807678222656	5	takers
24.68461036682129	-22.530357360839844	4	Coptic
14.137271881103516	-14.703641891479492	0	Khmer
23.61371421813965	2.56447172164917	6	caribbean
-8.788330078125	17.026256561279297	8	Forged
-4.820329666137695	-16.294464111328125	3	Northfield
14.320341110229492	-15.63534927368164	0	Assam
-24.33078956604004	0.6135734915733337	8	resonant
-17.701581954956055	-23.431785583496094	2	Foxx
-18.395204544067383	-10.106700897216797	0	Yao
2.504514455795288	-14.100957870483398	3	Selma
-11.537515640258789	-31.2768611907959	2	Rapper
25.589332580566406	1.8904811143875122	6	Creole
19.303211212158203	-9.447502136230469	0	Punjabi
15.762474060058594	5.079769134521484	6	Banda
-2.574998617172241	9.044123649597168	10	weaves
14.132044792175293	-26.124391555786133	4	Karzai
-3.5190441608428955	38.24519348144531	1	hostages
9.246874809265137	-3.6209609508514404	6	Manu
-23.32667350769043	19.493154525756836	5	remuneration
-1.7248204946517944	41.217681884765625	1	Prisoners
-13.703426361083984	9.54429817199707	8	chants
-13.207799911499023	-25.162925720214844	2	Jermaine
-6.022498607635498	-23.824548721313477	3	Marlon
-18.780120849609375	-18.22654151916504	2	MLK
-19.607402801513672	-5.673501014709473	10	Smoothie
-15.116660118103027	11.736615180969238	8	healers
-4.9564433097839355	4.421762943267822	10	convection
-8.206705093383789	4.559819221496582	10	nourishment
29.21507453918457	-19.654804229736328	4	Sudanese
-29.963424682617188	12.102824211120605	5	consignment
14.271145820617676	-18.23436737060547	0	Bihar
-25.575258255004883	16.842416763305664	5	negotiable
-21.631725311279297	-11.131028175354004	2	Yoko
-4.128701686859131	-6.422587871551514	4	Fidel
14.91260814666748	-14.109599113464355	0	Cambodian
12.5834321975708	-8.799406051635742	0	Kali
-13.734648704528809	-27.79753875732422	2	Akon
14.098461151123047	24.325998306274414	7	cobra
-17.94188117980957	-8.045307159423828	6	ako
-19.653852462768555	-22.82499885559082	2	DMX
-8.385048866271973	-25.587074279785156	2	Cosby
-18.529541015625	-11.782028198242188	2	MediaFire
8.671931266784668	-3.152042865753174	6	Bora
-13.614017486572266	12.09683895111084	8	Dedication
12.797135353088379	26.248708724975586	7	Kittens
-8.046281814575195	5.911437511444092	10	Stake
20.560087203979492	1.8394440412521362	6	Waikiki
10.31557559967041	-12.273433685302734	4	Jammu
-18.027864456176758	-5.286462783813477	10	cobalt
0.8810027837753296	-12.831774711608887	3	Crabtree
15.998695373535156	27.303253173828125	7	Tarzan
18.500686645507812	-9.003010749816895	0	Madras
20.710874557495117	24.863759994506836	7	apes
-27.66571044921875	-5.5157270431518555	1	malnutrition
14.755730628967285	-24.2310848236084	4	Tripoli
-12.539356231689453	-31.203868865966797	2	Beyoncé
-18.794538497924805	-6.684130668640137	10	nitric
-2.611884593963623	-4.692034721374512	4	Hebron
3.3899922370910645	11.604198455810547	10	Braided
1.1918163299560547	3.1271255016326904	10	Potassium
3.7502214908599854	10.247612953186035	10	Watermelon
2.3514323234558105	-12.401761054992676	3	Oneida
12.242534637451172	23.370012283325195	7	ferocious
-1.8950525522232056	-8.696297645568848	2	Yoda
31.260059356689453	-12.558664321899414	9	Malaria
15.815887451171875	8.098705291748047	10	makin
-21.192358016967773	-10.510993003845215	2	notepad
35.2860107421875	-22.93842315673828	9	Zuma
-3.143827438354492	0.9104098677635193	10	handshake
-1.6693247556686401	40.24946212768555	1	enslaved
20.79127311706543	-8.72181510925293	0	Bengali
27.402050018310547	-16.49851417541504	4	Marrakech
20.2369384765625	-10.939940452575684	0	Dhaka
11.037643432617188	-3.2020463943481445	6	Grenada
-26.963008880615234	0.5995387434959412	8	treatise
12.76203441619873	-27.384687423706055	4	Jazeera
-6.6018571853637695	12.159116744995117	8	beading
-6.000680446624756	-21.744253158569336	3	Woodson
-12.181180000305176	-11.590812683105469	4	Barak
-8.056012153625488	-27.357255935668945	2	brooklyn
-21.58150863647461	-24.450424194335938	2	nigger
-19.506622314453125	1.2348313331604004	8	clans
-29.863134384155273	13.491691589355469	5	tenders
12.3620023727417	-12.290388107299805	0	LTTE
-8.386451721191406	-8.656228065490723	0	Noida
9.176478385925293	6.967630863189697	2	Ciara
-25.435718536376953	-4.819984436035156	1	unimaginable
8.095667839050293	-12.75646686553955	4	Diaspora
-0.08533001691102982	8.416576385498047	10	knuckles
-11.31824779510498	-30.38019561767578	2	gangsta
-14.348297119140625	1.8408836126327515	8	drummers
-8.759359359741211	-16.710344314575195	3	mississippi
-16.669063568115234	-10.548694610595703	3	yEnc
-12.323655128479004	-29.062816619873047	2	Trina
-5.409448146820068	6.522092342376709	10	takeaway
22.90553092956543	-23.942209243774414	4	Fatima
-19.38223648071289	-12.83194637298584	3	Erick
2.273225784301758	11.871647834777832	10	Aikido
21.2702693939209	23.852617263793945	7	Apes
-22.028127670288086	-6.225567817687988	10	folic
35.19339370727539	-4.889853477478027	9	AFRICA
19.365848541259766	8.070817947387695	10	Bananas
-30.303834915161133	18.211973190307617	5	OFFERS
-6.761528491973877	-16.644344329833984	3	Spartanburg
-9.01304817199707	16.94780731201172	8	transformative
-28.36578941345215	0.5333701372146606	8	unearned
-27.209732055664062	13.879551887512207	5	earners
12.16655445098877	-17.520156860351562	0	Phnom
-23.58454132080078	16.133705139160156	5	bribes
5.198697090148926	11.460782051086426	10	voodoo
-2.910857677459717	34.693355560302734	1	kidnap
21.51275634765625	23.318340301513672	7	Ape
34.20870590209961	-9.331503868103027	9	Zulu
15.957235336303711	-6.132788181304932	6	Mora
-5.192149639129639	38.80424499511719	1	Robbery
-21.905010223388672	-5.283475399017334	10	healthiest
-21.077512741088867	17.59090805053711	5	spoils
-11.756143569946289	17.260669708251953	8	sacrificial
11.631206512451172	12.404674530029297	2	Gangster
9.842453002929688	-11.89423942565918	4	Ankara
-5.816737174987793	-18.45673370361328	3	McNamara
-8.069963455200195	33.3547248840332	1	inequalities
-7.947281360626221	15.469108581542969	8	Shaman
18.145679473876953	-20.848302841186523	4	Annan
-19.074220657348633	3.6906166076660156	8	conjure
-19.909637451171875	-12.58571720123291	3	Lonnie
-8.452546119689941	-9.499902725219727	0	CNY
-19.54928970336914	10.861737251281738	8	redeeming
-0.7939308881759644	1.0914868116378784	10	origami
-16.324127197265625	7.558061122894287	8	Redeemer
-20.412689208984375	-7.1028523445129395	10	meningitis
16.022462844848633	-12.964061737060547	0	Borneo
-17.033794403076172	-10.636261940002441	8	reelection
-21.16777229309082	-22.28183364868164	2	Tupac
13.847566604614258	-2.5179553031921387	6	Bahia
-14.898736000061035	9.619972229003906	8	tributes
-11.725461959838867	-13.779726028442383	3	Smithfield
-18.391014099121094	7.965944766998291	8	covenants
39.20405197143555	-15.345480918884277	9	Gambia
-8.743306159973145	2.424359083175659	10	firmer
36.23917007446289	-19.329036712646484	9	DRC
-27.09942054748535	14.98093318939209	5	ClosedBidding
14.496222496032715	26.5033016204834	7	deforestation
16.557266235351562	-28.903297424316406	4	Khaled
-12.522029876708984	-30.63530158996582	2	beyonce
35.523033142089844	-20.757659912109375	9	Dakar
24.473970413208008	-21.370290756225586	4	Amman
8.396936416625977	-12.512191772460938	4	Ras
-8.203866958618164	15.434741020202637	8	shaman
19.149843215942383	-7.211859703063965	0	Sumatra
1.7813607454299927	10.620105743408203	10	knuckle
-20.838626861572266	24.124969482421875	5	Bets
-6.8254594802856445	33.18006896972656	1	looting
-18.315345764160156	-22.935993194580078	2	BLK
-14.814711570739746	-16.016069412231445	3	Creighton
13.295942306518555	24.505474090576172	7	Coon
20.670225143432617	0.2184392511844635	6	Bahama
-13.293621063232422	-26.434364318847656	2	Ono
12.370403289794922	-18.176502227783203	0	Penh
18.56787872314453	-29.725563049316406	4	Deen
-17.075647354125977	5.089178562164307	8	livelihoods
-19.635238647460938	-23.35898780822754	2	Ludacris
1.2634785175323486	11.926268577575684	10	bonsai
3.4854893684387207	-25.23165512084961	9	Livingstone
8.443033218383789	-6.547715187072754	6	uma
11.661114692687988	-16.112497329711914	0	Malayalam
-20.69330596923828	-20.193538665771484	2	Redman
-17.115310668945312	10.704059600830078	8	consecrated
31.714670181274414	-20.917356491088867	9	Addis
17.021610260009766	-3.5305240154266357	6	Seychelles
-10.579469680786133	-15.62916374206543	3	Framingham
-1.796083927154541	-16.612733840942383	3	MDC
-16.850881576538086	-20.38962173461914	2	CrackBerry
15.094250679016113	-15.40693187713623	0	Orissa
28.060134887695312	1.6815584897994995	9	Afro
14.08582878112793	12.131278038024902	2	negro
-13.378767013549805	-3.7244644165039062	10	mojo
4.938700199127197	-3.6574974060058594	6	Kiki
-11.08523178100586	-18.73512077331543	3	Lanier
-6.72141170501709	36.21144485473633	1	thefts
-14.320798873901367	-9.305041313171387	2	tbe
15.582160949707031	25.500667572021484	7	parrots
-8.464132308959961	30.90020179748535	1	underserved
-10.499878883361816	-7.986376762390137	6	Yokohama
34.75359344482422	-22.058979034423828	9	Eritrea
-19.193134307861328	-6.643963813781738	10	hemoglobin
3.1368601322174072	11.125669479370117	10	Braid
3.1829917430877686	-14.551819801330566	3	LINCOLN
-5.343142509460449	-16.841796875	3	Mankato
21.35090446472168	21.890438079833984	7	primates
10.739580154418945	-1.5129305124282837	6	Hilo
-13.921100616455078	-28.664241790771484	2	Busta
19.8510799407959	3.846574306488037	6	tropics
11.260669708251953	-16.49041175842285	0	Mukherjee
18.097558975219727	-29.233034133911133	4	ibn
-9.25133991241455	-14.826301574707031	3	COLUMBIA
35.30289077758789	-14.683637619018555	9	Benin
-11.485982894897461	15.583531379699707	8	Reap
-13.58754825592041	-20.9979248046875	2	Yonkers
17.296615600585938	-28.27506446838379	4	Yusuf
-5.54420804977417	-4.016258716583252	1	cholera
-20.88759422302246	21.4852237701416	5	Postings
-8.73978042602539	-18.618743896484375	3	DeKalb
23.156667709350586	-21.4722843170166	4	Umar
7.0361433029174805	-3.930959939956665	6	samba
20.544273376464844	-10.121278762817383	0	Bangla
-17.870389938354492	14.822200775146484	8	bestow
39.70284652709961	-12.379602432250977	9	Zanzibar
7.573556900024414	-7.725217342376709	7	Toto
1.558187484741211	-20.292293548583984	9	Nevis
-20.811155319213867	-12.705102920532227	3	BNC
15.340611457824707	-9.2796049118042	0	Bogota
-5.305754661560059	32.4654426574707	1	slums
11.714747428894043	-2.9705569744110107	6	Tonga
-16.238889694213867	-4.968497276306152	10	manganese
-3.1561317443847656	8.65638256072998	10	concoction
20.852731704711914	-23.763797760009766	4	Amin
-22.09836769104004	17.31052589416504	5	forfeited
-13.065399169921875	-8.421759605407715	6	Kofi
-28.386648178100586	0.7468366622924805	5	barter
-20.068700790405273	-4.423398017883301	10	biofuel
4.183376312255859	10.68022346496582	10	braids
8.071564674377441	-3.5170254707336426	6	Mambo
-12.412320137023926	-26.94219398498535	2	kobe
-4.957469463348389	32.74891662597656	1	slum
-22.112810134887695	-19.6591796875	2	Jeezy
15.633017539978027	-28.29491424560547	4	Fatah
12.75353717803955	10.810471534729004	2	Blk
-14.574909210205078	-27.040447235107422	2	Aretha
27.719322204589844	-19.999202728271484	4	Algerian
10.743630409240723	11.872919082641602	2	Gangsta
-23.232152938842773	-5.713168144226074	10	necrosis
-16.108068466186523	-20.357736587524414	2	Coltrane
-27.912948608398438	20.808530807495117	5	Raffle
38.41112518310547	-16.041105270385742	9	Togo
-17.275583267211914	2.447957992553711	8	Sorcerer
-0.5870943069458008	7.948556900024414	10	polynomial
10.738784790039062	5.689172267913818	2	rihanna
-20.951976776123047	-19.399879455566406	2	Sharpton
17.387786865234375	-6.5389299392700195	0	Caracas
36.92443084716797	-17.974933624267578	9	Burkina
0.561519205570221	-18.71895980834961	3	savannah
-16.274063110351562	2.3536150455474854	8	blacksmith
-23.428991317749023	9.926553726196289	8	betterment
-7.451561450958252	-7.704580307006836	0	Pyongyang
15.19876766204834	4.1399641036987305	6	Jah
24.983304977416992	-21.90293312072754	4	Jordanian
-6.845951080322266	32.906707763671875	1	nefarious
-24.37881851196289	-7.7898759841918945	3	redistricting
-8.149588584899902	20.49248504638672	9	Oxfam
-26.00932502746582	-2.63873291015625	1	iniquity
9.810203552246094	-9.556639671325684	4	Yom
-15.010335922241211	9.149213790893555	8	commemoration
-17.378768920898438	-17.55782127380371	3	Langston
15.412543296813965	1.0014677047729492	6	Hula
-22.6951961517334	-18.99347496032715	2	biggie
21.669353485107422	2.317877769470215	6	hawaiian
2.8723204135894775	-17.158428192138672	3	nebraska
-4.834151268005371	38.041996002197266	1	bandits
1.5492680072784424	13.919489860534668	10	loin
6.033344745635986	-10.179954528808594	3	Seminoles
19.406391143798828	2.4778919219970703	6	Polynesian
-7.849154949188232	-8.911535263061523	0	Bela
6.74127197265625	-1.450599193572998	6	Tropicana
17.439138412475586	-9.463903427124023	0	Nepali
-25.02707290649414	-5.915965557098389	1	Freedman
-20.793874740600586	-23.907302856445312	2	niggaz
-11.016532897949219	-7.7629194259643555	6	rica
-26.451236724853516	-4.507670879364014	1	mismanagement
-16.19869613647461	-13.936769485473633	3	backfield
-3.3312172889709473	-5.343705177307129	4	diaspora
12.394944190979004	7.31261682510376	3	Mtn
17.328292846679688	-14.17562198638916	0	Machu
23.560482025146484	25.457284927368164	9	Kilimanjaro
-19.867639541625977	4.492748737335205	8	reaping
-6.980741500854492	-19.010456085205078	3	Jena
-2.1420044898986816	-14.470536231994629	0	Ningbo
-18.26938819885254	22.008037567138672	5	FORUMS
-2.7019951343536377	37.479713439941406	1	Prisons
-15.282901763916016	-15.767007827758789	3	Gamecocks
35.59263610839844	-21.883726119995117	9	Faso
6.86854362487793	8.595724105834961	2	blackberries
-3.624591827392578	-3.401445150375366	10	sickle
-9.140907287597656	13.35901927947998	8	Chant
23.119461059570312	3.8793773651123047	6	Tropic
18.450931549072266	24.619266510009766	7	jungles
-12.063581466674805	-32.431129455566406	2	hiphop
3.9712893962860107	2.1366424560546875	10	papaya
-7.062777042388916	-9.50771427154541	0	liao
-18.503820419311523	-14.730012893676758	3	Fisk
-12.368755340576172	-10.385787010192871	4	Mahatma
-17.248538970947266	2.0184757709503174	8	Inuyasha
-7.177491664886475	14.904708862304688	8	Beading
-25.347585678100586	-6.695745944976807	4	polygamy
-23.51413345336914	-17.45182228088379	2	LBJ
-3.1116669178009033	-15.777238845825195	3	Bemidji
-7.36663818359375	-6.695281982421875	1	Escobar
15.160980224609375	-6.676421165466309	3	Osceola
-4.131145477294922	5.926958084106445	10	touchy
17.146610260009766	2.565903902053833	6	Mani
-26.53385353088379	20.540515899658203	5	wagers
-3.401729106903076	27.97649383544922	1	colonialism
36.117393493652344	-16.77828598022461	9	Burundi
-15.651756286621094	-23.90802001953125	2	Denzel
15.667593002319336	-2.082822561264038	6	Dominica
36.01356506347656	-14.255760192871094	9	Accra
19.920000076293945	1.637215256690979	6	Caicos
-11.638215065002441	-14.794764518737793	3	Lanarkshire
-12.712275505065918	-8.199712753295898	6	sono
-15.673644065856934	-2.628382444381714	10	broiler
-3.865675926208496	-12.913847923278809	3	Mathematica
15.287748336791992	-21.53464698791504	4	Turkmenistan
1.7450807094573975	-0.21218565106391907	10	Masala
-13.665781021118164	3.113435745239258	2	taker
14.1395845413208	-13.565855026245117	0	Cochin
13.972798347473145	-10.046049118041992	0	Columbian
-1.740567684173584	38.92274856567383	1	captives
18.023509979248047	-7.1380934715271	0	Puri
-20.260663986206055	-15.615290641784668	4	Bhutto
-20.106544494628906	-8.047754287719727	10	femoral
13.517207145690918	26.770349502563477	7	donkeys
0.595220685005188	-16.364540100097656	3	Loughborough
-5.29948616027832	-22.96464729309082	3	memphis
-2.1468493938446045	4.02744722366333	10	termite
-16.55074691772461	-26.6765079498291	2	Soulja
17.445632934570312	30.183874130249023	7	safaris
-4.314551830291748	2.573943614959717	10	Biomass
36.339881896972656	-15.95109748840332	9	Ugandan
14.759345054626465	-28.636743545532227	4	Rashad
12.829803466796875	-9.228687286376953	0	Kyi
-11.252985000610352	-28.137624740600586	2	onyx
25.424135208129883	-20.929101943969727	4	Musa
28.311176300048828	-15.985990524291992	4	Tunisian
-14.345251083374023	-15.776473045349121	3	Rensselaer
-9.666617393493652	13.8084135055542	8	chanted
24.68279266357422	-24.57318878173828	4	Allaah
1.42621910572052	9.262951850891113	10	grits
17.318403244018555	27.482952117919922	7	panther
20.768966674804688	22.887863159179688	7	primate
-10.822510719299316	-30.54498291015625	2	Nigga
-0.5113042593002319	-9.593196868896484	2	Bello
19.66292953491211	-6.8490424156188965	0	Ceylon
-12.27927017211914	-10.808515548706055	4	Amon
-0.9575292468070984	-13.271698951721191	3	Nakamura
-7.645277500152588	29.669862747192383	1	remand
-0.9310348629951477	-8.939644813537598	2	Aya
-22.73432159423828	-6.783846855163574	10	plasmid
25.047494888305664	-24.110607147216797	4	Salaam
15.481973648071289	-21.619874954223633	4	Tajikistan
-16.078763961791992	2.806915283203125	8	nonviolent
-21.31792449951172	-9.473405838012695	8	shoulda
-0.755569577217102	-18.25066375732422	3	omaha
16.935691833496094	-7.734034538269043	0	Mindanao
-12.2166166305542	-28.403430938720703	2	Wale
-25.035037994384766	14.105393409729004	5	BidsC
-1.6024465560913086	32.8575439453125	1	Cages
-5.680295467376709	30.3511962890625	1	emancipation
-12.04293155670166	-5.789917469024658	10	coca
36.96366882324219	-19.618558883666992	9	Swaziland
-16.85040855407715	9.81595516204834	8	dedicating
-22.768686294555664	6.648870468139648	1	undervalued
-4.801727294921875	-3.804943323135376	1	Tuberculosis
18.971540451049805	-28.59292221069336	4	allah
-12.536672592163086	-27.514549255371094	2	Timbaland
-11.720318794250488	20.20978355407715	10	Yields
-27.023874282836914	21.21156883239746	5	GIVEAWAY
26.59373664855957	-20.63473129272461	4	Tunis
-16.72882652282715	-15.437527656555176	3	Conyers
-2.799675703048706	1.8042685985565186	10	cardamom
1.977661371231079	-12.56805419921875	3	Klingon
8.872443199157715	-0.7646403312683105	6	hula
-10.235006332397461	-17.379928588867188	3	Hofstra
-6.992481231689453	18.522476196289062	8	Nehemiah
14.093070030212402	-16.28777503967285	0	Sarawak
-25.211057662963867	-5.261594295501709	1	inconceivable
-25.92373275756836	1.0559742450714111	8	recitation
14.77320671081543	-5.158568859100342	6	Hialeah
18.385316848754883	-25.43403434753418	4	Aisha
-14.838932991027832	-13.045012474060059	3	Garvey
-8.742090225219727	-17.39647102355957	3	Hattiesburg
24.299976348876953	-23.490751266479492	4	Ishmael
1.1045678853988647	-20.04562759399414	3	Montego
-2.8570430278778076	7.261057376861572	10	Convection
-12.645429611206055	-15.715021133422852	3	McNair
-17.046144485473633	-25.500450134277344	2	Bey
-10.788838386535645	-9.251956939697266	3	kingston
-4.304025173187256	-13.663812637329102	3	mba
-16.729005813598633	2.778251886367798	8	Edo
13.516252517700195	3.322627544403076	6	banda
-9.340239524841309	14.925381660461426	8	Healer
-18.766586303710938	-25.47426414489746	2	nas
22.749645233154297	-18.972963333129883	4	barack
17.027488708496094	29.61614418029785	7	Serengeti
37.99891662597656	-17.01838493347168	9	Gabon
16.702224731445312	24.662939071655273	7	rainforests
-16.66933822631836	0.1838182955980301	1	NICU
7.6630730628967285	-3.979416608810425	6	Waka
0.9039230942726135	-5.37260627746582	6	Xiamen
-0.753184974193573	-0.22938507795333862	6	tema
-19.098308563232422	-24.30777359008789	2	Aaliyah
10.621421813964844	23.808855056762695	7	ninjas
-20.515361785888672	-21.215646743774414	2	Songz
-2.8745903968811035	28.925647735595703	1	Cannibal
-19.978891372680664	-22.434280395507812	2	dmx
35.13592529296875	-11.554423332214355	9	Nigerians
3.158114433288574	-13.156176567077637	3	Lakota
-6.5226149559021	10.395026206970215	0	Lakshmi
-5.5643134117126465	4.471779823303223	10	knead
-21.919551849365234	21.775432586669922	5	bettors
23.603139877319336	-19.0815372467041	4	Obamas
-27.785213470458984	10.122305870056152	5	keno
9.314691543579102	-11.043757438659668	4	jama
-2.2469491958618164	1.1905136108398438	10	henna
-14.945302963256836	-4.8314666748046875	10	cacao
21.551504135131836	-25.307525634765625	4	mecca
-9.715127944946289	17.659278869628906	8	conjures
-2.1866025924682617	37.52413558959961	1	detainee
-6.568657875061035	2.781822443008423	10	Marrow
-10.699206352233887	-25.986406326293945	2	lebron
-1.126849889755249	-18.456951141357422	3	Kenosha
9.291877746582031	6.1229658126831055	2	Ashanti
-4.52544641494751	-11.230447769165039	3	RootsWeb
34.946815490722656	-19.98642921447754	9	Bongo
29.212066650390625	-20.961021423339844	4	Khartoum
36.97019958496094	-20.178136825561523	9	Harare
-2.2018373012542725	4.13660192489624	10	perm
-17.612245559692383	-24.618200302124023	2	Birdman
-6.845644950866699	28.462474822998047	1	hijackers
-16.724403381347656	-11.442566871643066	3	Fortran
-27.6267147064209	10.124407768249512	5	Keno
20.58014488220215	-10.985054969787598	0	Bangladeshi
-4.032102108001709	-18.768970489501953	3	Mizzou
11.036481857299805	-17.20240020751953	0	Sinha
0.18737901747226715	-18.096372604370117	3	nelson
28.114028930664062	-22.261014938354492	4	Ababa
-2.208883285522461	-15.307063102722168	3	Waikato
-26.148792266845703	14.505894660949707	5	Consignment
-2.964937686920166	-17.534421920776367	3	Beloit
-9.596346855163574	-17.12645721435547	3	Hightower
12.113897323608398	-13.228178977966309	0	Hmong
-5.799061298370361	34.82432556152344	1	traffickers
19.110210418701172	-23.83330535888672	4	Yemeni
-5.475024700164795	-14.54847240447998	3	Coker
-21.60013198852539	-6.112164497375488	10	tongs
-14.550821304321289	-11.946325302124023	3	Berea
17.835556030273438	-25.798830032348633	4	Talib
8.023446083068848	9.729266166687012	2	blackness
0.5868165493011475	-5.444441795349121	6	Orkney
-0.20907853543758392	37.693016052246094	1	Gitmo
-22.7056941986084	18.73868179321289	5	entitles
-25.22840118408203	-3.407114267349243	1	untouchable
36.095096588134766	-14.867135047912598	9	Kampala
-4.890142440795898	-17.707260131835938	3	Moline
-6.79432487487793	31.875076293945312	1	underprivileged
18.526243209838867	29.753128051757812	7	gorillas
-29.884708404541016	-0.7514292597770691	5	earmarks
0.4333083927631378	-13.966922760009766	3	Bearcats
-14.05367660522461	-0.6185747981071472	2	Cydia
-14.911271095275879	-18.054231643676758	3	Joyner
-15.16292667388916	-14.397902488708496	3	UMBC
-22.616056442260742	-19.223188400268555	2	Biggie
-6.793716907501221	34.185096740722656	1	looted
-0.7839929461479187	-17.642284393310547	3	Sheboygan
-12.651853561401367	-25.796123504638672	2	saxophonist
35.60282897949219	-13.44799518585205	9	Monrovia
-6.308556079864502	30.76601219177246	1	Orphans
-14.239347457885742	-14.912210464477539	3	springfield
10.72622013092041	-10.838852882385254	0	Mak