x	y	cluster	word
30.700729370117188	-4.239023208618164	3	he
24.141883850097656	-2.904881000518799	3	his
-18.851879119873047	1.107041597366333	3	her
8.626104354858398	8.918115615844727	3	she
9.27466106414795	2.252025842666626	3	him
24.440073013305664	-3.97129225730896	3	man
9.222865104675293	7.9526567459106445	3	white
-28.79250717163086	0.6509351134300232	3	girl
30.128684997558594	-1.551576852798462	3	woman
-27.027496337890625	-1.592890977859497	3	son
-33.05788040161133	-2.2216649055480957	3	daughter
-15.232556343078613	13.328977584838867	3	boy
15.52871036529541	3.5662522315979004	3	female
9.625690460205078	4.199716567993164	3	brother
14.070002555847168	3.5333034992218018	3	male
9.315845489501953	2.996753692626953	3	sister
26.539531707763672	0.11398007720708847	3	asian
25.79606819152832	0.6678277254104614	3	indian
24.893884658813477	1.2957725524902344	3	chinese
26.370121002197266	1.1353862285614014	3	japanese
-17.80060386657715	5.43813419342041	3	german
-33.2711296081543	-0.8699614405632019	3	hers
-16.975135803222656	10.952217102050781	3	italian
-17.569591522216797	12.203240394592285	3	thai
-30.65618133544922	0.7668845057487488	3	korean
-14.955970764160156	4.184195518493652	3	australian
-17.7224063873291	4.635723114013672	3	filipino
-36.45840072631836	-2.1678736209869385	3	pakistani
-30.298797607421875	-0.010190052911639214	3	indonesian
57.700565338134766	2.446085214614868	3	The
52.4412841796875	2.5781710147857666	3	like
20.18401527404785	-4.756433963775635	8	would
57.557464599609375	3.482383966445923	3	This
-12.85169506072998	-36.214473724365234	4	time
-25.11514663696289	14.810931205749512	2	get
37.78440856933594	-6.4885382652282715	7	also
42.755706787109375	-3.0775158405303955	2	You
4.499534606933594	3.4837005138397217	10	new
-12.387089729309082	-21.39889144897461	8	first
24.28184700012207	6.388635635375977	10	said
-32.6251106262207	7.476417064666748	10	know
44.49557876586914	8.5451078414917	9	see
21.650352478027344	-11.702736854553223	4	may
19.494844436645508	-4.51401948928833	8	could
4.075762748718262	19.75576400756836	2	use
53.37773132324219	0.3181666135787964	7	And
22.964126586914062	0.6453282237052917	10	New
1.1314618587493896	13.627172470092773	3	work
0.986015796661377	-1.4984914064407349	7	two
-24.608627319335938	-10.203920364379883	8	think
12.89612102508545	-7.184110641479492	7	much
-13.068595886230469	-34.49570083618164	4	years
11.744762420654297	-7.184296607971191	7	many
55.29641342163086	1.9173599481582642	2	For
29.063674926757812	10.960735321044922	2	need
-10.334617614746094	-36.88918685913086	4	year
-18.806001663208008	-16.42880630493164	1	even
-19.617534637451172	-19.30004119873047	0	really
28.312734603881836	11.488899230957031	2	want
10.464323997497559	-16.385229110717773	0	right
-41.01210021972656	2.275310754776001	5	best
-15.718896865844727	17.543611526489258	9	views
0.8582005500793457	-14.474039077758789	1	But
41.5421257019043	-0.8241838812828064	2	find
28.335796356201172	9.406700134277344	2	take
20.56023597717285	9.866815567016602	10	information
3.3340725898742676	18.317352294921875	2	used
9.434114456176758	11.680631637573242	3	love
15.349236488342285	13.362631797790527	3	home
-16.50847053527832	-30.06745147705078	4	last
54.788578033447266	2.277137517929077	3	What
0.5008552074432373	-6.503330230712891	3	going
-1.1095017194747925	8.574565887451172	2	help
-18.047956466674805	-14.686840057373047	1	still
56.63644027709961	1.1373053789138794	3	There
13.134164810180664	-17.763574600219727	0	All
21.84331703186035	-11.686666488647461	4	May
48.58829116821289	-2.5221242904663086	3	They
-2.034940719604492	-5.667575836181641	3	life
26.99267578125	-2.413841724395752	3	around
-26.90106964111328	-3.1738126277923584	3	world
-22.924400329589844	-2.4341883659362793	3	little
41.51249694824219	10.36890983581543	9	look
25.343271255493164	7.823359966278076	10	say
-6.2418532371521	9.219941139221191	2	got
54.02170944213867	0.15351825952529907	3	That
33.42470932006836	-7.030140399932861	7	part
-31.03277015686035	12.463202476501465	2	better
-18.81393814086914	-17.69021987915039	0	every
29.437536239624023	0.949972927570343	3	Home
-19.526779174804688	-33.0063591003418	4	ago
44.803035736083984	2.0838513374328613	3	things
50.786338806152344	2.019266366958618	3	something
0.05755164474248886	16.34244728088379	3	game
56.65999984741211	3.178837776184082	3	With
-26.887210845947266	14.010194778442383	2	available
-46.89474105834961	-3.6205480098724365	1	never
4.664892673492432	20.746912002563477	2	using
-3.131141424179077	24.402183532714844	6	online
41.76277160644531	-5.828920841217041	1	another
-1.4470298290252686	24.867769241333008	6	system
22.663867950439453	12.885425567626953	2	found
42.01142501831055	-3.7771008014678955	2	How
55.37336730957031	0.17907889187335968	3	When
-12.05144214630127	-37.41552734375	4	days
-9.111899375915527	-11.392537117004395	1	without
-19.97258949279785	-17.528274536132812	0	always
30.37743377685547	-8.970427513122559	1	different
-9.156351089477539	-22.042844772338867	8	next
27.88054656982422	8.534268379211426	2	set
9.67976188659668	-16.08821678161621	0	must
-9.305479049682617	-34.5189208984375	4	since
0.9887911677360535	-0.35466501116752625	7	high
40.13302993774414	13.984593391418457	9	video
-20.76737403869629	-19.308422088623047	0	sure
-9.406532287597656	-0.7182713747024536	7	lot
42.2119255065918	-2.8802342414855957	2	Your
39.470123291015625	-5.194702625274658	7	More
38.65181350708008	-4.292863845825195	7	including
30.27464485168457	-2.0584630966186523	3	She
38.92398452758789	13.336474418640137	9	show
-13.456852912902832	-21.69541358947754	8	end
25.74820327758789	-2.227149724960327	3	family
40.67348861694336	10.835809707641602	9	looking
28.154104232788086	4.176207065582275	3	thing
44.38402557373047	-5.801618576049805	1	One
19.210763931274414	6.6264328956604	10	post
-1.5108017921447754	-22.647098541259766	8	might
-8.088221549987793	-38.204036712646484	4	today
-21.42823600769043	-34.3675422668457	4	week
-5.388737201690674	-3.6562001705169678	3	old
31.036453247070312	7.80208158493042	2	put
5.833245277404785	4.422391891479492	10	reblogged
21.903242111206055	18.52702522277832	5	company
-28.823448181152344	3.7630369663238525	7	top
0.0743841603398323	0.812115490436554	7	big
18.492511749267578	12.84310245513916	10	book
11.680617332458496	-19.91322898864746	0	full
-3.773088216781616	8.660383224487305	2	keep
-17.405487060546875	-0.8845565319061279	3	away
-9.531417846679688	5.004587173461914	3	small
5.152774810791016	-8.365266799926758	3	feel
-27.99252700805664	12.6307373046875	2	support
-21.092193603515625	-17.506649017333984	0	real
25.25530433654785	6.845053672790527	10	says
7.034956455230713	5.892139434814453	3	school
-29.639415740966797	1.4418749809265137	2	play
9.459996223449707	1.212148666381836	3	left
-13.384506225585938	-1.5916327238082886	7	team
-1.7725186347961426	-0.6518275737762451	7	point
-6.393070220947266	23.742515563964844	6	data
-18.761877059936523	14.816099166870117	9	music
15.66736125946045	-4.540041446685791	7	Our
-42.08885192871094	-6.304976940155029	1	ever
-12.50151538848877	8.988655090332031	10	News
-10.567861557006836	-19.851224899291992	8	second
-28.686342239379883	18.31193733215332	5	order
36.40814208984375	-7.124399662017822	7	within
19.525175094604492	1.7737065553665161	3	City
28.106670379638672	-12.653820991516113	0	Now
0.2963380217552185	-16.951610565185547	1	though
-8.474501609802246	-22.25626564025879	8	start
-16.689682006835938	-36.9793701171875	4	months
22.322546005249023	-1.156009554862976	3	experience
10.64625358581543	14.127276420593262	3	car
-18.551639556884766	9.498281478881836	10	case
29.148754119873047	9.31669807434082	2	getting
-17.030542373657227	-35.58203887939453	4	March
-16.126113891601562	-19.414749145507812	0	done
16.942840576171875	-7.288300514221191	10	state
-25.378379821777344	9.005807876586914	10	course
-9.737213134765625	-1.5651686191558838	7	list
-13.83881950378418	-34.876583099365234	4	June
-6.735688209533691	-8.717954635620117	1	change
-13.613884925842285	3.617156505584717	3	local
-17.910619735717773	-18.605648040771484	0	enough
-11.950583457946777	-6.201938152313232	7	hard
47.645652770996094	-1.0071802139282227	3	person
-13.718012809753418	-35.67035675048828	4	April
28.454174041748047	10.415037155151367	2	let
51.63793182373047	1.6884881258010864	3	From
1.5140979290008545	25.94921112060547	6	website
-43.829078674316406	-4.204216957092285	1	least
-32.2530632019043	3.4586172103881836	9	live
-18.833314895629883	6.411064624786377	3	power
-5.554708480834961	-20.388643264770508	8	try
14.759286880493164	-8.614653587341309	7	important
-7.530468463897705	6.1052565574646	3	working
-11.789994239807129	-10.374754905700684	1	less
3.110883951187134	-1.7958046197891235	7	group
-2.6958229541778564	-22.256311416625977	8	thought
8.563019752502441	0.5567581653594971	3	side
-0.5177453756332397	-0.7302642464637756	7	United
14.910087585449219	-8.340665817260742	10	per
5.766582489013672	12.729874610900879	3	room
-19.781763076782227	-18.55957794189453	0	actually
56.0118293762207	2.34238338470459	7	These
-7.136744022369385	24.321786880493164	6	program
5.680682182312012	5.048068523406982	10	public
-2.0507936477661133	-4.945523262023926	3	John
21.69367027282715	21.393388748168945	5	products
-11.849342346191406	-36.509925842285156	4	January
44.384334564208984	-0.4323883056640625	10	following
-6.7829389572143555	5.96726655960083	3	job
-13.605382919311523	-22.877197265625	8	yet
-30.560972213745117	22.681814193725586	5	buy
-22.510377883911133	-21.928123474121094	0	already
-29.12183952331543	20.602249145507812	5	price
-14.457505226135254	-34.96698760986328	4	July
8.661382675170898	-18.495405197143555	0	easy
0.4151773154735565	19.642620086669922	5	design
-0.7681289315223694	-1.798850655555725	7	far
-26.375093460083008	-3.2656972408294678	3	World
30.638126373291016	8.360398292541504	2	please
31.727462768554688	-5.305833339691162	10	State
33.96009826660156	-2.5031116008758545	3	THE
11.100265502929688	-9.987401008605957	7	include
-45.001094818115234	-2.119361400604248	1	problem
3.001321315765381	4.679548263549805	3	health
15.894025802612305	15.097064018249512	3	food
15.144291877746582	3.098647117614746	3	women
-0.7787830233573914	-6.994155406951904	3	went
11.701139450073242	14.400846481323242	3	house
-22.711875915527344	3.6919777393341064	8	process
-3.37119197845459	9.60689640045166	2	needs
18.99921226501465	2.6038978099823	3	story
41.98817443847656	0.3316592574119568	2	search
-16.81330108642578	-34.29600143432617	4	February
-6.405858993530273	-12.215790748596191	1	Not
33.8911018371582	-5.482318878173828	7	together
-38.74361801147461	0.7093022465705872	6	bit
27.347606658935547	-5.089733123779297	3	After
51.333656311035156	0.6119109392166138	3	someone
0.451641708612442	-5.606100559234619	3	run
54.988685607910156	-0.07837153971195221	3	Here
43.6055793762207	-6.198611259460449	1	others
1.2548339366912842	-13.854215621948242	1	often
8.016021728515625	-14.124458312988281	10	fact
-14.136524200439453	9.145390510559082	10	blog
9.47686767578125	5.747683525085449	3	country
-5.261051177978516	7.599135875701904	2	control
4.090986251831055	9.612079620361328	3	friends
40.636512756347656	12.137051582336426	9	view
-0.5111566185951233	6.553393363952637	2	become
-18.57393455505371	-34.943233489990234	4	September
-0.8090224266052246	-21.4480037689209	8	possible
35.49458694458008	-5.797499656677246	7	several
46.428466796875	-3.336076259613037	7	along
12.803868293762207	5.947301387786865	3	city
-31.322288513183594	0.05534834787249565	3	fun
-25.004770278930664	-9.030832290649414	8	believe
-16.94866180419922	-34.89115524291992	4	December
-13.752360343933105	18.040565490722656	9	pretty
49.383296966552734	1.9000935554504395	2	Please
23.0810489654541	21.153480529785156	5	product
-19.508588790893555	-34.66828536987305	4	August
43.78190612792969	9.132965087890625	9	seen
46.063838958740234	7.415233135223389	9	View
8.001232147216797	-16.848758697509766	0	Just
-27.682769775390625	7.274947643280029	7	points
-7.728267192840576	17.732501983642578	3	games
1.882264256477356	-2.0831403732299805	7	Center
-15.639448165893555	-34.898441314697266	4	past
-9.152384757995605	-22.629060745239258	8	started
24.57878875732422	0.6304112076759338	3	School
-28.74380874633789	-3.742980718612671	3	South
5.5819478034973145	1.0860276222229004	10	tell
-13.736273765563965	-5.813521862030029	7	level
18.651851654052734	6.282036304473877	10	government
-14.723301887512207	-14.782613754272461	3	kind
6.636361598968506	13.384565353393555	3	light
-28.691640853881836	21.356430053710938	5	Price
-6.833788871765137	8.969300270080566	2	check
6.3191962242126465	11.08422565460205	3	hand
-47.29956817626953	-4.677960395812988	4	minutes
-37.24265670776367	-4.610489845275879	10	National
24.029878616333008	11.382874488830566	2	type
11.209073066711426	-19.68335723876953	0	whole
-0.1547243297100067	-21.88870620727539	8	probably
-6.955048561096191	28.143415451049805	6	software
-14.940764427185059	-33.892913818359375	4	season
-17.344514846801758	-17.33844757080078	0	everything
-26.572757720947266	15.301262855529785	10	Thanks
-7.623664855957031	-12.130716323852539	1	either
42.17851638793945	1.2521213293075562	10	Read
1.2894786596298218	-1.3724759817123413	7	four
-5.888776779174805	-21.400257110595703	8	trying
41.866764068603516	13.111138343811035	9	Video
20.11563491821289	-0.5295725464820862	1	special
-40.25802993774414	4.694857597351074	5	review
-37.691001892089844	-2.9593570232391357	7	million
-24.204238891601562	-10.983612060546875	8	idea
16.106693267822266	-6.939276218414307	10	States
-12.415803909301758	10.192962646484375	10	posted
-6.054868698120117	-0.09833245724439621	7	added
-34.400794982910156	12.229413032531738	2	add
2.2735435962677	-15.040799140930176	1	However
-20.137027740478516	-16.660837173461914	0	everyone
47.87544631958008	2.1990654468536377	2	Search
-7.457614898681641	12.222379684448242	10	value
-10.342394828796387	-32.624671936035156	4	Last
-8.462078094482422	24.570384979248047	6	phone
-18.99162483215332	-16.71138572692871	0	quite
15.118967056274414	12.462225914001465	3	House
-42.43923568725586	-5.265218734741211	1	nothing
-12.324496269226074	-24.208919525146484	8	early
46.22646713256836	-2.6220498085021973	3	near
-45.79842758178711	5.532777309417725	6	download
-10.096236228942871	-34.16436004638672	4	current
0.9583209753036499	-22.74016761779785	8	First
-28.391944885253906	16.762590408325195	5	Best
-12.548592567443848	-24.00491714477539	8	later
-25.09270477294922	4.9319939613342285	10	research
-8.34892749786377	-19.361928939819336	8	mind
28.865703582763672	-6.25593376159668	10	question
21.229524612426758	-0.5079185962677002	1	personal
51.54050827026367	4.545523166656494	9	See
-25.30344581604004	3.5950660705566406	8	project
13.912389755249023	1.0169124603271484	3	young
-25.74250602722168	-11.544299125671387	8	plan
5.41932487487793	1.2816989421844482	10	told
29.127357482910156	-12.669028282165527	0	almost
-23.644428253173828	3.726576089859009	8	development
-18.39034080505371	16.702157974243164	9	movie
-4.7904372215271	26.603572845458984	6	Internet
54.58845901489258	0.8555718660354614	1	Some
10.818726539611816	-18.705230712890625	0	true
-9.493764877319336	14.691841125488281	10	link
-19.588050842285156	-36.58038330078125	4	month
53.63924026489258	1.84035325050354	3	About
-9.04706859588623	16.545034408569336	6	version
-11.861064910888672	-34.49421691894531	4	event
-32.8542594909668	12.330676078796387	2	create
-3.0751118659973145	-24.868579864501953	8	future
15.052728652954102	-3.2905945777893066	7	size
-27.077878952026367	-3.8025717735290527	3	West
52.25193786621094	1.4611527919769287	3	words
14.658770561218262	7.573566913604736	9	face
-10.0593843460083	-11.159270286560059	1	single
-8.006622314453125	-36.70903396606445	4	Time
43.83332443237305	-3.7976913452148438	3	close
39.576507568359375	11.1841402053833	9	looks
-23.89012336730957	10.574666023254395	10	via
37.70933532714844	-2.215546131134033	10	Tags
-33.25334167480469	3.6182608604431152	9	series
-44.16722869873047	6.329859256744385	6	file
25.42349624633789	-7.941169738769531	8	seems
-0.47041457891464233	-15.163023948669434	1	else
-5.78018856048584	-11.732611656188965	1	Why
-13.932175636291504	2.7206220626831055	3	visit
-3.105621337890625	-5.537494659423828	3	short
-19.66922378540039	14.946722984313965	9	song
14.468932151794434	0.8335423469543457	3	front
14.696236610412598	3.55631422996521	3	White
13.739774703979492	-4.119217872619629	7	High
29.493642807006836	8.782479286193848	2	wanted
-2.7795968055725098	0.9541022777557373	7	class
-22.906869888305664	6.780318737030029	10	law
-0.06716589629650116	-20.070890426635742	8	whether
21.9714412689209	1.9864463806152344	3	sex
-10.634085655212402	14.393179893493652	10	share
0.4300287663936615	25.827608108520508	6	Online
-46.976192474365234	-1.9482492208480835	1	problems
-22.571186065673828	-17.824596405029297	0	perfect
32.89193344116211	8.689178466796875	2	Get
-21.93893814086914	-34.60440444946289	4	weeks
27.789901733398438	-3.556582450866699	3	His
-17.674694061279297	17.184898376464844	9	film
-39.2167854309082	-2.022698402404785	1	low
-6.462290287017822	25.080739974975586	6	Windows
22.397186279296875	0.10775163024663925	3	Health
4.752542972564697	1.0623329877853394	10	Reply
-11.052865028381348	-10.603245735168457	1	reason
25.81039047241211	6.184959411621094	10	details
-11.72121524810791	-23.946550369262695	8	soon
-30.622663497924805	-3.6886868476867676	3	party
11.42885971069336	-20.72857093811035	0	complete
-30.163373947143555	4.491539478302002	3	International
4.232634544372559	-6.969514846801758	10	questions
-34.66500473022461	1.61591374874115	10	card
-36.47829055786133	-7.53264045715332	10	report
1.56450617313385	-15.035379409790039	1	rather
19.03672981262207	6.551472187042236	10	Post
9.667941093444824	11.714509963989258	3	Love
-19.631837844848633	11.924787521362305	3	hot
12.282881736755371	14.233272552490234	3	hotel
-9.405064582824707	-0.4954858422279358	7	Top
3.945634603500366	9.89277458190918	3	friend
-31.53447723388672	8.210522651672363	10	understand
-8.245738983154297	-33.44202423095703	4	due
-33.43381118774414	11.027920722961426	2	learn
-19.469493865966797	2.422758102416992	3	heart
-2.069430112838745	27.135316848754883	6	computer
2.778439521789551	12.981232643127441	3	office
9.514142990112305	14.546721458435059	9	Music
0.0005607755156233907	25.90065574645996	6	Web
-44.58072280883789	-2.8970000743865967	2	stop
33.64515686035156	-9.262767791748047	1	especially
51.55345153808594	1.2945539951324463	3	English
38.730716705322266	14.359081268310547	9	watch
12.859081268310547	-16.083133697509766	0	simple
-9.67416763305664	-4.690825939178467	7	major
44.20305633544922	-5.348874568939209	7	Also
-1.4412304162979126	20.681276321411133	10	content
-1.5375087261199951	6.72963285446167	2	training
25.14499855041504	2.4573700428009033	3	building
-18.5777587890625	-8.06494426727295	10	asked
6.195652961730957	7.92626428604126	3	couple
-13.139310836791992	13.869433403015137	5	industry
-16.14876937866211	-36.6530647277832	4	Date
-10.655019760131836	-11.782187461853027	1	original
36.294654846191406	-3.9539132118225098	7	AND
-10.55471134185791	-5.736586093902588	7	five
-20.00330924987793	-36.11515426635742	4	date
39.30261993408203	-4.121673107147217	7	includes
53.87393569946289	-0.9575043320655823	1	Other
10.75944709777832	6.2818193435668945	3	Street
-24.987079620361328	5.236820220947266	10	study
-10.330635070800781	-6.980848789215088	7	half
4.691336154937744	5.502976894378662	10	social
39.07612991333008	13.683154106140137	9	shows
41.24391555786133	13.216164588928223	9	photos
24.563684463500977	-11.581310272216797	4	present
8.670293807983398	9.771181106567383	3	happy
-9.119131088256836	6.504946708679199	3	matter
-22.46816062927246	-0.3838762044906616	3	turn
31.773054122924805	6.97908353805542	2	needed
-26.02166748046875	-0.6379559636116028	3	David
-0.7134475708007812	8.290486335754395	2	gets
47.06275177001953	7.019454479217529	9	image
44.793548583984375	-3.878114700317383	8	Then
48.79741668701172	-0.7950361967086792	3	human
-19.03877067565918	-18.851383209228516	0	simply
-19.069599151611328	-0.9878270030021667	2	stay
1.3626669645309448	-5.948497295379639	3	running
-40.285003662109375	1.7628222703933716	5	deal
6.413619518280029	11.182672500610352	3	living
-31.82421875	11.44983196258545	2	ask
7.273821830749512	-5.699865818023682	7	main
-32.20735549926758	0.5808301568031311	2	enjoy
-13.313451766967773	-2.251559257507324	7	member
-26.177392959594727	7.454646110534668	3	energy
11.72303581237793	-12.384584426879883	2	required
34.69369888305664	-8.794355392456055	7	Most
-45.46547317504883	5.908665657043457	6	Download
-0.6447295546531677	27.411630630493164	6	technology
47.704742431640625	-3.8814096450805664	7	Are
5.975216388702393	12.379929542541504	3	playing
46.43922805786133	-1.6753383874893188	3	action
-3.9843249320983887	6.450240612030029	2	Add
-30.22229766845703	6.607651710510254	10	rate
-15.14537525177002	11.370606422424316	3	San
-9.000624656677246	25.440935134887695	6	Google
23.52690887451172	6.5390543937683105	10	comment
15.27521800994873	9.024959564208984	9	saw
-29.727201461791992	16.457317352294922	10	insurance
5.855615615844727	15.726223945617676	2	sound
-45.21380615234375	6.595343112945557	6	code
16.030946731567383	12.27597713470459	3	Hotel
-8.5521879196167	8.707659721374512	10	test
45.495052337646484	-2.0627520084381104	3	While
-17.054384231567383	-33.504573822021484	4	Sunday
-4.592187404632568	1.4995008707046509	7	key
15.87382698059082	16.843868255615234	5	stuff
-46.51675796508789	-2.407299757003784	1	cannot
2.7542271614074707	-15.141565322875977	1	however
50.243309020996094	-0.38114646077156067	10	related
-31.12833595275879	19.312946319580078	5	Review
23.7053165435791	10.180925369262695	2	Click
55.18416976928711	3.360668182373047	2	Find
-16.666948318481445	3.4433109760284424	3	California
39.191871643066406	-6.985866546630859	1	various
2.621356964111328	-14.090337753295898	1	usually
7.757631778717041	-3.5135438442230225	7	parts
-28.173921585083008	-0.8663828372955322	3	guys
6.580535888671875	9.62844467163086	3	behind
50.17228698730469	0.6986729502677917	3	word
5.395465850830078	-2.9456417560577393	7	amount
-28.778945922851562	23.337064743041992	5	store
0.13780692219734192	-2.2322208881378174	7	position
-7.827052593231201	3.559324264526367	8	interest
11.51017951965332	2.0846705436706543	3	Red
-18.01732635498047	1.0627528429031372	3	guy
13.830541610717773	16.230815887451172	10	books
-35.0698356628418	-0.02170281857252121	3	hit
-1.3889113664627075	-3.2021048069000244	7	longer
12.245308876037598	-16.267671585083008	0	Yes
-18.469100952148438	-1.1785753965377808	3	leave
14.525571823120117	-3.479792833328247	7	Big
22.740962982177734	19.26835823059082	5	items
-20.671987533569336	-16.064834594726562	0	total
-20.837671279907227	-31.368911743164062	4	remember
-8.49628734588623	-4.483129501342773	7	percent
-47.64838409423828	-3.0580315589904785	1	wrong
-11.861475944519043	11.277664184570312	10	message
46.35640335083008	6.9786295890808105	9	picture
38.466819763183594	-6.806229114532471	1	general
-43.48235321044922	1.3250433206558228	5	favorite
1.6091872453689575	14.883453369140625	3	drive
-21.796377182006836	-17.661035537719727	0	clear
33.62118148803711	-0.49573713541030884	3	outside
-23.521942138671875	11.178742408752441	2	click
47.24250411987305	-3.818991184234619	7	Part
-36.823097229003906	-0.4830305874347687	10	paper
40.73448181152344	1.9066444635391235	10	Information
25.14889907836914	-4.741536617279053	3	Life
11.286961555480957	10.601261138916016	3	inside
-29.925100326538086	23.99445152282715	5	Buy
-38.91402816772461	-0.536385178565979	1	private
-4.145092964172363	24.71485710144043	6	systems
-9.377026557922363	-33.93525314331055	4	currently
13.76014518737793	14.083517074584961	9	model
58.22003936767578	3.217320680618286	3	similar
23.1274356842041	16.870346069335938	6	user
-6.281617164611816	-22.73402214050293	8	maybe
28.893001556396484	-5.87654972076416	10	heard
-12.634754180908203	-34.924320220947266	4	Jan
-6.645753860473633	26.686803817749023	6	internet
30.197725296020508	2.694305181503296	10	writing
-35.25102996826172	-3.4894802570343018	7	lead
-2.76878023147583	25.86161994934082	6	application
11.4854736328125	-17.95302391052246	0	certain
32.028526306152344	-12.421606063842773	0	Full
-18.785924911499023	-33.39817810058594	4	period
-10.379907608032227	14.847607612609863	10	account
30.817232131958008	7.332390308380127	2	Can
-14.41006088256836	-3.8796279430389404	7	third
2.69354510307312	3.659921646118164	3	College
40.75172424316406	13.10837173461914	9	pictures
7.540351867675781	-7.801725387573242	1	common
-6.935393810272217	-0.4935087263584137	7	addition
53.108280181884766	2.796401262283325	3	subject
-17.248668670654297	14.963601112365723	9	record
0.3148414194583893	-21.818849563598633	8	likely
42.65947723388672	-1.360844373703003	10	saying
-15.325152397155762	-35.407470703125	4	Monday
-7.148000717163086	-8.590474128723145	1	changes
21.93828582763672	11.07208251953125	10	source
20.54469871520996	8.96202278137207	10	received
-8.74183177947998	-20.574546813964844	8	continue
-15.465243339538574	-19.71140480041504	0	ready
46.881202697753906	6.475462913513184	9	photo
4.8303022384643555	-7.574991703033447	10	sense
23.73027229309082	-0.5210378766059875	3	interesting
-8.720126152038574	-37.73347473144531	4	recent
20.234207153320312	-2.9102203845977783	8	forward
1.7809662818908691	2.8399202823638916	3	weight
11.814346313476562	16.55307388305664	5	popular
6.228276252746582	2.3681607246398926	10	wrote
-1.883090615272522	8.32734489440918	2	ways
-35.42414855957031	-10.427031517028809	4	latest
29.24462127685547	-0.16520820558071136	3	Green
-18.019582748413086	10.639878273010254	3	oil
-1.234223484992981	-14.711225509643555	1	instead
-27.48106575012207	-4.48051118850708	3	East
10.814323425292969	5.136889457702637	3	Road
-30.749658584594727	1.7238123416900635	3	cut
-4.453924655914307	-0.5185338258743286	7	strong
-1.512042760848999	22.913490295410156	6	users
-26.359375	-1.736269235610962	3	death
50.836952209472656	-1.5763286352157593	1	General
-7.483397006988525	-37.53837585449219	4	recently
0.08761387318372726	9.375802040100098	2	save
-19.423704147338867	-33.89339065551758	4	late
11.67212963104248	2.126401424407959	3	red
-10.843971252441406	13.611681938171387	10	financial
-18.531375885009766	12.29271411895752	3	cool
10.877449989318848	-9.027251243591309	7	included
25.003957748413086	9.201118469238281	2	treatment
-9.435155868530273	-11.753329277038574	1	unique
-8.82387638092041	14.440457344055176	10	send
22.03675079345703	8.943086624145508	10	write
2.886850118637085	11.3579740524292	3	baby
25.395660400390625	-7.904720306396484	8	seem
11.717503547668457	10.724782943725586	3	Power
44.97605895996094	8.02208137512207	9	Show
22.940195083618164	18.43682861328125	5	Company
47.547752380371094	6.284432411193848	9	Photo
54.018829345703125	2.7178375720977783	3	Like
-30.742794036865234	12.077817916870117	2	choose
-6.954832077026367	-21.21091079711914	8	thinking
-33.006534576416016	9.950847625732422	2	choice
45.126060485839844	0.35254308581352234	10	according
-16.115617752075195	-34.41028594970703	4	Feb
12.965764045715332	4.4762139320373535	3	Christmas
12.446821212768555	4.8772664070129395	3	travel
-27.49757194519043	-10.408421516418457	8	wish
43.49509048461914	-2.1551640033721924	2	Let
24.678668975830078	-11.722807884216309	4	Today
11.598847389221191	6.109050750732422	3	China
-15.005245208740234	-15.409490585327148	0	fine
-11.42614459991455	-4.427474498748779	7	center
-35.25788497924805	10.973183631896973	2	allow
-9.884075164794922	-21.81756591796875	8	wait
-6.931457996368408	0.9961252212524414	2	increase
-23.233781814575195	-22.210805892944336	0	final
44.99057388305664	-1.1038721799850464	3	Who
-0.8065474033355713	4.978041172027588	10	answer
-18.82718276977539	3.613198757171631	3	played
-14.804969787597656	-16.259418487548828	0	fast
16.51603889465332	16.097455978393555	5	likes
-13.986977577209473	-2.7500834465026855	7	Department
-8.2175931930542	25.450117111206055	6	programs
-35.38791275024414	1.6431795358657837	10	release
24.26117515563965	2.0597922801971436	3	Office
-17.028305053710938	12.032928466796875	3	box
-29.6749267578125	5.810152053833008	10	tax
34.66220474243164	-0.7017248272895813	3	location
52.38901901245117	-1.044463038444519	1	specific
10.689126014709473	-20.31402587890625	0	entire
30.600343704223633	-8.079331398010254	1	individual
-11.611501693725586	-35.734466552734375	4	Tuesday
-17.344606399536133	18.525596618652344	9	eyes
3.6613175868988037	4.184028148651123	3	Texas
9.915582656860352	-18.911293029785156	0	Real
-32.41163635253906	-2.074392318725586	3	girls
-30.351011276245117	3.8680920600891113	7	board
-17.631792068481445	-34.88153839111328	4	Wednesday
51.838783264160156	-1.5965651273727417	1	particular
-12.206978797912598	-5.208899021148682	7	higher
23.699752807617188	3.132432699203491	3	Air
-12.912694931030273	0.08749589323997498	7	huge
29.40431022644043	-1.6998504400253296	3	Women
12.85849666595459	11.019268989562988	3	medical
43.3563117980957	0.27305877208709717	10	term
-30.336652755737305	-0.9722028374671936	3	Club
32.91976547241211	-3.2501707077026367	3	Two
-27.763330459594727	22.637571334838867	5	marketing
-3.387120485305786	7.767270088195801	2	hold
42.91520309448242	1.9887868165969849	10	text
26.5090389251709	3.2714438438415527	3	Book
-5.929258346557617	-21.37085723876953	8	tried
-2.7533481121063232	-7.91057825088501	3	summer
1.2579671144485474	18.031524658203125	2	build
23.10718536376953	9.38185977935791	10	follow
8.923718452453613	-18.761106491088867	0	easily
23.064598083496094	17.16720199584961	5	Design
34.282676696777344	-0.7068706154823303	3	Family
-12.524454116821289	9.27051067352295	10	Report
-13.909045219421387	9.213094711303711	10	Blog
-42.66481018066406	1.6341025829315186	5	cheap
11.392962455749512	-15.954245567321777	0	agree
-44.78592300415039	6.078508377075195	6	files
5.210419654846191	8.66955280303955	3	road
-45.410369873046875	-0.3797394931316376	2	options
-40.2369384765625	4.845168113708496	5	Reviews
10.278345108032227	-9.440533638000488	7	additional
9.538558959960938	5.031818866729736	3	India
-40.864471435546875	-1.155718207359314	1	standard
55.90537643432617	1.5018961429595947	2	Have
0.38855600357055664	-23.36853790283203	8	Next
-1.7741210460662842	-19.79937171936035	8	decided
-10.111129760742188	-19.71997833251953	8	step
-10.873435974121094	-3.1768903732299805	7	role
-37.56403732299805	-4.846796035766602	10	national
4.663915157318115	6.346020221710205	3	parents
22.063236236572266	10.380064964294434	10	terms
-37.028038024902344	-2.1119801998138428	3	international
-2.4964404106140137	6.667169094085693	2	method
35.82183837890625	-5.757713317871094	7	Many
-31.843029022216797	10.779130935668945	2	practice
31.80280876159668	1.3578118085861206	9	title
33.008121490478516	9.13008975982666	2	Use
-13.356644630432129	-3.554888963699341	7	six
-9.054863929748535	9.447933197021484	10	Research
23.11716079711914	3.4251368045806885	3	door
22.192489624023438	-10.56377124786377	4	Mar
-30.080020904541016	23.183439254760742	5	purchase
28.85699462890625	0.06017666310071945	3	green
-28.901750564575195	-1.7410169839859009	3	wife
-27.362648010253906	10.654558181762695	10	links
-37.004825592041016	5.205425262451172	9	DVD
-27.2304630279541	16.33151626586914	5	excellent
-27.768951416015625	11.03632926940918	10	Contact
-39.42830276489258	4.247132778167725	5	stock
-35.663143157958984	3.4429731369018555	9	production
-6.9083404541015625	3.2108960151672363	8	interested
-15.455453872680664	5.7230963706970215	3	war
-15.26472282409668	-18.364078521728516	0	quickly
-8.120674133300781	24.2219181060791	6	Phone
0.005448174197226763	-13.984989166259766	1	sometimes
41.97751235961914	12.53375244140625	9	images
4.365979194641113	-15.831842422485352	1	Even
0.43895095586776733	26.427202224731445	6	System
-19.264463424682617	17.773378372192383	9	videos
-1.3975342512130737	-23.49879264831543	8	starting
-21.690210342407227	-2.9273855686187744	3	lower
14.990946769714355	7.819247245788574	9	looked
-42.87666702270508	-4.502992153167725	1	average
-31.945537567138672	3.2493762969970703	9	shot
0.9887438416481018	11.57464599609375	3	effect
-20.24815559387207	-20.468595504760742	0	completely
-14.838118553161621	6.587956428527832	10	political
13.776754379272461	11.243626594543457	3	dog
-9.232991218566895	-32.927162170410156	4	moment
27.89792251586914	1.2566181421279907	3	activities
19.70848846435547	8.516118049621582	10	sent
-17.570192337036133	-8.29537296295166	10	knew
-9.954898834228516	-35.46479415893555	4	Apr
1.7806880474090576	15.90866470336914	3	Game
-8.344627380371094	-35.67544937133789	4	Jun
34.830020904541016	-6.568116664886475	7	involved
23.92925262451172	5.995103359222412	10	Comment
-15.775032043457031	16.140092849731445	9	band
-11.77945327758789	-8.894713401794434	1	difficult
-23.794307708740234	-21.326932907104492	0	finally
20.717594146728516	9.953534126281738	10	info
28.940279006958008	7.960025310516357	2	Check
-8.306421279907227	23.041175842285156	6	screen
-0.08121688663959503	7.546701908111572	2	fit
-25.771251678466797	12.732847213745117	2	clean
-2.596691846847534	10.457710266113281	2	wants
-17.94236183166504	-32.8172721862793	4	Oct
-37.612606048583984	3.9061481952667236	9	album
-17.565343856811523	7.662281513214111	3	fire
47.462684631347656	1.1681424379348755	10	language
-18.49057960510254	-32.34790802001953	4	Dec
-6.5999908447265625	-20.378835678100586	8	potential
-0.23885592818260193	23.865432739257812	6	device
-13.31179141998291	0.4709303379058838	7	Board
21.501707077026367	8.21959114074707	10	Facebook
-3.5611915588378906	3.674145221710205	3	attention
17.067625045776367	17.373016357421875	5	customer
23.750633239746094	21.238069534301758	5	Product
2.605520248413086	19.48880958557129	2	equipment
6.023390769958496	8.897486686706543	3	feet
4.766551971435547	13.763310432434082	9	Live
8.408602714538574	8.540529251098633	3	mother
13.774354934692383	12.51391887664795	3	Car
-7.24643087387085	-10.997739791870117	1	extra
-18.181180953979492	-2.5604286193847656	3	former
-9.16947078704834	-37.348880767822266	4	Year
8.55721664428711	-5.028536796569824	1	variety
21.319969177246094	-10.329471588134766	4	Since
10.241312980651855	-15.6683988571167	0	necessary
28.05304527282715	-6.931443691253662	8	Will
-7.4096832275390625	-20.73162078857422	8	guess
-22.499048233032227	-0.3828605115413666	3	turned
-26.107053756713867	-11.584425926208496	8	plans
-3.3570897579193115	1.4288654327392578	7	leading
-20.359392166137695	9.771344184875488	3	effects
-31.550840377807617	7.6640849113464355	10	response
0.3134920299053192	-24.42439079284668	8	began
-2.92326021194458	4.533758640289307	2	focus
2.248716354370117	-20.701887130737305	8	consider
-12.533804893493652	-5.489924430847168	7	levels
-5.4122138023376465	7.745276927947998	2	learning
-16.237659454345703	-30.788185119628906	4	daily
32.07801818847656	8.051112174987793	2	Make
-21.697402954101562	-33.23687744140625	4	weekend
10.334961891174316	-21.29178810119629	0	exactly
-34.604034423828125	-2.344914197921753	3	wedding
-6.659579753875732	-13.095306396484375	1	Only
-7.467808723449707	3.411674737930298	8	growth
3.0762276649475098	1.6690300703048706	10	note
-28.989730834960938	13.234652519226074	2	feature
-30.120447158813477	20.674684524536133	5	sell
-5.259071350097656	4.989179611206055	3	speed
-4.708354473114014	3.0750927925109863	3	base
-34.642791748046875	-4.53642463684082	3	trip
-1.2882981300354004	-20.701885223388672	8	decision
-5.921761989593506	27.827415466308594	6	Software
10.662680625915527	6.82279109954834	3	Sun
-10.261751174926758	5.0872416496276855	3	pain
-7.956880569458008	-0.9394615292549133	7	plus
42.771263122558594	-2.5313186645507812	2	Set
24.79254722595215	-3.8946118354797363	3	Man
-29.111600875854492	-4.184538841247559	3	Party
-30.23101806640625	11.46448040008545	2	skills
-42.5783576965332	-0.13409297168254852	10	rates
-17.278379440307617	16.039958953857422	9	Series
9.622780799865723	-14.903590202331543	0	effective
-3.604153633117676	-4.698476791381836	10	court
-8.650171279907227	5.616656303405762	3	career
-24.77277946472168	7.948126792907715	10	college
-14.07269287109375	4.8404316902160645	3	countries
28.68744659423828	-1.7309399843215942	3	character
7.963430881500244	5.7610626220703125	3	War
-26.270261764526367	13.314899444580078	2	safe
-4.512133598327637	-12.040833473205566	1	although
-16.28394317626953	2.6362991333007812	7	Mark
-18.046180725097656	-33.9532585144043	4	Aug
37.04734802246094	-4.080255508422852	7	Association
-7.7221360206604	27.659284591674805	6	digital
-15.49581241607666	6.313539505004883	10	police
21.821086883544922	5.093863010406494	10	Education
-44.98762893676758	-3.103302001953125	3	break
9.687740325927734	-20.169574737548828	0	directly
11.090693473815918	1.2622239589691162	3	round
23.486160278320312	19.251855850219727	5	item
30.323514938354492	-8.93554401397705	1	difference
-20.132532119750977	8.578815460205078	3	patients
42.10593032836914	11.275147438049316	9	shown
16.874128341674805	7.050666332244873	10	sign
-44.95172119140625	-0.5020127296447754	2	option
3.4052131175994873	19.944425582885742	2	tools
30.519683837890625	-3.7464077472686768	3	moving
24.955303192138672	11.4190034866333	2	function
49.34925079345703	-1.4280608892440796	3	situation
-8.858416557312012	-35.61857223510742	4	Sep
-23.0507869720459	-20.29781723022461	0	definitely
-5.576229572296143	26.9842529296875	6	Digital
11.925952911376953	7.562985897064209	3	stories
-16.2471923828125	-0.3877566158771515	3	stand
-6.818514347076416	-36.281715393066406	4	previous
0.055873896926641464	21.02109146118164	9	display
26.428321838378906	-6.004292011260986	3	feeling
-30.02049446105957	18.65936279296875	5	gift
-21.5184383392334	6.896021366119385	10	Law
36.0366325378418	-2.2910349369049072	7	Size
-22.243392944335938	7.162536144256592	10	legal
-24.880128860473633	0.5766959190368652	3	modern
14.602242469787598	9.23880672454834	9	Star
-35.050148010253906	10.080883979797363	2	pick
-18.77317237854004	18.153419494628906	9	camera
40.030879974365234	13.059536933898926	9	Watch
-43.33911895751953	-0.5518313050270081	2	guide
10.139020919799805	-16.766937255859375	0	yes
-17.673891067504883	12.949662208557129	3	lyrics
-7.52756404876709	25.724531173706055	6	Microsoft
-5.891907691955566	9.701864242553711	2	safety
22.37274169921875	-12.384393692016602	4	Jul
-4.156846046447754	4.601141929626465	2	pass
-21.024627685546875	10.481152534484863	3	engine
-26.7246150970459	-10.714916229248047	8	goal
-17.47228240966797	-0.7325572371482849	3	gone
43.12612533569336	1.745467185974121	10	Source
33.60554122924805	-1.4360817670822144	3	Sports
7.7667622566223145	-3.113792896270752	7	lots
-39.47404479980469	-1.2653405666351318	1	limited
-34.550453186035156	1.4587501287460327	10	cards
-35.45537185668945	4.286056041717529	9	fans
-1.880332589149475	-20.545072555541992	8	expected
6.8998541831970215	-3.2838025093078613	7	List
-16.661184310913086	1.513007402420044	3	spent
-21.56223487854004	-19.91901969909668	0	certainly
7.7904372215271	3.160334825515747	10	Court
2.2108330726623535	-21.04865264892578	8	considered
-26.102275848388672	-11.584718704223633	8	planning
-29.817913055419922	18.537317276000977	5	spend
21.73303985595703	-2.1970889568328857	3	relationship
-25.15841293334961	15.538985252380371	2	benefits
0.7170068025588989	16.4174747467041	3	Games
-16.06411361694336	13.972108840942383	3	blue
-13.881372451782227	-11.179332733154297	1	alone
21.552074432373047	5.302942276000977	10	Science
-20.00848388671875	11.189359664916992	3	lol
3.3612759113311768	-14.06077766418457	1	Once
-14.863906860351562	-17.826324462890625	0	quick
47.22978591918945	-1.7049074172973633	3	Location
-29.91171646118164	21.530885696411133	5	brand
11.475284576416016	-7.892117977142334	7	highly
-5.858460426330566	25.850202560424805	6	applications
0.5938802361488342	-24.08322525024414	8	beginning
16.340906143188477	14.639612197875977	3	Food
27.254117965698242	8.719279289245605	2	match
-6.4195876121521	-8.398996353149414	1	changed
-28.767179489135742	14.040193557739258	2	uses
-11.575971603393555	-3.603332996368408	7	unit
-37.2357177734375	0.0720878317952156	10	economic
-17.239809036254883	-19.388212203979492	0	ensure
41.80455780029297	-2.4770994186401367	2	Take
40.07487106323242	-2.6360864639282227	2	FOR
23.224416732788086	-2.676893711090088	3	Her
32.775089263916016	-5.443122863769531	7	Act
-29.44431495666504	22.633495330810547	5	shop
-20.834436416625977	-20.47124481201172	0	fully
-36.22785568237305	5.220073699951172	9	movies
-2.09122633934021	24.92766761779785	6	Program
11.21023178100586	4.384815692901611	3	Old
-37.7373161315918	3.588144063949585	9	songs
-28.605131149291992	-2.2758986949920654	3	father
-14.765226364135742	-11.373835563659668	1	regular
0.31004801392555237	28.068044662475586	6	Technology
-2.3455278873443604	14.32786750793457	8	Development
-42.70159149169922	-2.0845627784729004	1	dont
45.88147735595703	-5.036304950714111	1	Another
22.438325881958008	21.14375114440918	5	Products
-32.75659942626953	-6.235365390777588	7	Central
-30.282102584838867	10.369250297546387	2	Guide
8.084712028503418	-5.880801200866699	1	sort
-31.22420883178711	13.210270881652832	2	improve
56.96831130981445	2.3852803707122803	3	Its
0.4092905521392822	0.4077607989311218	7	Team
-2.1871724128723145	-21.072803497314453	8	expect
-15.000533103942871	4.160263538360596	3	Australia
5.915122032165527	15.595666885375977	2	sounds
-42.8197021484375	-4.369166374206543	1	normal
-34.89398956298828	4.717229843139648	9	fan
45.59797286987305	-6.2405242919921875	7	Each
-36.99605178833008	-6.901003837585449	10	reports
-27.73200225830078	-2.5341038703918457	3	Bill
-18.948204040527344	12.602664947509766	3	Hot
-33.16387176513672	10.245600700378418	2	advice
9.112902641296387	-6.630924701690674	7	deep
25.88385772705078	1.8972562551498413	3	Medical
-33.101375579833984	-0.0074594393372535706	3	loved
25.088932037353516	-0.18079307675361633	3	Social
-11.646105766296387	-7.267337799072266	7	serious
-1.629407525062561	16.426532745361328	8	Project
-28.199642181396484	23.377233505249023	5	bought
7.4338154792785645	-7.972261905670166	1	Because
10.712979316711426	-7.559673309326172	7	multiple
26.0163631439209	-4.665408611297607	3	Out
-45.6365852355957	-4.22292947769165	3	died
-0.5846372246742249	-22.873252868652344	8	begin
-8.222326278686523	6.913074970245361	3	pressure
45.311767578125	-3.2785022258758545	3	towards
16.31132698059082	-7.195690631866455	10	states
-33.8199348449707	-3.606008529663086	3	fight
-17.548032760620117	-8.35534954071045	10	knows
-28.023378372192383	3.496236801147461	3	rooms
-25.53097152709961	5.497964382171631	10	analysis
-26.055097579956055	7.709524631500244	3	gas
-3.522965431213379	9.534666061401367	2	helps
35.96115493774414	-3.3688902854919434	10	organization
-45.8018798828125	-4.834106922149658	10	Council
-1.4743887186050415	25.57436752319336	6	Network
28.711198806762695	-12.659032821655273	0	nearly
-36.38946533203125	-1.5565026998519897	10	map
2.8692338466644287	19.20653533935547	2	tool
10.084152221679688	-18.32699966430664	0	direct
54.19031524658203	3.7441012859344482	3	Description
-4.324187278747559	-12.187395095825195	1	Although
28.490732192993164	6.464301109313965	2	Care
-15.690887451171875	9.219291687011719	10	author
-32.53692626953125	-3.859550952911377	3	Chris
-2.3541173934936523	14.255647659301758	8	developed
37.22404479980469	-2.429316282272339	7	Category
21.365428924560547	7.862056732177734	10	Twitter
-17.37867546081543	18.35021209716797	9	eye
-33.762962341308594	-3.743757963180542	3	Valley
27.185697555541992	11.53215503692627	2	request
52.481842041015625	0.6201747059822083	10	Related
20.453760147094727	2.0986905097961426	3	Travel
-5.487119197845459	-0.15281495451927185	7	join
-33.96939468383789	-1.9269047975540161	3	fresh
0.37120094895362854	-4.856069087982178	3	ball
38.166603088378906	14.402512550354004	9	watching
-38.62109375	-4.191485404968262	10	official
-11.367671966552734	-11.252799987792969	1	basic
-18.966106414794922	4.295149326324463	3	bottom
-7.708012580871582	25.11663818359375	6	server
-1.382169485092163	20.843442916870117	10	copy
-30.96936798095703	7.730684757232666	10	rules
-6.249637126922607	-23.147279739379883	8	perhaps
-44.69424057006836	7.214529514312744	6	Code
-35.43000030517578	-10.382326126098633	10	update
5.932329177856445	-2.720698356628418	10	listed
0.5807111263275146	5.319365978240967	3	force
8.544408798217773	11.401839256286621	3	funny
47.15845489501953	-5.763460159301758	7	Very
-28.84657859802246	23.837194442749023	5	Shop
-19.69912338256836	9.621912956237793	3	drug
-12.580524444580078	6.133096218109131	3	military
-43.259315490722656	-3.083160161972046	1	traditional
-47.65817642211914	-2.3954548835754395	3	gay
-0.9331470131874084	25.418472290039062	6	Data
-31.711318969726562	19.331125259399414	5	commercial
-29.35030746459961	-2.0785694122314453	3	Mike
7.956995010375977	13.334543228149414	3	Light
-8.243874549865723	-4.653990745544434	7	significant
-42.42708969116211	-1.0567266941070557	2	allowed
28.83861541748047	-3.410702705383301	3	physical
-30.60110092163086	1.6490992307662964	3	ass
-34.44358444213867	11.913341522216797	2	apply
-0.7525959610939026	1.8644814491271973	7	region
-22.51767921447754	-19.95383071899414	0	truly
3.7361481189727783	15.00297737121582	9	window
30.227109909057617	0.21334506571292877	3	activity
18.78291130065918	-4.068629741668701	8	growing
15.628503799438477	-8.630693435668945	7	act
-35.33824157714844	-2.788583755493164	3	club
2.9808948040008545	13.478616714477539	3	wall
-0.2868972420692444	22.27009391784668	6	iPhone
12.155074119567871	-11.970306396484375	2	require
-36.11119079589844	-7.878100872039795	10	reported
39.14766311645508	-7.771181583404541	1	Special
17.690820693969727	-2.2202980518341064	3	positive
-17.535682678222656	5.466632843017578	3	Lord
4.752939701080322	3.378636360168457	10	NEW
-24.249528884887695	6.2332844734191895	10	evidence
-0.7465772032737732	5.938555717468262	2	reach
-16.208953857421875	16.678037643432617	9	star
26.621389389038086	-1.3904722929000854	7	Long
13.915251731872559	12.951103210449219	3	vehicle
1.2219579219818115	-21.926969528198242	8	effort
-34.37012481689453	3.960236072540283	9	led
-18.03641128540039	6.5181145668029785	3	heat
15.551701545715332	9.248794555664062	9	Views
-41.903282165527344	-6.775508403778076	1	whatever
-30.391983032226562	-5.672116756439209	3	weather
42.79347610473633	10.0662841796875	9	seeing
40.302886962890625	-5.418776512145996	1	Does
-41.53647232055664	3.0340921878814697	5	recommend
2.992810010910034	-3.590338945388794	7	Over
-28.420944213867188	24.30187225341797	5	shopping
25.327428817749023	-1.4901273250579834	3	Mary
11.969234466552734	15.367664337158203	3	hotels
-6.773495674133301	-22.849794387817383	8	Maybe